175 1.24778
175.2 1.67616
175.4 1.67616
175.6 1.552
175.8 1.552
176 1.48992
176.2 1.48992
176.4 1.42784
176.6 1.42784
176.8 1.2416
177 1.2416
177.2 1.42784
177.4 1.48992
177.6 1.42784
177.8 1.30368
178 0.9312
178.2 1.05536
178.4 1.42784
178.6 1.48992
178.8 1.30368
179 1.30368
179.2 1.2416
179.4 1.17952
179.6 1.05536
179.8 1.17952
180 1.2416
180.2 1.36576
180.4 1.2416
180.6 1.11744
180.8 1.11744
181 1.05536
181.2 1.11744
181.4 1.11744
181.6 1.30368
181.8 0.9312
182 0.99328
182.2 1.11744
182.4 0.9312
182.6 0.9312
182.8 0.9312
183 1.30368
183.2 1.17952
183.4 1.30368
183.6 1.2416
183.8 1.17952
184 1.2416
184.2 1.17952
184.4 1.05536
184.6 1.11744
184.8 1.36576
185 1.05536
185.2 1.05536
185.4 1.05536
185.6 1.05536
185.8 1.11744
186 1.17952
186.2 1.2416
186.4 1.30368
186.6 1.17952
186.8 0.99328
187 1.05536
187.2 1.05536
187.4 0.74496
187.6 1.11744
187.8 1.17952
188 1.11744
188.2 1.11744
188.4 1.05536
188.6 1.2416
188.8 1.2416
189 0.9312
189.2 1.05536
189.4 1.2416
189.6 1.2416
189.8 1.30368
190 1.2416
190.2 1.2416
190.4 1.2416
190.6 1.36576
190.8 1.36576
191 1.17952
191.2 1.17952
191.4 1.11744
191.6 1.11744
191.8 0.99328
192 1.11744
192.2 0.9312
192.4 1.11744
192.6 1.17952
192.8 1.11744
193 1.17952
193.2 1.17952
193.4 1.2416
193.6 1.05536
193.8 1.05536
194 1.2416
194.2 1.552
194.4 1.48992
194.6 1.36576
194.8 1.2416
195 1.11744
195.2 1.2416
195.4 0.99328
195.6 1.05536
195.8 1.30368
196 1.2416
196.2 1.2416
196.4 1.2416
196.6 1.30368
196.8 1.30368
197 1.30368
197.2 1.2416
197.4 1.36576
197.6 1.36576
197.8 1.2416
198 1.36576
198.2 1.17952
198.4 1.2416
198.6 1.11744
198.8 1.2416
199 1.17952
199.2 1.30368
199.4 1.2416
199.6 1.36576
199.8 1.30368
