10 4.56421
10.05 11.671
10.1 11.9194
10.15 11.4227
10.2 11.9194
10.25 11.671
10.3 11.9194
10.35 11.9194
10.4 11.671
10.45 11.9194
10.5 11.671
10.55 11.9194
10.6 11.671
10.65 11.4227
10.7 11.671
10.75 11.9194
10.8 11.671
10.85 11.9194
10.9 11.671
10.95 11.9194
11 11.9194
11.05 11.671
11.1 11.9194
11.15 11.4227
11.2 11.9194
11.25 11.671
11.3 11.9194
11.35 11.1744
11.4 9.18784
11.45 10.4294
11.5 10.1811
11.55 10.6778
11.6 10.1811
11.65 10.6778
11.7 10.9261
11.75 10.9261
11.8 10.9261
11.85 10.6778
11.9 10.9261
11.95 10.9261
12 11.1744
12.05 11.1744
12.1 11.1744
12.15 10.9261
12.2 9.43616
12.25 9.18784
12.3 7.94624
12.35 9.68448
12.4 8.93952
12.45 8.6912
12.5 9.43616
12.55 9.18784
12.6 8.6912
12.65 9.18784
12.7 9.18784
12.75 8.93952
12.8 9.43616
12.85 9.18784
12.9 9.18784
12.95 9.18784
13 9.18784
13.05 9.43616
13.1 9.18784
13.15 9.18784
13.2 9.18784
13.25 9.18784
13.3 9.9328
13.35 9.18784
13.4 9.43616
13.45 9.43616
13.5 9.68448
13.55 9.43616
13.6 9.18784
13.65 9.43616
13.7 8.19456
13.75 8.93952
13.8 7.69792
13.85 7.4496
13.9 8.44288
13.95 7.4496
14 8.19456
14.05 8.44288
14.1 7.69792
14.15 8.19456
14.2 8.93952
14.25 8.19456
14.3 7.4496
14.35 9.18784
14.4 8.6912
14.45 8.19456
14.5 8.19456
14.55 8.6912
14.6 9.18784
14.65 8.19456
14.7 9.18784
14.75 10.1811
14.8 9.9328
14.85 9.43616
14.9 9.9328
14.95 10.1811
15 9.18784
15.05 10.4294
15.1 9.9328
15.15 8.93952
15.2 9.68448
15.25 9.68448
15.3 9.9328
15.35 9.43616
15.4 9.9328
15.45 9.9328
15.5 9.18784
15.55 9.43616
15.6 9.68448
15.65 9.68448
15.7 8.93952
15.75 6.70464
15.8 8.44288
15.85 7.20128
15.9 7.4496
15.95 8.93952
16 7.20128
16.05 8.19456
16.1 8.93952
16.15 7.69792
16.2 7.4496
16.25 9.18784
16.3 8.6912
16.35 7.20128
16.4 8.93952
16.45 8.93952
16.5 8.93952
16.55 7.20128
16.6 9.18784
16.65 8.93952
16.7 9.43616
16.75 7.94624
16.8 9.43616
16.85 9.68448
16.9 9.43616
16.95 7.94624
17 9.68448
17.05 9.68448
17.1 9.68448
17.15 8.19456
17.2 9.43616
17.25 10.1811
17.3 9.9328
17.35 8.93952
17.4 9.68448
17.45 10.1811
17.5 9.68448
17.55 8.93952
17.6 9.43616
17.65 9.68448
17.7 9.9328
17.75 8.93952
17.8 9.68448
17.85 9.68448
17.9 9.9328
17.95 8.93952
18 9.18784
18.05 9.43616
18.1 8.19456
18.15 7.4496
18.2 7.69792
18.25 6.45632
18.3 8.19456
18.35 7.4496
18.4 7.69792
18.45 7.20128
18.5 7.94624
18.55 7.4496
18.6 8.19456
18.65 6.208
18.7 6.208
18.75 6.70464
18.8 5.95968
18.85 6.45632
18.9 6.95296
18.95 5.71136
19 6.208
19.05 6.45632
19.1 6.70464
19.15 5.95968
19.2 6.95296
19.25 6.70464
19.3 6.70464
19.35 6.208
19.4 6.70464
19.45 6.70464
19.5 6.70464
19.55 6.95296
19.6 6.70464
19.65 6.45632
19.7 7.20128
19.75 6.70464
19.8 6.95296
19.85 6.70464
19.9 6.95296
19.95 6.70464
