175 0.647127
175.2 0.43456
175.4 0.43456
175.6 1.05536
175.8 0.6208
176 0.74496
176.2 1.48992
176.4 0.86912
176.6 0.9312
176.8 2.04864
177 1.05536
177.2 0.49664
177.4 0.9312
177.6 0.74496
177.8 0.68288
178 1.2416
178.2 1.17952
178.4 0.86912
178.6 1.42784
178.8 0.80704
179 0.43456
179.2 0.68288
179.4 0.99328
179.6 0.68288
179.8 0.9312
180 0.9312
180.2 0.74496
180.4 0.43456
180.6 0.37248
180.8 0.12416
181 0.12416
181.2 0.43456
181.4 0.3104
181.6 0.3104
181.8 0.43456
182 0.12416
182.2 0.18624
182.4 0.55872
182.6 0.37248
182.8 0.43456
183 0.68288
183.2 0.80704
183.4 0.6208
183.6 0.68288
183.8 0.43456
184 0.24832
184.2 0.18624
184.4 0.3104
184.6 0.24832
184.8 0.24832
185 0.37248
185.2 0.12416
185.4 0.12416
185.6 0.43456
185.8 0.3104
186 0.37248
186.2 0.86912
186.4 0.49664
186.6 0.55872
186.8 1.30368
187 0.74496
187.2 0.80704
187.4 1.61408
187.6 1.17952
187.8 1.05536
188 1.80032
188.2 1.73824
188.4 1.2416
188.6 1.92448
188.8 1.30368
189 0.49664
189.2 0.3104
189.4 0.43456
189.6 0.3104
189.8 0.37248
190 0.80704
190.2 0.49664
190.4 0.55872
190.6 1.30368
190.8 0.74496
191 0.80704
191.2 1.36576
191.4 0.6208
191.6 0.37248
191.8 0.9312
192 0.55872
192.2 0.6208
192.4 1.2416
192.6 0.55872
192.8 0.3104
193 0.74496
193.2 0.37248
193.4 0.12416
193.6 0.37248
193.8 0.3104
194 0.3104
194.2 0.80704
194.4 0.49664
194.6 0.55872
194.8 1.11744
195 0.86912
195.2 0.6208
195.4 0.37248
195.6 0.43456
195.8 0.12416
196 0.24832
196.2 0.18624
196.4 0.24832
196.6 0.37248
196.8 0.74496
197 0.43456
197.2 0.49664
197.4 0.43456
197.6 0.24832
197.8 0.3104
198 0.74496
198.2 0.43456
198.4 0.49664
198.6 1.05536
198.8 0.80704
199 0.74496
199.2 1.48992
199.4 1.11744
199.6 0.9312
199.8 1.05536
