175 1.78897
175.2 0
175.4 0
175.6 0.9312
175.8 1.8624
176 1.92448
176.2 1.552
176.4 0.68288
176.6 0.6208
176.8 0.6208
177 0.6208
177.2 0.43456
177.4 0.86912
177.6 1.8624
177.8 1.73824
178 1.30368
178.2 1.92448
178.4 1.98656
178.6 1.8624
178.8 1.73824
179 1.98656
179.2 1.92448
179.4 1.98656
179.6 1.80032
179.8 1.8624
180 1.92448
180.2 1.98656
180.4 1.92448
180.6 1.98656
180.8 1.92448
181 1.61408
181.2 1.8624
181.4 1.98656
181.6 1.92448
181.8 1.98656
182 1.98656
182.2 1.92448
182.4 1.98656
182.6 1.8624
182.8 1.98656
183 1.98656
183.2 1.92448
183.4 1.92448
183.6 1.98656
183.8 1.98656
184 1.92448
184.2 1.98656
184.4 1.92448
184.6 1.98656
184.8 1.92448
185 1.8624
185.2 1.98656
185.4 1.98656
185.6 1.98656
185.8 1.92448
186 1.92448
186.2 1.98656
186.4 1.92448
186.6 1.98656
186.8 1.98656
187 1.98656
187.2 1.92448
187.4 1.92448
187.6 1.98656
187.8 1.98656
188 1.92448
188.2 1.98656
188.4 1.98656
188.6 1.92448
188.8 1.98656
189 1.92448
189.2 1.98656
189.4 1.92448
189.6 1.98656
189.8 1.98656
190 1.98656
190.2 1.92448
190.4 1.98656
190.6 1.8624
190.8 1.98656
191 1.92448
191.2 1.98656
191.4 1.92448
191.6 1.98656
191.8 1.98656
192 1.98656
192.2 1.61408
192.4 1.11744
192.6 0.99328
192.8 0.9312
193 0.9312
193.2 0.6208
193.4 1.11744
193.6 1.92448
193.8 1.80032
194 1.61408
194.2 1.98656
194.4 1.92448
194.6 1.92448
194.8 1.92448
195 1.98656
195.2 1.98656
195.4 1.92448
195.6 1.92448
195.8 1.98656
196 1.92448
196.2 1.98656
196.4 1.98656
196.6 1.98656
196.8 1.92448
197 1.92448
197.2 1.98656
197.4 1.92448
197.6 1.98656
197.8 1.98656
198 1.8624
198.2 1.48992
198.4 1.552
198.6 1.98656
198.8 1.92448
199 1.80032
199.2 1.8624
199.4 1.98656
199.6 1.98656
199.8 1.92448
