175 1.40145
175.2 1.48992
175.4 1.48992
175.6 0.6208
175.8 0.68288
176 0.80704
176.2 0.86912
176.4 1.17952
176.6 1.05536
176.8 1.36576
177 1.36576
177.2 1.48992
177.4 1.11744
177.6 0.55872
177.8 0.80704
178 0.68288
178.2 0.99328
178.4 1.05536
178.6 1.05536
178.8 0.99328
179 0.43456
179.2 0.74496
179.4 0.55872
179.6 1.11744
179.8 0.74496
180 1.36576
180.2 0.99328
180.4 1.42784
180.6 1.552
180.8 1.61408
181 1.73824
181.2 1.80032
181.4 1.98656
181.6 1.92448
181.8 1.92448
182 1.92448
182.2 0.99328
182.4 1.30368
182.6 1.17952
182.8 1.42784
183 1.552
183.2 1.48992
183.4 1.552
183.6 0.86912
183.8 0.68288
184 0.99328
184.2 1.05536
184.4 1.11744
184.6 1.30368
184.8 1.36576
185 1.48992
185.2 1.61408
185.4 1.80032
185.6 1.92448
185.8 1.92448
186 1.92448
186.2 1.98656
186.4 1.92448
186.6 1.98656
186.8 1.98656
187 1.92448
187.2 1.8624
187.4 1.42784
187.6 1.48992
187.8 1.30368
188 1.67616
188.2 1.67616
188.4 1.8624
188.6 1.92448
188.8 1.92448
189 1.67616
189.2 0.74496
189.4 1.11744
189.6 1.05536
189.8 1.2416
190 1.36576
190.2 1.42784
190.4 1.61408
190.6 1.30368
190.8 0.55872
191 1.05536
191.2 0.80704
191.4 1.17952
191.6 1.2416
191.8 1.30368
192 1.48992
192.2 1.30368
192.4 1.11744
192.6 0.74496
192.8 0.80704
193 1.05536
193.2 1.05536
193.4 1.36576
193.6 1.17952
193.8 1.552
194 1.2416
194.2 0.55872
194.4 0.9312
194.6 0.68288
194.8 1.30368
195 0.9312
195.2 1.36576
195.4 1.36576
195.6 0.80704
195.8 0.74496
196 0.6208
196.2 0.9312
196.4 0.9312
196.6 1.11744
196.8 1.05536
197 1.42784
197.2 1.36576
197.4 1.552
197.6 1.80032
197.8 1.73824
198 1.8624
198.2 1.98656
198.4 1.92448
198.6 1.98656
198.8 1.98656
199 1.92448
199.2 1.42784
199.4 1.17952
199.6 1.36576
199.8 1.42784
