175 0.894312
175.2 0.68288
175.4 1.17952
175.6 1.05536
175.8 1.36576
176 1.61408
176.2 1.42784
176.4 1.80032
176.6 1.92448
176.8 1.98656
177 1.92448
177.2 1.92448
177.4 1.8624
177.6 1.2416
177.8 1.17952
178 1.2416
178.2 1.73824
178.4 1.61408
178.6 1.8624
178.8 1.17952
179 0.99328
179.2 0.86912
179.4 1.2416
179.6 1.11744
179.8 0.68288
180 0.74496
180.2 0.6208
180.4 0.9312
180.6 1.11744
180.8 1.17952
181 1.11744
181.2 0.49664
181.4 0.68288
181.6 0.6208
181.8 0.80704
182 0.43456
182.2 0.43456
182.4 0.55872
182.6 0.43456
182.8 0.49664
183 0.3104
183.2 0.24832
183.4 0.68288
183.6 0.6208
183.8 0.74496
184 1.11744
184.2 0.86912
184.4 0.9312
184.6 0.43456
184.8 0.55872
185 0.86912
185.2 0.74496
185.4 1.17952
185.6 1.30368
185.8 1.17952
186 1.552
186.2 1.2416
186.4 1.2416
186.6 0.68288
186.8 0.99328
187 0.9312
187.2 1.11744
187.4 0.43456
187.6 0.49664
187.8 0.74496
188 0.68288
188.2 0.74496
188.4 0.49664
188.6 0.49664
188.8 0.49664
189 0.55872
189.2 0.24832
189.4 0.43456
189.6 0.3104
189.8 0.80704
190 0.74496
190.2 0.74496
190.4 1.2416
190.6 0.74496
190.8 0.6208
191 0.6208
191.2 0.55872
191.4 0.99328
191.6 0.9312
191.8 1.05536
192 1.48992
192.2 1.05536
192.4 0.9312
192.6 0.74496
192.8 0.74496
193 1.2416
193.2 0.9312
193.4 0.9312
193.6 0.68288
193.8 0.49664
194 0.99328
194.2 1.05536
194.4 1.05536
194.6 1.42784
194.8 0.86912
195 0.55872
195.2 0.74496
195.4 0.74496
195.6 0.99328
195.8 1.17952
196 1.17952
196.2 1.552
196.4 1.42784
196.6 1.05536
196.8 0.68288
197 0.9312
197.2 0.68288
197.4 0.55872
197.6 0.49664
197.8 0.68288
198 0.9312
198.2 0.74496
198.4 0.68288
198.6 0.49664
198.8 0.55872
199 0.9312
199.2 0.68288
199.4 1.17952
199.6 1.2416
199.8 1.30368
