175.513 18
175.732 19
175.741 20
175.816 21
175.942 22
176.086 23
176.259 24
176.456 25
176.702 26
177.055 27
177.695 18
177.913 19
177.926 20
177.993 21
178.127 22
178.27 23
178.434 24
178.631 25
178.883 26
179.236 27
181.951 28
182.304 29
182.548 30
182.741 31
182.91 32
183.052 33
183.187 34
183.305 35
183.414 36
183.515 37
183.607 38
183.7 39
183.784 40
183.859 41
183.935 42
184.011 43
184.078 44
184.146 45
184.213 46
184.272 47
184.331 48
184.39 49
184.448 50
184.507 51
184.558 52
184.608 53
184.659 54
184.709 55
184.759 56
184.81 57
184.944 39
185.423 40
185.431 41
185.439 42
185.566 43
185.666 44
185.818 45
185.935 31
186.305 32
186.313 33
186.465 34
186.75 35
187.045 36
187.196 37
187.507 38
190.113 39
190.466 40
190.71 41
190.911 42
190.995 29
191.341 30
191.349 31
191.366 32
191.459 33
191.559 34
191.669 35
191.786 36
191.921 37
192.064 38
192.232 39
192.408 27
192.777 28
192.785 29
192.945 30
193.138 31
193.273 21
193.559 22
193.575 23
193.777 24
194.021 25
194.239 17
194.455 18
194.505 19
194.755 20
195.106 21
197.156 14
197.324 15
197.372 16
197.456 17
197.618 18
197.816 19
198.063 20
198.105 14
198.307 15
198.405 16
198.766 17
