175 3.46081
175.05 1.98656
175.1 3.97312
175.15 1.98656
175.2 3.7248
175.25 1.98656
175.3 1.98656
175.35 4.71808
175.4 1.2416
175.45 2.23488
175.5 4.9664
175.55 0.99328
175.6 2.4832
175.65 5.21472
175.7 0.74496
175.75 2.73152
175.8 4.9664
175.85 0.99328
175.9 2.73152
175.95 3.97312
176 2.23488
176.05 1.73824
176.1 2.73152
176.15 4.46976
176.2 0.99328
176.25 3.47648
176.3 4.71808
176.35 0.99328
176.4 2.97984
176.45 4.71808
176.5 0.49664
176.55 2.97984
176.6 4.46976
176.65 1.98656
176.7 1.73824
176.75 2.73152
176.8 4.71808
176.85 0.74496
176.9 2.4832
176.95 3.22816
177 1.48992
177.05 5.46304
177.1 0.99328
177.15 1.2416
177.2 4.9664
177.25 1.2416
177.3 3.22816
177.35 2.97984
177.4 1.48992
177.45 4.46976
177.5 1.73824
177.55 2.73152
177.6 5.21472
177.65 1.73824
177.7 1.48992
177.75 5.46304
177.8 1.73824
177.85 1.2416
177.9 5.46304
177.95 1.98656
178 1.2416
178.05 5.46304
178.1 1.98656
178.15 1.48992
178.2 5.46304
178.25 1.98656
178.3 1.48992
178.35 5.21472
178.4 2.4832
178.45 1.48992
178.5 4.9664
178.55 1.73824
178.6 2.4832
178.65 4.46976
178.7 1.2416
178.75 3.7248
178.8 3.47648
178.85 1.98656
178.9 2.97984
178.95 3.47648
179 2.97984
179.05 2.23488
179.1 3.7248
179.15 3.47648
179.2 2.23488
179.25 2.73152
179.3 4.46976
179.35 2.23488
179.4 1.73824
179.45 5.46304
179.5 1.48992
179.55 2.4832
179.6 4.9664
179.65 0.49664
179.7 3.97312
179.75 3.97312
179.8 1.48992
179.85 2.97984
179.9 3.7248
179.95 2.73152
180 2.23488
180.05 2.97984
180.1 4.22144
180.15 2.23488
180.2 1.73824
180.25 5.46304
180.3 0.49664
180.35 3.47648
180.4 3.97312
180.45 1.48992
180.5 3.22816
180.55 2.97984
180.6 3.22816
180.65 2.23488
180.7 1.73824
180.75 5.46304
180.8 1.48992
180.85 2.4832
180.9 4.71808
180.95 0.74496
181 3.22816
181.05 4.71808
181.1 1.48992
181.15 3.97312
181.2 5.46304
181.25 2.23488
181.3 5.46304
181.35 1.73824
181.4 3.97312
181.45 5.71136
181.5 0
181.55 3.97312
181.6 5.71136
181.65 0.24832
181.7 3.97312
181.75 5.46304
181.8 0.74496
181.85 3.97312
181.9 5.21472
181.95 0.74496
182 3.47648
182.05 5.95968
182.1 0
182.15 4.22144
182.2 5.71136
182.25 0.24832
182.3 4.46976
182.35 4.22144
182.4 1.73824
182.45 3.22816
182.5 3.7248
182.55 3.7248
182.6 1.98656
182.65 2.97984
182.7 6.208
182.75 3.22816
182.8 3.7248
182.85 4.46976
182.9 3.47648
182.95 4.46976
183 3.7248
183.05 3.97312
183.1 4.71808
183.15 3.47648
183.2 3.97312
183.25 4.71808
183.3 3.97312
183.35 3.7248
183.4 4.71808
183.45 4.71808
183.5 2.4832
183.55 5.21472
183.6 5.95968
183.65 0.99328
183.7 5.95968
183.75 7.20128
183.8 0
183.85 6.95296
183.9 7.4496
183.95 0.49664
184 6.208
184.05 6.45632
184.1 2.97984
184.15 4.71808
184.2 5.95968
184.25 5.71136
184.3 2.4832
184.35 6.95296
184.4 7.94624
184.45 0
184.5 8.93952
184.55 6.70464
184.6 2.4832
184.65 6.95296
184.7 6.95296
184.75 5.21472
184.8 3.7248
184.85 8.44288
184.9 6.70464
184.95 0
185 7.94624
185.05 6.45632
185.1 0
185.15 7.94624
185.2 7.20128
185.25 0
185.3 7.69792
185.35 7.94624
185.4 0
185.45 6.95296
185.5 8.93952
185.55 0.49664
185.6 6.95296
185.65 7.94624
185.7 1.98656
185.75 6.45632
185.8 7.4496
185.85 3.47648
185.9 4.9664
185.95 7.20128
186 5.71136
186.05 2.97984
186.1 7.20128
186.15 7.94624
186.2 0
186.25 8.19456
186.3 8.6912
186.35 1.73824
186.4 7.69792
186.45 6.95296
186.5 4.22144
186.55 4.46976
186.6 6.45632
186.65 7.4496
186.7 0.74496
186.75 6.95296
186.8 4.46976
186.85 2.73152
186.9 5.71136
186.95 5.46304
187 7.69792
187.05 3.22816
187.1 4.9664
187.15 5.95968
187.2 5.71136
187.25 5.95968
187.3 2.4832
187.35 5.95968
187.4 7.69792
187.45 1.48992
187.5 5.46304
187.55 7.94624
187.6 2.23488
187.65 4.71808
187.7 8.19456
187.75 2.4832
187.8 4.46976
187.85 8.19456
187.9 2.4832
187.95 4.71808
188 7.94624
188.05 1.73824
188.1 5.95968
188.15 7.20128
188.2 1.2416
188.25 7.4496
188.3 4.9664
188.35 3.47648
188.4 6.95296
188.45 3.97312
188.5 5.21472
188.55 4.71808
188.6 4.46976
188.65 6.70464
188.7 1.48992
188.75 6.208
188.8 7.4496
188.85 1.48992
188.9 7.4496
188.95 4.22144
189 4.46976
189.05 4.9664
189.1 3.47648
189.15 2.97984
189.2 6.208
189.25 2.4832
189.3 3.22816
189.35 6.95296
189.4 1.98656
189.45 3.47648
189.5 6.95296
189.55 2.23488
189.6 3.7248
189.65 6.45632
189.7 2.97984
189.75 3.97312
189.8 5.95968
189.85 3.7248
189.9 3.97312
189.95 4.71808
190 5.21472
190.05 3.97312
190.1 3.47648
190.15 5.95968
190.2 4.71808
190.25 1.98656
190.3 7.20128
190.35 5.21472
190.4 0.99328
190.45 8.6912
190.5 3.7248
190.55 1.98656
190.6 7.4496
190.65 3.7248
190.7 3.97312
190.75 5.46304
190.8 5.71136
190.85 4.22144
190.9 2.23488
190.95 7.69792
191 4.71808
191.05 1.2416
191.1 9.68448
191.15 1.98656
191.2 1.73824
191.25 7.4496
191.3 1.98656
191.35 4.9664
191.4 5.71136
191.45 0.74496
191.5 7.20128
191.55 4.22144
191.6 0.24832
191.65 7.69792
191.7 3.97312
191.75 0.24832
191.8 7.94624
191.85 4.22144
191.9 0
191.95 8.19456
192 3.97312
192.05 0.24832
192.1 7.69792
192.15 4.22144
192.2 0.74496
192.25 7.20128
192.3 3.47648
192.35 2.23488
192.4 5.71136
192.45 4.9664
192.5 2.23488
192.55 3.7248
192.6 6.70464
192.65 2.73152
192.7 0.49664
192.75 8.6912
192.8 3.22816
192.85 0.74496
192.9 7.20128
192.95 3.97312
193 2.23488
193.05 3.97312
193.1 6.70464
193.15 2.73152
193.2 6.70464
193.25 4.9664
193.3 2.97984
193.35 9.43616
193.4 2.73152
193.45 5.46304
193.5 5.71136
193.55 2.23488
193.6 8.93952
193.65 3.7248
193.7 2.23488
193.75 8.6912
193.8 3.22816
193.85 2.73152
193.9 7.94624
193.95 2.73152
194 3.47648
194.05 7.20128
194.1 2.73152
194.15 3.97312
194.2 7.20128
194.25 2.23488
194.3 4.46976
194.35 6.70464
194.4 2.23488
194.45 3.47648
194.5 7.20128
194.55 2.73152
194.6 1.73824
194.65 8.19456
194.7 2.73152
194.75 0.99328
194.8 8.6912
194.85 2.23488
194.9 2.23488
194.95 7.20128
195 3.97312
195.05 2.23488
195.1 4.9664
195.15 5.71136
195.2 2.73152
195.25 0.74496
195.3 8.19456
195.35 3.7248
195.4 1.98656
195.45 5.46304
195.5 2.23488
195.55 5.95968
195.6 3.22816
195.65 1.73824
195.7 6.45632
195.75 2.4832
195.8 4.46976
195.85 3.47648
195.9 2.73152
195.95 6.208
196 1.98656
196.05 2.73152
196.1 7.20128
196.15 1.48992
196.2 2.73152
196.25 7.20128
196.3 1.98656
196.35 2.4832
196.4 7.4496
196.45 1.2416
196.5 3.22816
196.55 7.4496
196.6 1.48992
196.65 3.22816
196.7 7.20128
196.75 1.98656
196.8 3.22816
196.85 6.70464
196.9 2.73152
196.95 3.22816
197 5.21472
197.05 4.22144
197.1 1.98656
197.15 4.9664
197.2 5.71136
197.25 0.24832
197.3 4.46976
197.35 7.4496
197.4 1.2416
197.45 3.47648
197.5 7.20128
197.55 2.4832
197.6 3.22816
197.65 5.21472
197.7 4.9664
197.75 1.48992
197.8 4.46976
197.85 6.45632
197.9 0.99328
197.95 3.47648
198 6.95296
198.05 2.23488
198.1 3.47648
198.15 5.46304
198.2 0.24832
198.25 3.47648
198.3 5.46304
198.35 0.24832
198.4 3.7248
198.45 5.71136
198.5 0.24832
198.55 4.46976
198.6 5.46304
198.65 0.24832
198.7 4.46976
198.75 5.95968
198.8 0.24832
198.85 4.46976
198.9 6.208
198.95 0.49664
199 4.46976
199.05 6.45632
199.1 0.49664
199.15 4.71808
199.2 6.45632
199.25 0.49664
199.3 4.9664
199.35 5.95968
199.4 1.2416
199.45 2.97984
199.5 6.208
199.55 3.22816
199.6 0.24832
199.65 6.95296
199.7 4.22144
199.75 1.2416
199.8 4.9664
199.85 6.45632
199.9 1.2416
199.95 5.21472
