175 2.08419
175.05 1.48992
175.1 1.48992
175.15 1.2416
175.2 1.48992
175.25 1.2416
175.3 1.48992
175.35 0.99328
175.4 1.48992
175.45 1.48992
175.5 1.48992
175.55 1.98656
175.6 1.73824
175.65 1.73824
175.7 1.98656
175.75 1.73824
175.8 1.73824
175.85 1.98656
175.9 1.73824
175.95 1.73824
176 1.73824
176.05 1.73824
176.1 1.98656
176.15 1.48992
176.2 1.48992
176.25 1.2416
176.3 1.2416
176.35 1.2416
176.4 1.48992
176.45 1.48992
176.5 1.48992
176.55 1.48992
176.6 1.73824
176.65 1.73824
176.7 1.73824
176.75 1.73824
176.8 1.98656
176.85 1.98656
176.9 1.73824
176.95 1.73824
177 1.73824
177.05 1.73824
177.1 1.98656
177.15 1.73824
177.2 1.98656
177.25 1.73824
177.3 1.98656
177.35 1.73824
177.4 1.98656
177.45 2.4832
177.5 2.23488
177.55 2.23488
177.6 2.23488
177.65 2.23488
177.7 2.23488
177.75 2.23488
177.8 2.23488
177.85 2.4832
177.9 2.23488
177.95 1.98656
178 2.4832
178.05 2.23488
178.1 2.4832
178.15 2.23488
178.2 1.98656
178.25 2.23488
178.3 2.4832
178.35 2.23488
178.4 2.4832
178.45 2.23488
178.5 2.23488
178.55 2.23488
178.6 2.4832
178.65 2.23488
178.7 2.23488
178.75 2.23488
178.8 2.4832
178.85 2.23488
178.9 2.4832
178.95 2.23488
179 2.23488
179.05 2.23488
179.1 2.23488
179.15 2.23488
179.2 2.23488
179.25 2.23488
179.3 2.23488
179.35 2.23488
179.4 2.4832
179.45 1.98656
179.5 2.23488
179.55 2.23488
179.6 2.4832
179.65 2.4832
179.7 2.97984
179.75 2.73152
179.8 2.73152
179.85 2.73152
179.9 3.22816
179.95 2.97984
180 2.4832
180.05 2.23488
180.1 2.4832
180.15 2.97984
180.2 2.4832
180.25 2.4832
180.3 2.73152
180.35 2.73152
180.4 2.97984
180.45 2.97984
180.5 2.73152
180.55 2.73152
180.6 2.73152
180.65 3.22816
180.7 3.22816
180.75 2.97984
180.8 3.47648
180.85 2.97984
180.9 2.97984
180.95 3.22816
181 3.22816
181.05 2.4832
181.1 1.98656
181.15 2.23488
181.2 2.23488
181.25 2.4832
181.3 2.23488
181.35 2.97984
181.4 2.97984
181.45 2.4832
181.5 2.73152
181.55 2.73152
181.6 2.4832
181.65 2.97984
181.7 2.97984
181.75 2.97984
181.8 1.98656
181.85 2.4832
181.9 1.98656
181.95 2.23488
182 2.23488
182.05 2.97984
182.1 2.97984
182.15 2.4832
182.2 2.97984
182.25 2.4832
182.3 2.73152
182.35 2.73152
182.4 2.97984
182.45 3.22816
182.5 3.22816
182.55 3.22816
182.6 2.97984
182.65 2.23488
182.7 2.73152
182.75 2.73152
182.8 2.4832
182.85 2.97984
182.9 2.73152
182.95 2.97984
183 2.4832
183.05 2.97984
183.1 2.73152
183.15 2.73152
183.2 2.4832
183.25 2.23488
183.3 2.23488
183.35 2.4832
183.4 2.4832
183.45 1.98656
183.5 2.23488
183.55 2.23488
183.6 2.23488
183.65 1.98656
183.7 1.73824
183.75 1.98656
183.8 1.98656
183.85 1.98656
183.9 1.98656
183.95 1.73824
184 1.98656
184.05 2.23488
184.1 2.4832
184.15 1.98656
184.2 2.23488
184.25 2.23488
184.3 2.23488
184.35 2.4832
184.4 2.23488
184.45 1.48992
184.5 1.48992
184.55 1.73824
184.6 1.73824
184.65 1.98656
184.7 1.98656
184.75 1.48992
184.8 1.98656
184.85 1.98656
184.9 2.23488
184.95 2.4832
185 2.23488
185.05 2.23488
185.1 2.4832
185.15 1.98656
185.2 2.23488
185.25 2.23488
185.3 1.73824
185.35 1.48992
185.4 1.98656
185.45 1.73824
185.5 1.73824
185.55 1.98656
185.6 1.73824
185.65 1.98656
185.7 2.23488
185.75 1.98656
185.8 2.4832
185.85 2.23488
185.9 2.23488
185.95 1.73824
186 1.73824
186.05 1.48992
186.1 1.98656
186.15 1.98656
186.2 1.98656
186.25 1.98656
186.3 1.98656
186.35 2.23488
186.4 2.23488
186.45 2.23488
186.5 1.98656
186.55 2.4832
186.6 2.4832
186.65 1.98656
186.7 2.23488
186.75 2.23488
186.8 2.23488
186.85 2.4832
186.9 1.73824
186.95 1.73824
187 1.73824
187.05 1.98656
187.1 1.73824
187.15 1.98656
187.2 1.98656
187.25 1.98656
187.3 1.98656
187.35 2.23488
187.4 1.98656
187.45 1.48992
187.5 1.48992
187.55 2.4832
187.6 2.4832
187.65 1.98656
187.7 1.73824
187.75 1.48992
187.8 1.98656
187.85 1.98656
187.9 1.98656
187.95 1.98656
188 1.98656
188.05 1.73824
188.1 1.98656
188.15 1.98656
188.2 2.23488
188.25 2.4832
188.3 2.23488
188.35 2.4832
188.4 2.23488
188.45 1.98656
188.5 2.23488
188.55 2.4832
188.6 2.4832
188.65 2.23488
188.7 2.4832
188.75 2.23488
188.8 2.23488
188.85 1.98656
188.9 2.4832
188.95 2.23488
189 1.73824
189.05 1.73824
189.1 1.73824
189.15 1.73824
189.2 1.98656
189.25 1.98656
189.3 1.48992
189.35 1.48992
189.4 1.73824
189.45 1.98656
189.5 1.73824
189.55 1.48992
189.6 1.73824
189.65 1.98656
189.7 1.98656
189.75 1.98656
189.8 1.73824
189.85 0.99328
189.9 1.2416
189.95 1.48992
190 1.48992
190.05 1.48992
190.1 1.2416
190.15 1.2416
190.2 1.48992
190.25 1.48992
190.3 1.98656
190.35 1.98656
190.4 1.98656
190.45 1.98656
190.5 1.98656
190.55 1.73824
190.6 1.73824
190.65 1.98656
190.7 1.48992
190.75 1.98656
190.8 1.98656
190.85 1.98656
190.9 1.73824
190.95 1.48992
191 1.2416
191.05 1.48992
191.1 1.48992
191.15 1.2416
191.2 1.48992
191.25 1.48992
191.3 1.48992
191.35 1.73824
191.4 1.48992
191.45 1.48992
191.5 1.98656
191.55 1.98656
191.6 1.73824
191.65 1.98656
191.7 1.73824
191.75 1.73824
191.8 1.98656
191.85 1.98656
191.9 1.73824
191.95 1.98656
192 1.98656
192.05 1.98656
192.1 1.98656
192.15 1.73824
192.2 1.98656
192.25 1.73824
192.3 2.23488
192.35 2.4832
192.4 2.23488
192.45 2.4832
192.5 2.23488
192.55 2.23488
192.6 1.73824
192.65 1.73824
192.7 1.48992
192.75 1.98656
192.8 1.98656
192.85 1.73824
192.9 1.73824
192.95 1.98656
193 1.73824
193.05 2.4832
193.1 2.4832
193.15 2.23488
193.2 2.23488
193.25 1.98656
193.3 2.23488
193.35 2.4832
193.4 2.23488
193.45 2.4832
193.5 2.23488
193.55 2.4832
193.6 2.23488
193.65 2.23488
193.7 2.23488
193.75 2.4832
193.8 2.23488
193.85 2.4832
193.9 2.23488
193.95 1.98656
194 2.23488
194.05 2.23488
194.1 2.4832
194.15 2.23488
194.2 2.23488
194.25 2.23488
194.3 2.23488
194.35 2.23488
194.4 2.23488
194.45 2.23488
194.5 2.23488
194.55 2.23488
194.6 2.23488
194.65 2.23488
194.7 2.4832
194.75 1.98656
194.8 2.23488
194.85 2.4832
194.9 1.98656
194.95 2.4832
195 1.98656
195.05 2.23488
195.1 2.23488
195.15 2.97984
195.2 2.73152
195.25 2.73152
195.3 2.73152
195.35 2.73152
195.4 2.73152
195.45 2.23488
195.5 2.23488
195.55 2.23488
195.6 2.23488
195.65 2.23488
195.7 2.23488
195.75 2.23488
195.8 2.23488
195.85 2.23488
195.9 2.23488
195.95 2.4832
196 2.4832
196.05 2.23488
196.1 2.4832
196.15 2.23488
196.2 2.4832
196.25 2.73152
196.3 2.73152
196.35 2.4832
196.4 2.73152
196.45 2.97984
196.5 2.4832
196.55 1.98656
196.6 1.73824
196.65 2.4832
196.7 2.4832
196.75 2.23488
196.8 2.4832
196.85 2.23488
196.9 2.73152
196.95 2.73152
197 2.73152
197.05 2.73152
197.1 2.4832
197.15 2.73152
197.2 2.97984
197.25 2.4832
197.3 2.73152
197.35 2.73152
197.4 2.4832
197.45 2.73152
197.5 2.23488
197.55 2.4832
197.6 2.23488
197.65 2.4832
197.7 1.98656
197.75 2.23488
197.8 2.4832
197.85 2.97984
197.9 2.73152
197.95 2.73152
198 2.4832
198.05 2.4832
198.1 2.97984
198.15 2.73152
198.2 2.4832
198.25 2.73152
198.3 1.98656
198.35 2.4832
198.4 1.98656
198.45 2.23488
198.5 2.23488
198.55 2.23488
198.6 2.4832
198.65 1.98656
198.7 2.97984
198.75 2.4832
198.8 2.97984
198.85 2.73152
198.9 2.4832
198.95 2.73152
199 2.73152
199.05 2.73152
199.1 2.73152
199.15 2.73152
199.2 2.97984
199.25 2.73152
199.3 2.73152
199.35 2.73152
199.4 2.73152
199.45 2.73152
199.5 2.73152
199.55 2.4832
199.6 2.73152
199.65 2.73152
199.7 2.73152
199.75 2.73152
199.8 2.73152
199.85 2.73152
199.9 2.4832
199.95 2.97984
