0	0	0	0	0	0	0	0	0	0	0	0	0	0	0	0	0	0	0	0	0	0	0	0	0	0	0	0	0	0	0	0	0	0	0	0	0	0	0	0	0	0	0	0	0	0	0	0	0	0	0	0	0	0	0	0	0	0	0	0	0
1	4338	2892	5784	5784	4338	4338	4338	4338	4338	4338	4338	4338	4338	4338	4338	4338	4338	4338	4338	2892	4338	4338	4338	4338	2892	4338	4338	4338	4338	4338	5784	4338	4338	4338	4338	4338	4338	4338	4338	4338	4338	4338	4338	4338	4338	4338	4338	4338	4338	4338	4338	4338	4338	2892	4338	4338	2892	4338	4338	4338
2	18798	13014	26028	27474	18798	17352	18798	21690	18798	18798	18798	18798	18798	21690	18798	18798	18798	18798	18798	13014	18798	14460	18798	18798	13014	20244	18798	18798	18798	18798	26028	14460	18798	18798	13014	18798	18798	18798	15906	15906	18798	18798	18798	18798	14460	14460	14460	18798	18798	18798	13014	14460	18798	11568	18798	18798	13014	18798	18798	18798
3	70854	60732	101220	104112	75192	60732	70854	91098	86760	79530	85314	76638	62178	91098	78084	83868	86760	85314	76638	54948	79530	60732	75192	82422	40488	88206	60732	86760	60732	83868	98328	60732	65070	62178	47718	69408	70854	72300	60732	60732	72300	62178	65070	69408	59286	53502	56394	79530	60732	60732	47718	60732	60732	40488	60732	80976	44826	75192	83868	73746
4	174966	153276	206778	209670	177858	39765	107162	58020	189426	50610	187980	105597	160506	195210	97293	53052	98048	66002	53733	94472	182196	108617	177858	60218	43554	81908	41211	49164	33258	173520	79817	62901	39765	37596	95436	68997	43380	49164	43380	33981	49887	44826	52036	39042	37596	31089	35427	52988	43380	35427	47344	44862	33258	20244	31812	41420	36090	95284	174966	93359
5	294984	271848	326796	329688	297876	19560	62647	59422	310890	5784	307998	63370	281970	316674	63370	54625	63370	62878	55136	58617	303660	63337	299322	62009	34663	63914	42694	50778	36973	294984	63010	50368	1446	4338	215454	55357	1446	50655	45064	35004	51235	46370	49126	42742	39701	32780	37141	55653	44972	17366	37447	42982	1446	24535	1446	1446	33898	63658	296430	61529
6	415002	393312	446814	449706	417894	21493	64653	61605	432354	15906	429462	65509	403434	436692	65447	56703	65571	64941	57226	60690	423678	65385	419340	64034	36756	66377	44959	53357	39045	416448	65543	52733	8676	17352	335472	57765	7230	53045	47304	37131	53640	48678	51508	45097	41984	34927	39416	57981	47216	19409	39600	45143	8676	26493	7230	8676	36321	66067	416448	63953
7	536466	514776	568278	571170	539358	23262	66690	63771	552372	24450	550926	67732	523452	558156	67582	58842	67762	67062	59315	62793	545142	67462	540804	66090	38734	68632	46984	55554	41114	536466	67855	54960	19560	20802	456936	59905	23405	55184	49398	39196	55786	50878	53710	47248	44006	36947	41414	60177	49272	21353	41640	47292	18290	28535	19128	18290	38430	68242	537912	66198
8	656484	634794	689742	692634	659376	25071	68665	65836	673836	26335	670944	69828	644916	679620	69622	60874	69857	69085	61334	64827	666606	69472	660822	68084	40766	70756	48841	57668	43081	657930	69976	56912	21493	22441	576954	61866	25287	57236	51447	41106	57822	52866	55706	49219	45939	38702	43225	62196	51167	23313	43489	49261	20033	30574	21101	20240	40479	70292	659376	68279
9	777948	756258	809760	812652	780840	26991	70527	67779	795300	28242	792408	71887	764934	799638	71626	62774	71887	71049	63220	66890	786624	71365	782286	69994	42654	72763	50791	59710	44869	779394	72035	58800	23440	24568	698418	63768	27114	59115	53301	42977	59789	54786	57600	51037	47707	40685	44961	64152	52950	25120	45491	51277	21826	32229	22810	22204	42330	72231	779394	70299
10	899412	877722	931224	934116	902304	28781	72402	69757	915318	30163	912426	73855	886398	921102	73463	64776	73855	72962	65017	68739	908088	73239	903750	71850	44225	74695	52550	61645	46590	899412	73970	60731	25483	26288	816990	65678	29183	60969	55095	44678	61655	56640	59434	52940	49493	42332	46810	66019	54830	26725	47097	53018	23481	33984	24653	23746	44055	74079	900858	72238
11	1019430	997740	1052688	1054134	1022322	30465	74222	71613	1036782	31904	1033890	75694	1007862	1042566	75289	66561	75721	74779	66888	70511	1028106	75127	1023768	73735	46058	76531	54326	63426	48332	1020876	75859	62503	26991	27975	937008	67383	30778	62800	56898	46405	63435	58431	61211	54706	51177	44151	48418	67776	56464	28460	48907	54782	25110	35653	26288	25521	45941	75910	1022322	74030
12	1140894	1119204	1172706	1175598	1143786	32061	75967	73366	1158246	33616	1155354	77579	1127880	1162584	77125	68270	77579	76561	68617	72386	1149570	76882	1145232	75470	47693	78333	55899	65250	50014	1142340	77686	64226	28853	29635	1055580	69126	32677	64482	58541	48024	65195	60169	62936	56417	52921	45538	50096	69546	58121	30024	50363	56454	26871	37358	27975	27331	47537	77631	1142340	75836
13	1262358	1239222	1294170	1297062	1265250	33703	77686	75168	1278264	35361	1275372	79347	1249344	1284048	78801	70087	79347	78258	70365	74038	1271034	78593	1266696	77225	49101	80049	57536	66896	51558	1262358	79454	65935	30329	31406	1175598	70712	34106	66183	60242	49508	66843	61793	64613	57968	54383	47187	51798	71176	59766	31708	51979	58147	28450	38720	29775	29029	49327	79347	1263804	77534
14	1382376	1360686	1415634	1417080	1385268	35149	79350	76842	1399728	36966	1396836	81114	1369362	1404066	80539	71740	81089	80000	71960	75789	1391052	80309	1386714	78898	50717	81714	59127	68654	53058	1383822	81167	67604	31996	32829	1294170	72328	35885	67754	61797	51152	68483	63441	66186	59617	55991	48825	53214	72804	61228	33243	53586	59617	29945	40294	31140	30631	50773	80989	1385268	79224
15	1503840	1482150	1535652	1538544	1506732	36877	80992	78503	1518300	38504	1516854	82789	1489380	1524084	82164	73377	82764	81642	73645	77409	1511070	81939	1506732	80557	52244	83339	60573	70226	54631	1505286	82817	69134	33579	34253	1414188	73896	37578	69344	63282	52702	70090	64977	67727	61185	57518	50324	54631	74400	62754	34588	55142	61185	31566	41858	32575	32153	52299	82589	1505286	80895
16	1623858	1602168	1655670	1658562	1626750	38365	82567	80167	1638318	40294	1635426	84479	1609398	1644102	83759	75044	84431	83242	75221	78997	1631088	83489	1626750	82132	53687	84887	61987	71763	56122	1625304	84458	70748	34972	35676	1534206	75409	38933	70864	64789	54170	71627	66539	69287	62614	59004	51701	56085	75922	64213	36058	56548	62713	32919	43363	34070	33791	53891	84167	1626750	82470
17	1743876	1720740	1775688	1778580	1746768	39849	84122	81752	1758336	41758	1755444	86111	1729416	1764120	85367	76610	86063	84818	76679	80602	1751106	85079	1745322	83705	55129	86423	63437	73315	57501	1746768	86066	72307	36481	37269	1652778	76840	40345	72363	66264	55562	73072	68009	70780	64077	60454	53081	57501	77407	65644	37522	57916	64205	34279	44818	35502	35174	55438	85703	1748214	84029
18	1863894	1842204	1895706	1898598	1866786	41329	85634	83327	1878354	43171	119185	87695	95783	123842	86927	78123	87649	83868	78242	82152	76638	86663	1865340	85241	56498	87902	64845	74822	58883	1868232	87628	73819	37986	38689	1772796	78267	41758	73819	67713	56956	69190	69449	72226	65512	61838	54463	58848	78839	67039	38879	59321	65667	33258	46182	36933	36563	56908	87212	1868232	85565
19	1983912	1962222	2017170	2018616	1986804	42855	87283	84972	1999818	44864	63040	89397	63370	62251	88500	79787	89328	42155	79932	83796	63370	88316	1986804	86921	57903	43042	66287	76334	60302	1988250	89169	75281	39379	40213	1892814	79723	43315	75254	69183	58318	36237	70908	73710	66969	63290	55884	28221	80321	68433	17827	60693	67124	16802	47596	38365	38065	58341	88730	1989696	87148
20	2105376	2083686	2137188	2140080	2108268	44561	89031	86772	2119836	46585	64746	91245	64906	64045	90317	81562	91179	43935	81601	85596	65322	90041	2108268	88655	59343	44648	67795	77884	61757	2109714	90802	76793	41029	41829	2014278	81200	44956	76766	70651	59753	37750	72434	75203	68485	64701	57269	29658	81825	69926	19181	62070	68635	18233	49048	39745	39612	59741	90294	2109714	88666
21	2226840	2203704	2258652	2261544	2229732	46156	90756	88512	2241300	48327	66594	93027	66687	65853	92037	83337	92939	45645	83401	87316	66904	91795	2228286	90426	60749	46106	69235	79392	63143	2229732	92325	78274	42613	43287	2134296	82675	46497	78248	72129	61147	39204	73862	76634	69976	66086	58657	31028	83325	71347	20547	63454	70005	19558	50419	41129	41051	61169	91773	2231178	90184
22	2346858	2325168	2378670	2381562	2349750	47871	92391	90237	2362764	50050	68212	94787	68212	67525	93731	85029	94699	47424	85019	89018	68722	93467	2349750	92098	62125	47565	70643	80882	64526	2351196	93821	79730	43951	44699	2255760	84130	47983	79678	73529	62544	40657	75323	78068	71397	67480	60048	32403	84754	72717	21826	64830	71397	21000	51794	42466	42586	62598	93225	2352642	91668
23	2468322	2446632	2500134	2503026	2471214	49443	94063	91939	2482782	51594	69915	96500	69828	69205	95429	86733	96395	49051	86699	90720	70292	95156	2471214	93770	63443	48976	71977	82307	65885	2472660	95305	81157	45343	46021	2374332	85498	49384	81082	74920	63849	42060	76727	79446	72766	68860	61476	33723	86146	74033	23123	66210	72766	22347	53132	43810	44019	63966	94633	2472660	93098
24	2589786	2566650	2621598	2624490	2592678	50969	95662	93545	2604246	53327	71626	98159	71394	70962	97004	88314	98054	50627	88327	92291	71945	96710	2591232	95382	64723	50390	73270	83729	67187	2592678	96712	82532	46691	47307	2494350	86866	50788	82432	76243	65257	43417	78080	80809	74110	70222	62830	34992	87521	75352	24438	67600	74166	23704	54437	45205	45363	65373	96017	2594124	94528
25	2709804	2688114	2741616	2744508	2712696	52407	97195	95189	2725710	54893	73127	99827	72987	72458	98621	89947	99707	52277	89868	93897	73631	98306	2712696	96957	66045	51725	74558	85073	68546	2712696	98119	83897	48086	48559	2614368	88142	52114	83801	77562	66593	44731	79406	82134	75400	71527	64095	36330	88832	76702	25683	68920	75508	24987	55674	46426	46622	66706	97361	2715588	95896
26	2831268	2809578	2863080	2865972	2834160	53920	98749	96743	2845728	56303	74695	101407	74471	74054	100187	91485	101287	53794	91410	95483	75154	99887	2832714	98532	67409	24633	36008	40488	69890	62086	47761	85337	49443	49944	17352	42571	53522	40539	78966	68001	46142	80820	83559	36150	72891	30366	37730	90258	78082	27025	70280	76912	26366	56993	47785	21066	68110	47039	2835606	45244
27	2951286	2929596	2983098	2985990	2954178	55615	57985	46995	2967192	26028	35950	49164	34704	35486	46104	43380	48650	25305	58185	45758	36150	46022	72300	47204	28920	26348	37915	15906	31812	64077	49630	87183	51250	23136	37902	44428	25387	19237	38751	43838	47988	39622	40539	37997	34704	13889	23756	92003	42554	28885	33258	37209	28343	58704	22413	9621	69961	48893	2957070	2892
28	3072750	3051060	3104562	3107454	3075642	57944	49962	49565	3087210	28471	38565	51904	37860	38187	50979	46746	51824	27888	46392	48838	38700	50938	64202	50249	1446	29052	40197	21200	35493	66690	52386	89115	53806	26269	31743	46962	27813	21782	41287	34757	50629	42155	43114	40530	37186	16376	19505	93829	39896	31169	35725	39637	30532	61114	24627	11786	72359	51526	3078534	13014
29	3194214	3171078	3226026	3228918	3197106	60482	52464	52286	3208674	31054	41114	54694	40197	40861	53548	49412	54580	30452	48908	51434	41340	53509	66842	52854	8676	31719	42697	23617	37757	69175	55114	91020	56392	28473	33894	49366	30452	24140	43677	37012	53097	44545	45545	42865	39407	18416	21537	95649	42217	33482	37867	42120	33080	63466	26889	14207	74683	53917	3198552	24279
30	3314232	3292542	3346044	3348936	3317124	62855	55114	54981	3330138	33623	43702	57452	42745	43513	56142	52020	57344	33068	51540	54019	44008	56105	69352	55447	16926	33992	44869	25969	39892	71542	57456	92846	58683	30720	35973	51616	32562	26367	45894	39083	55419	46852	47847	45123	41605	20353	23570	97392	44370	35643	39944	44324	35148	65602	29047	16267	76897	56278	3320016	26883
31	3435696	3414006	3467508	3470400	3438588	65271	57564	57545	3450156	36180	46277	60153	45007	46052	58726	54538	59983	35549	54006	56597	46525	58656	71742	57996	18685	36238	46898	28197	41919	73774	59817	94694	60856	32686	37828	53698	34601	28417	47965	41099	57537	49009	49962	47229	43600	22401	25602	99135	46332	37625	42017	46378	37212	67612	31051	18434	78998	58470	3441480	28897
32	3555714	3534024	3588972	3591864	3560052	67565	59987	60037	3571620	38511	48759	62701	47294	48547	61135	57016	62503	37920	56475	59054	48991	61067	74079	60395	20394	38350	48801	30260	43755	75940	62045	96453	62921	34597	39908	55694	36641	30465	49951	43018	59583	50996	51988	49201	45549	24105	27559	100836	48297	39403	43990	48427	39219	69532	32807	20268	81028	60581	3561498	30912
33	3677178	3655488	3708990	3711882	3680070	32599	37202	62423	119940	40810	51118	30366	49557	50957	63518	59356	64962	18190	31847	61454	51339	29853	76315	62771	22160	40352	50588	13737	45698	78076	64229	98196	30774	36637	41686	57661	38678	32255	51817	44856	61592	24667	53862	51099	21690	25774	29596	102496	50186	41351	45698	23494	41228	36729	34653	22043	82953	62654	3682962	32929
34	3798642	3776952	3830454	3833346	3801534	34995	31269	65076	63434	43369	53757	33114	51958	53643	66148	62004	67544	20559	29868	64074	53967	32390	78541	65380	24139	42551	52629	15858	47779	80234	66465	99942	32925	38674	43582	59738	40713	34434	53965	46842	63726	26771	56039	53235	23533	27794	31500	104156	52206	43356	47693	25533	43286	35139	36690	24291	84997	64788	3804426	35184
35	3918660	3896970	3951918	3954810	3922998	37458	33821	67652	66067	46052	56381	35823	54441	56270	68680	64606	70052	23225	32467	66687	56656	34979	80689	67937	26128	44640	54555	17723	49647	82292	68597	101602	34885	40607	45396	61771	42797	36367	55917	48790	65792	28647	58032	55216	25486	29746	33171	105772	54145	45225	49563	27495	45158	37036	38724	26189	86965	66852	3924444	37246
36	4040124	4018434	4071936	4074828	4043016	39870	36249	70128	68572	48590	58918	38556	56817	58918	71092	67171	72447	25695	34874	69172	59251	37553	82764	70403	27750	46591	56529	19729	51404	84314	70635	103242	36907	42355	47270	63676	44597	38365	57842	50618	67706	30543	59953	57196	27148	31444	35115	107349	55908	47106	51524	29254	46954	38840	40501	28104	88858	68792	4045908	39145
37	4161588	4139898	4193400	4196292	4164480	42143	38685	72493	71017	50957	61424	41106	59163	61424	73451	69640	74741	28020	37345	71568	61707	39960	84815	72758	29494	48548	58183	21353	53220	86210	72618	104885	38718	44173	48862	65496	46326	40109	59669	52347	69566	32392	61847	58971	28928	33117	36846	108926	57761	48874	53142	31113	48812	40562	42155	30035	90721	70650	4165926	41108
38	4281606	4259916	4313418	4316310	4284498	44299	40873	74785	73351	53292	63758	43505	61356	63790	75709	71991	76955	30370	39556	73911	64030	42277	86783	75041	31139	50261	59996	23133	54827	88065	74550	106443	40496	45873	50688	67263	48250	41878	61372	54052	71340	34079	63589	60727	30536	34768	38605	110462	59380	50577	54941	32740	50517	42213	43888	31718	92446	72465	4287390	43123
39	4403070	4381380	4434882	4437774	4405962	46400	43092	77026	75586	55493	65978	45865	63470	66071	77906	74207	79106	32485	41648	76126	66303	44522	88707	77255	32638	52119	61559	25037	56535	89905	76364	108020	42248	47602	52256	68919	49813	43527	63092	55706	73103	35859	65317	62400	32257	36514	40028	111938	61023	52148	56461	34469	52249	43849	45600	33500	94162	74257	4408854	44726
40	4524534	4501398	4556346	4559238	4527426	48406	45202	79174	77787	57645	68126	48024	65482	68246	80038	76330	81232	34649	43781	78281	68470	46566	90593	79368	34252	53758	63209	26412	58118	91665	78172	109578	43836	49138	53698	70569	51562	45205	64701	57312	74780	37500	66930	64094	33828	37852	41801	113414	62621	53786	58047	36116	53805	45427	47116	35015	95819	75946	4528872	46585
41	4644552	4622862	4677810	4679256	4647444	46272	47216	81247	79867	59688	70209	50212	67435	70383	82103	78400	83282	36686	45769	80335	70541	48652	92411	81434	35617	55494	64814	28018	59588	93381	79914	111097	45505	50753	47140	72162	53101	46823	66241	58874	76373	39070	68567	65621	35210	39356	43500	114908	64148	55299	55470	37578	49526	46992	48673	36580	97415	77666	4650336	48155
42	4766016	4744326	4797828	4800720	4768908	24535	49314	83322	81964	61823	72347	52429	69476	72543	40539	80503	85289	17957	47889	82389	72695	50729	45515	39778	16677	57142	66319	29816	61123	95137	81709	112573	47155	52357	27124	73758	54673	48430	67900	60361	37321	40630	70229	67264	36935	40956	44903	116389	65674	56952	29069	39251	27124	48510	50258	38242	99032	79356	4771800	50050
43	4887480	4864344	4919292	4922184	4890372	26649	51647	85327	84023	64078	74671	54968	71688	74861	42874	82578	87298	20147	50289	84455	75007	53154	48034	42106	18233	58884	67946	31378	62851	96838	83459	114085	48836	53872	28617	75438	56459	50108	69550	61946	38951	42279	71853	68950	38475	42690	46355	117800	67379	58489	30533	40804	28617	50102	51797	39938	100678	81072	4891818	51634
44	5007498	4985808	5039310	5042202	5010390	28825	53918	87334	86015	66412	76913	57388	73887	77102	45178	84613	89207	22401	52502	86447	77248	55509	50263	44452	19664	60575	69566	33117	64403	98518	85147	115561	50417	55494	29965	77031	57937	51730	71092	63557	40516	43913	73458	70483	39955	44025	47976	119211	68882	60055	32061	42348	30172	51644	53369	41615	102278	82697	5013282	53444
45	5128962	5107272	5160774	5163666	5131854	30845	56057	89243	87994	68636	79065	59718	75968	79247	47414	86629	91108	24702	54697	88385	79388	57661	52554	46588	21000	62154	71079	34588	65828	100148	86827	117006	52032	57106	31387	78529	59482	53265	72639	65125	42120	45490	75041	72020	41381	45506	49630	120622	70389	61550	33579	43932	31782	53181	54896	43034	103858	84271	5134746	54893
46	5248980	5227290	5282238	5285130	5253318	32803	58156	91142	89903	70731	81168	61917	77973	81368	49504	88536	92956	26647	56771	90317	81503	59773	54748	48715	22440	63727	72487	36172	67285	101708	88381	118400	53560	58569	32873	80037	61054	54870	74151	66496	43619	46920	76526	73535	42905	46892	51148	122016	71839	63035	35031	45416	33251	54561	56417	44640	105356	85831	5254764	56488
47	5370444	5348754	5402256	5405148	5373336	34709	60174	92968	91751	72767	83218	64041	79897	83418	51588	90422	94782	28679	58803	92147	83553	61804	56820	50750	23966	65263	73915	37742	68701	103228	89945	119811	55044	59997	34235	81527	62586	56244	75628	67877	45064	48482	78016	75034	44329	48283	52581	123402	73249	64453	36424	46761	34596	55980	57824	46098	106800	87357	5376228	58073
48	5491908	5470218	5523720	5526612	5494800	36515	62127	94794	93577	74726	85179	66097	81793	85395	53556	92270	96516	30437	60768	93951	85501	63836	58781	52745	25236	66754	75320	39250	70069	104757	91505	121205	56524	61391	35602	82977	64018	57692	77086	69257	46512	49829	79446	76465	45753	49635	53976	124714	74649	65876	37766	48155	36008	57363	59197	47471	108244	88806	5497692	59649
49	5611926	5590236	5645184	5646630	5616264	38342	63957	96528	95366	76616	87099	68091	83618	87330	55447	94074	98238	32356	62605	95744	87432	65713	60713	54592	26445	68187	76697	40650	71432	106220	93001	122616	57892	62781	36861	84372	65455	59138	78478	70635	47911	51218	80884	77880	47089	51033	55373	126026	76000	67240	39167	49552	37365	58748	60573	48886	109669	90278	5617710	61080
50	5733390	5711700	5765202	5768094	5736282	40035	65830	98250	97109	78441	88917	70030	85347	89193	57276	95861	99962	34105	64420	97466	89295	67539	62618	56454	27825	69567	78051	42053	72772	107645	94497	123951	59298	64111	38133	85716	66819	60482	79830	72027	49314	52571	82234	79232	48389	52351	56664	127354	77350	68537	40417	50911	38673	60103	61888	50261	111021	91692	5739174	62479
51	5854854	5833164	5886666	5889558	5857746	41808	67563	99973	98831	80235	90734	71886	87099	91028	59084	97583	101602	35884	66216	99209	91104	69399	64465	58217	29210	70964	79403	43458	74088	109089	95929	125279	60671	65421	39521	87060	68130	61799	81128	73318	50679	53966	83584	80553	49613	53676	57888	128666	78654	69823	41629	52274	40041	61395	63175	51599	112353	93078	5860638	63850
52	5974872	5953182	6008130	6011022	5977764	43363	69333	47204	100527	81993	92458	73686	88733	92788	60803	99326	103262	37687	67936	100867	92842	71091	66167	59995	30532	72348	80668	44771	75405	110490	97336	126591	61983	66723	40708	56068	69420	63152	82428	74578	51967	55252	50803	81803	50971	55044	59049	129978	79954	71128	42855	53639	41364	62620	64461	52981	113667	94464	5980656	65258
53	6096336	6074646	6128148	6131040	6099228	45232	71202	50282	102187	40194	94284	75720	90550	46055	62771	48790	50707	39566	33541	102527	94668	73002	68189	61888	31800	73748	81943	46136	76755	111876	98764	127935	63336	68067	42060	43006	70764	64535	83773	75851	53301	56583	41649	83178	52331	56265	60327	131283	81272	72450	44186	54969	42697	63923	65760	54366	115035	95835	6102120	66625
54	6217800	6196110	6249612	6252504	6220692	47289	73333	52378	103847	42351	96062	77942	92392	48206	64965	50987	53016	41757	35641	104207	96428	75168	70386	64045	33080	75132	83268	26411	51925	79458	100183	129263	56677	45402	43273	44334	72069	65894	53984	77174	54640	35251	27428	59383	53656	57532	61682	132543	57117	73738	45571	56266	31361	45675	67031	55753	76321	97200	6222138	39464
55	6337818	6316128	6369630	6372522	6340710	49300	75460	54576	105478	44452	97805	80074	94240	50386	67054	53049	55120	43931	37733	105801	98171	77301	72546	66194	15988	76833	40539	23086	38145	55950	49244	130591	31507	33355	44869	46028	73807	67565	41898	78770	56353	28115	20358	41449	55136	59193	29700	133788	40297	75365	46999	57857	21444	31573	68695	26970	57154	47566	6343602	31298
56	6459282	6437592	6491094	6493986	6462174	23136	36150	56620	50096	20967	82526	82138	45549	35701	53222	25387	43839	23465	17472	62381	61889	36150	74646	31812	8788	36929	19019	25074	17352	58160	51420	131857	29296	14460	20244	21690	33258	31942	19628	80584	38182	29976	22313	43354	34317	28271	31467	90690	18798	36150	22598	27700	23217	14460	33320	11568	59070	49649	6465066	1446
57	6579300	6557610	6612558	6615450	6583638	25451	38792	59356	52963	23499	49546	84214	47418	26030	34757	27962	28989	23141	19824	53190	49714	39636	76889	34445	8740	39689	21396	27754	19718	60892	54196	133102	17244	17485	22869	23709	18302	34565	22031	40013	29868	32631	24790	45905	28917	30601	34004	63978	21002	38484	24963	30214	10856	16738	35783	14627	61702	52325	6585084	10122
58	6700764	6679074	6732576	6735468	6703656	27946	41376	62037	55624	26021	52148	86206	49884	28764	37292	30520	31728	25699	22391	55839	52347	42266	79068	37112	10695	42414	23880	30468	22016	63577	56980	134362	19622	19833	24960	26370	20859	37112	24622	42376	32403	35142	27344	48535	31266	33018	36249	66563	23440	40938	27273	32723	13293	18962	38194	17127	64249	54981	6706548	17532
59	6822228	6800538	6854040	6856932	6825120	30370	43901	64734	58306	28611	54736	88154	52272	31455	39922	33068	34486	28319	24860	58475	55002	44925	81220	39704	13317	45156	26129	33146	24353	66206	59741	135607	22119	22307	27346	28856	23313	39756	27038	44845	34992	37815	29888	50987	33695	35326	38739	69082	25727	43345	29613	35110	15612	21343	40613	19627	66826	57545	6828012	20188
60	6943692	6920556	6975504	6978396	6946584	32740	46468	67326	61033	31115	57384	90086	54816	34114	42633	35665	37207	30914	27483	61096	57672	47566	83295	42281	15362	47825	28563	35794	26637	68737	62433	136867	24701	24617	29540	31210	25774	42232	29326	47183	37510	40207	32358	53556	36076	37656	41026	71481	28123	45761	31974	37675	17741	23481	42991	22124	69337	60105	6948030	22809
61	7063710	7042020	7095522	7098414	7066602	35125	49104	69816	63710	33742	60055	91948	57244	36806	45224	38246	39947	33556	29876	63769	60327	50186	85301	44893	17403	50310	30737	38259	28813	71148	64990	138127	27111	26957	31776	33581	28092	44617	31775	49493	39920	42706	34710	55854	38359	39953	43284	73799	30329	48053	34110	39920	20061	25764	45335	24366	71699	62522	7069494	25236
62	7185174	7163484	7216986	7219878	7188066	37578	51647	72219	66334	36289	62705	93774	59753	39417	47847	40968	42706	36118	32410	66392	62969	52754	87309	47493	19550	52716	32892	40623	30901	73477	67388	139372	29252	29038	33803	35852	30369	46877	33985	51657	42191	44924	36855	58104	40463	42025	45386	76045	32383	50158	36177	42142	22137	27784	47432	26806	73953	64788	7190958	27525
63	7305192	7283502	7338450	7341342	7308084	39983	54184	74543	68860	38828	65317	95596	62148	42061	50454	43565	45384	38560	34938	68887	65597	55390	89218	50117	21483	54944	34913	42761	32856	75707	69670	140550	31443	31111	35713	37878	32420	49033	36002	53699	44345	46994	39039	60259	42510	43998	47392	78203	34434	52219	38130	44251	24119	29806	49479	28826	76085	66976	7310976	29494
64	7426656	7404966	7458468	7461360	7429548	42299	56682	76789	71266	41309	67817	97339	64521	44548	52971	46011	47995	41159	37405	71322	68087	57869	91118	52572	23520	57078	36821	44839	34879	77826	71817	141726	33490	32990	37690	39903	34408	51059	37964	55547	46399	49060	40957	62243	44416	45796	49272	80231	36310	54195	40142	46219	26109	31698	51444	30846	78112	69032	7432440	31537
65	7548120	7526430	7579932	7582824	7551012	44542	58961	78946	73591	43651	70171	99082	66748	47031	55299	48465	50472	43460	39716	73645	70490	60241	92966	54993	25556	59101	38743	46869	36620	79854	73899	142888	35418	34827	39516	41781	36343	52962	39879	57374	48319	50964	42979	64133	46286	47699	51207	82189	38095	56030	41861	48147	27732	33544	53220	32867	80036	71027	7552458	33578
66	7668138	7646448	7701396	7702842	7671030	46673	61194	81053	75844	45913	72450	100786	68871	49264	57636	50633	52831	45823	41900	75896	72758	62489	94792	57196	26982	61058	40417	48899	38389	81801	75871	144064	37300	36627	41109	43529	38179	54879	41608	59214	50207	52909	44864	66031	48038	49401	52911	84047	39901	57808	43606	50043	29757	35233	55055	34530	81926	72941	7673922	35617
67	7789602	7767912	7821414	7824306	7792494	48712	63348	83103	78062	48070	74634	102446	70958	51479	59817	52789	55093	47984	44019	78086	74960	64660	96526	59356	29060	62853	42172	50725	40132	83699	77802	145240	39091	38395	42932	45391	39930	56692	43411	60862	52027	54600	46585	67757	49816	51130	54678	85823	41579	59531	45327	51707	31454	36958	56751	36345	83699	74785	7795386	37600
68	7911066	7889376	7942878	7945770	7913958	50706	65427	85117	80194	50174	76742	104106	72930	53644	61913	54901	57256	50051	46085	80192	77066	66759	98269	61441	30456	64661	43810	52448	41751	85547	79700	146402	40752	40034	44497	47045	41607	58411	45048	62531	53785	56462	48370	69527	51405	52680	56205	87603	43239	61169	47028	53516	33126	38605	58433	38181	85451	76621	7916850	39272
69	8031084	8009394	8064342	8065788	8033976	52625	67411	87085	82228	52155	78744	105724	74856	55716	63941	56893	59344	52115	48062	82226	79108	68792	99971	63486	31987	66419	45481	54264	43404	87315	81503	147578	42494	41607	45913	48689	43362	60115	46761	64157	55446	58012	49968	71157	53104	54414	57906	89259	44791	62796	48545	55076	34597	40236	60035	39775	87107	78316	8036868	41078
70	8152548	8130858	8184360	8187252	8155440	54513	69363	88996	84253	54096	80759	107282	58215	57718	30706	51643	61396	54058	50044	39042	81109	70795	101631	54995	33756	31812	47043	55839	44903	89086	83303	148754	44166	43218	47554	50274	44909	61740	48370	65683	57131	59659	51594	72786	54638	55948	59451	90915	46381	64414	50053	56699	36295	41751	61597	32487	88695	80084	8158332	42758
71	8274012	8252322	8305824	8308716	8276904	56633	71550	90905	86245	56341	82834	108859	37777	60031	32862	29092	63731	56304	52188	41649	83184	73025	103291	32780	35318	33092	48602	57622	46534	90834	85069	149876	45821	44863	49175	51892	46540	63324	49968	67264	58733	61328	53327	74438	56240	57332	60990	92521	47957	65962	51637	58348	37861	43164	63214	19982	90374	81747	8278350	44514
72	8394030	8372340	8425842	8428734	8396922	58774	73809	92732	88191	58600	84859	110434	39964	62385	35121	31493	66169	58495	54508	43970	85195	75298	104931	35045	36702	34805	50149	59280	47933	92488	86773	150968	47420	46316	50584	53540	48154	64990	51594	68830	60326	62917	54817	75986	57760	58858	62457	94149	49485	67480	53213	59884	39258	44811	64723	21493	91960	83422	8399814	46155
73	8515494	8493804	8547306	8550198	8518386	60910	76000	94580	90123	60809	86851	111928	42085	64623	37355	33599	68431	60775	56700	46220	87185	77536	106527	37227	38142	36264	51650	60790	49462	94138	88398	152060	48963	47853	52075	55062	49635	66520	53054	70338	61912	64435	56414	77496	59309	60346	63957	95681	50969	68980	54630	61380	40913	46310	66200	22992	93478	84991	8521278	47870
74	8635512	8613822	8668770	8671662	8639850	62941	78082	96344	91984	62942	88795	113422	44055	66785	39513	35638	70649	62909	58804	48363	89117	79642	108104	39339	39530	37777	53109	62395	50946	95734	90077	153139	50418	49299	53523	56505	51193	68020	54551	71788	63428	65952	57857	79004	60784	61799	65427	97172	52329	70454	56084	62869	42453	47761	67621	24483	94996	86551	8641296	49316
75	8756976	8735286	8788788	8791680	8759868	59035	80136	98087	93810	65003	90681	114934	46031	68937	41556	37675	72828	65003	60871	50454	91021	38751	52896	41392	40921	39284	54566	63897	52347	97288	91654	154231	51993	50746	54894	57874	52624	69460	56007	34704	64900	31877	59334	80484	62191	29643	66822	57956	53768	71846	57464	64324	43797	49168	69061	25969	85570	88116	8762760	50845
76	8878440	8856750	8910252	8913144	8881332	31835	82222	99838	95630	67215	92539	116414	48096	71196	43742	39920	75108	67246	63068	52620	92847	40935	54853	43587	42607	40989	56022	65524	53786	98947	93326	155310	53560	52312	56267	59455	54208	71063	57461	36168	66495	33404	60910	82009	63635	30541	68403	48211	55319	73395	58952	65937	45376	50659	70620	27450	47289	89749	8884224	52601
77	8999904	8976768	9031716	9034608	9002796	33919	84271	101498	97373	69413	94365	117825	50199	73468	45910	42191	77349	69473	65221	54850	94695	43151	57171	45763	44227	42526	57476	67105	55336	100557	94998	156402	55155	53790	57750	61096	55747	72639	59089	37629	68056	34924	62446	83559	65139	32003	69868	49940	56828	74899	60437	67486	46767	52068	72156	28853	48838	91318	9004242	54185
78	9119922	9098232	9151734	9154626	9122814	35823	86263	103158	99116	71540	96139	119253	52219	75645	48024	44345	79485	71627	67333	57024	96454	45259	59332	47883	45700	44102	58998	68737	56808	102117	96554	157494	56596	55192	59230	62626	57244	74151	60570	39036	69586	36435	64010	85075	66603	33400	71347	51486	58298	76357	61855	68926	48247	53478	73640	30465	50296	92836	9125706	55688
79	9241386	9219696	9273198	9276090	9244278	37740	88185	104824	100818	73576	97882	120664	54195	77766	50089	46399	81571	73660	69377	59049	98197	47315	61384	49955	47081	45626	60448	70278	58279	103657	98087	158573	58108	56704	60639	64089	58738	75601	62050	40495	71069	37887	65447	86539	68041	34741	72773	52949	59698	77828	63307	70373	49810	54888	75081	31996	51714	94332	9247170	57223
80	9361404	9339714	9394662	9397554	9364296	39617	90094	106401	102478	75560	99623	122075	56030	79768	52072	48319	83621	75641	71302	61041	99903	49283	63432	51901	48467	47141	61865	71757	59679	105146	99618	159665	59648	58143	61985	65493	60229	77059	63466	41904	72505	39337	66873	87967	69451	36146	74145	54373	61094	79206	64685	71765	51239	56261	76485	33393	53171	95793	9367188	58752
81	9482868	9461178	9514680	9517572	9485760	41456	91934	107959	104118	77476	101263	123458	57880	81694	54056	50207	85590	77580	73178	63002	101543	51217	65352	53817	49815	48612	63218	73169	61007	106571	101058	160757	61079	59508	63305	66857	61620	78452	64842	43216	73933	40734	68302	89370	70823	37498	75514	55797	62459	80603	66008	73177	52630	57636	77847	34734	54589	97200	9488652	60209
82	9604332	9582642	9636144	9639036	9607224	43169	93738	109536	105698	79296	102903	124770	59601	83594	55895	52107	87494	79426	75014	64869	103203	53077	67181	55699	51084	49994	64567	74625	62342	107996	102498	161760	62478	60875	64587	68257	63006	79856	66222	44493	75337	42134	69682	90750	72184	38856	76837	57185	63831	81903	67372	74549	53948	58979	79173	36139	55970	98607	9608670	61633
83	9724350	9702660	9757608	9759054	9727242	44908	95520	111039	107275	81115	104563	126098	61339	85420	57640	53899	89357	81240	76823	66651	104829	54839	68990	57449	52323	51379	65863	76004	63653	109383	103918	162768	63849	62181	65944	69637	64361	81203	67582	45774	76687	43441	71017	92077	73444	40064	78160	58540	65143	83228	68695	75931	55272	60361	80496	37491	57281	99973	9730134	63019
84	9845814	9824124	9877626	9880518	9848706	46539	97221	112515	108814	82815	106121	127394	63027	87170	59438	55557	91141	82965	78484	68417	106387	56582	70783	59217	53532	52767	67165	77435	64933	52374	105375	163776	65257	63497	67308	71003	65725	82578	68932	21786	37597	44847	72399	93441	74784	18531	79460	59935	66452	84589	32599	77308	56566	61715	37596	38849	58669	48908	61489	64470
85	9967278	9945588	9999090	10001982	9970170	27857	98901	114009	51542	40077	51373	61150	30366	42277	61147	26504	92879	84720	80252	31812	107964	58339	72537	60932	55055	32276	41492	37596	30366	54192	106952	164772	30366	41494	31812	46017	31223	56272	33506	23086	17352	20967	34704	58920	50557	20045	43469	28271	67955	40590	34093	36150	26267	42625	39056	40366	27474	50733	62843	65955
86	10087296	10065606	10120554	10122000	10090188	23709	100613	115503	1446	42486	53771	64390	32481	44798	63625	28834	94727	86712	82334	1446	109541	60794	74855	63423	57327	27436	34697	39948	1446	56653	108529	165780	33407	31677	33652	36227	33593	41996	35841	25486	19612	23051	37018	47550	38160	22310	40169	30805	70218	42922	36333	39004	28544	31545	41325	42903	30329	53041	65291	68464
87	10208760	10187070	10240572	10243464	10211652	26052	102273	116951	5784	45086	56357	67024	34944	47446	66252	31387	96485	88662	84379	8676	111080	63421	77096	65994	59553	29832	36900	42462	8676	59178	110103	166776	35806	33833	35861	38502	35980	44299	38194	27604	21921	25455	39407	50007	40377	24279	42376	33018	72467	45178	38603	41276	30786	33772	43571	45205	32703	55476	67823	70884
88	10330224	10308534	10362036	10364928	10333116	28420	103933	118379	21690	47718	58965	69528	37355	50114	68781	34113	98228	90571	86371	17532	112574	66024	79293	68531	61663	32113	39030	44741	16926	61473	111615	167784	37944	36031	37887	40598	38216	46534	40358	29708	24095	27574	41505	52192	42477	26256	44429	35385	74595	47370	40642	43476	32999	35915	45702	47527	34854	57772	70206	73194
89	10450242	10428552	10482054	10484946	10453134	30740	105560	119790	26849	50085	61470	71912	39721	52686	71190	36465	99972	92412	88335	19875	114068	68470	81412	70948	63667	34240	40999	46995	18685	63676	113109	168792	40122	38048	39860	42689	40277	48621	42409	31672	26165	29680	43600	54284	44525	28316	46434	37491	76596	49336	42633	45568	35014	37828	47738	49653	36989	59911	72456	75380
90	10571706	10550016	10603518	10606410	10574598	32894	107137	121201	29221	52386	63769	74215	41806	55028	73490	38833	101632	94260	90244	22160	115580	70773	83487	73256	65487	36299	42970	49103	20394	65775	114603	169788	42136	39960	41740	44724	42332	50700	44413	33581	28230	31579	45639	56265	46436	30301	48438	39485	78526	51268	44440	47524	36973	39700	49565	51690	39008	61938	74640	77459
91	10691724	10670034	10724982	10727874	10696062	34974	108714	122629	31547	54622	66020	76446	43836	57301	75693	40912	103292	96039	92099	24139	117024	72975	85461	75467	67316	38300	44902	51086	22160	67749	116115	170796	44151	41934	43537	46715	44198	52659	46283	35210	30152	33556	47636	58143	48311	31839	50197	41329	80398	53127	46310	49440	38727	41586	51526	53654	40876	63870	76694	79435
92	10813188	10791498	10845000	10847892	10816080	36935	110297	123979	33588	56700	68167	78615	45865	59458	77838	42985	104951	97782	93925	26128	118435	75088	87417	77569	69121	40305	46534	52988	24053	69699	117529	171804	46078	43676	45215	48497	46078	54470	48080	37103	31893	35363	49466	59923	50035	33740	51977	43287	82149	54926	48105	51247	40657	43294	53261	55541	42613	65714	78646	81373
93	10934652	10912962	10966464	10969356	10937544	38745	111791	125307	35627	58734	70191	80735	47809	61540	79866	45053	106528	99546	95698	28196	119863	77113	89326	79597	70794	42162	48363	54867	25482	71584	118940	172800	47883	45442	46921	50171	47840	56261	49897	38691	33606	37136	51152	61785	51819	35243	53699	45067	83913	56664	49756	53028	42305	45028	55019	57404	44515	67570	80565	83223
94	11054670	11032980	11087928	11090820	11059008	40623	113285	126651	37665	60633	72133	82760	49592	63484	81838	47118	108105	101188	97420	30190	121274	79076	91199	81529	72464	43800	49962	56681	27144	73310	120368	173808	49539	47094	48612	51992	49581	58032	51524	40470	35469	38881	52975	63401	53508	37078	55325	46691	85545	58314	51388	54716	44125	46610	56645	59068	46156	69310	82365	84968
95	11176134	11154444	11207946	11210838	11179026	42468	114797	127979	39441	62507	74037	84740	51432	65403	83734	48969	109701	102828	99163	32190	122685	80978	93003	83454	74088	45696	51628	58365	28924	75087	121779	174769	51341	48736	50035	53638	51261	59679	53181	41978	37014	40499	54550	65161	55105	38504	56834	48473	87152	59885	53010	56427	45602	48265	58260	60856	47914	71005	84144	86720
96	11297598	11275908	11329410	11332302	11300490	44094	116284	129307	41138	64421	75923	86660	53209	67325	85582	50752	111214	104488	100823	33825	124048	82803	94829	85262	75567	47254	53205	60105	30328	76761	123179	175682	52964	50278	51619	55118	52847	61347	54865	43481	38659	42104	56265	66748	56656	39931	58479	50149	88716	61517	54508	57942	47338	49827	59867	62459	49443	72611	85848	88416
97	11417616	11395926	11450874	11453766	11420508	45888	117695	130651	43152	66093	77670	88497	54892	69099	87349	52590	112708	106049	102483	35617	125376	84589	96561	87038	77106	48889	54736	61697	31930	78373	124523	176606	54463	51816	53157	56776	54463	62936	56387	45069	40338	43698	57892	68241	58201	41458	60046	51530	90280	63002	56039	59556	48885	51296	61329	64023	51050	74235	87558	90003
98	11539080	11517390	11570892	11573784	11541972	47529	119106	131898	44800	67937	79438	90291	56524	70859	89097	54289	114184	107607	104123	37324	126704	86341	98304	88767	78575	50551	56150	63281	33330	79959	125851	177530	56069	53388	54651	58353	55921	64453	57867	46561	41801	45233	59368	69769	59706	42979	61541	53109	91760	64517	57456	61024	50424	52725	62885	65584	52602	75790	89145	91561
99	11660544	11638854	11692356	11695248	11663436	49067	120517	133158	46568	69527	81101	92034	58178	72582	90776	56011	115678	109184	105703	39060	128032	88007	100005	90469	80031	52002	57600	64884	34673	81527	127163	178443	57629	54838	56030	59821	57485	65907	59343	48002	43308	46674	60807	71277	61067	44402	62927	54718	93190	65969	58874	62523	51798	54192	64308	67165	54110	77302	90732	93101
100	11780562	11758872	11813820	11815266	11783454	50725	121911	134403	48095	71215	82801	93750	59718	74262	92432	57573	117099	110706	107280	40620	129360	89686	101645	92117	81446	53530	59049	66387	36138	83027	128491	179367	59112	56249	57412	61215	58867	67426	60783	49403	44857	48113	62280	72762	62499	45822	64349	56170	94620	67395	60293	63989	53175	55583	65736	68645	55578	78738	92258	94641
101	11902026	11880336	11933838	11936730	11904918	52252	123303	135633	49870	72814	84371	95405	61249	75843	94060	59268	118510	112200	108838	42318	130672	91280	103285	93679	82821	54939	60429	67862	37490	84492	129803	180280	60558	57661	58796	62610	60320	68867	62224	50766	46220	49511	63721	74190	63870	47157	65714	57584	95984	68747	61649	65396	54555	56977	67100	70073	56972	80194	93754	96109
102	12023490	12000354	12055302	12058194	12026382	53732	124615	136878	51418	74354	85955	97022	62775	77515	95617	60846	119904	113676	110396	43809	131918	92842	104888	95274	84150	56422	61781	69272	38742	85932	131103	181204	61939	59003	60115	64009	61708	70258	63635	52132	47589	50912	65129	75585	65278	48499	67047	58998	97328	70142	63035	66760	55937	58303	68462	71465	58368	81603	95241	97558
103	12143508	12121818	12175320	12178212	12146400	55136	125943	138123	52883	75905	87545	98618	64297	79075	97171	62318	121315	115170	111890	45250	133163	94404	106427	96828	85446	57793	63134	70679	40108	87362	132333	182128	63325	60351	61373	65384	63094	71650	64947	53462	48958	52275	66500	76935	66613	49720	68380	60380	98651	71418	64389	68133	57321	59563	69780	72859	59733	83003	96669	98965
104	12263526	12241836	12295338	12298230	12266418	56578	127255	139368	54422	77444	89040	100164	65787	80552	98683	63822	122709	116637	113366	46822	134408	95903	107947	98340	86766	59167	64421	72071	41478	88742	133578	183041	64703	61672	62598	66748	64415	72954	66231	54644	50331	53640	67791	78228	67960	50993	69700	61700	99995	72702	65690	69453	58708	60895	71056	74231	61060	84349	98076	100334
105	12383544	12360408	12415356	12418248	12386436	58018	128567	140518	55955	78900	90535	101664	67182	82002	100146	65326	124038	118014	114824	48257	135638	97373	109448	99819	42130	28344	41658	35002	42758	90191	62677	28920	66087	32519	63870	32394	65808	74326	40790	26028	51708	55008	37582	37761	69280	24033	70918	63086	69022	42824	66992	70825	60098	62266	72409	75597	33258	85765	48105	101754
106	12503562	12481872	12535374	12538266	12506454	59595	62710	61987	57627	38144	92070	103224	68691	83676	49160	66939	60111	57297	55893	50025	62211	98927	53442	101299	43864	13433	32653	37018	20460	92027	64426	63373	67991	31148	30975	34264	67661	36180	33528	27505	25333	26816	34337	18404	71063	26030	34886	64887	48578	36282	68747	34706	61922	64060	74229	77486	13796	87662	50208	103414
107	12625026	12603336	12656838	12659730	12627918	61470	64746	64013	59705	40156	93918	104887	70581	85644	51060	68936	62198	59384	57494	51969	64166	100618	55413	102979	45848	15325	34568	39142	22313	93875	66625	65419	70049	33151	32799	36264	69730	38187	35513	29405	27309	28834	36390	20343	73003	27733	36907	66948	50577	38339	70664	36683	63918	65992	76216	79566	15644	89594	52347	105048
108	12745044	12723354	12778302	12781194	12749382	63417	66811	66070	61773	42217	95713	106464	72510	87615	53119	70992	64250	61435	59471	53995	66218	102298	57495	104635	47706	17249	36381	41105	24109	95672	68662	67372	72021	35038	34525	38052	71760	40093	37447	31255	29221	30718	38387	22204	74926	29407	38664	68915	52425	40136	72562	38556	65792	67869	78108	81524	17535	91478	54432	106644
109	12866508	12844818	12898320	12901212	12869400	65369	68752	68065	63774	44229	97456	108041	74414	89524	55106	72991	66331	63416	61451	55984	68178	103958	59507	106212	49408	19088	38270	43072	25859	97415	70611	69175	73928	36828	36340	39912	73592	42060	39178	32936	31150	32556	40182	24095	76735	31389	40394	70856	54166	41904	74298	40445	67706	69639	79902	83474	19238	93282	56446	108221
110	12987972	12966282	13019784	13022676	12990864	67198	70611	69976	65683	46017	99220	109637	76287	91411	57196	74915	68378	65304	63495	57907	70085	105565	61486	107808	51176	20763	39914	44953	27496	99158	72511	70991	75818	38534	37905	41790	75386	43749	41040	34776	32901	34296	41898	25683	78426	32812	42199	72635	56002	43647	76067	42199	69476	71352	81647	85281	20803	95084	58279	109798
111	13107990	13086300	13141248	13142694	13112328	68947	72483	71890	67570	47910	100897	111153	78020	93215	59076	76859	70307	67166	65287	59732	71970	107161	63464	109385	52842	22774	41642	46714	29184	100818	74387	72766	77569	40220	39617	43345	77141	45557	42721	36294	34623	36123	43688	27483	80116	34597	43789	74371	57564	45275	77678	43930	71166	73058	83322	87057	22627	96806	60089	111324
112	13229454	13207764	13261266	13264158	13232346	70713	74275	73774	69460	49733	102557	112647	79814	95041	60761	78623	72133	69066	66994	61666	73851	108738	65320	110914	54420	24280	43203	48496	30711	102478	76126	74474	79285	41934	41256	45077	78817	47206	44384	37915	36319	37695	45316	29029	81803	36238	45368	76083	59259	46890	79290	45550	72795	74682	84919	88739	24141	98507	61946	112818
113	13350918	13329228	13382730	13385622	13353810	72413	76045	75562	71266	51446	104197	114159	81438	96764	62730	80417	73953	70770	68839	63414	75582	110301	67057	112426	55990	26018	44849	50130	32165	104118	77865	76075	80929	43390	42689	46745	80454	48843	45896	39573	37940	39310	46974	30563	83328	37586	46979	77746	60871	48539	80884	47155	74475	76194	86527	90418	25889	100158	63621	114312
114	13470936	13449246	13504194	13507086	13473828	74037	77735	77317	73003	53183	105792	115653	83163	98486	64286	82143	75761	72524	70463	65206	77391	111795	68870	113920	57481	27496	46348	51792	33802	105698	79529	77712	82554	45028	44118	48182	82054	50424	47493	40963	39441	40912	48621	32218	84877	39099	48497	79306	62309	50007	82409	48752	76022	77723	88093	92024	27450	101738	65317	115806
115	13592400	13570710	13624212	13627104	13595292	75707	79399	79012	74737	54867	107350	117093	84742	100198	66117	83883	77488	74176	72172	66792	79031	113271	70493	115414	59003	29042	47883	53404	35303	107275	81139	79272	84134	46478	45595	49747	83604	51998	49075	42403	41088	42452	50126	33606	86365	40607	49925	80874	63749	51472	83851	50212	77479	79231	89565	93564	28853	103298	66899	117220
116	13713864	13690728	13745676	13748568	13716756	77300	81014	80692	76357	56537	108927	118521	86278	101838	67600	85467	79178	75895	73880	68494	80710	114765	72229	116850	60385	30575	49287	54968	36687	108833	82714	80767	85646	48007	47067	51299	85094	53487	50527	43843	42573	43937	51548	35115	87846	42061	51392	82424	65221	52936	85291	51672	78961	80702	91054	95102	30191	104843	68477	118631
117	13833882	13812192	13865694	13868586	13836774	78788	82614	82317	78036	58085	110463	119932	87855	103478	69250	87123	80901	77461	75340	70072	82335	116254	73853	118261	61804	32230	50734	56450	38019	110355	84263	82242	87110	49408	48454	52806	86558	54935	51979	45237	44101	45375	52971	36506	89272	43514	52780	83889	66651	54398	86707	53131	80443	82102	92462	96551	31736	106306	70084	120025
118	13955346	13933656	13987158	13990050	13958238	80322	84167	83930	79648	59625	111957	121343	89373	105071	70918	88687	82451	79021	76933	71667	83900	117648	75395	119672	63190	33617	52101	57928	39410	111813	85751	83714	88560	50811	49760	54233	87985	56418	53391	46590	45490	46766	54394	37900	90675	44870	54170	85305	68027	55784	88082	54550	81843	83502	93848	98000	33144	107769	71621	121436
119	14076810	14053674	14108622	14111514	14079702	81801	85679	85466	81178	61125	113433	122737	90891	106610	72415	90228	84035	80600	78460	73222	85436	119059	76988	121066	64540	35008	53471	59368	40753	113271	87235	85106	89963	52176	51072	55586	89388	57825	54765	47945	46832	48160	55817	39297	92028	46188	55488	86721	69377	57136	89393	55932	83243	84828	95226	99449	34494	109213	73122	122830
120	14196828	14175138	14228640	14231532	14199720	83276	87189	87002	82703	62687	114927	124081	92344	108149	73843	91732	85595	82125	79994	74759	86972	120453	78539	122477	65868	36402	54843	60773	42152	114711	88684	86522	91369	53544	52312	56980	90768	59163	56104	49305	48224	49515	57168	40644	93348	47427	56812	88095	70722	58423	90750	57316	84579	86148	96528	100815	35850	110625	74550	124168
121	14318292	14296602	14350104	14352996	14321184	84707	88638	88479	84205	64180	116407	125393	93752	109650	75304	93206	87154	83625	81486	76244	88451	121864	80073	123820	67108	37799	56143	62148	43459	116151	90133	87904	92711	54876	53676	58236	92095	60472	57448	50629	49578	50875	58489	41998	94646	48718	58143	89429	72027	59718	92033	58598	85875	87408	97830	102155	37157	111993	75959	125496
122	14439756	14416620	14471568	14474460	14442648	86123	90064	89974	85717	65643	117801	126721	95155	111111	76816	94702	88626	85042	82911	77693	89946	123259	81487	125148	68319	39198	57341	63497	44542	117512	91553	89261	94075	56101	54968	52309	93437	61790	58761	51958	50895	52238	59851	43308	95882	50097	59333	90786	73346	60977	93265	59889	87192	88673	99111	103495	38365	113343	77390	126808
123	14559774	14538084	14591586	14594478	14562666	87545	91531	91489	87225	67100	119212	61523	96541	54415	37097	96167	90121	86530	84309	79149	91440	124587	82987	126476	69639	18531	58657	64873	45867	118872	92983	90664	95442	57373	56265	28490	94779	63143	27060	53175	23136	53565	28271	44581	97184	51479	60569	44197	74634	62313	94563	61249	41934	89984	100373	49290	39745	114729	78822	128152
124	14681238	14659548	14713050	14715942	14684130	89017	93093	93051	88789	68642	120640	63206	98032	55875	38739	97742	91762	88073	85869	80723	92980	125915	84597	127804	71033	19941	60048	66407	47245	120300	94523	92127	96891	58793	57640	29915	96240	64590	28482	54593	25300	55011	29635	46040	98591	52903	61983	45672	76040	63721	95950	62643	43342	91411	101773	50696	41179	116203	80382	129480
125	14801256	14779566	14834514	14837406	14804148	90512	94655	94635	90376	70186	122051	64939	99565	57261	40157	99296	93368	89683	87440	82323	94564	127243	86205	129148	72414	21355	61442	67851	48628	121711	95996	93557	98340	60215	58983	31340	97647	66009	29907	55937	26584	56418	31006	47458	99978	54290	63336	47054	77417	65129	97315	64041	44706	92753	103153	52104	42613	117597	81884	130801
126	14922720	14901030	14954532	14957424	14925612	91960	96164	96187	91940	71752	123435	66347	101006	58789	41676	100809	94952	91233	88958	83888	96098	128587	87739	130476	73758	22863	62797	69261	50009	123115	97424	94965	99759	61573	60297	32703	99054	67435	31199	57285	27957	57789	32319	48832	101338	55605	64681	48484	78718	66469	98659	65446	46073	94117	104513	53513	43998	118974	83359	132061
127	15044184	15021048	15075996	15078888	15047076	93390	97634	97699	93480	73221	124779	67823	102446	60415	43188	102309	96448	92707	90476	85352	97610	129915	89234	131734	75087	24279	64095	70639	51274	124427	98831	96313	101119	62860	61554	34009	100399	68786	32567	58638	29265	59163	33703	50126	102698	56854	65973	49790	80070	67761	100003	66779	47402	95462	105826	54884	45297	120351	84763	133306
128	15164202	15141066	15196014	15198906	15167094	94842	99083	99211	94976	74704	126107	69413	103886	61965	44696	103809	97960	94181	91925	86816	99122	131208	90729	132994	76410	10122	65436	72089	52625	60218	100267	97699	48650	64188	62841	24916	73827	33258	14460	59962	19784	60540	14460	26732	48650	58149	31812	51180	41719	50094	48782	68181	22598	96764	70604	56257	46647	121728	53823	134566
129	15282774	15261084	15316032	15318924	15285666	96217	100507	100668	96407	76135	127435	70960	105268	63480	46153	105252	99472	95628	93311	88255	100544	132468	92167	134254	78035	12468	67203	73938	54285	62339	101927	99421	50737	65992	64553	17292	50327	34962	15973	61625	14390	62318	16375	25382	51315	59895	33466	52924	39909	33788	50282	69914	24286	98360	52410	57884	48559	123131	42838	135826
130	15402792	15381102	15436050	15438942	15407130	97582	101907	102088	97835	77562	128763	72456	106636	64856	47567	106658	100917	97035	94741	89681	101964	133713	93619	135499	79829	14345	68891	75774	56007	64130	103607	101088	52577	67689	66097	18907	52382	36756	17827	63308	15909	64078	17839	27126	53016	61425	35160	54766	41637	35525	52140	71683	26024	100078	54417	59710	50272	124459	44683	137071
131	15524256	15502566	15556068	15558960	15527148	98947	103307	103528	99263	78966	130091	73940	107985	66236	48978	108064	102357	98442	96120	91121	103404	134958	95070	136744	81402	16000	70600	77578	57605	66059	105231	102748	54314	69459	67821	20496	53896	38464	19398	65038	17535	65885	19622	28836	54628	63243	36720	56475	43295	37180	53740	73378	27652	101718	55839	61546	52090	125803	46544	138331
132	15644274	15621138	15676086	15678978	15647166	100277	104680	104947	100658	80344	131358	75344	109334	67626	50351	109470	103797	99856	97485	92485	104792	136203	96456	137989	83002	17616	72220	79320	59369	67694	106808	104388	56035	71033	69471	22066	55776	40152	21048	66567	19129	67496	21156	30516	56267	64719	38430	58201	44845	38818	55217	75099	29260	103318	57550	63163	53692	127131	48330	139578
133	15764292	15741156	109372	15798996	15767184	101577	106010	106296	102038	81672	132603	76748	110632	69006	51687	110833	105184	101196	98850	93849	106141	137448	97821	139234	84588	19312	73788	81038	60842	69434	108404	105954	57632	72610	70958	23616	57236	41771	22760	68156	20803	69146	22769	31979	57858	66165	39912	59809	46434	40336	56872	76638	30783	104881	59245	64834	55282	128459	50012	140740
134	62677	62934	63106	15919014	15887202	103017	107454	51693	49374	39201	61954	78126	53130	32599	53223	54453	51020	49584	47933	95353	51453	138708	99312	140407	86124	21069	75305	82663	62380	71009	109962	107531	59220	74178	72370	25236	58765	43327	24181	69686	22162	70760	24276	33562	59300	67737	41340	61339	47922	41898	58481	78202	32361	106382	60688	66493	56936	129803	51637	141916
135	64554	64995	65322	16040478	16008666	104690	109031	53733	51384	41311	64013	80258	55154	34757	55280	56171	53158	51664	49921	97096	53541	139916	101005	141583	87569	22504	76817	84214	63818	72587	111461	109089	60833	75681	73798	26524	60357	44875	25602	71108	23706	72319	25692	35133	60809	69207	42817	62928	49367	43306	59945	79684	33866	107845	62065	68024	58298	131103	53330	143078
136	66873	67269	67792	16161942	16130130	106267	110597	55839	53744	43510	66287	82340	57279	37180	57474	58439	55550	53782	52188	98839	55728	141092	102665	142759	88972	23938	78271	85750	65226	74183	112937	110616	62338	77166	75234	27974	61942	46328	27025	72571	25237	73747	27111	36523	62282	70616	44196	64446	50812	44718	61339	81188	35306	109289	63449	69434	59802	132348	54858	144254
137	69172	69585	70176	16281960	16250148	107844	112091	58054	55850	45645	68455	84384	59332	39348	59661	60619	57844	55924	54318	100554	57874	142268	104325	143921	90375	25374	79675	87257	66594	75740	114431	112092	63810	78581	76584	29423	63394	47779	28450	73971	26525	75158	28459	37861	63691	72008	45581	65869	52217	46085	62730	82638	36746	110679	64857	70922	61298	133608	56417	145430
138	71423	71793	72511	16403424	16371612	100159	113585	60212	57956	47728	33382	86400	61384	41399	61764	29770	60013	58064	56335	102214	59974	143430	105933	145097	91741	26887	81079	88706	68002	77252	115925	113550	65218	79985	77942	30804	64834	49185	29876	75347	27901	76589	29815	17591	37031	47496	46921	67295	53584	47458	64094	84046	38130	112011	66237	72363	62723	134868	58004	146592
139	73743	74072	74830	16524888	16493076	53789	115097	62494	60255	49930	35609	88340	63464	43498	64021	31861	62235	60323	58524	103874	62230	144606	107510	146273	93127	28393	82504	90201	69382	78742	117350	115044	66648	81377	79320	32190	66214	50594	31368	76751	29495	78077	31377	19072	31573	35822	48311	68740	54991	48832	65466	85486	39518	113397	67657	73847	64215	136113	59547	147768
140	75991	76308	77071	16644906	16613094	55857	116568	64761	62470	52117	37812	90249	65538	45770	66233	34065	64542	62536	60667	105504	64441	145768	109087	147435	94513	29891	83894	91706	70756	80250	118761	116501	68084	82777	80663	33578	67604	52004	32730	78129	30872	79507	32801	20343	32925	37130	49663	70164	56361	50208	66830	86902	40858	114783	69037	75281	65646	137373	61049	148944
141	78125	78456	79217	16766370	16734558	57927	117979	66888	64642	54174	39892	92126	67580	47933	68313	36135	66737	64642	62738	107081	66547	146944	110650	148611	95819	31316	85214	93114	72147	81707	120155	117878	69494	84156	82038	34971	68984	53415	34096	79455	32191	80893	34165	21730	34224	38447	51019	71585	57662	51548	68170	88269	42253	116133	70452	76685	67010	138633	62482	150053
142	80205	80532	81339	16887834	16856022	59854	119407	68947	66710	56195	41919	93930	69530	50003	70361	38145	68830	66648	64741	108658	68587	148120	112144	149756	97121	32680	86534	94522	73463	83132	121549	119238	70864	85476	83413	36252	70371	54751	35469	80793	33579	82243	35477	23033	35533	39720	52338	72919	58969	52932	69430	89603	43606	117427	71844	78066	68375	139846	63917	151145
143	82214	82532	83389	17007852	16976040	61685	120818	70974	68714	58147	43849	95724	71334	51988	72353	40105	70889	68624	66713	110244	70568	149282	113638	150835	98423	34048	87824	95911	74776	84497	122960	120598	72251	57769	84670	37600	71763	56091	36620	82068	34913	83568	36684	24181	36795	33307	48071	54526	60250	54242	70657	65161	44913	118702	44382	79418	69695	119246	62178	82422
144	84167	84473	85391	17129316	17097504	63464	122229	72861	70661	60063	45743	97425	73153	53862	74257	42071	72807	70516	68537	111738	72525	150379	115150	151927	99898	35598	89319	47069	76261	86129	124291	121992	73819	41959	86134	39166	73147	26816	16802	83568	36310	85131	17486	25683	38286	19560	26115	36465	61772	55706	72163	44558	21458	58056	35880	81007	71233	62218	32140	62908
145	86111	86417	87373	17250780	17217522	65320	59426	35486	72587	27474	21165	99168	34764	55854	36150	43854	74791	34646	33320	70397	34704	93081	116618	97357	63197	37526	43948	48880	36150	87965	125635	123396	35427	43700	47602	40773	35238	12100	18460	44634	17123	41811	18974	27559	40033	21493	11568	38187	38689	26582	37374	46288	23141	59908	15906	82732	72943	64045	34084	64778
146	88086	88356	89282	17370798	17338986	67670	61608	38133	74903	30737	23499	100868	37242	58489	38700	46423	77032	37243	35841	56097	37298	63241	118029	63850	50282	39881	46108	51354	39004	89874	126963	124724	37805	45960	43958	43094	37519	14322	20598	42633	19409	44170	21450	29736	42199	23529	13724	40555	31545	28762	36738	48599	25373	62067	18753	84785	75246	66411	36495	67214
147	89995	90288	91201	17492262	17460450	70116	64190	40810	77171	33331	26181	102528	39616	61177	41290	49104	79232	39877	38464	58754	39928	65853	119457	66439	52339	42301	48212	53715	41076	91746	128291	126052	40093	48072	45983	45342	39720	16239	22900	44718	21450	46410	23402	31828	44306	25565	15582	42745	33648	30786	38824	50802	27498	64187	20759	86777	77460	68665	39021	69532
148	91861	92142	93027	17612280	17580468	72481	66706	43417	79340	35792	28684	104188	42051	63781	43820	51727	81353	42346	40817	61333	42541	68365	120868	68962	54424	44357	50228	55859	43044	93594	129635	127396	42207	50135	47964	47438	41805	18410	24820	46666	23491	48545	25449	33913	46360	27526	17478	44869	35625	32747	40750	52872	29470	66146	22678	88701	79540	70788	41142	71713
149	93709	93968	94853	17733744	17701932	74774	69100	45872	81457	38203	31048	105802	44305	66310	46346	54108	83428	44862	43375	63832	44999	70788	122279	71365	56179	46409	52207	57965	44972	95403	130946	128724	44266	52117	49909	49358	43788	20142	26680	48621	25449	50545	27493	35817	48282	29140	19078	46854	37553	34716	42784	54792	31447	68049	24448	90610	81549	72822	43299	73799
150	95513	95781	96626	17855208	17823396	76988	71411	48289	83557	40519	33432	107379	46494	68657	48612	56538	85453	47155	45608	66174	47374	73130	123666	73687	57952	48501	54108	59992	46820	97146	132191	130052	46232	53984	51616	51289	45729	22115	28562	50495	27417	52355	29324	37680	50089	31006	20754	48801	39386	36465	44539	56682	33308	69844	26254	92428	83499	74779	45355	75748
151	97256	97524	98369	17975226	17943414	79085	73591	50547	85529	42759	35655	108956	48625	70954	50855	58716	87432	49424	47779	68406	49550	75373	124994	75910	59775	50421	55798	61885	48513	98889	133451	131352	48031	55714	53388	53147	47593	23751	30464	52148	29324	54288	31045	39456	51872	32703	22673	50629	41086	38187	46269	58506	34950	71671	28018	94232	85281	76615	47319	77657
152	99020	99267	100087	18096690	18064878	81137	75709	52707	87482	44883	37690	110526	50663	73150	53040	60854	89341	51632	49897	70567	51752	77530	126322	78047	61373	52156	57618	63722	50269	100562	134711	132597	49809	57500	54990	54831	49298	25526	31995	53938	30911	56084	32865	41301	53599	34374	24100	52395	42862	39937	47937	60242	36856	73282	29676	96012	87105	78414	49119	79503
153	100707	100962	101767	18218154	18186342	83087	77776	54859	89391	46955	39776	112020	52546	75284	55105	62952	91214	53714	51924	72664	53828	79584	127666	80127	63060	54021	59206	65540	51847	102202	135956	133857	51598	59127	56689	56611	51072	27107	33825	55521	32739	57788	34408	42876	55192	35850	25688	54137	44428	41564	49592	61962	38398	74952	31246	97713	88785	80156	50898	81264
154	102367	102622	103427	18338172	18306360	84981	79752	56853	91262	48897	41809	113514	54512	77309	57124	65013	93018	55710	53877	74707	55858	81567	128994	82114	64702	55676	60820	67214	53457	103842	137216	135117	53253	60743	58198	58157	52663	28818	35266	57096	34227	59407	36286	44535	56740	37546	27488	55789	45938	43129	51072	63605	40088	76599	32865	99414	90464	81842	52691	82964
155	104027	104282	105060	18459636	18427824	86853	81653	58848	93088	50805	43792	115026	56413	79290	59041	66946	94844	57568	55832	76651	57820	83542	130322	84071	66179	57427	62391	68902	55058	105455	138476	136362	54821	62350	59703	59767	54246	30432	36820	58664	35942	61015	37797	46175	58353	39114	28818	57393	47577	44639	52585	65173	41609	78087	34408	101022	92046	83417	54349	84623
156	105611	105854	106637	18581100	18547842	88636	83528	60778	94892	52680	45688	116501	58108	81234	60931	68823	96575	59473	57723	78527	59718	85418	131605	85943	67630	58951	63893	70495	56501	107013	139700	137622	56492	63853	61099	61365	55895	31833	38526	60191	37522	62614	39197	47632	59889	40519	30157	58953	49114	46232	54132	66729	43124	79595	35826	102602	93608	85010	55995	86231
157	107188	107431	108195	18701118	18669306	90407	85333	62615	96642	54528	47378	117912	59957	83084	62829	70651	98318	61385	59448	80399	61554	87237	132850	87787	69100	60538	65365	72061	57942	108571	140876	138882	58041	65325	62563	62887	57424	33486	39952	61649	38932	64013	40701	49210	61385	41927	31703	60506	50524	47687	55636	68223	44589	81052	37301	104142	95144	86570	57629	87787
158	108746	108989	109772	18822582	18790770	92101	87109	64430	98364	56244	49301	119323	61587	84883	64574	72493	100018	63105	61259	82175	63369	89031	134110	89558	70512	62118	66791	73603	59346	110125	142052	140079	59478	66783	63996	64310	58843	34883	41328	63068	40395	65574	42298	50741	62841	43287	33175	61955	51976	49137	57100	69693	46093	82477	38665	105645	96614	88065	59147	89305
159	110309	110539	111281	18942600	18912234	93751	88789	66226	100062	58016	50953	120717	63303	86659	66365	74173	101678	64841	62950	83938	65129	90779	135370	91311	71904	63660	68193	75100	60752	111583	143214	141255	60880	68215	65372	65738	60263	36281	42710	64453	41807	67062	43790	52108	64201	44653	34583	63438	53349	50506	58458	71173	47466	83892	40086	107089	98063	89514	60660	90800
160	111785	112015	112757	19064064	19032252	95406	90514	67946	101722	59628	52743	122128	64905	88381	68020	75946	103318	66562	64691	85618	66810	92457	136615	92983	73255	65100	69573	76585	62094	113023	144390	142417	62351	69625	66674	67133	61686	37683	44091	65814	43266	68485	45185	53517	65601	46021	35879	64814	54724	51878	59787	72549	48839	85212	41407	108533	99491	90939	62170	92235
161	113279	113509	114251	19185528	19153716	96981	92116	69626	103362	61366	54286	123492	66500	90060	69729	77562	104957	68271	66293	87314	68481	94129	137860	94655	74599	66472	70941	78021	63445	114463	145552	143593	63726	70962	68019	68494	63072	39088	45480	67178	44633	69860	46540	54888	66934	47395	37185	66195	56027	53175	61079	73921	50215	86580	42786	109939	100855	92325	63615	93665
162	114773	115003	115727	19306992	19273734	98535	93722	71253	104999	62954	56008	124820	68091	91725	71295	79200	106515	69827	67891	88947	70146	95746	139105	96269	75898	67854	72297	79399	64789	115867	146728	144741	65102	72290	69369	69840	64425	40392	46822	68477	45956	71194	47939	56261	68241	48687	38446	67586	57373	54517	62313	75244	51555	87845	44025	111277	102195	93711	65055	95093
163	116262	116462	117163	19427010	19395198	100065	95315	72851	106576	64503	57606	126132	69591	93331	72891	80822	108092	71451	69511	90534	71712	97321	140287	97844	66766	69234	73585	50230	59702	70340	73746	145917	66412	68519	70627	47661	65787	41754	48214	69677	47288	72486	43050	34317	46966	49944	39823	68936	50851	55715	63529	76567	52821	89179	45369	112591	92069	95095	66459	96458
164	117656	117873	118574	19548474	19516662	101525	96827	74475	108134	66080	59020	127460	71074	94915	74487	82347	109650	73042	71026	92091	73266	98854	141449	99419	37597	70845	75109	39753	31945	56738	62680	147093	32010	35648	33998	34483	67337	43359	49610	34120	49005	74138	23324	27967	33788	51490	41254	70528	28441	57321	31109	78134	54438	90674	46892	114031	50912	96691	68171	47245
165	119084	119301	119985	19668492	19636680	103005	98360	76022	109692	42868	60605	62244	41339	54183	35660	83887	76527	74554	72520	44312	74856	47204	73746	47204	39428	72765	76891	41587	33655	58666	64653	148255	33901	37354	35725	16296	33042	45182	33141	35783	23136	35718	25129	29767	35467	24206	43023	34346	30076	59023	32925	79928	56230	92379	48627	115543	33141	98434	70223	49132
166	120495	120712	121413	19789956	19758144	104660	100078	78051	111205	32780	62645	63878	35766	48241	37695	85855	54949	76584	74564	46637	76881	49420	63109	50159	41326	74913	78810	43677	35632	60805	66814	149426	35922	39354	37537	18118	35054	47241	25546	37757	25039	37750	27043	31793	37348	26030	44952	36398	31951	60982	34825	81922	58250	94227	50705	116989	25546	100148	72416	51274
167	121906	122123	122824	19911420	19879608	106256	101738	80209	112717	34927	64843	66156	37795	50337	39833	87817	57226	78748	76701	48804	79060	51628	65357	52300	43092	76938	80722	45759	37394	62839	68875	150505	37834	41255	39423	19875	36956	49129	27279	39580	27037	39781	28903	33633	39242	27957	46713	38286	33907	62846	36454	83863	60197	96008	52429	118400	27507	101828	74516	53249
168	123315	123519	124163	20031438	19999626	107833	103398	82293	114211	37003	66967	68388	39825	52508	41913	89749	59315	80863	78757	50919	81163	53710	67495	54424	44926	78829	82497	47707	39180	64903	70817	151597	39810	42976	41071	21684	38711	50949	29052	41321	28969	41564	30850	35437	41049	29548	48581	40137	35638	64590	38394	85687	61919	97730	54246	119828	29478	103488	76493	55119
169	124643	124847	125507	20152902	20121090	109410	105052	84315	115705	39021	69023	70491	41656	54589	43937	91626	61402	82888	80771	52983	83213	55780	69535	56438	46512	80691	84223	49451	40787	66715	72682	152689	41492	44769	42799	23350	40540	52779	30922	43039	30574	43321	32617	37207	42778	31323	50211	41954	37345	66381	39877	87472	63755	99431	55969	121239	31056	105118	78401	57101
170	125971	126175	126835	20274366	20242554	110956	106629	86283	117159	40889	70989	72535	43505	56561	45917	93452	63449	84862	82721	54976	85174	57708	71513	58411	48212	82491	85879	51297	42528	68479	74558	153768	43347	46404	44319	24987	42143	54473	32430	44691	32357	45099	34232	38843	44393	32812	51831	43648	38868	68036	41656	89151	65355	101058	57640	122650	32875	106695	80299	58879
171	127315	127519	128163	20394384	20362572	112450	108206	88204	118570	42771	72876	74467	45368	58599	47730	95247	65493	86758	84582	56856	87094	59679	73410	60353	49818	84193	87541	52960	44151	70318	76318	154860	44941	47980	45923	26680	43923	56227	34114	46238	33923	46678	35773	40463	45995	34357	53559	45322	40487	69566	43169	90807	67060	102658	59193	124015	34297	108272	82054	60638
172	128643	128847	129507	20515848	20484036	113944	109802	90090	119981	44573	74777	76365	47067	60468	49557	96969	67384	88614	86430	58746	88936	61517	75292	62169	51367	85849	89059	54687	45628	71971	78102	155952	46571	49592	47476	28196	45408	57783	35661	47822	35653	48332	37527	42118	47546	35835	55005	46847	42093	71166	44586	92374	68663	104218	60807	125343	35951	109830	83846	62347
173	129971	130175	130826	20637312	20604054	115456	111309	91908	121409	46393	76586	78251	37411	62248	51438	98712	69187	90408	88184	60543	90776	63266	77155	63934	52716	87513	90577	56287	47099	73684	79792	157031	48141	51072	48933	29704	46974	59332	37198	49269	37134	49932	39042	43617	49000	37476	56486	48497	32326	72655	46090	93936	70119	105698	62313	126671	37641	111336	85526	64010
174	131276	131467	132086	20757330	20725518	116907	112803	93712	122820	48098	78412	80123	23590	64106	53136	100413	71061	92212	89978	62321	92564	30405	78960	65807	54260	89100	92110	57878	48657	75313	81492	158123	49707	52663	50430	31273	48664	60942	38674	50840	38666	51438	40552	45200	50577	38940	57999	50048	20460	74223	47766	46134	71714	107180	30130	61523	39046	112830	87272	65633
175	132521	132712	133331	20878794	20846982	118318	114315	95516	124159	49996	80232	82010	25294	65974	55011	102073	72973	94038	91779	64177	94390	32133	80842	67570	55872	90779	93694	59564	50201	77041	83242	159215	51381	54246	51884	32828	50167	62510	40301	52284	40294	53019	42253	46730	52148	40352	59542	51592	22031	75725	49382	47636	73324	108719	31611	62942	40607	114324	88997	67431
176	133781	133972	134591	20998812	20967000	119746	115809	97259	125503	51701	81990	83900	26966	67762	56817	103753	74789	95806	93539	65981	96142	33955	82667	69400	57366	92391	95247	61134	51701	78746	84914	160294	52964	55747	53337	34252	51668	64008	41865	53801	41956	54631	43700	48382	53634	41815	61078	53131	23584	77264	50868	49172	74885	110247	33088	64651	42257	115818	90699	68962
177	135041	135232	135836	21120276	21088464	121157	117240	98981	126831	53510	83760	85676	28614	69562	58498	105351	76625	97528	95246	67739	97864	35625	84386	71063	58821	93975	96675	62729	53159	80306	86522	161344	54463	57244	54789	35791	53244	65600	43370	55240	43363	56196	45189	49816	55040	43274	62576	54740	24958	78727	52272	50745	76289	111687	34501	66285	43797	117232	92337	70582
178	136286	136477	137096	21241740	21209928	122568	118651	100669	128159	55107	85440	87462	30169	71220	60234	106928	78320	99229	96905	69419	99606	37332	86138	72807	60242	95536	98103	64349	54577	81861	88111	162340	55958	58668	56202	37212	54812	67150	44732	56679	44864	57645	46588	51325	56520	44686	63976	56265	26337	80183	53676	52232	77762	113091	35973	67733	45192	118643	93921	72203
179	137546	137737	138356	21361758	21329946	123906	120045	102329	129503	56765	87096	89141	31714	72959	61922	108486	80062	100886	98543	71053	101226	38909	87789	74431	61632	97027	99552	65807	55958	83386	89652	163348	57413	60127	57579	38688	56261	68630	46143	58083	46272	59023	48115	52792	57960	46053	65383	57712	27722	81593	55081	53676	79218	114495	37388	69113	46547	120037	95484	73715
180	138806	138982	139588	21483222	21451410	125234	121456	103969	130822	58342	88731	90843	33310	74555	63470	110063	81701	102486	100132	72686	102846	40577	89422	76033	62985	98476	100913	67295	57341	84885	91181	164356	58902	61554	58888	40056	57708	70058	47559	59448	47725	60472	49471	54182	59294	47383	66747	59123	29042	82968	56487	55081	80640	115899	38750	70496	47989	121448	96996	75181
181	140008	140186	140764	21604686	21572874	126546	122850	105556	132082	59912	90318	92452	34713	76153	65070	111539	83326	104066	101672	74282	104446	42130	91049	77646	64341	99908	102253	68710	58727	86349	92655	165352	60286	62874	60205	41428	59084	71450	48886	60783	49132	61856	50873	55537	60599	48676	68090	60501	30371	84291	57892	56450	81990	117206	40064	71888	49348	122842	98487	76612
182	141184	141362	141940	21724704	21692892	127874	124187	107095	133327	61476	91862	94058	36177	77761	66660	113033	84923	105610	103192	75782	105971	43629	92589	79128	65644	101288	103613	70077	60014	87762	94107	166360	61675	64169	61531	42758	60429	72789	50220	62092	50460	63209	52237	56860	61946	50015	69350	61884	31644	85587	59263	57820	83315	118498	41286	73268	50712	124180	99959	77995
183	142346	142524	143102	21846168	21814356	129186	125499	108634	134572	62995	93380	95636	37582	79295	68156	114509	86459	107111	104723	77375	107491	45074	94129	80653	66853	102668	104933	71469	61340	89142	95536	167368	62995	65477	62851	43997	61715	74105	51599	63379	51754	64558	53564	58154	63266	51319	70609	63204	32741	86907	60433	59053	84624	119756	42620	74668	52079	125492	101359	79373
184	143508	143686	144264	21967632	21935820	130514	126827	110149	135817	64479	94898	97127	39042	80789	69596	116003	87982	108612	106167	78886	108992	46566	95641	82128	68073	70795	106168	72779	62566	90568	70036	103182	64287	66748	64083	22413	62936	63747	49164	59821	42619	65916	48071	59484	64549	47414	71885	49605	34107	82236	61620	60297	85992	121031	43864	76046	53488	60218	102779	80764
185	144670	144848	145426	22087650	22055838	62677	76124	52988	62677	31289	45774	47609	18075	38804	33320	117423	89615	51542	51693	38252	52818	22352	46452	83773	31812	50625	50096	34103	30199	92189	46802	63587	31109	31877	65611	21925	29992	35718	25415	31243	11037	67496	14460	61090	31089	25085	34704	14039	35596	22530	28920	29206	41361	73232	45396	36832	54974	62546	104359	82464
186	145846	146024	146602	22209114	22177302	64906	63622	55987	65098	33840	48281	50268	20252	41387	35841	118834	91498	54853	53771	40770	55302	24740	48922	85765	34637	53094	53190	36512	32390	94037	49382	65750	33364	34142	67741	24099	32133	37915	27762	33364	13124	69832	13724	63346	33221	27157	36906	16248	37854	21649	31269	31401	43653	60693	47706	39284	57322	64875	105946	84503
187	147022	147200	147778	22330578	22298766	67400	66187	58615	67672	36324	50991	53066	22588	44053	38464	120262	93346	57459	56431	43379	57963	27225	51674	87731	36675	55379	55358	38825	34441	95826	51632	67995	35649	36264	69779	26089	34381	40197	29855	35475	15057	72094	15716	65518	35281	29150	38983	18416	39931	23584	33264	33574	45825	62796	49827	41440	59584	67122	107542	86495
188	148184	148362	148940	22450596	22418784	69770	68688	61232	70147	38862	53560	55797	24956	46655	41071	121673	95167	60024	58930	45882	60500	29778	54209	89663	38657	57570	57370	41056	36431	97569	53866	70111	37795	38322	71780	28160	36431	42305	31875	37465	17134	74167	17715	67621	37283	31150	40903	20353	41956	25535	35085	35614	47900	64798	51776	43537	61692	69263	109119	88454
189	149360	149525	150062	22572060	22540248	72061	71071	63705	72511	41292	55932	58365	27114	49157	43423	123079	96910	62444	61334	48426	62972	32193	56669	91544	40489	59685	59315	43121	38372	99333	56006	72140	39825	40275	73612	30156	38426	44313	33835	39302	18985	76211	19510	69601	39180	33090	42784	22401	43744	27344	36929	37542	49889	66675	53698	45581	63695	71308	110662	90363
190	150452	150604	151141	22693524	22660266	74247	73375	66082	74803	43539	58318	60819	29254	51537	45788	124423	98674	64808	63577	50719	65320	34496	59089	93370	42290	61721	61232	45138	40168	101005	58036	74072	41756	42085	75405	32157	40322	46232	35685	41256	20770	78129	21445	71548	41042	34743	44585	24105	45597	29184	38739	39533	51677	68410	55583	47623	65576	73240	112174	92191
191	151531	151696	152233	22813542	22781730	76369	75555	68347	77017	45763	60569	63149	31313	53813	48037	125751	100377	67026	65803	52910	67550	36654	61352	95210	44111	63659	62956	47067	41934	102665	60025	75903	43601	43867	77160	33734	42277	48117	37500	42929	22780	79949	23128	73332	42771	36547	46359	25774	47421	30980	40516	41276	53525	70309	57337	49411	67405	75074	113668	93995
192	152623	152788	153325	22935006	22903194	78385	77679	70539	79191	47883	62742	65395	33368	55991	50143	127079	102037	69200	67927	55094	69739	38745	63530	96953	45725	65479	64729	48836	43629	104325	61950	77702	45414	45626	78835	35589	43911	49932	39282	44678	24455	81768	24949	75162	44527	38104	48023	27719	49048	32614	42169	42996	55307	71904	59038	51139	69237	76910	115162	95765
193	153702	153880	154404	23055024	23023212	80387	79707	72665	81289	49914	64841	67562	35243	58094	52244	128423	103717	71276	69959	57185	71856	40776	65633	98696	47326	67277	66330	50663	45212	105914	63689	79418	47111	47273	80446	37129	45713	51598	40885	46270	26182	83493	26642	76809	46168	39858	49634	29182	50747	34229	43760	44696	56960	73619	60725	53040	70906	78620	116646	97487
194	154794	154959	155496	23176488	23144676	82239	81660	74708	83314	51941	66841	69662	37134	60148	54295	129751	105336	73265	71931	59135	73853	42809	67672	100398	48958	68993	67987	52312	46742	107472	65477	81107	48836	48865	81996	39035	47270	53214	42475	47852	27725	85131	28161	78471	47711	41338	51272	31112	52313	35828	45432	46378	58532	75250	62332	54575	72572	80336	118057	99209
195	155886	156051	156588	23297952	23266140	84119	83585	76679	85271	53855	68751	71694	39039	62135	56202	131055	106913	75233	73841	61091	75773	44793	69682	102038	50413	70670	69577	54056	48265	109030	67120	82707	50499	50445	83546	40392	48946	54935	44148	49340	29611	86787	29741	80057	49287	42816	52819	32548	53867	37359	46996	47868	60233	76735	63868	56252	74224	81940	119468	100847
196	156965	157130	157667	23417970	23386158	85895	85460	78580	87212	55773	70639	73641	40702	63997	58047	132315	108509	77150	75734	63050	77707	46649	71597	103698	51948	72316	71032	55673	49868	110560	68811	84305	52072	52019	85038	41952	50524	56455	45715	50909	31049	88342	31373	81646	50857	44242	54322	34044	55341	38827	48384	49398	61789	78192	65403	57952	75780	83515	120896	102467
197	158057	158222	158759	23539434	23507622	87672	87255	80476	89052	57557	72510	75541	42544	65900	59899	133560	110085	78981	77540	64884	79553	48475	73435	105299	53400	73884	72553	57208	51416	112054	70349	85841	53638	53508	86478	43599	51976	57933	47096	52351	32488	89883	32860	83196	52261	45715	55784	35652	56849	40345	49818	51007	63208	79700	66891	59356	77319	85080	122290	104047
198	159149	159314	159851	23660898	23629086	89374	89026	82251	90892	59357	74274	77431	44167	67720	61696	134820	111561	80762	79334	66635	81337	50274	75262	106876	54850	75425	73981	58773	52803	113530	71915	87344	55118	54955	87885	45136	53466	59443	48568	53828	34109	91358	34222	84654	53741	47184	57208	37189	58319	41758	51247	52482	64621	81178	68319	60795	78806	86592	123644	105573
199	160228	160393	160924	23780916	23749104	91069	90751	84035	92653	61068	76044	79200	45867	69490	63411	136080	113055	82537	81026	68432	83112	52012	77017	108434	56224	76937	75410	60263	54192	115006	73434	88793	56560	56400	89265	46625	54914	60948	49993	55192	35598	92810	35647	86094	55144	48568	58633	38557	59719	43171	52638	53918	66070	82578	69728	62301	80288	88041	124972	107036
200	161284	161436	161932	23902380	23870568	92675	92408	85739	94391	62797	77734	80997	47421	71208	65171	137325	114531	84213	82726	70099	84813	53732	78775	110011	57600	78386	76814	61752	55546	116482	74964	90219	58000	57772	90622	48022	56360	62351	51418	56596	37137	94240	37073	87517	56549	49911	59991	39930	61080	44542	53994	55317	67465	83965	71120	63742	81694	89467	126284	108499
201	162292	162444	162928	24023844	23992032	94259	94080	87453	96059	64415	79450	82697	49048	72891	66789	138585	116025	85893	84347	71810	86493	55284	80464	111489	58909	79842	78164	63171	56941	117876	76395	91614	59403	59111	91955	49423	57733	63758	52805	57928	38561	95642	38446	88874	57881	51218	61317	41307	62413	45867	55280	56718	68845	85261	72470	65182	83094	90870	127612	109962
202	163288	163440	163936	24143862	24112050	95828	95657	89086	97718	66025	81038	84391	50624	74571	68431	139815	117427	87555	85955	73417	88130	56938	82114	112983	60225	81215	79516	64585	58233	119253	77838	92978	60773	60421	93253	50826	59073	65134	54156	59193	39933	97007	39771	90254	59182	52493	62610	42690	63722	47157	56646	58050	70179	86557	73814	66520	84436	92236	128924	111335
203	164296	164448	164944	24265326	24233514	97340	97211	90719	99356	67631	82638	86047	52154	76168	70069	140977	118838	89119	87568	75001	89740	58580	83759	114459	61483	71029	80776	41658	59458	120647	56498	94364	62115	61773	94529	33298	60419	66474	55400	34923	41310	98330	41054	51333	60524	49665	63849	44025	64970	48456	58014	41349	71542	87846	75087	67870	85780	93600	107107	74955
204	165304	165456	165940	24386790	24354978	98831	98765	92268	100887	69131	84214	87656	53639	77750	71635	142153	120232	90683	89086	76567	91309	60110	85295	115935	29700	39934	82276	32333	60963	122058	38844	95886	29700	63258	95960	24885	61936	67976	56943	29353	42837	48492	42687	44742	61939	26035	65321	45551	66501	49927	59416	28514	73018	89295	76599	69490	87308	95178	63271	55172
205	166300	166452	166948	24506808	24474996	100307	47204	93852	48650	33506	31668	89266	55082	37596	34704	108186	58703	41420	43572	37209	65627	27474	56904	56394	31202	41661	39042	34084	41146	123442	40668	97587	21282	30638	70278	26427	63644	69596	27137	31006	44263	22782	25034	46378	28920	27588	31223	47156	31812	51554	27474	30007	37310	43619	78165	33320	42179	96879	64938	57081
206	167308	167460	167956	24628272	24596460	101987	50044	95650	51544	35899	20802	91164	57461	39896	36850	62911	60841	46212	46018	39689	45432	30260	43510	58405	33326	43935	41898	36381	30732	124786	42947	99330	15457	32736	48683	28692	65837	71862	29274	33081	46543	24879	22114	48556	31347	29692	33345	49425	33837	53639	30260	32146	37585	45703	80271	35551	44381	98622	67338	59349
207	168316	168456	168952	24749736	24716478	103647	52542	97393	54200	38572	23351	92990	59890	42609	39460	65543	63593	48824	48599	42267	48126	32892	46185	61062	35262	46230	43923	38594	32761	126114	45247	101022	17486	34765	50596	30788	67989	73999	31332	35031	48756	26889	24099	50720	33338	31591	35340	51593	35803	55711	32191	34273	39625	47782	82327	37757	46522	100328	69622	61469
208	169312	169464	169960	24869754	24837942	105269	55077	99157	56840	41121	25889	94838	62380	45247	42100	68125	66221	51540	51127	44926	50761	35502	48799	63609	37153	48330	45905	40736	34669	127442	47435	102682	19516	36795	52364	32749	70018	76076	33323	36989	50831	28903	26089	52716	35156	33504	37283	53676	37777	57677	34131	36216	41614	49608	84276	39840	48566	102008	71800	63576
209	170320	170472	170968	24991218	24959406	106865	57636	100837	59430	43519	28344	96591	64714	47910	44631	70556	68721	54044	53652	47480	53301	37931	51397	66144	39004	50340	47804	42771	36420	128786	49481	104342	21353	38664	54373	34537	71990	78025	35260	38796	52744	30917	28160	54640	37108	35432	39074	55525	39600	59509	35966	38168	43465	51527	86148	41771	50524	103668	73883	65585
210	171316	171468	171964	25111236	25079424	108442	59953	102497	61942	46013	30737	98334	66997	50268	47066	72906	71132	56438	55983	49859	55761	40417	53908	68527	40771	52316	49588	44665	38307	130114	51446	105949	23223	40496	56019	36466	73898	79923	37039	40570	54591	32870	29880	56538	38909	37034	40787	57388	41390	61250	37711	40076	45283	53301	87960	43614	52413	105289	75883	67626
211	172324	172476	172972	25232700	25200888	110019	62243	104177	64258	48252	32955	100073	69172	52715	49298	75184	73490	58761	58296	52167	58086	42662	56195	70829	42463	54212	51308	46571	39949	131395	53339	107526	25037	42248	57833	38296	75627	81743	38790	42319	56563	34413	31570	58261	40577	38838	42528	59228	43105	63073	39432	41748	47118	54982	89685	45473	54192	106885	77813	69426
212	173332	173484	173980	25354164	25322352	111533	64421	105773	66524	50430	35090	101733	71278	54905	51552	77398	75747	60965	60480	54450	60310	44837	58462	73029	44089	56010	53010	48399	41626	132655	55168	109103	26647	43977	59310	39886	77463	83493	40514	43951	58181	36348	33424	60038	42326	40407	44198	60977	44755	64714	40978	43497	48759	56718	91389	47212	55953	108462	79659	71176
213	174321	174461	174915	25474182	25442370	113027	66527	107350	68684	52518	37213	103393	73295	57077	53676	79532	77942	63126	62556	56574	62424	46955	60641	75167	45748	57752	54622	50078	43140	133915	56933	110629	28387	45595	60989	41565	79075	85179	42167	45571	60028	37802	34883	61665	43958	42064	45763	62676	46346	66346	42662	45085	50424	58331	92973	48933	57625	110020	81414	72944
214	175245	175385	175839	25595646	25563834	114521	68507	108946	70777	54561	39273	105047	75235	59170	55747	81567	80074	65182	64597	58611	64501	48981	62713	77219	47260	59442	56187	51781	44834	135160	58680	112123	30024	47111	62588	43322	80727	86811	43617	47131	61557	39622	36623	63315	45488	43612	47319	64297	47924	67942	44186	46753	52078	59834	94579	50512	59248	111498	83189	74624
215	176169	176309	176752	25717110	25685298	116033	70461	110499	72783	56571	41279	106624	77125	61159	57712	83592	82113	67171	66543	60616	66512	50969	64717	79178	48726	61083	57744	53471	46333	136420	60309	113599	31510	48668	64052	44686	82327	88411	45292	48645	63141	41111	38230	64885	46918	45057	48825	65911	49453	69502	45751	48319	53565	61330	96113	52204	60827	112974	84815	76219
216	177082	177222	177676	25837128	25805316	117452	72394	111993	74768	58503	43143	108201	78957	63149	59613	85490	84118	69070	68373	62523	68463	52914	66690	81126	50187	62680	59259	54995	47782	137665	61928	115075	33117	50212	65488	46188	83892	89952	46862	50149	64780	42498	39719	66419	48523	46461	50324	67491	50896	70959	47131	49838	55123	62787	97604	53763	62365	114468	86447	77851
217	178006	178146	178600	25958592	25926780	118863	74242	113505	76712	60307	45067	109797	80764	65076	61521	87375	86038	70947	70303	64373	70303	54794	68635	82976	51647	64205	60701	56585	49230	138925	63508	116530	34588	51632	66852	47774	85356	91468	48296	51570	66317	44029	41204	67893	49991	47863	51741	68961	52377	72371	48516	51307	56565	64277	99074	55277	63836	115944	88040	79411
218	178930	179070	179513	26080056	26048244	120291	76013	114999	78534	62158	46823	111305	82489	66852	63336	89192	87924	72807	72072	66233	72213	56540	70469	84803	53028	65760	62144	58061	50679	140133	65044	117941	36058	53092	68252	49306	86844	92898	49732	52953	67734	45600	42687	69363	51416	49225	53159	70407	53815	73799	49944	52697	58041	65706	100478	56715	65276	117351	89581	80900
219	179843	179983	180437	26200074	26168262	121702	77782	116475	80354	63891	48645	112781	84191	68732	65129	90983	89741	74571	73809	68013	73949	58333	72262	86555	54412	67248	63525	59532	52047	141295	66511	119335	37522	54474	69632	50753	88259	94350	51125	54338	69114	47072	44022	70767	52842	50633	54539	71857	55179	75208	51290	54089	59478	67070	101858	58118	66705	118762	91113	82325
220	180767	180907	181361	26321538	26289726	123107	79498	117869	82082	65642	50395	114275	85847	70447	66810	92721	91530	76330	75541	69723	75703	60074	74054	88304	55761	68695	64869	61000	53379	142471	67982	120746	38879	55858	71027	52159	89662	95747	52519	55726	70526	48459	45412	72157	54154	52002	55884	73238	56548	76531	52641	55483	60846	68403	103218	59518	68109	120156	92543	83794
221	181680	181831	182274	26443002	26411190	124419	81159	119280	83849	67316	52090	115751	87488	72213	68541	94393	93246	77984	77242	71405	77404	61766	75724	89960	57042	70092	66217	62401	54640	143647	69392	122140	40242	57208	72325	53449	91037	97112	53878	57008	71918	49807	46757	73501	55398	53335	57161	74638	57808	77891	54034	56807	62186	69693	104558	60885	69489	121550	93995	85162
222	182604	182744	183198	26563020	26531208	125747	82784	120674	85505	68971	53654	117185	89052	73837	70204	96040	94984	79674	78836	73137	79070	63415	77452	91608	58296	51475	67487	63807	55983	144809	50784	123487	41607	58493	73613	54708	92379	98477	55204	58298	73269	45960	48065	74839	56617	54635	58377	75990	59146	79217	55319	58173	63470	70999	73707	62290	70830	122927	95429	86554
223	183528	183668	184122	26684484	26652672	127059	84379	122085	87137	70504	55282	118579	90616	75514	71799	97657	96604	81278	80447	74704	80672	65047	79064	93236	27775	35122	68927	30908	26425	62677	34423	60111	43026	59957	75001	56197	93853	48191	56644	59733	35179	24463	22873	76297	58093	56015	28221	36720	60557	80639	56720	59608	30841	72409	51700	63763	72330	124260	96941	88096
224	184452	184581	185035	26805948	26772690	112391	85939	123451	88724	72099	56936	119973	92103	77080	73378	99253	98221	73256	64173	76243	82247	66607	80642	84883	29376	36851	70577	32609	28029	64362	36244	61901	44771	61554	76567	43839	95525	49798	52435	61332	25573	25950	24542	78004	59841	57505	29798	38430	62202	68710	58228	52188	32417	74061	53080	49503	74038	125604	98705	89890
225	185365	185505	185959	26925966	26894154	63172	41811	60077	90472	73864	58648	121401	93753	78836	75153	100868	99906	40488	40194	78056	40437	68285	39069	46714	31162	38825	34059	34645	13117	66377	38302	63834	46760	63465	37597	27893	46981	51668	28804	63185	18073	12442	26342	38360	61573	28221	13488	18175	63998	40348	60142	30186	34285	75865	55143	31880	75951	126932	100407	91739
226	186289	186429	186883	27047430	27015618	65034	43794	62165	92340	75918	60686	122812	95576	80922	77205	102548	101566	42584	42204	80110	42486	70363	41137	48752	33227	41056	36073	36907	15188	68602	40562	65990	48921	65570	39585	29976	49132	53824	30827	65207	20147	14322	28541	40464	63612	30145	15375	20240	66086	42400	62129	32250	36340	77900	57196	34084	78087	128260	102067	93565
227	187202	187342	187796	27167448	27135636	66935	45870	64218	94166	77951	62723	124151	97319	82997	79268	104208	103246	44626	44217	82172	44534	72439	43199	50827	35110	43217	38032	39037	16758	70727	42703	68048	50992	67551	41376	31923	51154	55854	32849	67165	22120	16239	30511	42511	65589	31951	17174	22204	68020	44405	64023	34248	38394	79876	59111	36153	80141	129604	103747	95397
228	188126	188266	188720	27288912	27257100	68902	47814	66300	95949	79901	64695	125495	99062	84991	81238	105802	104888	46534	46185	84151	46490	74455	45213	52780	36953	45230	39892	41006	18533	72763	44737	69988	52975	69441	43332	33695	53054	57888	34754	69005	24018	18066	32361	44417	67509	33723	18910	24095	69874	46275	65894	36192	40292	81697	60897	38054	82077	130917	105364	97140
229	189050	189190	189644	27410376	27378564	70727	49639	68258	97713	81821	66638	126823	100767	86983	83188	107398	106465	48449	48115	86095	48449	76353	47139	54626	38654	47155	41671	42929	20561	74722	46684	71873	54892	71248	45018	35496	55007	59851	36615	70827	25774	19723	34232	46287	69279	35580	20499	25925	71672	47986	67655	38037	42052	83497	62763	39914	83964	132177	106941	98883
230	189963	190102	190514	27530394	27498582	72455	51517	70104	99456	83694	68585	128151	102407	88852	85054	108975	108061	50331	49971	87978	50331	78240	49031	56487	40436	49004	43423	44862	22030	76585	48639	73701	56704	73042	46732	37430	56777	61550	38330	72523	27644	21445	36005	47996	71033	37121	22349	27709	73395	49765	69395	39741	43836	85207	64446	41792	85740	133422	108537	100576
231	190814	190942	191354	27651858	27620046	74247	53291	71902	101122	85470	70363	129495	104067	90715	86902	110526	109638	52188	51677	89795	52188	80034	50894	58353	41995	50827	45013	46583	24021	78385	50471	75437	58493	74748	48255	38896	58494	63429	40076	74175	29253	23308	37692	49817	72666	38868	23794	29385	75088	51397	71030	41476	45550	86911	66210	43491	87500	134682	110111	102216
232	191654	191782	192184	27773322	27741510	75856	55048	73757	102762	87264	72159	130815	105649	92484	88637	112038	111154	53900	53525	91560	53900	81824	52648	60059	43545	52546	46684	48325	25370	80127	52204	77138	60195	76368	49900	40718	60196	64965	41648	75840	31045	24865	39413	51406	74374	40436	25483	31035	76735	53057	72663	43092	47199	88484	67720	45217	89156	135942	111605	103856
233	192484	192612	193024	27893340	27861528	77579	56708	75437	104422	88966	73867	132060	107226	94244	90362	113532	112666	55669	55122	93298	55669	83549	54421	61851	45177	54284	48295	50048	26884	81814	53915	78814	61818	77994	51487	42265	61885	66682	43161	77433	32548	26407	40909	53066	75924	41946	26991	32538	78244	54630	74175	44742	48752	90048	69370	46835	90789	137187	113081	105449
234	193324	193452	193864	28014804	27982992	79191	58392	77192	105987	90645	75597	133320	108784	95940	92058	115026	114160	57276	56816	94992	57312	85209	56065	63433	46621	55858	49773	51632	28536	83464	55573	80400	63465	79528	52989	43664	63402	68267	44901	78942	34166	28235	42498	54639	77436	43353	28417	34218	79778	56121	75705	46288	50253	91560	70947	48442	92357	138447	114575	107026
235	194164	194292	194694	28136268	28103010	80689	60029	78814	107564	92263	77190	134580	110345	97599	93686	116501	115654	58944	58462	96612	59014	86865	57806	65129	48147	57460	51284	53209	30095	85031	57183	81926	65001	81038	54412	45292	64938	69707	46399	80424	35768	29741	44123	56130	78919	44855	29775	35643	81278	57572	77190	47825	51832	93034	72443	50037	93919	139673	116051	108584
236	194994	195122	195534	28256286	28224474	82264	61591	80476	109122	93869	78838	135825	111821	99258	95323	117895	117077	60565	59995	98229	60565	88440	59354	66779	49503	59018	52752	54778	31644	86615	58748	83451	66531	82488	55798	46818	66470	71215	47846	81824	37189	31107	45600	57617	80401	46309	31140	37182	82728	59022	78604	49230	53326	94486	73843	51461	95441	140849	117469	110156
237	195834	195962	196374	28377750	28345938	83807	63142	82076	110665	95435	80449	137085	113315	100833	96877	119306	118488	62144	61558	99833	62177	90027	60930	68241	50904	60569	54181	56265	32993	88109	60307	84923	68031	83926	57186	48339	67972	72730	49209	83249	38557	32543	46984	58995	81802	47717	32575	38659	84133	60437	80008	50679	54778	95898	75223	52964	96890	142025	118863	111614
238	196664	196792	197204	28497768	28467402	85295	64653	83651	112141	96968	81924	138330	114791	102373	98431	120700	119882	63653	63109	101353	63717	91562	62564	69769	52267	62016	55573	57712	34410	89604	61795	86387	69471	85318	58576	49774	69412	74186	50658	84633	39982	33917	48373	60411	83202	49041	33826	40028	85525	61822	81374	52047	56191	97242	76627	54387	98318	143187	120274	113090
239	197504	197632	198044	28619232	28587420	86783	66132	85115	113635	98459	83449	139563	116262	103913	99946	122111	121293	65189	64589	102853	65253	93080	64061	71306	53671	63465	56895	59158	35770	91069	63247	87821	70871	86710	59902	51125	70785	75581	52027	85977	41357	35296	49723	61796	84540	50330	35208	41401	86893	63175	82724	53418	57568	98607	78010	55810	99738	144363	121668	114548
240	198334	198462	198874	28740696	28708884	88201	67615	86627	115111	99952	84921	140725	117656	105408	101406	123476	122704	66682	66070	104353	66713	94576	65559	72818	54925	64841	58188	60569	37023	92477	64691	89201	72258	88016	61194	52480	72147	76958	53360	87313	42738	36680	51117	63182	85860	51587	36595	42780	88214	64493	84057	54792	58878	99953	79388	57161	101078	145539	123075	115988
241	199164	199292	199704	28860714	28828902	89604	69055	88120	116581	101372	86409	141887	119033	106852	102866	124804	124034	68117	67495	105807	68177	96026	67016	74302	56260	66221	59483	61950	38289	93885	66107	90604	73602	89327	62424	53726	73435	78276	54735	88601	44025	38068	52472	64532	87155	52931	37986	44160	89456	65822	85329	56094	60161	101213	80653	58552	102398	146701	124387	117358
242	200004	200132	200544	28982178	28950366	90981	70469	89569	117992	102792	87842	143049	120410	108315	104306	126132	125362	69557	68875	107232	69587	97433	68440	75720	57455	67581	60783	63270	39463	95282	31812	91938	48305	90638	63637	54942	74722	79576	40778	89889	27168	34306	53870	65829	88420	54203	39167	45409	90767	67124	86601	35904	61453	84591	81903	53099	103698	106675	125715	70340
243	200834	200962	201374	29103642	29071830	92323	34042	52870	57297	104252	89291	31812	56356	52779	50096	60218	60218	71012	33258	51542	33258	45758	32535	36321	27474	43705	28920	45675	13014	96836	33218	93456	16167	42866	65077	56499	76234	38535	27047	43476	22128	18304	36113	31355	50622	55631	40672	21748	92182	31942	53759	27893	62940	25779	83353	29140	50610	62515	127059	57837
244	201674	201792	202204	29223660	29191848	94149	36341	45658	59279	105844	91188	64362	60331	54701	52768	63239	63338	73290	35257	54192	35551	48977	34757	38592	29376	33714	30934	32225	19731	98600	35513	95272	18233	45248	67039	58609	78359	40731	29050	45478	24283	20355	27131	33407	44602	57635	42662	23675	94008	34020	43770	29976	65065	24801	85309	31274	52534	64589	128387	60109
245	202504	202632	203044	29345124	29313312	95933	38772	48126	61800	107421	93014	66966	62577	57207	55217	65727	65913	75581	37647	56653	37977	51486	37292	41090	31295	35919	32887	34405	21646	100307	37667	97015	20291	47304	68973	60648	80464	42815	31121	47480	26339	22403	29127	35458	46598	59643	44653	25699	95798	35977	45713	31988	67089	26506	87271	33331	54652	66690	129715	62229
246	203344	203472	203884	29466588	29434776	97697	41056	50556	64216	109017	94862	69442	64841	59647	57628	68093	68363	77808	39944	59038	40307	53765	39610	43393	33227	37942	34849	36397	23404	101967	39808	98779	22160	49230	70883	62554	82439	44845	33125	49356	28245	24279	31060	37449	48554	61414	46381	27724	97562	37777	47620	34001	69021	28400	89134	35326	56584	68695	131036	64312
247	204174	204302	204714	29586606	29554794	99440	43265	52872	66484	110566	96614	71800	66965	61883	59877	70380	70699	79940	42164	61337	42556	56093	41996	45626	34933	39912	36591	38394	25205	103647	41790	100477	24053	51007	72605	64435	84335	46611	34776	51127	30097	26335	33068	39339	50226	63265	48301	29540	99284	39548	49324	35786	70900	30380	90972	37269	58621	70643	132281	66329
248	205014	205142	205554	29708070	29676258	101107	45368	55058	68706	112060	98357	74079	69021	64104	62070	72568	72960	82034	44272	63484	44829	58225	44205	47795	36672	41740	38361	40241	26805	105269	43726	102137	25888	52833	74369	66293	86159	48524	36579	52872	32036	28094	34781	40991	52085	64932	49985	31315	100938	41390	51056	37485	72678	31784	92710	39008	60319	72486	133541	68226
249	205854	205982	206394	29829534	29797722	102787	47419	57186	70857	113572	100095	76261	71016	66251	64126	74668	75128	84067	46328	65589	46904	60309	46310	49871	38330	43537	40001	42003	28462	106846	45626	103797	27675	54488	75946	67981	87902	50238	38295	54488	33618	29817	36470	42819	53688	66619	51690	33120	102578	42961	52764	39267	74414	33624	94404	40774	62070	74362	134786	70103
