0	0	0	0	0	0	0	0	0	0	0	0	0	0	0	0	0	0	0	0	0	0	0	0	0	0	0	0	0	0	0	0	0	0	0	0	0	0	0	0	0	0	0	0	0	0	0	0	0	0	0	0	0	0	0	0	0	0	0	0	0
1	2892	2892	4338	4338	4338	4338	4338	4338	4338	4338	4338	2892	4338	4338	4338	4338	4338	4338	4338	2892	4338	2892	2892	4338	2892	4338	4338	4338	4338	4338	4338	2892	2892	4338	2892	4338	4338	4338	2892	4338	4338	2892	2892	4338	2892	2892	2892	4338	4338	4338	2892	2892	2892	2892	4338	4338	2892	4338	4338	2892
2	13014	10122	17352	18798	13014	13014	13014	14460	14460	13014	13014	13014	13014	14460	13014	13014	13014	14460	13014	8676	13014	10122	13014	13014	8676	14460	13014	14460	13014	13014	17352	10122	13014	13014	10122	13014	13014	13014	13014	13014	13014	13014	13014	13014	10122	10122	10122	13014	13014	13014	10122	10122	13014	8676	13014	13014	8676	13014	13014	13014
3	40488	34704	60732	60732	43380	40488	40488	56394	53502	47718	49164	46272	40488	57840	47718	49164	53502	50610	44826	31812	47718	40488	44826	47718	27474	59286	40488	57840	40488	53502	60732	40488	40488	40488	31812	41934	43380	46272	40488	40488	46272	40488	40488	41934	36150	31812	33258	47718	40488	40488	31812	37596	40488	27474	40488	49164	28920	46272	53502	44826
4	131586	109896	166290	169182	131586	84130	85771	104087	83937	110061	87231	138816	111342	153276	137370	119249	117056	107736	88088	70015	138816	115680	134478	115411	70854	138816	84280	135924	86760	135924	150384	96882	80903	90082	52072	68444	115680	120018	81293	59206	120018	107004	72768	104723	45365	66757	53947	114030	77800	62140	63171	51612	101220	60732	62024	78358	79530	120018	135924	121464
5	244374	224130	280524	283416	244374	47738	53076	62515	57693	61106	57657	253050	54567	61954	250158	62941	62251	62018	54681	43150	251604	229914	248712	63007	34286	61987	44197	62053	43234	58306	61954	60766	47171	47215	23136	37624	60043	62677	43524	27246	62211	59786	1446	52974	1446	1446	1446	1446	41311	1446	20922	27169	53580	1446	19039	1446	38144	62677	247266	61954
6	365838	344148	400542	404880	365838	49649	55139	64525	59803	63098	59734	373068	56504	64013	371622	64970	64365	64011	56721	45212	373068	349932	368730	65034	36341	64045	46302	64461	45338	60455	64077	62636	49523	49397	1446	23355	62264	64778	45703	18962	64358	61685	4338	55191	10122	2892	7230	2892	43414	7230	17651	18302	55691	2892	20045	4338	40260	64746	367284	63917
7	485856	465612	522006	524898	487302	51646	57085	66597	61866	65122	61800	494532	58544	66101	491640	66997	66504	66037	58754	47226	494532	471396	490194	67028	38394	66411	48398	66845	47434	62763	66504	64898	51846	51606	4338	25568	64506	67059	47868	20949	66652	63912	14460	57351	18629	10122	17944	13014	45555	17827	19664	20455	57946	10122	22122	14460	42462	66935	488748	66194
8	607320	585630	642024	646362	607320	53495	58968	68605	63896	67051	63832	615996	60347	68125	613104	68992	68545	68003	60755	49240	614550	592860	611658	68992	40445	68725	50487	69175	49480	65086	68875	66989	54069	53727	14604	27754	66672	69262	50023	22942	68898	66096	21830	59542	20648	18517	19824	25497	47599	19824	21588	22678	60110	15842	24107	20802	44695	69142	610212	68485
9	728784	707094	763488	767826	728784	55242	60827	70556	65926	68954	65833	736014	62163	70063	734568	70988	70556	69916	62625	51176	736014	712878	731676	70988	42248	70962	52495	71368	51485	67264	71107	69104	56204	55760	16613	29778	68768	71336	52087	24776	71013	68180	23925	61619	22391	20240	21440	27537	49555	21826	23350	24618	62098	17591	26017	22810	46731	71249	730230	70643
10	848802	828558	884952	887844	848802	57149	62761	72458	67866	70835	67626	857478	63960	71948	854586	72819	72514	71888	64408	53037	857478	834342	853140	72819	44212	73018	54462	73466	53377	69340	73242	71154	58225	57617	18404	31672	70771	73351	54070	26793	73011	70203	25768	63592	24181	22204	23213	29505	51517	23481	25153	26333	63993	19612	27796	24821	48683	73239	851694	72710
11	970266	948576	1004970	1009308	970266	58750	64508	74362	69696	72671	69426	978942	65616	73774	976050	74667	74446	73632	66298	54876	977496	955806	974604	74639	45910	75022	56290	75481	55093	71295	75292	73063	60173	59450	20137	33395	72693	75316	55946	28450	74961	72145	27638	65538	26085	23746	25275	31547	53291	25521	26990	28166	65865	21147	29747	26446	50596	75208	971712	74698
12	1091730	1070040	1126434	1130772	1091730	60479	66209	76129	71466	74407	71234	1098960	67352	75616	1097514	76450	76237	75371	67956	56617	1098960	1075824	1094622	76396	47637	76993	58024	77425	56932	73227	77236	74876	62126	61329	21826	35151	74569	77125	57690	30152	76851	73993	29530	67367	27559	25521	26871	33153	55010	27102	28562	30024	67717	22851	31379	28344	52598	77044	1093176	76588
13	1211748	1191504	1247898	1250790	1211748	62093	67959	77894	73252	76145	72916	1220424	68946	77344	1217532	78151	78024	77153	69755	58373	1220424	1197288	1216086	78125	49340	78830	59741	79246	58504	75115	79116	76712	63892	62984	23481	36991	76301	78957	59486	31828	78615	75773	31173	69080	29456	27102	28669	34922	56672	28885	30328	31708	69427	24438	33118	30191	54221	78827	1214640	78414
14	1333212	1311522	1367916	1372254	1333212	63700	69669	79610	74950	77780	74680	1341888	70509	79116	1338996	79841	79792	78828	71263	60079	1340442	1317306	1337550	79789	51032	80642	61407	81067	60206	76870	80967	78404	65705	64692	25027	38583	78060	80664	61092	33544	80409	77525	32923	70812	30901	28669	30083	36604	58427	30290	31800	33429	71148	26085	34589	31801	56093	80589	1334658	80208
15	1453230	1432986	1489380	1492272	1453230	65300	71178	81292	76651	79444	76327	1461906	72160	80717	1459014	81489	81467	80465	72972	61672	1461906	1438770	1457568	81414	52429	82392	62994	82792	61828	78634	82717	80094	67379	66263	26559	40317	79698	82364	62853	34938	82060	79189	34583	72481	32666	30221	31763	38374	59995	31958	33454	34888	72777	27559	36287	33579	57545	82239	1456122	81917
16	1573248	1553004	1609398	1612290	1573248	66821	72806	82867	78267	81057	77877	1583370	73728	82367	1580478	83089	83142	82065	74624	63322	1581924	1560234	1579032	83014	54056	84074	64574	84482	63313	80324	84434	81707	69032	67892	27934	41978	81326	83951	64437	36506	83708	80787	36281	74021	34218	31632	33358	39910	61491	33730	34912	36514	74373	29029	37798	34972	59275	83903	1577586	83592
17	1693266	1673022	1729416	1732308	1693266	68282	74402	84482	79853	82607	79463	1703388	75193	84002	1700496	84695	84770	83688	76057	64892	1703388	1680252	1699050	84599	55562	85682	66117	86138	64787	81953	86114	83332	70621	69422	29385	43385	82901	85535	65923	37955	85316	82387	37683	75584	35585	33171	34879	41488	63010	35115	36423	38179	75950	30495	39304	36595	60921	85487	1697604	85226
18	1813284	1793040	1849434	1852326	1814730	69722	75924	86090	81450	84137	81075	1823406	76597	85538	1820514	86231	86330	85176	77565	66426	1821960	1800270	1819068	86159	56956	87306	67570	87720	66262	83578	87743	84857	72185	70911	30968	44885	84467	87119	67442	39508	86852	83949	39194	77150	37070	34579	36335	43152	64493	36506	37820	39566	77462	31893	40702	38419	62324	87047	1819068	86834
19	1934748	1913058	1969452	1973790	1934748	71143	77355	87605	83000	85625	82575	1943424	78033	87050	1940532	87741	87881	86712	79073	67959	1941978	1920288	1939086	87649	58353	88870	69010	89261	67711	85141	89330	86417	73725	72409	32346	46383	85955	88615	68943	40950	88359	85437	40800	78643	38443	35933	37735	44524	65946	37900	39219	40956	78918	33296	42103	39797	63764	88569	1940532	88387
20	2054766	2033076	2089470	2093808	2054766	72577	78815	89054	84490	87137	84010	2063442	79463	88548	2060550	89213	89422	88225	80600	69429	2061996	2040306	2059104	89098	59753	90388	70396	90779	69121	86677	90939	87896	75217	73837	33730	47873	87407	90087	70390	42341	89831	86925	42197	80125	39872	37294	39138	45895	67372	39297	40569	42396	80348	34699	43459	41129	65268	90087	2060550	89905
21	2174784	2153094	2209488	2213826	2174784	73977	80271	90549	85978	88586	85450	2183460	80850	90020	2180568	90685	90939	89651	82025	70917	2182014	2158878	2179122	90570	61079	91841	71788	92237	70475	88191	92457	89345	76648	75217	34997	49277	88833	91509	71811	43643	91286	88337	43646	81512	41251	38659	40542	47272	68725	40695	41975	43790	81751	36049	44864	42515	66697	91553	2182014	91423
22	2294802	2274558	2329506	2333844	2294802	75352	81677	91973	87429	90012	86890	2303478	82200	91489	2300586	92081	92391	91114	74028	72330	2302032	2280342	2299140	91971	62478	66560	73143	93667	71780	89686	93975	90794	78056	76567	36278	50643	90213	92895	63847	44949	87264	89717	45044	82887	42635	39976	41900	48654	70034	42096	43286	45139	83126	37460	46227	43904	68072	92983	2303478	92875
23	2414820	2394576	2450970	2453862	2416266	76729	83127	93469	88878	91460	88326	2423496	83600	92963	2420604	44572	93909	92544	40641	73786	2423496	2400360	2419158	93423	63849	46010	74571	95221	73164	91236	95557	92296	79538	78004	37625	24292	91696	94325	35590	46310	45695	91177	21555	40488	43972	41301	43308	50157	33876	43500	44652	46584	84539	38820	47596	45435	69572	94501	2423496	94415
24	2536284	2514594	2570988	2575326	2536284	78186	84612	95031	90419	92912	89844	2544960	85042	94525	2542068	46077	95452	94062	42143	75276	2543514	2521824	2540622	94919	65257	47517	76033	96796	74676	92798	97132	93858	81072	79460	39032	25708	93192	95849	37130	47890	47253	92695	23141	41947	45363	42780	44719	51698	35316	44903	46065	48111	86051	40184	49048	47043	71114	96038	2544960	95998
25	2657748	2636058	2692452	2696790	2657748	79616	86052	96502	91937	94408	91343	2664978	86458	95977	2663532	47494	96943	95514	43546	76761	2664978	2641842	2660640	96374	66686	49140	77490	98329	76107	94316	98686	95340	82572	80922	40440	27126	94688	97340	38501	49294	48678	94169	24539	43402	46798	44160	46130	53234	36700	46400	47438	49551	87522	41601	50542	48559	72605	97508	2666424	97489
26	2777766	2756076	2812470	2816808	2777766	81022	87523	97993	93411	95823	92795	2786442	87843	97426	2783550	48992	98455	96921	44948	78191	2786442	2763306	2782104	97823	68061	50632	78868	99848	77509	95798	100208	96789	84031	82322	41751	28473	96112	98789	39876	50700	50099	95616	25861	44810	48234	45545	47502	54726	38032	47804	48812	51033	88925	42972	51914	50108	74061	98978	2786442	98980
27	2897784	2876094	2932488	2936826	2897784	82372	88926	99442	94885	97230	94247	2907906	89200	98896	2905014	50446	99928	98370	46310	79647	2906460	2884770	2903568	99272	69411	52121	80272	101288	78861	97247	101668	98196	85471	83719	43068	29828	97519	100207	41305	52028	51561	97023	27270	46175	49546	46842	48916	56177	39423	49126	50189	52390	90328	44301	53249	51490	75460	100387	2907906	100428
28	3017802	2996112	3052506	3056844	3017802	83719	90306	100828	96279	98637	95649	3027924	90557	100308	3025032	51820	101348	99788	47718	81052	3026478	3004788	3023586	100667	70784	53529	81603	102728	80161	98696	103128	99602	86911	85063	44395	31190	98926	101587	42639	53283	52944	98430	28611	47546	50864	48105	50290	57555	40766	50413	51529	53790	91696	45680	54551	52875	76864	101767	3027924	101848
29	3137820	3116130	3172524	3176862	3137820	84991	91653	102208	97686	100022	97035	3147942	91871	101688	3145050	53197	102768	101148	49084	82427	3146496	3124806	3143604	102027	72002	54938	82878	104148	81421	100098	104586	100942	88277	86383	45770	32558	100277	102967	43976	54508	54330	99805	30028	48916	52268	49336	51588	58900	42017	51748	52796	55118	93016	47062	55859	54262	78212	103127	3149388	103228
30	3257838	3236148	3292542	3296880	3257838	86311	92973	103608	99072	101362	98379	3267960	93191	103068	3265068	54538	104188	102488	50454	83796	3266514	3243378	3263622	103387	73210	56310	84205	105498	82746	101458	105935	102282	89634	87702	46974	33931	101597	104327	45367	55817	55644	101125	31381	50208	53634	50741	52815	60217	43279	53127	54071	56450	94336	48148	57209	55615	79564	104487	3270852	104605
31	3377856	3356166	3412560	3416898	3377856	87656	94315	104985	100416	102722	99716	3387978	94489	104448	3385086	55846	105555	103848	51748	85116	3386532	3363396	3383640	104718	74610	57648	85429	106828	84102	102798	107284	103602	90944	88967	48148	35133	102917	105611	46538	57060	56964	102425	32805	51508	55040	51988	53976	61475	44553	54432	55207	57676	95608	49504	58424	56864	80822	105782	3390870	105916
32	3496428	3476184	3532578	3536916	3497874	88944	95609	106296	101716	104042	100996	3507996	95775	105764	3505104	57160	106885	105194	53010	86460	3506550	3483414	3503658	105991	75828	58956	86725	108139	85350	104138	108633	104904	92242	90232	49336	36352	104217	106903	47851	58279	58291	103725	34047	52815	56261	53088	55225	62730	45788	55595	56502	58913	96910	50823	59684	58088	82072	107074	3512334	107227
33	3617892	3596202	3652596	3656934	3617892	90186	96869	107607	103036	105322	102296	3628014	96993	107075	3625122	58481	108215	106486	54280	87730	3626568	3604878	3623676	107302	77016	60237	87938	109469	86478	105413	109982	106120	93518	91450	50618	37586	105507	108176	49004	59644	59551	105021	35186	54052	57312	54356	56592	63966	46992	56808	57763	60229	98128	51908	60910	59348	83322	108347	3633798	108538
34	3737910	3716220	3772614	3776952	3736464	91362	98129	108899	104356	106576	103596	3748032	98211	108405	3745140	59775	109526	107778	55521	89041	3746586	3724896	3743694	108594	78150	32470	89180	75841	41983	64588	111282	52988	73390	49064	36346	38674	106742	109468	50294	60735	49148	106256	36574	55262	58559	55558	57816	30434	48166	57960	26028	61554	64864	43419	43512	35713	73927	109639	3753816	53052
35	3857928	3836238	3892632	3896970	3853590	92550	99452	110184	105620	107830	104879	3868050	99450	109697	3863712	61033	110832	109032	56700	90329	3866604	3842022	3862266	109886	79684	30460	90698	54417	43486	52371	112758	52566	46714	45124	25052	40352	108224	110921	51792	62309	29282	107738	38020	56880	60055	56988	59329	31965	49731	59504	27893	63006	48748	25497	30117	29635	40743	111101	3875280	54473
36	3977946	3956256	4014096	4018434	3972162	93826	100618	111408	106874	109065	106114	3986622	100636	110922	3980838	62268	112092	110256	58032	91543	3983730	3959148	3980838	111065	81263	32056	92270	56209	45166	54379	114252	54455	48324	46702	26348	42012	109801	112433	53521	63813	30939	109334	39724	58454	61781	58629	60735	25942	51324	61109	29345	64617	50249	27080	31665	31274	42437	112595	3996744	56153
37	4099410	4077720	4135560	4138452	4092180	95121	48650	54491	108242	110413	51693	62677	48908	53809	61954	28920	54491	111588	27550	44150	4102302	4077720	61954	53809	82913	34004	44964	57946	46742	56135	115764	56172	50212	21690	11748	43656	53541	113927	24582	30975	32703	52857	41459	60259	63397	60225	28920	16247	52947	29135	30998	30638	52068	11925	33388	14604	19628	114089	4116762	57927
38	4219428	4197738	4255578	4259916	4212198	96780	51024	56393	109819	111925	53733	64522	50528	55876	63725	31413	56577	113082	29234	45942	4222320	4199184	63853	55802	84814	36135	46945	60178	48778	58370	117198	58300	52312	23709	13570	45738	55691	115421	27360	32862	34734	54625	43556	62342	65411	62144	30800	18301	54941	31202	32821	32673	54090	13876	35321	16613	21745	115601	4238226	60126
39	4340892	4319202	4377042	4379934	4333662	98523	53084	58649	111326	113419	55839	66842	52534	57982	65946	33648	58719	114594	31361	48183	4343784	4319202	66101	57946	86734	38145	48846	62329	50729	60484	118609	60314	54398	25649	15311	47731	57694	116891	29269	34765	36821	56667	45598	64325	67333	64069	32698	20146	56859	33013	34786	34645	56039	15716	37153	18517	23584	117044	4359690	62246
40	4462356	4440666	4497060	4501398	4455126	100233	55147	60789	112838	114913	57946	69082	54538	60212	68095	35857	61027	116088	33475	50405	4465248	4440666	68335	60042	88522	40209	50755	64345	52413	62494	120037	62230	56450	27453	16869	49642	59595	118302	31194	36682	38796	58562	47510	66217	69107	65907	34549	22119	58713	34849	36646	36454	57888	17358	39057	20445	25616	118455	4479708	64200
41	4582374	4560684	4618524	4622862	4575144	101913	57236	62955	114332	116411	60076	71278	56512	62362	70179	37938	63219	117504	35522	52495	4585266	4560684	70440	62098	90270	42218	52476	66299	54306	64377	121448	64121	58248	29214	18523	51519	61603	119713	32942	38340	40621	60568	49301	68087	70954	67607	36192	23755	60409	36648	38197	38178	59817	19078	40771	22204	27344	119883	4601172	66220
42	4703838	4682148	4739988	4742880	4696608	103573	59255	64952	115826	117822	62065	73379	58551	64377	72178	39856	65304	118932	37400	54462	4706730	4682148	72486	64153	91970	44089	54254	68197	55879	66144	122859	65927	59957	30875	20142	53215	63286	121141	34721	40085	42319	62279	51155	69823	72618	69317	37872	25611	62191	38307	40051	40033	61517	20653	42463	24008	29042	121294	4722636	68030
43	4825302	4803612	4860006	4864344	4818072	105199	61139	66918	117273	119233	64089	75424	60285	66361	74138	41686	67352	120343	39345	56401	4828194	4803612	74446	66082	93576	45748	55829	69988	57625	68047	124212	67597	61851	32513	21831	55012	65081	122552	36356	41606	44186	64072	52821	71563	74326	70896	39533	27111	63827	39949	41574	41606	63266	22115	44089	25683	30779	122705	4842654	69768
44	4945320	4923630	4981470	4985808	4938090	106795	62932	68916	118684	120661	65989	77422	62037	68317	76021	43629	69276	121754	41148	58306	4948212	4923630	76372	67927	95155	47610	57540	71728	59178	69697	125540	69367	63433	34133	23128	56566	66671	123907	38030	43217	45751	65693	54552	73234	75932	72450	41026	28966	65394	41426	43042	43361	64837	23663	45748	27331	32358	124067	4964118	71537
45	5066784	5045094	5102934	5105826	5059554	108353	64802	70741	120095	122072	67747	79295	63838	70191	77842	45578	71118	123172	42873	60183	5069676	5045094	78206	69697	96688	49146	59061	73393	60691	71409	126868	70945	65161	35678	24613	58184	68287	125251	39526	44816	47395	67305	56193	74798	77470	74018	42659	30504	67006	42996	44694	45000	66403	25198	47260	28813	33924	125395	5084136	73153
46	5188248	5166558	5222952	5227290	5181018	109930	66493	72524	121523	123455	69637	81164	65497	71960	79662	47138	73056	124500	44717	61872	5191140	5166558	80026	71525	98158	50843	60543	75059	62167	73057	128212	72469	66810	37159	26010	59759	69901	126579	40968	46360	49023	68930	57642	76364	78952	75473	44089	31902	68461	44465	46196	46360	67997	26642	48726	30495	35480	126723	5205600	74801
47	5308266	5286576	5344416	5348754	5301036	111413	68234	74316	122934	124799	71264	82964	67078	73785	81342	49030	74788	125828	46309	63710	5311158	5286576	81792	73197	99626	52482	61958	76625	63644	74625	129540	74065	68241	38583	27488	61323	71351	127891	42554	47809	50518	70348	59265	77886	80434	76931	45613	33552	69924	45928	47608	47852	69497	28013	50146	31958	37023	128067	5327064	76421
48	5429730	5408040	5465880	5468772	5422500	112907	69820	76003	124266	126127	73029	84719	68770	75410	83067	50524	76570	127172	48018	65310	5432622	5408040	83517	74924	101026	53956	63409	78138	65084	76166	130857	75599	69711	40111	28818	62781	72861	129219	44082	49172	51970	71885	60741	79342	81884	78354	46996	35005	71345	47392	49018	49340	70896	29319	51567	33482	38505	129379	5447082	77967
49	5551194	5529504	5585898	5590236	5543964	114383	71502	77695	125610	127455	74597	86423	70338	77111	84698	52296	78215	128500	49629	66985	5552640	5529504	85154	76625	102386	55354	64785	79646	66457	77722	132117	77084	71219	41481	30157	64143	74345	130531	45561	50581	53382	73349	62216	80809	83284	79732	48384	36456	72716	48810	50390	50827	72338	30704	52950	34879	39879	130706	5568546	79397
50	5671212	5649522	5707362	5711700	5663982	115859	73119	79359	126938	128799	76220	88109	71730	78736	86282	53888	79931	129828	51147	68650	5674104	5649522	86834	78112	103746	56826	66167	81101	67779	79204	133362	78502	72678	42857	31373	65545	75761	131786	46902	51952	54794	74774	63627	82209	84643	81059	49692	37796	74088	50146	51725	52192	73738	32028	54336	36278	41308	131936	5690010	80862
51	5792676	5770986	5828826	5831718	5785446	117287	74575	80925	128266	130127	77852	89742	73255	80348	87904	55361	81500	131142	52814	70164	5795568	5770986	88410	79724	105078	58226	67499	82526	69099	80676	134607	79932	74078	44235	32607	66909	77138	133016	48250	53248	56170	76151	65003	83559	85963	82409	50966	39197	75405	51447	53065	53560	75068	33424	55687	37625	42642	133181	5810028	82287
52	5912694	5891004	5948844	5953182	5905464	118698	76118	82500	129594	131407	79386	91333	74764	81901	89422	56941	83100	132387	54279	71701	5915586	5892450	89951	81276	106351	59626	68849	83939	70395	82051	135852	81301	75450	45483	33917	68307	78476	134261	49519	54474	57548	77525	66316	84883	87277	83659	52247	40548	76728	52716	54296	54892	76418	34643	56970	39032	43979	134426	5931492	83709
53	6034158	6012468	6070308	6074646	6026928	120092	77624	84010	130908	132652	80826	92873	76222	83451	90939	58513	84658	133632	55779	73227	6037050	6012468	91467	82801	107605	60990	70183	85307	71729	83451	137097	82676	76773	46737	35237	69627	79776	135506	50756	55747	58858	78799	67613	86203	88542	84907	53535	41906	78055	53994	55426	56117	77756	35821	58261	40389	45370	135671	6052956	85077
54	6155622	6133932	6191772	6194664	6148392	121503	79080	85498	132153	133897	82301	94435	77646	84947	92391	60045	86218	134877	57239	74710	6158514	6133932	92963	84251	108859	62325	71459	86627	73002	84827	138327	84011	78072	48045	36281	70906	81076	136736	52042	56956	60210	80099	68963	87507	89830	86131	54640	43122	79225	55243	56716	57388	79004	37185	59556	41651	46585	136916	6172974	86445
55	6275640	6253950	6311790	6316128	6268410	122897	80532	87010	133398	135142	83771	95933	79024	86387	93843	61473	87728	136122	58628	76195	6278532	6255396	94459	85643	110074	63669	72574	87959	74178	86195	139561	85331	79372	49277	37573	72095	82376	137981	53257	58143	61568	81387	70148	88726	91087	87369	56020	44354	80471	56538	58012	58773	80252	38284	60684	42924	47811	138161	6294438	87785
56	6397104	6375414	6433254	6436146	6389874	124231	81982	88487	134643	136387	85259	46805	80453	87913	95347	62893	89177	66516	32552	77672	80976	61954	95956	41811	111280	65045	73778	89224	35602	87522	140723	86603	80713	50438	38716	73328	83576	139211	54559	59473	62822	82612	71453	89968	92231	88565	57186	45551	81671	57690	59239	59991	81484	39615	61896	44160	48964	139406	6414456	89119
57	6518568	6496878	6553272	6557610	6511338	125575	83607	90212	135903	137647	86987	48628	82078	89638	97006	64540	90947	62812	29705	79336	63402	63340	97636	43558	112450	66357	75080	90558	36861	88810	141885	87821	81963	51692	39979	74588	84851	140372	55867	60671	64023	83925	72708	91263	93463	89761	58366	46892	82971	58891	60274	61181	82709	40698	63150	45317	50214	140554	6535920	90499
58	6638586	6616896	6674736	6679074	6631356	126903	85337	91959	137148	138892	88649	50296	83628	91366	98728	66333	92707	64717	31406	81103	65290	65229	99379	45189	113638	31812	76268	64414	38025	41934	143047	80609	83213	52955	41204	75915	86099	104686	48635	61752	65239	85125	64525	79675	81818	59784	54948	48154	84078	28271	61564	62346	71712	42050	51962	46534	23136	141702	6657384	91771
59	6760050	6738360	6796200	6799092	6752820	128231	87017	93697	138408	140102	90397	52194	85261	93104	100428	68019	94489	66256	33081	82803	66873	66783	101048	47028	115024	33029	36888	45032	18060	44181	144223	43522	84742	54340	42589	77346	87614	63491	26970	63204	66793	86637	36351	45032	46404	44465	28221	49635	85518	29635	62950	63849	40641	43455	31309	48019	24885	142878	6777402	93267
60	6881514	6859824	6916218	6920556	6874284	129575	88609	95376	139636	141278	92026	53791	86893	94798	102048	69699	96195	68005	34674	84445	68572	68485	102688	48588	116516	34565	38376	46702	19505	45881	145399	45338	86374	55950	44022	78936	89270	64995	28544	64841	68495	88337	37915	46658	48023	46108	29868	51193	87149	31140	64499	65570	42290	44860	32862	49921	26427	144054	6898866	95027
61	7001532	6979842	7037682	7042020	6994302	130890	90219	96993	140812	142440	93610	55563	88375	96406	103668	71265	97833	69565	36196	86053	70292	70179	104328	50094	117927	36378	39912	48441	20849	47651	146561	46862	88016	57550	45638	80569	90857	66618	30034	66438	70073	89901	39573	48226	49550	47610	31295	52936	88644	32703	66107	67089	43829	46493	34285	51388	28105	145216	7020330	96708
62	7122996	7101306	7159146	7162038	7115766	132150	91812	98610	61954	61954	44312	57173	89847	98044	54434	34286	99513	55469	37711	87685	71771	71658	59306	51797	90616	28064	41440	50036	22391	49270	147737	48640	89649	59140	47021	82169	92422	68295	31519	67851	33630	91485	41114	49790	50991	49104	32912	54474	90185	34253	67621	52440	45408	21690	35823	52971	29548	146392	7140348	98388
63	7244460	7222770	7279164	7283502	7235784	133395	93616	100336	63340	63340	47154	59264	91698	99777	52339	36227	101176	34723	39589	89571	73771	73662	52300	53642	58722	18073	43057	51780	24008	51085	148913	50267	91332	60722	48581	83788	94116	69821	33313	69441	35198	93179	42793	51460	52663	50638	34334	56117	91757	35734	69181	33910	47062	1446	37465	54812	31257	147568	7261812	100105
64	7364478	7342788	7400628	7404966	7357248	134655	95424	101996	65450	65419	49256	61420	93546	101437	54424	38286	102856	36812	41629	91456	75883	75724	54386	55677	60112	19516	44617	53509	25439	52753	150024	51965	93026	62362	50129	85444	95797	71561	34776	71103	36980	94873	44454	53080	54322	52207	35928	57820	93363	37381	70678	35467	48664	4338	39037	56298	32812	148730	7383276	101765
65	7485942	7464252	7522092	7524984	7478712	135915	97188	103656	67525	67495	51232	63530	95357	103117	56401	40241	104516	38734	43622	93282	77917	77738	56401	57680	61671	21255	46211	55180	26871	54448	151116	53650	94698	63929	51591	87028	97351	73260	36351	72678	38572	96435	46052	54652	55784	53728	37510	59333	94925	38902	72268	36956	50208	10122	40445	58068	34297	149867	7503294	103405
66	7607406	7585716	7642110	7646448	7600176	137160	98931	105297	69565	69385	53131	65571	97079	104766	58306	42150	106095	40766	45571	95126	79867	79662	58341	59687	63189	22678	47709	56800	28377	56092	152208	55130	96247	65400	53091	88527	98926	74688	37970	74078	39996	98010	47558	56290	57244	55169	38921	60943	96401	40417	73780	38495	51708	12775	42003	59679	35951	150959	7624758	105021
67	7727424	7705734	7763574	7767912	7720194	138420	100622	106874	71455	71223	55081	67552	98801	106343	60115	44118	107691	42654	47395	96848	81764	81542	60217	61624	64635	24105	49159	58341	29806	57688	153287	56644	97780	66857	54549	90045	100437	76200	39416	75450	41571	99543	49137	57736	58773	56610	40436	62544	97850	41779	75243	40026	53244	14026	43457	61041	37476	152038	7746222	106579
68	7848888	7827198	7883592	7887930	7841658	139661	102262	108451	73326	73046	56956	69502	100498	107939	62037	45955	109268	44413	49149	98570	83614	83392	62037	63340	66053	25612	50609	59877	31169	59239	154379	58224	99313	68317	55931	91513	101897	77702	40759	76854	43039	100985	50629	59181	60161	58014	41848	64009	99257	43143	76647	41449	54660	15447	44908	62507	38940	153130	7866240	108118
69	7968906	7947216	8005056	8009394	7961676	140823	103922	110047	75157	74833	58633	71307	102138	109516	63774	47637	110804	46238	50887	100278	85391	85130	63934	65165	67417	27112	51979	61339	32538	60784	155471	59729	100746	69727	57279	92921	103357	79158	42158	78228	44507	102425	51998	60625	61554	59381	43209	65446	100632	44515	78003	42874	56076	16745	46270	63973	40301	154209	7987704	109657
70	8090370	8068680	8126520	8130858	8083140	141999	105512	111542	76912	76534	60467	73127	103798	111039	65497	49424	112316	47908	52563	101918	87143	86906	65590	66814	68739	28606	53313	62796	33913	62257	156550	61158	102166	71090	58562	94329	104766	80607	43513	79632	45923	103845	53409	62004	62940	60718	44533	66841	101992	45886	79303	44252	57456	18181	47594	65411	41665	155301	8107722	111118
71	8211834	8190144	8247984	8250876	8204604	143161	107089	113036	78596	39516	62049	74884	105394	112533	67171	51032	113810	49563	54262	103578	41934	41934	67419	68575	70018	30024	54651	64222	35115	63699	157642	62587	103566	72441	59820	95685	106115	81957	44915	81013	47300	105230	54783	63390	64233	62028	45814	68211	103332	47263	80596	45635	58804	19510	48878	66806	43034	156393	8229186	112558
72	8331852	8310162	8368002	8372340	8324622	144337	108666	114530	80492	38577	63977	76801	106971	114027	68980	52975	115304	51444	56022	105204	43723	43723	69190	70353	71236	31378	55919	65621	36335	65139	158734	63987	104964	73757	61146	97029	107464	83332	46277	82388	48639	106560	56122	64702	65508	63348	47149	69591	104647	48602	81871	46930	60157	20653	50171	68177	44408	157485	8350650	113980
73	8453316	8431626	8489466	8492358	8446086	145513	110251	116024	82392	40465	65818	78749	108548	115539	70947	54778	116780	53259	57908	106800	45623	45578	71063	72206	72610	32739	57232	66985	37680	66541	159813	65331	106294	75113	62345	98352	108794	84641	47601	83613	50020	107909	57465	66024	66841	64533	48276	70958	105882	49821	83121	48234	61449	21926	51392	69497	45738	158564	8470668	115384
74	8574780	8553090	8609484	8613822	8567550	146675	111745	117460	84242	42218	67611	80714	110121	116985	72695	56560	118191	55129	59698	108377	47446	47358	73031	74082	74010	33922	58376	68290	39032	67891	160900	66665	107586	76382	63592	99630	110121	85889	48843	84766	51284	109220	58708	67326	68151	65799	49545	72258	107098	51010	84390	49420	62738	23218	52780	70780	47031	159656	8592132	116737
75	8694798	8673108	8730948	8735286	8687568	147851	54225	57297	86114	44089	69531	82589	111633	118396	74543	26906	119602	56967	28781	109954	49282	49240	74845	36008	75168	35183	59706	69610	40132	69271	161896	68011	51542	77618	64840	100910	111399	87183	50055	86014	52518	110506	59996	68590	69381	67008	23316	73490	108371	52250	85662	50700	63973	24358	53942	72142	48247	160735	8713596	118063
76	8816262	8794572	8852412	8855304	8809032	149027	55875	59384	88088	46108	71567	84623	113127	119824	76627	28917	121030	59028	30805	111471	51376	51296	76951	38025	76275	36514	60931	70976	41401	70620	162904	69331	53076	78892	66034	102230	112677	88540	51318	87257	53877	111784	61254	69845	70610	68253	24620	74775	109663	53538	86886	51948	65285	25688	55192	73514	49516	161752	8833614	119406
77	8937726	8916036	8972430	8976768	8930496	150130	57945	61469	89997	48169	73686	86639	114621	121235	78712	30998	122441	61123	32829	112965	53505	53388	79102	40145	77515	37797	62235	72303	42488	71954	163912	70562	54382	80114	67243	103490	113937	89874	52590	88591	55129	113026	62582	71063	71770	69483	25776	75990	110872	54870	88069	53322	66527	26798	56413	74879	50753	162760	8955078	120715
78	9057744	9036054	9093894	9098232	9050514	151222	59939	63544	91863	50187	75720	88569	116133	122646	80778	32947	123802	63181	34794	114459	55509	55398	81178	42158	78893	39091	63357	73591	43784	73276	164908	71867	55620	81326	68420	104702	115197	91108	53871	89695	56461	114304	63822	72387	73098	70651	26883	77340	112006	55948	89265	54508	67757	28087	57604	76067	51999	163756	9076542	122041
79	9179208	9157518	9215358	9218250	9171978	152314	61833	65616	93711	52167	77708	90478	117546	124011	82728	34846	125146	65139	36709	115971	57481	57373	83178	44125	79959	40293	64574	74899	44949	74564	165916	73136	56941	82576	69590	105880	116407	92252	55086	90891	50187	115528	65102	73591	74274	71840	28168	71991	113212	57152	90530	55669	68957	29177	58808	77201	53254	164740	122960	123330
80	9299226	9277536	9335376	9339714	9291996	153393	63640	67566	95494	54032	79632	92301	118957	125339	84637	36703	126474	67037	38527	117393	59423	59283	85093	46097	81102	41607	31156	36207	46220	75945	166924	74480	58198	83867	70870	51693	56431	93550	56307	92124	27137	116839	30366	74899	34704	34764	29396	38360	52988	27137	42866	56952	70258	30568	60093	78484	24582	165736	62677	124610
81	9420690	9399000	9456840	9461178	9413460	154485	65554	69396	97237	55909	81463	94127	120385	126667	86485	38575	127802	68941	40366	118804	61303	61133	87013	47902	82627	43314	32589	37722	47718	77587	167920	76080	59773	85379	72285	53073	58018	95151	57933	93642	28701	118250	32653	76411	36973	36225	30845	39844	55283	28628	44880	58524	71737	31898	61587	80148	26823	166744	64074	125954
82	9542154	9520464	9578304	9581196	9534924	155564	67290	71176	98959	57690	83313	95891	121796	128011	88306	40412	129146	70707	42172	120232	63091	62926	88812	49599	84156	44955	34023	39337	49210	79251	168928	77717	61371	86891	73769	54569	59665	96705	59408	95134	30114	119661	34145	77984	38457	37629	32164	41275	56865	29976	46333	60089	73290	33300	63105	81759	28331	167740	65602	127282
83	9663618	9640482	9698322	9702660	9654942	156656	69006	73028	100648	59451	85030	97613	123195	129339	90054	42020	130474	72520	43810	121643	64860	64700	90629	51438	85596	46406	35458	40938	50659	80871	169936	79277	62860	88327	75206	56135	61028	98238	60846	96541	31596	121072	35632	79440	39885	39089	33554	42899	58369	31398	47739	61616	74798	34763	64521	83259	29762	168748	67369	128610
84	9783636	9761946	9819786	9822678	9776406	157748	70683	74707	102288	61126	86782	99356	124539	130667	91764	43805	131733	74172	45571	123051	66581	66364	92336	53058	87012	47939	36891	42428	52068	82421	170932	80746	64412	89753	76556	57658	62428	99742	62351	97927	33136	122500	37059	80903	41314	40444	34889	44370	59803	32884	49146	63002	76229	36167	65911	84691	31261	169744	68932	129954
85	9905100	9883410	9939804	9944142	9897870	158827	72384	76408	103928	62721	88407	101007	125851	131913	93414	45384	132993	75864	47131	124379	68259	68049	94008	54707	88351	49425	38216	43867	53439	83934	171940	82196	65899	91190	77915	59140	63801	101162	63758	99334	34606	123842	38486	82353	42697	41755	36287	45837	61163	34245	50474	64389	77652	37573	67306	86131	32626	170752	70350	131245
86	10025118	10003428	10061268	10065606	10017888	159919	73868	78085	105536	64373	90040	102667	127163	133158	95063	47082	134223	77457	48729	125691	69873	69639	95672	56455	89662	50869	39602	45307	54774	85422	172936	83670	67325	92554	79189	60518	65209	102542	65134	100686	35960	125154	39862	83749	43984	43120	37633	47215	62460	35554	51847	65783	79030	38823	68691	87576	33996	171760	71916	132505
87	10146582	10124892	10182732	10187070	10139352	160998	75436	79645	107094	65954	91662	104307	128491	134403	96617	48682	135468	79043	50272	127019	71497	71207	97247	57897	90949	52273	40838	46745	56039	86886	173944	85062	68709	93874	80562	61834	66578	103942	66505	102026	37319	126482	41242	85069	45329	44399	39039	48598	63768	36815	53106	67147	80382	40187	70030	88933	35314	172756	73407	133750
88	10268046	10246356	10302750	10307088	10260816	161994	77002	81225	108671	67473	93180	105896	129803	135648	98171	50185	136713	80621	51810	128331	73030	72778	98843	59408	92203	53638	42136	48139	57312	88276	174893	86454	70076	95230	81787	63088	67987	105284	67766	103306	38629	127794	42528	86389	46590	45729	40345	49940	64952	38143	54374	68537	81709	41604	71277	90290	36641	173764	74857	135010
89	10388064	10366374	10424214	10428552	10380834	163002	78527	82800	110220	68973	94720	107454	131103	136893	99718	51605	137958	82121	53265	129659	74570	74290	100378	60948	93479	55006	43443	49411	58559	89679	175817	87793	71352	96511	82987	64313	69367	106576	69086	104565	39947	129122	43869	87708	47816	46934	41558	51206	66236	39426	55650	69823	82959	42879	72566	91637	37865	174728	76288	136255
90	10509528	10487838	10545678	10548570	10502298	164010	80035	84322	111696	70477	96184	108993	132348	138123	101178	53104	139203	83646	54718	130968	76032	75762	101858	62450	94799	56376	44711	50732	59714	91053	176730	89127	72638	97771	84285	65555	70742	107868	70383	105762	41174	130434	45125	88996	49095	48066	42593	52403	67656	40616	56826	71041	84211	44116	73798	92935	39209	175641	77683	137500
91	10630992	10609302	10665696	10670034	10623762	165006	81475	85762	113172	71927	97654	85648	133593	139368	102638	54600	140378	66998	56133	98854	77541	60456	103358	63950	95924	57604	45943	52099	61041	92373	177654	90461	73926	98989	85437	66888	71931	109103	71659	106997	42412	131665	46393	90261	50219	49298	43791	53651	68916	41824	58086	72282	85507	45182	74991	94277	40407	176565	79035	138745
92	10751010	10729320	10787160	10791498	10743780	166014	82875	87337	114666	73473	99208	54493	134838	140546	104198	56203	141540	41599	57692	62647	79075	37982	104938	65451	97079	58843	47099	53469	62243	93693	178567	91757	75195	100197	86637	68287	73057	110341	72823	108213	43664	132880	47668	91522	51518	50581	45186	54981	69958	42946	59276	73430	86755	46493	76260	95509	41669	177478	80361	139951
93	10872474	10850784	10908624	10911516	10865244	167022	84562	89039	116160	75136	100846	56209	136098	141708	105793	57832	142716	43306	59383	64077	80777	39689	106515	67063	98318	27474	48313	40099	40264	94991	179491	54348	76410	101417	87831	69427	74289	78807	74055	81146	45016	61664	48825	60666	39423	38749	46317	56241	71147	44228	60446	37310	87967	47678	77474	76383	42845	62178	81639	60732
94	10993938	10970802	11028642	11032980	10986708	62178	40794	90695	117572	76756	49416	27137	137358	95847	66266	37390	143892	44902	60924	65884	82427	41276	69104	68786	99758	12461	37275	26432	12291	96590	180415	44986	77957	49248	42754	70858	58992	54455	75563	53789	21165	37902	23136	45216	15260	24885	47768	57689	53928	45656	61863	36749	42946	49129	78904	47421	44411	63434	83339	62680
95	11113956	11092266	11150106	11154444	11106726	64042	42874	92553	119000	78836	51464	29203	138603	63626	52995	29305	145054	47062	63020	67945	84444	43380	53660	70876	101398	14338	24704	28477	13588	98333	181328	46922	79959	50983	44602	72721	37667	56431	77479	55450	23141	31479	24872	47142	12298	26662	49342	59695	35534	47478	63701	38727	44786	50949	80713	49384	46281	65447	85319	64749
96	11235420	11213730	11271570	11274462	11228190	66129	45040	94379	120411	80997	53782	31793	139832	65943	55062	31559	146230	49336	65239	70208	86436	45658	55805	73103	103058	16252	26414	30452	15325	100052	182252	48824	81877	53006	46286	74597	39600	58230	79325	57243	25043	33214	26571	48992	13748	28400	51394	61631	37187	49312	65458	40555	46686	52701	82538	51274	48164	67400	87304	66659
97	11355438	11333748	11391588	11395926	11348208	68182	47150	96153	121822	83072	55850	33940	140994	68152	57262	33661	147406	51548	67351	72374	88397	47825	58057	75266	104710	18077	28168	32178	16882	101732	183176	50733	83772	54618	48038	76436	41390	60008	81143	59017	26653	34979	28462	50856	15468	30105	52898	63412	38931	51045	67194	42256	48511	54473	84262	53054	50018	69202	89213	68515
98	11476902	11455212	11513052	11517390	11469672	70118	49210	97917	123236	85063	57920	35960	142170	70292	59350	35754	148568	53634	69395	74474	90306	49900	60215	77345	106287	19733	29747	34057	18420	103392	184089	52378	85524	56479	49606	78112	43009	61834	82843	60704	28392	36828	30163	52495	17012	31587	54703	65236	40496	52597	68853	44031	50144	56116	85942	54931	51762	70988	91091	70324
99	11598366	11576676	11633070	11637408	11591136	72003	51268	99656	124564	87031	60017	38035	143346	72371	61368	37730	149716	55632	71378	76507	92159	51887	62233	79351	107845	21454	31313	35781	20047	105027	185013	54234	87293	57884	51125	79828	44847	63449	84531	62180	30028	38426	31839	54272	18875	33252	56229	66852	42248	54372	70477	45647	51805	57603	87556	56525	53491	72707	92895	72122
100	11719830	11696694	11754534	11758872	11711154	73827	53127	101316	125892	88944	61975	40051	144508	74331	63352	39712	150795	57528	73335	78440	93963	53804	64188	81293	109384	23047	32866	37480	21454	106604	185937	55772	88903	59570	52753	81451	46436	65145	86139	63816	31776	39960	33368	55809	20364	34717	57677	68522	43695	55907	71985	47250	53494	59192	89120	58214	55015	74443	94677	73830
101	11839848	11818158	11875998	11878890	11832618	75613	55002	102996	127236	90830	63810	42118	145684	76234	65305	41498	151887	59399	75165	80364	95735	55650	66085	83168	110895	24789	34289	39050	23047	108162	186850	57520	90536	61173	54258	82951	47924	66764	87675	65383	33308	41686	34948	57304	21750	36238	59229	70099	45092	57400	73473	48843	54980	60704	90661	59924	56641	76045	96395	75508
102	11961312	11939622	11996016	12000354	11954082	77368	56772	104632	128564	92616	65625	44181	146860	78099	67043	43305	152979	61313	76947	82167	97478	57546	40006	84963	112335	26098	35827	40713	24366	109739	187774	59111	92115	62734	55685	84491	49537	68287	89193	66902	34771	28244	36515	58866	23143	37586	60774	71665	46583	58784	74947	50383	56425	62213	92124	47456	58187	77657	98096	77209
103	12081330	12059640	12117480	12121818	12074100	79139	58629	106228	129892	94442	67604	45971	148022	80023	68887	45223	154058	63134	36944	84074	99221	59381	33466	86859	113793	27722	37413	42309	25858	111250	188687	60693	44756	64098	57148	86099	51139	69814	90803	32394	36346	20663	38018	60523	24709	17827	62314	73249	48110	60342	76459	51838	58048	63752	93642	30117	59762	79295	99807	78856
104	12202794	12181104	12238944	12243282	12195564	80939	60497	107805	131202	96213	69494	47909	149198	81964	70916	47105	155150	64997	38754	85970	100898	61228	35337	88733	115305	29468	38880	43894	27344	112744	189611	62400	46392	65687	58609	87706	52650	71496	92348	33837	37965	22313	39567	62037	26340	19290	63818	74893	49760	61960	77952	53487	59659	65160	95176	31731	61292	80964	101467	80542
105	12324258	12302568	12358962	12363300	12317028	82689	62309	109382	132447	97977	71270	49816	150301	83855	72721	48957	156242	66899	40581	87835	102578	63150	37224	90596	116747	30846	40396	45606	28682	114238	190494	63966	48011	67268	60002	89178	54233	73141	93888	35337	39516	23848	41208	63550	27725	20749	65226	76432	51312	63443	79460	55011	61158	66623	96667	33264	62883	82564	103107	82142
106	12444276	12422586	12480426	12484764	12437046	84407	64069	110912	133707	99693	73147	51725	151380	85679	74485	50740	157321	68687	42330	89629	104238	64917	39125	92370	118158	32486	41758	47166	30026	115732	191324	65466	49538	68774	61396	90719	55808	74541	95411	36832	41059	25289	42739	65086	29187	22110	66625	77978	52663	64915	80922	56529	62587	68090	98137	34729	64434	84119	104756	83762
107	12565740	12544050	12601890	12604782	12558510	86087	65814	112406	134967	101353	74876	53611	152472	87488	76301	52502	158413	70432	44102	91423	105812	66667	40734	94108	119535	34046	43171	48637	31512	117150	192164	66985	50979	70255	62785	92180	57268	76031	96839	38214	42496	26573	44214	66582	30577	23392	68032	79460	54056	66324	82322	58005	63987	69500	99586	36249	65951	85583	106295	85298
108	12687204	12665514	12721908	12726246	12679974	87695	67487	113882	136212	102993	76631	55278	153551	89213	77956	54241	159505	72170	45761	93095	107389	68373	42624	95831	120912	35596	44542	50059	32867	118544	193004	68470	52417	71676	64147	93610	58726	77488	98288	39600	44027	28021	45597	68050	31907	24776	69412	80922	55414	67711	83719	59408	65425	70899	100946	37652	67377	87071	107834	86810
109	12807222	12785532	12843372	12847710	12799992	89282	69137	115358	137472	104648	78248	57112	154643	90915	79672	55853	160584	73850	47317	94789	108947	70071	44196	97448	122272	36967	45912	51562	34107	119955	193834	69903	53892	73063	65518	95018	60115	78892	99689	40938	45417	29326	46981	69460	33309	26085	70814	82322	56812	69061	85015	60778	66789	72229	102306	39057	68760	88500	109354	88272
110	12928686	12906996	12964836	12967728	12921456	90846	70751	116814	138732	106206	79912	58714	155735	92565	81326	57491	161612	75392	48949	96418	110499	71637	45851	99086	123579	38343	47245	53023	35480	121349	194674	71324	55291	74379	66851	96364	61509	80296	101009	42183	46762	30711	48370	70773	34652	27331	72147	83719	58178	70388	86311	62186	68161	73545	103646	40465	70155	89926	110831	89698
111	13050150	13027014	13084854	13089192	13042920	92345	72338	118225	139939	107783	81457	60376	156827	94171	82851	59083	162620	77039	50486	97993	111975	73249	47449	100669	124827	39723	48628	54407	36855	122760	195514	72695	56620	75659	68161	97708	62862	81626	102329	43489	48156	31970	49720	72078	35830	28450	73519	85063	59473	71693	87610	63502	69541	74855	104964	41776	71518	91311	112253	91137
112	13170168	13148478	13206318	13210656	13162938	93819	73850	119619	141115	109341	83007	62092	157906	95723	84419	60564	163616	78614	52059	99568	113469	74839	48991	102209	126075	41058	49886	55756	38019	124102	196344	74039	57916	76901	69451	99031	64158	82951	103649	44847	49427	33369	51034	73367	37193	29736	74749	86383	60671	72968	88898	64782	70910	76205	106218	43092	72799	92653	113675	92501
113	13291632	13269942	13327782	13330674	13284402	95303	75338	121030	142277	110855	84569	63571	158998	97277	85979	62176	164624	80148	53547	101068	114945	76324	50527	103729	127323	42446	51194	57037	39251	125414	197184	75385	59286	78118	70620	100297	65435	84227	104948	46256	50707	34710	52352	74655	38237	31035	75964	87679	61884	74200	90117	66040	72212	77447	107491	44418	74059	93995	115079	93865
114	13411650	13389960	13447800	13452138	13404420	96710	76823	122424	143453	112313	86081	65107	160077	98810	87499	63620	165632	81609	54955	102568	116424	77796	52099	105214	128539	43838	52352	58292	40549	126742	198024	76708	60625	79392	71751	101577	66613	85595	106221	47449	51995	36002	53600	75925	39412	32218	77098	88967	63105	75405	91362	67280	73444	78617	108726	45658	75324	95324	116466	95221
115	13533114	13511424	13569264	13573602	13525884	98117	36150	123786	144629	113771	87574	66665	161144	100307	67538	65124	166628	83059	56474	104068	56614	79252	53586	106658	61664	45002	53522	59692	41608	128054	198854	77958	61905	80757	73024	84511	67870	86867	107437	48526	53250	37191	54779	77221	40755	33296	78359	90209	64425	76674	92528	68516	74620	79761	109942	46908	76566	96626	117775	96502
116	13654578	13632888	13689282	13693620	13647348	99627	38415	125130	145791	115265	89092	68311	162152	101887	43758	66712	167636	84667	57988	105612	58018	80847	55105	108197	63370	46362	54779	60986	42931	129398	199694	79258	63192	81932	74284	49710	69190	88074	108672	49747	54552	38397	56007	78504	42007	34459	79659	91494	65570	77899	93760	69803	75810	81087	111136	48298	77873	97928	119118	97846
117	13774596	13752906	13810746	13815084	13767366	101167	40053	126458	146967	116743	90748	69924	163148	103527	45430	68296	168632	86323	59601	107189	59455	82522	56764	109774	64618	47596	56007	62322	44120	130724	200534	80603	64446	83132	75405	51024	70483	89316	109964	51099	55823	39567	57353	79700	43221	35759	80839	92770	66779	79121	95014	71079	77133	82337	112378	49482	79147	99230	120478	99190
118	13896060	13874370	13932210	13935102	13888830	102667	41526	127786	148143	118154	92340	71635	164156	105136	46994	69880	169640	87852	61101	108766	61164	84055	58411	111301	65602	48922	57317	63570	45416	131969	201364	81903	65683	84305	76620	52421	71759	90604	111175	52377	57138	40855	58634	80928	44310	36958	81964	94024	68001	80317	96213	72319	78419	83487	113602	50720	80421	100507	121804	100468
119	14017524	13995834	14052228	14056566	14010294	104187	43044	129130	149305	119565	93902	73248	165164	106694	48511	71475	170648	89393	62664	110328	62857	85567	59945	112777	66873	50132	43725	64946	46407	133214	202204	74800	66892	85601	77795	48071	54504	91872	112417	48213	58285	42152	59924	76439	43380	37955	83239	95310	69261	70256	97326	73495	37761	84621	114754	52047	38481	48613	59286	101748
120	14137542	14115852	14173692	14178030	14130312	96570	37235	130458	111716	120993	95403	74784	166160	108214	50021	57618	108673	90933	51962	111786	64249	78388	61475	101474	68272	51554	28368	66323	47811	134459	203034	40590	68290	76055	79121	26115	33258	93258	113749	25168	59685	43555	61216	39778	21652	39244	84599	80976	58592	39778	87711	74834	39056	85965	116086	53418	39857	49995	60081	103188
121	14259006	14237316	14295156	14298048	14251776	51340	21347	131718	62383	58703	97041	76647	61954	52374	51845	35996	62482	92605	31639	53771	65989	42958	63324	55580	32979	53522	30145	31815	49510	135719	203874	42241	33231	41661	80721	27588	16424	94908	55024	11775	61489	45094	62941	41511	23141	18531	86111	46849	34303	18418	48832	76562	18866	41611	117519	26035	41537	51660	62070	104814
122	14380470	14358780	14415174	14419512	14373240	53509	23574	132978	64781	60773	98805	78835	63725	54686	54106	38339	64909	94431	33797	55876	68317	45258	65652	57802	34936	55563	31886	33901	51274	136979	204714	44252	35172	43558	82496	29552	18347	96658	57118	13595	63467	47113	64938	43414	25043	20045	87971	48838	36187	20252	50618	78467	20660	43366	118930	27888	43487	53740	64190	106410
123	14500488	14478798	14536638	14540976	14493258	55624	25687	134238	67124	62940	100502	80971	65853	57085	56425	40546	67248	96223	36055	58195	70539	47534	67990	60076	36618	57461	33723	35922	53132	138224	205544	46175	37068	45510	84222	31525	20084	98422	59000	15195	65355	49132	66811	45235	26809	21933	89765	50706	37867	21933	52347	80365	22403	45281	120341	29762	45351	55624	66179	107987
124	14621952	14600262	14658102	14660994	14614722	57700	27788	135483	69355	65161	102162	83071	67915	59318	58574	42736	69595	97966	38232	60450	72777	49744	70251	62263	38387	59369	35522	37779	54779	139479	206384	48062	38765	47160	85926	33005	21780	100137	60688	16889	67246	50952	68602	47160	28392	23404	91487	52547	39632	23582	54090	82168	24107	46896	121769	31591	47139	57376	68110	109564
125	14743416	14721726	14778120	14782458	14736186	59671	29880	136743	71542	67275	103842	85086	69918	61439	60750	44861	71832	99703	40292	62593	74924	51856	72415	64409	39870	61182	37009	39602	56451	140655	207224	49756	40693	48883	87563	34901	23439	101777	62494	18540	68963	52547	70379	48673	30166	25122	93093	54323	41321	25122	55817	83859	25695	48588	123170	33318	48863	59286	70019	111102
126	14863434	14841744	14899584	14903922	14856204	61575	31832	138003	73634	69321	105455	87054	71861	63548	62818	46890	73970	101383	42297	64697	77030	53926	74543	66454	41599	62941	38546	41292	38284	141817	208054	51588	42241	33258	89104	36356	25070	103417	64025	20158	70728	54323	72032	34062	31645	26649	94699	56007	42847	19377	57204	85515	27495	50176	124498	34960	50566	60931	71875	112596
127	14984898	14963208	15019602	15023940	14977668	63582	33978	62677	75832	71451	107032	88966	73858	31507	30745	49088	36693	103043	44400	66826	38037	56027	76681	68617	43210	64778	40436	43107	27967	142993	208894	53361	44158	24620	43330	17723	26836	105051	65865	21941	72428	56007	73827	24365	33308	28168	96353	57749	44553	12442	59014	87261	28969	51797	125842	36754	52297	62730	73843	114090
128	15106362	15083226	15141066	15145404	15099132	65714	36167	64842	78050	73714	108628	90898	75994	33797	32899	51432	39098	104696	46583	69067	40363	58303	78868	70887	44810	66687	41995	44941	29767	144169	209670	55114	45905	26177	44970	19193	28416	106647	67537	23322	74248	57893	75586	26256	34891	29887	98012	59544	46193	14026	60667	88963	30845	53564	127170	38516	54041	64606	75682	115602
129	15226380	15204690	15262530	15266868	15219150	67840	38338	67183	80208	75963	110197	92725	78102	36055	35156	53676	41414	106292	48794	71322	42610	60589	81028	73113	46666	68362	43734	46747	31266	145331	210417	56844	47675	27796	46554	20959	30190	108224	69247	25127	75965	59474	77287	27721	36517	31379	99647	61250	47865	15447	62210	90688	32357	55048	128498	40305	55769	66210	77516	117045
130	15347844	15326154	15383994	15386886	15340614	69874	40443	69412	82292	78124	111691	94551	80156	38232	37332	55821	43655	107869	50909	73505	44834	62761	83078	75275	48062	70176	45223	48399	32758	146507	211173	58559	49252	29325	48081	22494	31800	109801	70916	26810	77684	61148	78931	29325	38128	32866	101187	62941	49353	16869	63813	92260	33923	56636	129842	41917	57410	67960	79258	118456
131	15467862	15446172	15504012	15508350	15460632	71817	42491	71539	84314	80204	113203	96338	82092	40394	39439	57892	45872	109446	52975	75626	46864	64860	85093	77381	49504	71771	46709	50078	34245	147669	211920	60055	50946	30912	49522	24105	33268	111291	72413	28172	79218	62842	80539	31046	39724	34409	102687	64490	50922	18296	65380	93844	35595	58182	131140	43469	58969	69610	80978	119884
132	15589326	15567636	15625476	15629814	15582096	73731	44398	73575	86282	82188	114697	98060	84002	42395	41386	59991	47945	110990	54968	77670	48936	66860	87061	79386	50987	73351	48147	51701	35728	148845	212676	61682	52503	32357	50923	25531	34912	112767	73981	29541	80790	64330	82064	32421	41059	35943	104187	66036	52323	19829	66837	95390	36966	59652	132400	45103	60488	71092	82628	121278
133	15710790	15689100	15745494	15749832	15703560	75574	46358	75559	88226	84142	116190	99792	85826	44353	43390	61917	49973	112484	56920	79620	50884	68829	88950	81326	52425	74965	49587	53159	37207	149974	213432	63266	53938	33801	52363	27112	36309	114243	75437	30982	82340	65788	83614	33801	42594	37302	105611	67582	53801	21348	68267	96860	38396	61117	133645	46506	62036	72667	84253	122689
134	15830808	15809118	15866958	15871296	15823578	77383	48194	77553	90112	86014	117618	101432	87651	46315	45212	63785	51958	113978	58773	81501	52755	70685	90859	83226	53862	76423	50986	54729	38575	151053	214179	64741	55410	35125	53726	28606	37820	115737	76895	32360	83832	67183	85031	35125	43980	38666	106979	69022	55240	22673	69647	98309	39827	62515	134875	47992	63485	74179	85837	124020
135	15952272	15930582	15988422	15991314	15945042	79128	50047	79399	91973	87855	119029	103092	89353	48196	47094	65601	53871	115472	60535	83376	54564	72582	92666	85043	55225	77917	52346	56217	39947	152145	214935	66186	56880	36515	55056	30024	39219	117138	78294	33743	85248	68632	86471	36515	45371	40035	108347	70466	56571	24013	71041	99729	41258	63853	136120	49393	64893	75655	87409	125348
136	16073736	16052046	16108440	16112778	16066506	80828	51791	81214	93777	89626	120440	104723	91093	23136	48862	67461	55715	56542	62346	85139	56427	74318	94492	86843	56556	79373	53709	33523	41274	153237	215691	67607	58279	37853	56425	31378	40569	118515	79672	35069	86664	70002	87856	37853	46630	41308	75061	71887	57903	25444	72366	60906	42593	65197	137365	50797	41658	77140	88904	126660
137	16193754	16172064	16229904	16234242	16186524	82603	53637	83114	95578	91464	121868	106319	92809	24956	50729	69321	57645	27366	64137	87035	58261	76194	96260	88695	57960	80914	55150	28115	42706	154316	216438	69107	59885	39304	57832	32802	42024	119926	81151	36518	88156	71539	89328	39357	48113	42739	53286	73351	59343	26876	73766	49580	43979	66597	61987	52282	32333	78660	90537	127988
138	16315218	16293528	16351368	16354260	16307988	84373	55413	85031	97342	93312	123263	107896	94613	26883	52608	71161	59583	29345	66035	88902	60174	78113	98003	90581	59399	82489	56663	29487	44134	155408	217194	70693	61415	40804	59204	34166	43382	121337	82651	37856	89651	73099	90869	40957	49511	44167	54777	74857	60817	28235	75203	50979	45507	68095	63405	53875	33840	80142	92116	129332
139	16436682	16413546	16471386	16475724	16429452	86149	57279	86903	99085	95113	124591	109473	96334	28681	54420	73070	61526	30998	67851	90765	62061	79907	99758	92378	60803	84047	58103	30998	45566	156500	217950	72226	62903	42250	60580	35594	44928	122748	84107	39306	91136	74639	92345	42495	50912	45552	56190	76288	62224	29531	76607	52456	46937	69505	64813	55349	35222	81628	93678	130660
140	16556700	16535010	16592850	16597188	16549470	87800	59017	88707	100768	96835	125935	110998	98035	30438	56249	74829	63341	32758	69561	92532	63829	81727	101418	94160	62177	85487	59503	32567	46906	157579	218697	73654	64293	43603	61960	37077	46380	124107	85499	40653	92588	76099	93775	43932	52275	46893	57567	77761	63603	30906	77990	53892	48370	70875	66225	56821	36609	83103	95189	131922
141	16678164	16656474	16714314	16717206	16670934	89456	60738	90501	102428	98578	127247	112492	99688	32164	57913	76611	65166	34486	71306	94292	65551	83427	103058	95881	63557	86951	60836	34001	48210	158671	219453	75068	65690	45002	63313	38449	47827	125419	86891	42007	94018	77501	95198	45324	53678	48198	58877	79165	64979	32287	79316	55291	49762	72234	67585	58187	37999	84493	96659	133152
142	16799628	16777938	16834332	16838670	16790952	91082	62345	92191	104068	100246	128575	113968	101268	33801	59703	78254	66908	36190	72958	95965	67287	85140	104710	97561	64837	88385	62176	35319	49522	159750	220209	76445	67054	46362	64595	39774	49190	126747	88281	43365	95409	78879	96542	46673	55046	49426	60126	80564	66293	33672	80584	56656	51074	73522	68965	59587	39339	85885	98087	134397
143	16919646	16897956	16955796	16960134	16912416	92644	64008	93885	105669	101886	129887	115462	102848	35479	61303	79944	68606	37705	74610	97624	68943	86772	106287	99241	66155	89765	63428	36703	50800	160842	220956	77808	68447	47682	65859	41207	50435	128059	89638	44682	96732	80231	97907	47940	56378	50624	61486	81889	67591	34883	81809	57988	52391	74779	70382	60952	40685	87225	99515	135642
144	17041110	17019420	17075814	17080152	17033880	94206	65631	95534	107227	103486	131182	116895	104408	37134	62959	81513	70267	39479	76206	99262	70535	88374	107845	100837	67547	91157	64708	38035	52005	161850	221712	79108	69794	48880	67099	42592	51729	129371	90926	46049	98055	81489	99251	49174	57606	51954	62708	83239	68821	35879	82984	59391	53677	75940	71774	62322	42087	88536	100878	136872
145	17162574	17139438	17197278	17201616	17153898	95714	67150	97130	108804	105078	132427	118306	105878	38666	64540	83138	71920	40922	77760	100837	72185	89984	109422	102397	68687	92455	65968	39426	53260	162858	222459	80382	71186	50173	68311	43978	53030	130698	92136	47247	99399	82739	100527	50337	58845	53249	63912	84575	70098	37297	84235	60795	54931	77209	72906	63634	43347	89847	102238	138117
146	17282592	17260902	17318742	17323080	17275362	97184	68720	98705	110346	106598	133672	119717	107360	40243	66085	84694	73523	42412	79268	102397	73753	91543	110931	103957	69765	93753	67301	40718	54486	163854	223215	81559	72478	51394	69541	45185	54413	131928	93368	48372	100688	83975	101747	51594	59959	54475	65224	85847	71316	38554	85603	62037	56229	78492	73998	64882	44527	91170	103558	139362
147	17404056	17382366	17438760	17443098	17396826	98633	70261	100267	111840	108118	134917	121111	108804	41808	67569	86230	75131	43993	80788	103937	75244	93039	112425	105469	37625	95093	47748	41824	55759	164862	223971	82859	38931	52586	50003	46406	55614	133158	49011	49512	101948	85199	53984	52976	61251	55489	40873	87119	72520	39979	86731	63192	36468	79740	75292	34597	45763	92380	71421	91254
148	17524074	17502384	17560224	17564562	17516844	100078	71711	101747	113316	109619	136147	122505	110256	43315	69039	87717	76643	45566	82263	105412	76756	94535	113901	106932	34242	96584	33665	43522	57148	165858	62020	84331	36168	25085	34303	47853	57151	134403	45515	50913	103408	86711	50327	54361	62645	26425	32269	88592	73976	41354	88105	64734	27124	38857	76696	32525	47231	93898	51700	63370
149	17645538	17623848	17681688	17684580	17638308	101438	73153	81392	114792	89523	137392	123862	111606	44726	57812	70613	78129	47038	83710	79723	69763	95966	115377	108376	35667	78692	35113	45108	58644	166866	63917	86035	37574	26615	35783	44505	49268	135663	47121	52471	78436	62225	52104	55859	55279	28029	33840	71306	62875	42783	89623	66365	28544	36150	78206	34145	48867	95525	53548	64938
150	17767002	17745312	17801706	17806044	17759772	102998	74774	50584	55893	54037	138637	125190	113064	46452	33998	43946	79897	48511	41099	51660	38037	46849	116832	109915	37592	48426	16677	21844	28221	167874	65915	87852	39564	28428	37537	24450	28948	61954	49014	54363	51740	43534	53896	57821	30405	29686	35574	44371	37557	20255	91329	31945	30514	19086	38360	36096	50816	97247	55587	66966
151	17887020	17865330	17923170	17927508	17879790	104672	76880	52743	58034	56209	139864	126518	114558	48670	36130	46106	81968	50718	43210	53740	40157	49006	118260	111435	39632	50760	18573	23937	30214	168870	68215	89784	41705	30475	39423	26493	31028	63853	51081	56416	53968	45713	56109	59890	32390	31717	37559	46468	39496	22219	93155	34023	32556	21060	40362	38216	52964	99011	57916	69202
152	18008484	17986794	18044634	18047526	18001254	106249	79033	55083	60363	58370	141040	127862	116070	50870	38248	48296	84051	52948	45362	55957	42365	51274	119671	112929	41471	52949	20291	26021	32016	169878	70382	91659	43788	32456	41321	28462	33038	65915	53061	58391	56031	47749	58135	61951	34321	33623	39445	48556	41390	23935	94981	35980	34596	22863	42266	40277	55033	100698	60047	71307
153	18129948	18108258	18164652	18168990	18122718	107826	81137	57282	62575	60518	142202	129190	117487	52976	40358	50431	86043	55130	47414	58131	44465	53405	121082	114423	43183	54981	22066	27949	33907	170886	72486	93485	45774	34443	43135	30232	35051	67855	55052	60130	57988	49660	60051	64010	36146	35427	41342	50515	43249	25859	96706	37834	36351	24788	44135	42283	56909	102358	62136	73323
154	18249966	18228276	18286116	18290454	18242736	109422	83187	59370	64711	62560	143378	130518	118898	55119	42409	52480	87997	57184	49462	60217	46512	55489	122510	115935	45059	56897	23879	29959	35638	171882	74474	95278	47808	36148	44783	31969	36897	69715	56928	61920	59877	51536	62074	65757	37828	37141	43011	52365	44985	27647	98449	39706	38133	26335	45882	44151	58797	104038	64126	75262
155	18371430	18349740	18407580	18410472	18364200	110949	85125	61421	66746	64569	144554	131789	120326	57137	44413	54524	89906	59134	51468	62202	48599	57425	123867	117359	46596	58715	25482	31906	37289	172890	76345	97000	49592	37885	46508	33923	38546	71571	58641	63628	61773	53388	63810	67492	39648	38780	44803	54108	46701	29184	100123	41492	39989	28168	47609	45898	60626	105641	66086	77098
156	18492894	18469758	18527598	18531936	18484218	112443	87045	63338	68689	66516	145716	133034	121737	59194	46418	56462	91754	61056	53283	64126	50515	59334	125195	118770	48338	60581	27221	33556	38921	173898	78206	98743	51312	39546	48123	35420	40436	73298	60407	65387	63454	55065	65532	69262	41286	40453	46303	55946	48354	30846	101743	43107	41564	29677	49229	47754	62335	107199	67930	78905
157	18612912	18591222	18649062	18653400	18605682	113955	88866	65195	70550	68377	146892	134294	123140	61080	48209	58224	93580	63016	55114	66117	52365	61216	126539	120198	49938	62291	28780	35422	40589	174840	79974	100403	53053	41238	49605	37190	41946	74995	61991	66844	65246	56797	67237	70959	42862	41962	47926	57546	49994	32422	103343	44803	43273	31247	50842	49371	64031	108776	69700	80614
158	18734376	18712686	18770526	18773418	18727146	115449	90683	66998	72508	70162	148054	135554	124484	62908	50020	60104	95369	64755	56952	67840	54184	63073	127867	121609	51404	64020	30190	36968	42093	175764	81742	102023	54702	42720	51164	38827	43640	76615	63665	68424	66799	58443	68924	72511	44475	43417	49497	59276	51499	33985	104905	46438	44869	32803	52403	51061	65591	110319	71440	82314
159	18855840	18832704	18890544	18894882	18847164	116900	92365	68873	74216	71960	149230	136799	125812	64714	51804	61828	97091	66479	58629	69640	55983	64778	129195	123019	52830	65643	31735	38722	43497	176677	83367	103623	56265	44242	52674	40191	45269	78232	65233	70004	68410	60011	70400	74107	45983	45007	51021	60888	53079	35421	106387	47926	46322	34228	53955	52652	67234	111813	73143	83951
160	18975858	18954168	19012008	19014900	18968628	118311	94081	70554	75988	73589	150331	138059	127140	66470	53493	63571	98834	68251	60327	71324	57654	66532	130539	124363	54333	67317	33268	40192	44993	177601	85010	105171	57892	45760	54143	41758	46709	79792	66787	71512	70019	61573	71937	75667	47446	46457	52418	62358	54499	36911	107850	49371	47902	35595	55390	54197	68771	113289	74737	85511
161	19097322	19075632	19132026	19136364	19090092	119705	95721	72316	77680	75302	151410	139319	128484	68152	55166	65235	100509	69924	61946	73087	59381	68152	131793	125691	55795	68882	34673	41659	46444	178525	86594	106672	59508	47228	55573	43315	48147	81292	68189	72989	71585	63058	73483	77179	48820	47902	53893	63829	55919	38343	109294	50898	49347	37022	56825	55662	70310	114765	76330	87047
162	19217340	19195650	19253490	19257828	19210110	121116	97317	73940	79396	76895	152502	140487	129812	69770	56823	66913	102169	71548	63557	74655	60990	69770	133053	127019	57183	70273	36081	43364	47846	179438	88111	108135	60909	48654	56931	44818	49587	82742	69599	74389	73003	64540	74957	78567	50196	49305	55255	65365	57340	39827	110684	52340	50793	38396	58260	57233	71760	116254	77880	88546
163	19338804	19317114	19374954	19379292	19331574	122510	98892	75533	80961	78476	153594	141663	131112	71423	58363	68461	103809	73192	65189	76249	62523	71423	134298	128363	58538	71810	37435	44773	49209	180362	89606	109579	62346	50075	58258	46272	51067	84170	71024	75750	74459	65961	76415	79971	51576	50670	56657	66791	58726	41158	112016	53779	52198	39775	59625	58692	73144	117648	79388	90018
164	19460268	19438578	19494972	19499310	19453038	123867	100425	77153	82536	80036	154673	142839	132357	73015	59899	69982	105404	74757	66713	77828	64149	72931	135558	129691	59865	73249	38742	46228	50576	181286	91115	110972	63721	51458	59588	47639	52463	85586	72434	77100	75844	67387	77832	81364	52959	51998	57989	68223	60081	42495	113348	55181	53604	41058	60989	60116	74544	119025	80828	91465
165	19580286	19558596	19616436	19620774	19573056	125179	101925	78750	84141	81576	155765	144001	133602	74499	61463	71548	106962	76161	68147	79362	65737	74471	136818	130983	61089	74704	40108	47683	51827	182199	92523	112340	65129	52805	60851	49006	53861	86978	73806	78387	77248	68769	79184	82739	54344	53175	59322	69603	61407	43744	114662	56549	54973	42446	62324	61510	75926	120402	82278	92873
166	19701750	19680060	19737900	19740792	19694520	126507	103425	80206	85653	83101	156857	145177	134847	76045	63016	73080	108501	77717	69617	80803	67194	75937	138063	132228	62455	76081	41328	49049	53126	183123	93931	113690	66500	54042	62092	50214	55150	88318	75134	79661	78608	70134	80557	84119	55694	54403	60660	70970	62730	45002	115994	57845	56270	43791	63636	62863	77330	121779	83701	94259
167	19823214	19801524	19857918	19862256	19815984	127819	104869	81690	87117	84515	157936	146339	136092	77579	64435	74592	110040	79199	71070	82303	68643	77422	139323	133473	63763	77458	42661	50379	54469	184047	95326	115004	67881	55326	63346	51474	56445	89675	76511	80916	79934	71439	81857	85463	56977	55715	61873	72269	63966	46272	117228	59112	57537	45048	64884	64159	78635	123115	85045	95618
168	19943232	19921542	19979382	19983720	19936002	129147	106275	83165	88544	85955	159028	147515	137337	79035	65828	76026	111481	80646	72506	83773	70100	78879	140490	134718	65107	78758	43809	51675	55779	184960	96649	116327	69231	56583	64627	52742	57779	91005	77820	82116	81303	72722	83132	86759	58128	56961	63061	73529	65246	47682	118452	60354	58813	46182	66108	65405	79883	124379	86413	96920
169	20064696	20043006	20100846	20103738	20057466	130475	107662	84576	89993	87384	160107	148677	138567	80464	67254	77430	112921	82046	73906	85189	71521	80309	141652	135963	66169	80110	45158	52977	56879	185884	97993	117568	70581	57879	65828	53981	59153	92259	79016	83416	82578	74010	84377	87971	59353	58218	64255	74866	66458	48838	119642	61741	60030	47377	67348	66676	81154	125627	87754	98243
170	20186160	20164470	20220864	20225202	20178930	131718	109049	85992	91397	88741	161160	149805	139785	81864	68641	78809	114343	83446	75284	86581	72885	81664	142814	137208	67347	81347	46335	54286	58067	186808	99316	107280	71799	59145	66975	55304	60428	93491	80186	84649	70168	75249	85625	89144	60555	52435	65529	76162	67630	50050	120866	62929	61356	48628	68612	68021	82404	126891	89088	99524
171	20306178	20284488	20342328	20346666	20298948	132963	110398	87374	92783	90098	162156	150884	140947	83264	69982	80213	115783	84798	76634	87938	74285	83039	143976	138438	68701	39360	47526	55564	27550	62677	100688	58127	73098	60387	31877	26267	61681	45056	81470	85849	40129	36321	41411	90478	28853	28073	31289	77484	32663	51234	122124	64223	62615	49968	69867	69311	83702	128187	90491	100847
172	20427642	20405952	20463792	20466684	20420412	134208	111712	88731	94169	91454	163152	151963	142109	84623	71345	81546	117131	86166	77964	89272	75649	84359	145138	139678	70098	40909	49064	57246	28876	64042	102308	59840	74748	61938	33280	27656	63298	46549	82970	87352	41699	37832	42838	91993	30191	29447	32717	78966	34093	52742	123504	65746	64142	51394	71346	70832	85238	129515	92094	102447
173	20547660	20525970	20583810	20588148	20540430	135453	113008	90065	95511	92774	164148	153042	143271	85991	72716	82846	118474	87494	79264	90606	76972	85655	146300	140826	71519	42547	50558	58775	30352	65447	103928	61506	76179	63422	34685	29050	64676	48120	84509	88801	43162	39337	44405	93511	31538	30894	34084	80472	35525	54247	124832	67296	65544	52781	72801	72416	86798	130833	93744	104027
174	20669124	20647434	20705274	20709612	20661894	136668	114304	91378	96855	94072	165144	154121	144405	87281	74032	84126	119800	88736	80584	91896	78290	86999	147462	142002	72884	44076	52009	60197	31756	67028	105517	62925	77630	64798	36035	30514	66092	49518	85973	90227	44626	40836	45870	95007	32892	32211	35458	81972	36900	55674	126176	68681	67001	54171	74201	73956	88261	132093	95357	105573
175	20790588	20768898	20826738	20829630	20783358	137883	115600	92676	98157	95335	166140	155200	145539	88546	75297	85374	121126	90024	81859	93216	79590	88247	148624	143150	74284	45555	53420	61688	33038	68602	107037	64283	79086	66179	37336	31912	67516	50919	87401	91599	46040	42281	47292	96416	34253	33599	36835	83447	38225	57029	127488	70078	68456	55526	75595	75413	89710	133338	96869	107074
176	20910606	20888916	20946756	20951094	20903376	139083	116856	94040	99459	96574	167136	156279	146659	89788	76539	86646	122452	91405	83109	94536	80872	89558	149755	144312	75621	46896	54717	63173	34334	70176	108557	65681	80538	67570	38700	33313	68926	52281	88781	92919	47414	43632	48673	97802	35618	34874	38162	84847	39558	58354	128816	71470	69832	56921	76945	76844	91127	134598	98402	108556
177	21032070	21010380	21068220	21071112	21024840	140224	118097	95346	100745	46585	168132	80462	86760	91113	77821	87954	71786	92659	84355	95798	82122	90892	150834	62934	49673	48330	56058	64683	35638	71684	110094	67138	81963	68950	40068	21748	45839	53722	90161	94261	48832	45077	50094	99188	36989	36216	39445	86263	40897	59719	62677	72836	71195	58284	37265	78245	44664	135858	99938	110057
178	21153534	21131844	21188238	21192576	21146304	141400	119491	96774	102185	48026	169128	62647	62647	92587	79277	89357	60791	94111	85771	97226	83597	92279	151926	64323	37280	49930	57547	66285	37121	73071	111606	68739	83538	70396	41440	16247	33727	55274	91668	95725	50413	46525	51597	100687	38419	37620	40889	87794	42339	61216	64074	74320	72739	59684	38685	79727	46077	137103	101538	111551
179	21273552	21251862	21309702	21314040	21266322	142576	120902	98307	103745	49552	170136	64141	64013	94149	80821	90921	62330	95603	87323	98780	85135	93797	153018	65719	38646	51557	58927	67793	38546	74639	113100	70279	85054	71846	42817	17839	35231	56784	93120	97132	51948	48010	53096	102147	39953	39027	42283	89289	43782	62644	65478	75791	74167	61046	40053	81179	47494	138363	103098	113027
180	21395016	21373326	21431166	21434058	21387786	143738	122313	99868	105287	50993	171144	65791	65419	95681	82371	92439	63994	97094	88818	100258	86671	95324	154097	67114	40016	53018	60311	69203	39920	76180	114576	71758	86566	73255	44196	19192	36675	58221	94550	98518	53439	49453	54478	103587	41329	40385	43634	90738	45178	64010	66873	77249	75590	62446	41426	82654	48950	139608	104615	114521
181	21516480	21494790	21551184	21555522	21509250	144914	123698	101328	106750	52430	172140	67434	66814	97193	83838	93935	65618	98585	90290	101718	88139	96752	155189	68655	41340	54478	61699	70670	41248	77657	116052	73170	87970	74655	45581	20556	38063	59656	95938	99888	54850	50855	55862	104984	42613	41648	45033	92132	46490	65385	68272	78635	76967	63818	42804	84086	50364	140770	106078	115979
182	21636498	21614808	21672648	21676986	21629268	146090	125026	102808	108251	53943	173148	68875	68215	98684	85254	95414	67013	100052	91725	103198	89588	98222	156281	70140	42721	55862	63085	72120	42485	79087	117470	74570	89350	75979	46833	21930	39454	61019	97303	101188	56224	52219	57248	106333	43857	43017	46303	93518	47804	66687	69592	79987	78337	65226	44136	85478	51740	141946	107522	117367
183	21757962	21736272	21794112	21797004	21750732	147252	126354	104308	109733	55378	174144	70295	69595	100127	86718	96842	68408	101492	93089	104653	91032	99687	157360	71590	43961	57248	64374	73520	43828	80514	118864	75897	90753	77329	48139	23222	40744	62387	98647	102468	57600	53586	58637	107663	45205	44345	47625	94904	49168	67972	70814	81304	79689	66501	45432	86870	53041	143108	108947	118744
184	21879426	21857736	21914130	21918468	21872196	148428	127682	105707	111136	56813	175077	71687	70962	101527	88115	98249	69814	102912	94497	106059	92462	101067	158452	73008	45261	58637	65614	74885	45177	81839	120241	77193	92102	78660	49369	24447	42045	63697	99971	103748	58909	54917	60029	108993	46559	45634	48783	96255	50372	69202	72032	82629	80993	67732	46732	88215	54386	144284	110355	120104
185	21999444	21977754	22035594	22039932	21992214	149573	128994	107094	112540	58179	176001	73130	72346	102947	89518	99672	71264	104332	95866	107427	93848	102447	159544	74380	46481	60029	66823	76208	46533	83189	121618	78477	93444	79960	50568	25854	43354	65041	101251	105042	60191	56215	61321	110291	47871	46929	50078	97557	51668	70466	73211	83942	82218	68902	47954	89526	55735	145446	111687	121447
186	22120908	22099218	22157058	22159950	22113678	150665	130322	108481	113926	59544	176914	74558	73662	104347	90875	100992	72637	105673	97252	108814	95226	103827	160623	75714	47623	61355	68044	77554	47631	84479	122978	79725	94720	81178	51739	26957	44534	66291	102471	106277	61483	57484	62614	111551	49065	48018	51381	98838	52971	71800	74583	85286	83568	70118	49188	90837	57124	146608	113019	122773
187	22242372	22220682	22277076	22281414	22235142	151757	131590	109868	115312	60842	177838	75940	74914	105706	92197	102332	74037	107003	98596	110175	96570	105174	161648	77037	48865	62647	69334	78880	48747	85727	124260	81002	95974	82378	52962	28313	45770	67499	103731	107455	62705	58796	63853	112793	50231	49209	52496	100093	54090	73043	75829	86486	84795	71452	50351	92117	58341	147770	114369	124035
188	22362390	22340700	22398540	22402878	22355160	152836	132835	111192	116669	62116	178762	77317	76129	107036	93539	103692	75383	108314	99903	111489	97914	106485	162656	78326	50158	44200	70594	80284	49961	87023	125540	82302	71790	39817	24582	29745	27049	68849	68373	81281	63973	60047	65069	113999	51410	50453	35427	48527	55262	74163	70539	60779	86019	72651	51567	93393	59531	89791	76032	125283
189	22483854	22462164	22520004	22522896	22476624	153902	134080	112506	117961	63434	179675	78648	77344	108366	94925	104989	76760	109644	101163	112803	99258	107796	163652	79626	51539	30880	72044	81690	23846	88569	126868	83748	47421	41249	25579	31111	22814	70270	51660	52725	65442	61542	66566	115457	52797	51827	25660	49954	56700	75586	37652	42814	87468	74051	53028	94911	61033	62647	55876	126611
190	22603872	22582182	22640022	22644360	22596642	154942	135310	113784	119236	64746	180599	80000	78596	109658	96149	106224	78112	110908	102403	114081	100553	109088	164660	80957	52962	32390	73474	83340	25287	90248	128196	85380	48922	42778	27003	32419	24401	71865	53080	54344	67085	63093	68155	116908	54338	53282	27080	51620	58209	77125	39163	44428	89032	75559	54488	96429	62631	64077	57550	127939
191	22725336	22703646	22761486	22765824	22716660	155982	136525	115062	120494	65974	181501	81367	79922	110903	97367	107459	79516	112186	103663	115359	101773	110345	165656	82332	54385	34016	74921	84936	26649	91817	129540	86988	50542	44252	28355	34043	25892	73386	54614	55731	68687	64574	69685	118336	55837	54735	28501	53080	59679	78593	40618	45848	90504	76990	55983	97962	64062	65729	59350	129283
192	22846800	22825110	22882950	22885842	22838124	157022	137770	55893	70340	67307	62677	82767	81117	53809	98690	108789	80851	54491	50733	66002	103073	111623	166652	83582	55808	35625	76379	86496	28168	93445	130857	88535	52074	20753	12628	35477	27453	43531	56216	57121	70171	66117	33568	119747	57332	56112	29925	54462	35713	80075	42120	24625	91974	37041	26983	47204	65559	67434	60824	130611
193	22966818	22945128	23002968	23007306	22958142	158114	139015	57278	59403	68812	64042	84290	82592	55210	100212	110314	82351	55875	52300	57262	104629	113081	167660	85097	57412	37276	78083	88248	29817	95240	132102	90237	53791	22395	14043	37244	29000	36917	57952	58653	71911	67870	35316	121158	58998	57815	31481	56364	29635	81664	43572	23176	93690	38685	28628	49210	67419	68995	62791	131876
194	23088282	23066592	23124432	23127324	23079606	159193	140217	59051	61249	70466	65602	86042	84146	56974	101852	111808	84083	57513	53816	59140	106206	114593	168668	86753	59076	39121	79721	90019	31247	96941	133362	91939	55526	23925	15596	38879	30740	38619	59461	60351	73598	69550	36924	122586	60448	59433	33090	57916	31140	83289	45156	24740	95348	40363	30183	50905	68950	70759	64473	133121
195	23209746	23188056	23244450	23248788	23201070	160285	141393	60737	62874	72090	67369	87720	85634	58685	103492	113302	85787	59314	55291	60722	107783	116087	169664	88333	60557	40628	81198	91664	32740	98621	134622	93523	57173	25443	17249	40497	32193	40197	61169	61936	75203	71150	38518	123939	62129	60870	34503	59531	32639	84863	46732	26212	96902	41826	31728	52620	70599	72374	66237	134381
196	23329764	23308074	23365914	23370252	23321088	161336	142555	62311	64521	73771	68902	89422	87214	60212	105122	114814	87499	60755	57088	62296	109379	117503	170672	89989	62037	42326	82723	93292	34289	100247	135867	95126	58774	26875	18645	42053	33705	41714	62796	63322	76823	72723	40100	125267	63703	62341	36033	61237	34131	86375	48298	27754	98456	43188	33136	54128	72219	73886	67807	135626
197	23451228	23429538	23487378	23490270	23442552	162332	143731	63943	66190	75289	70466	91071	88709	61900	106680	116300	89063	62361	58691	63961	110891	118931	171680	91570	63454	43958	84224	94920	35711	101807	137127	96638	60298	28381	20047	43410	35269	43273	64158	64764	78380	74235	41621	126611	65175	63716	37555	62763	35560	87810	49776	29285	99949	44650	34606	55706	73731	75454	69517	136886
198	23572692	23551002	23607396	23611734	23564016	163340	144907	65599	67701	76828	72061	92677	90204	63545	108219	117711	90696	63960	60081	65555	112385	120342	172676	93044	64862	45396	85664	96438	37190	103347	138387	98150	61885	29740	21454	44955	36879	44823	65559	66178	79888	75790	43039	127939	66607	65124	39017	64126	36989	89213	51167	30808	101409	46063	36018	57204	75196	76993	71090	138146
199	23692710	23671020	23728860	23733198	23684034	164348	146069	67025	69231	78359	73631	94283	91687	64953	109758	119122	92290	65554	61509	66919	113861	121753	173684	94606	66241	46918	87080	97929	38558	104870	139617	99638	63337	31173	22774	46406	38313	46232	67016	67569	81334	77248	44507	129251	68015	66495	40375	65559	38419	90639	52521	32128	102849	47436	37375	58699	76627	78466	72525	139391
200	23814174	23792484	23850324	23853216	23805498	165344	147245	68539	70784	79867	75154	95809	93117	66485	111232	120516	93786	66918	63027	68437	115355	123155	174655	96096	67600	48394	88439	99420	39879	106314	140793	101038	64778	32542	24108	47810	39747	47687	68410	68919	82734	78686	45878	130579	69395	67876	41688	66954	39745	91993	53918	33519	104269	48768	38737	60157	78062	79896	74009	140568
201	23935638	23913948	23970342	23974680	23925516	166352	148421	70057	72314	81314	76531	97279	94525	67987	112672	121927	95293	68376	64510	69959	116811	124483	175568	97545	68950	49786	89796	100848	41158	107739	141969	102438	66191	33795	25370	49173	41081	49053	69787	70279	84139	80064	47256	131816	70740	69256	42912	68350	41029	93357	55169	34856	105632	50105	40051	61583	79440	81317	75491	141744
202	24055656	24033966	24091806	24096144	24046980	167360	149567	71536	73770	82764	77943	98749	95872	69457	114112	123302	96742	69784	65931	71409	118205	125795	176492	98994	70251	51176	91121	102228	42397	109164	143131	103818	67552	35119	26572	50500	42419	50383	71121	71642	85507	81428	48639	133061	72045	70518	44242	69729	42319	94743	56464	36255	106924	51447	41324	62936	80803	82667	76949	142906
203	24177120	24155430	24213270	24216162	24168444	168356	150659	72956	75207	84167	79347	100208	97216	70858	115552	124630	98191	71176	67326	72805	119599	127123	177416	100402	71614	52530	92353	103628	43603	110543	144307	105166	68932	36338	27722	51713	43765	51718	72471	73030	86875	82753	49938	134306	73251	71881	45490	71063	43527	95975	57582	37548	108216	52794	42657	64261	82128	84026	78346	144082
204	24298584	24276894	24333288	24337626	24288462	169364	151751	74356	76611	85535	80739	101608	98539	72273	116912	125958	99637	72580	68680	74205	120993	128435	178329	101762	72807	53888	93629	104985	44910	111875	145483	106458	70263	37683	29042	53053	44977	53019	73871	74206	88220	84037	51284	135536	74511	73121	46700	72443	44791	97235	58821	38637	109508	54032	43805	65535	83453	85322	79724	145244
205	24418602	24396912	24454752	24459090	24409926	170372	152830	75718	77994	86903	82089	103028	99848	73645	118255	127270	101017	73924	70019	75572	122387	129763	179253	103102	73955	55176	94993	106258	46227	113189	146645	107750	71539	38929	30439	54436	46203	54213	75142	75357	89508	85309	52479	136781	75651	74213	47923	73843	46066	98474	60140	39903	110779	55243	45108	66775	84709	86594	81076	146406
206	24540066	24518376	24574770	24579108	24531390	171368	153922	77068	79320	88247	83464	104428	101088	75005	119598	128598	102397	75301	71295	76895	123719	131066	180166	104462	75196	56471	96151	107531	47421	114503	147807	109042	72763	40135	31512	55636	47397	55419	76330	76545	90750	86581	53801	137996	77001	75472	49158	75061	47263	99687	61398	41231	112039	56316	46286	68027	85981	87858	82401	147568
207	24660084	24638394	24696234	24700572	24651408	172364	155001	78408	80688	89558	84839	105783	102348	76328	120924	129926	103757	76651	72555	78216	125015	132311	181090	105759	76438	57805	97285	108823	48499	115835	148969	110319	73995	41304	32550	56776	48731	56709	77490	77879	91967	87823	55017	139196	78214	76741	50280	76249	48473	100887	62424	42468	113209	57618	47434	69287	87225	89100	83723	148730
208	24781548	24759858	24817698	24822036	24772872	173336	156093	79734	81988	90823	86159	107113	103648	77644	122233	131204	105089	78033	73927	79490	126295	133541	182014	107032	77594	59143	98503	110148	49720	56614	150076	111579	35602	42491	33924	58036	50151	58041	78712	79049	93243	42277	26188	140316	79332	37041	23316	36264	49611	49290	63669	19839	55099	58821	22598	70635	42032	90434	85067	61954
209	24903012	24881322	24937716	24942054	24894336	174314	157172	81011	83288	92081	87419	108481	50297	78944	88190	132464	106419	79281	46641	80801	127607	134801	182927	108324	79024	60589	99974	111642	51114	58018	151168	113073	37085	43928	35303	42141	51532	59478	80194	51004	94783	43770	27731	141492	80824	38469	24704	37832	51050	50655	52748	21162	56394	60310	23940	72085	43534	91973	86747	63340
210	25023030	25001340	25059180	25063518	25014354	175227	158264	82386	84646	93423	42375	109887	51595	80348	60791	133709	107806	80650	36522	82176	128919	136061	183851	109692	80578	62266	101474	113136	52625	59560	152260	114567	38673	20853	36687	28660	52994	61016	81778	39597	96370	45258	29263	142654	82374	40001	26097	39443	52602	52224	31309	22683	58018	61764	25376	73710	45120	93645	88442	64909
211	25144494	25122804	25180644	25183536	25135818	176140	159343	83901	86158	94897	43817	111372	53016	81801	62198	134969	109326	82125	37915	83601	130263	137306	184775	111133	82028	63964	103014	114630	54209	61368	153339	116079	40249	22395	38073	30214	54568	62681	83403	40935	97966	46874	30786	143830	83937	41376	27646	40938	54110	53706	32862	24109	59420	63183	26966	75338	46654	95263	90144	66690
212	25265958	25244268	25300662	25305000	25257282	177064	160435	85365	87671	96332	45304	112848	54400	83326	63578	136214	110805	83575	39310	85043	131535	138566	185688	112555	83453	65496	104514	116142	55711	62890	154431	117495	41814	23662	39515	31559	56246	64270	84925	42376	99520	48480	32236	145006	85329	42804	29041	42477	55615	55110	34285	25616	60824	64597	28395	76877	48179	96796	91806	68185
213	25385976	25364286	25422126	25426464	25377300	177988	161475	86853	89120	97760	46698	114324	55823	84779	64954	137474	112263	84946	40657	86507	132795	139784	186612	113977	84853	67046	105941	117555	57137	64441	155523	118906	43321	25114	40957	33101	57766	65730	86341	43818	101003	49950	33808	146168	86745	44230	30438	44008	57044	56516	35765	27115	62296	66047	29753	78354	49702	98350	93412	69744
214	25507440	25485750	25543590	25546482	25498764	178901	162471	88291	90569	99188	48093	115800	57102	86219	66331	138734	113703	86362	42060	87913	134040	140960	187536	115399	86245	68529	107328	118949	58494	66020	156602	120317	44777	26406	42299	34574	59140	67156	87731	45167	102463	51416	35250	147344	88118	45568	31774	45491	58438	57884	37131	28536	63769	67442	31118	79810	51136	99868	94974	71281
215	25628904	25607214	25663608	25667946	25620228	179825	163479	89694	91970	100547	49492	117215	58390	56838	67718	98099	115161	87774	43417	69845	135300	142136	188449	92245	87616	70047	78161	120360	59890	67597	157694	121728	46232	27788	43650	35928	60518	32007	89157	40786	103923	52842	36636	62211	89521	46908	14604	46921	59802	27550	38448	29888	65209	68793	32425	81259	52569	101328	96511	72850
216	25748922	25727232	25785072	25789410	25740246	180749	164487	91243	93444	102027	50934	118626	59857	43150	69188	62647	116611	89269	44869	43805	136560	143298	189373	57298	89065	71642	53115	121771	61386	69097	158786	123131	47816	29247	45094	37400	61966	33590	90675	22538	105475	54230	38133	63526	91012	48384	16103	48440	61230	29020	39929	31314	66795	70245	33988	82809	54078	102868	98149	74446
217	25870386	25848696	25906536	25909428	25861710	181662	165483	92827	95134	103667	52608	120054	61489	44798	70945	64045	118039	90925	46546	45430	137805	144474	190278	58720	90491	73198	54496	123188	62842	70684	159865	124459	49305	30703	46585	38921	63545	35101	92182	24058	106995	55805	39625	64966	92486	49776	17591	49912	62723	30488	41306	32741	68347	71753	35306	84403	55583	104428	99797	75967
218	25991850	25968714	26026554	26030892	25981728	182586	166491	94543	96814	105288	54306	121465	62876	46522	72553	65791	119450	92575	48160	46994	139065	145650	191108	60450	91896	74736	55916	124516	64234	72273	160948	125803	50793	32157	47983	40436	65049	36663	93634	25486	108496	57337	41064	66342	93916	51167	18962	51299	64119	31951	42689	34107	69843	73193	36802	85915	57049	105897	101317	77504
219	26111868	26090178	26148018	26152356	26103192	183510	167487	96183	98452	106865	55842	122876	64395	48093	74121	67525	120861	94181	49599	48724	140263	146812	191948	62197	93282	76248	57301	125844	65633	73785	161956	127115	52278	33548	49342	41798	66516	38052	95084	26840	109978	58793	42501	67758	95333	52521	20343	52806	65491	33351	44024	35596	71264	74565	38130	87369	58513	107322	102837	78986
220	26233332	26211642	26268036	26272374	26224656	184423	168495	97779	100086	108423	57481	124228	66006	49702	75788	68905	122289	95796	51278	50226	141425	147988	192788	63577	94624	77723	58723	127172	66966	75248	162952	128443	53681	34883	50665	43161	67927	39443	96449	28126	111368	60215	43843	69138	96656	53918	21730	54233	66855	34754	45414	36967	72637	75892	39466	88772	59909	108747	104337	80442
221	26354796	26331660	26389500	26393838	26344674	185347	169503	99375	101626	110000	59003	125556	67553	51336	77435	70498	123659	97329	52863	51725	142601	149164	193618	65113	95966	79153	60113	128500	68302	76679	163960	129755	55086	36224	52074	44533	69307	40785	97814	29356	112736	61606	45237	70520	98000	55206	22942	55623	68195	36044	46759	38235	74009	77188	40756	90175	61303	110166	105773	81842
222	26474814	26453124	26510964	26515302	26466138	186260	170511	100905	103166	111479	60555	126884	69023	52803	78814	72064	124987	98862	54365	53299	143763	150257	194458	66702	97268	80577	61540	129812	69562	78060	164968	131043	56455	37518	53483	45904	70626	42183	99179	30604	114104	62959	46590	71912	99323	56538	24181	56944	69515	37289	47895	39567	75275	78446	42106	91549	62629	111480	107179	83242
223	26596278	26574588	26630982	26635320	26587602	187184	171507	102405	104698	112937	62002	128228	70438	54306	80296	73606	126331	100336	55826	54828	144939	151349	195288	68227	98528	81927	62794	131112	70785	79412	165964	132288	57825	38770	54779	47149	71931	43489	100478	31933	115454	64252	47945	73319	100615	57798	25275	58201	70769	38654	49130	40906	76517	79824	43366	92869	63932	112812	108566	84578
224	26716296	26694606	26752446	26756784	26707620	188108	172515	103885	106161	114395	63452	129556	71830	55768	81751	75076	127659	101776	57213	56314	146115	152428	196128	69727	99798	83252	63964	132342	71974	80751	166972	133533	59093	40031	55933	48448	73225	44709	101758	33333	116769	65496	49221	74635	101915	58961	26559	59566	72016	40024	50376	42250	77748	81122	44545	94211	65244	114126	109953	85898
225	26837760	26816070	26873910	26878248	26829084	189021	173511	105325	107586	115835	64860	130872	73212	57265	83201	76534	128987	103216	58603	57760	147277	153520	196968	71148	100958	84588	65148	133587	73295	82051	167968	134778	60404	41304	56957	49671	74513	45986	103018	34556	118044	66767	50506	75825	103115	60174	27859	60931	73251	41248	51632	43507	78970	82297	45735	95530	66519	115422	111273	87214
226	26959224	26937534	26993928	26998266	26950548	189945	174497	106731	109030	117214	66271	132132	74556	58688	84587	77920	130315	104632	59996	59134	148453	154612	197798	72553	102178	85860	66426	134832	74555	83326	168976	136008	61658	42491	58354	50904	75761	47229	104298	35562	119268	68049	51798	76986	104315	61398	29029	62202	74483	42289	52897	44680	80296	83422	47028	96748	67809	116688	112569	88479
227	27079242	27057552	27115392	27119730	27070566	190798	175421	108118	110416	118557	67629	133362	75803	60079	85931	79298	131568	105981	61356	60512	149610	155704	198638	73897	103438	87178	32137	136077	75721	40335	23136	137253	27474	19839	27775	52107	77138	48483	105527	36823	120560	69399	53058	49598	105543	62655	30221	28920	75732	43545	27436	45867	81626	84679	48244	46761	69039	117963	113937	43234
228	27200706	27179016	27236856	27239748	27192030	61232	61954	53052	53733	57876	32916	134622	36492	28490	87430	38643	61954	107425	29206	29206	37596	62677	62677	35544	50010	42326	14747	60732	36435	42045	63274	138498	30324	21455	29234	53785	78632	22964	51693	38367	58598	33382	25469	38307	51533	64117	31763	31081	36606	45085	26062	21976	39042	86167	49807	48370	32979	119374	115449	44924
229	27322170	27300480	27356874	27361212	27313494	62989	63853	55117	55950	59908	35172	135867	38592	30669	89362	40884	64173	109002	31467	31401	64170	64810	64810	37695	51715	44522	16738	64138	38214	44158	65512	139734	32378	23318	31162	55853	80726	25046	53695	40266	60671	35493	27512	40312	53151	66078	33668	33088	38538	47061	27837	23884	41011	88116	51797	50501	34995	120802	116900	47082
230	27442188	27420498	27478338	27482676	27433512	65145	66101	57351	58370	62067	37348	137127	40632	33018	91256	43199	66628	110552	33698	33760	66532	67121	67183	39989	53601	46610	18741	66253	40068	46220	67645	140910	34429	25124	32786	57743	82701	26966	55580	42272	62742	37482	29482	42267	55136	67893	35469	35097	40377	49083	29715	25730	43078	89979	53642	52508	37012	122213	118311	49144
231	27563652	27541962	27599802	27602694	27554976	67260	68275	59752	60688	64379	39662	138387	42721	35326	93082	45489	68995	112064	35846	36020	68812	69412	69472	42354	55416	48652	20343	68242	41987	48277	69685	142072	36363	26961	34694	59713	84611	28903	57370	44000	64713	39423	31327	44136	57010	69693	37350	37052	42134	50904	31547	27453	44821	91780	55381	54437	38871	123588	119739	51085
232	27685116	27661980	27719820	27724158	27676440	69397	70527	62048	63022	66642	41996	139617	44801	37601	94930	47793	71368	113558	38037	38253	71104	71684	71771	44454	57138	50524	22016	70234	43632	50208	71600	143248	38307	28754	36273	61516	86483	30715	59315	45708	66500	41321	33068	46018	58685	71434	38926	38750	43961	52502	33153	29427	46588	93540	57284	56340	40642	124932	121150	52987
233	27805134	27783444	27841284	27845622	27796458	71467	72710	64328	65337	68859	44205	140793	46833	39901	96679	49951	73690	115052	40261	40516	73351	73911	74051	46678	58740	52335	23834	72061	45399	52028	73466	144410	39949	30371	38060	63199	88212	32425	60960	47397	68271	42943	34901	47696	60450	73137	40695	40577	45581	54317	34863	31009	48373	95205	58847	58144	42486	126260	122561	54904
234	27926598	27904908	27962748	27965640	27917922	73449	74833	66499	67537	70975	46265	141969	48907	42074	98422	52137	75913	116542	42316	42659	75505	76018	76234	48801	60367	54192	25439	73827	46877	53786	75346	145586	41726	32035	39504	64964	89937	34110	62758	49151	70030	44737	36527	49440	62065	74677	42194	42179	47185	55964	36376	32705	50012	96780	60471	59856	44158	127588	123931	56608
235	28046616	28024926	28082766	28087104	28037940	75410	76858	68630	69637	73030	48320	143131	50896	44186	100157	54193	78076	117953	44324	44696	77605	78099	78359	50834	61985	55842	26793	75532	48526	55558	77101	146762	43380	33617	40946	66619	91564	35657	64185	50561	71741	46283	38246	51007	63641	76243	43737	44005	48823	57455	37885	34194	51597	98376	62185	61588	45770	128932	125259	58364
236	28168080	28146390	28204230	28208568	28159404	77354	78856	70667	71728	75033	50372	144307	52650	46201	101817	56176	80156	119364	46288	46688	79633	80101	80413	52824	63467	57517	28377	77233	50076	57240	78882	147924	45018	35067	42583	68116	93148	37362	65865	52092	73266	47951	39734	52560	65209	77796	45409	45396	50322	59013	39388	35794	53252	99913	63661	63139	47370	130260	126587	60070
237	28289544	28267854	28324248	28328586	28280868	79230	80842	72733	35181	77058	24206	145469	54499	48258	103477	58199	82217	120792	48298	48726	81639	82089	82439	11037	64971	59178	29945	78905	23136	58979	80642	149100	46556	36573	20244	69735	94798	38883	31042	53656	34706	49521	41319	54222	66764	36985	46886	47094	51819	60632	40987	37493	54782	101413	65101	64778	48916	131532	127931	61828
238	28411008	28387872	28445712	28450050	28400886	81226	82917	74936	37299	79153	26269	146645	56511	50436	105127	60386	84290	122203	50351	50884	83735	84167	84479	12963	66564	60895	31500	80664	25300	60735	82442	150210	48341	38343	21734	71417	96448	40552	32545	55284	36398	51204	43085	55835	68287	38415	48406	48820	53391	62209	42475	39010	56380	102953	66690	66501	50700	132792	129259	63507
239	28531026	28509336	28567176	28570068	28522350	83201	84914	77069	39461	81252	28327	147821	58586	52563	106704	62498	86282	123578	52404	53028	85727	86159	86471	14776	68093	62629	32919	82314	26895	62474	84170	151289	49982	39879	23127	72981	98065	42155	34163	56758	37960	52869	44551	57402	69901	39949	49921	50237	55068	63716	44007	40623	58040	104533	68335	68062	52228	134052	130587	65267
240	28652490	28630800	28687194	28691532	28643814	85115	86906	79137	41506	83277	30312	148983	60489	54604	108281	64541	88226	124922	54450	55020	87695	88086	88408	16765	69623	64188	34459	83951	28327	64133	85850	152381	51527	41258	24527	74549	99637	43700	35707	58230	39617	54409	46101	58996	71438	41426	51468	51936	56548	65220	45490	42174	59617	105997	69860	69682	53748	135297	131853	66789
241	28772508	28750818	28808658	28812996	28763832	86963	88801	81137	43457	85188	32238	150102	62301	56648	109858	66489	90112	126250	56390	56934	89581	89972	90294	18764	71076	65837	35991	85535	29828	65721	87513	153473	53067	42691	26009	76066	101157	45235	37187	59700	41156	55943	47691	60514	72889	42900	52932	53583	57952	66712	46876	43624	60981	107441	71310	71220	55225	136557	133098	68431
242	28893972	28872282	28930122	28934460	28885296	88718	90664	83062	45460	87108	34175	151194	64094	58578	111363	68350	91973	127578	58226	58821	91443	91839	92147	20466	72456	67418	37350	87071	31190	67302	89077	154552	54602	44214	27411	77521	102637	46676	38556	61130	42591	57363	49225	62028	74345	44277	54356	55028	59356	68176	48310	45115	62449	108866	72682	72763	56736	137817	134358	70040
243	29015436	28993746	29050140	29054478	29006760	90512	92457	84933	47287	88880	35835	152273	65838	60380	112839	70251	93777	128922	60038	60752	93269	93643	93951	22130	73856	68889	38767	88592	32558	68837	90664	155644	56094	45642	28673	78951	104097	48201	39929	62527	44024	58818	50715	63445	75734	45658	55743	56434	60727	69556	49662	46517	63853	110261	74082	74247	58244	139062	135618	71577
244	29135454	29113764	29171604	29175942	29126778	92158	94217	86733	49088	90697	37696	153365	67570	62228	114333	71991	95578	130250	61764	62457	95072	95429	95723	24112	75236	70337	40080	90064	33931	70345	92171	156736	57546	46981	30018	80381	105507	49597	41306	63865	45460	60273	52082	64821	77084	46996	57096	57805	62103	70924	50977	47916	65261	111593	75454	75667	59679	140261	136863	73024
245	29256918	29235228	29293068	29295960	29248242	93808	95914	88521	50868	92379	39311	154457	69130	63959	115809	73787	97300	131523	63477	64245	96794	97130	97466	25619	76505	71758	41451	91509	35133	71766	93645	157815	58926	48284	31372	81758	106875	50996	42689	65177	46847	61663	53491	66202	78424	48298	58349	59178	63454	72281	52337	49277	66597	112907	76858	77071	61041	141423	138123	74480
246	29378382	29356692	29413086	29417424	29369706	95440	97573	90200	52546	94073	41115	155536	70773	65708	117240	75385	99043	132783	65173	65861	98495	98810	99188	27499	77788	73170	42684	92895	36466	73206	95116	158907	60310	49594	32734	83083	108224	52355	44024	66516	48196	63016	54863	67593	79750	49524	59609	60555	64798	73513	53662	50643	67975	114239	78180	78437	62375	142585	139368	75864
247	29498400	29476710	29534550	29538888	29489724	96973	99211	91881	54246	95735	42698	156628	72359	67351	118634	77113	100708	134043	66760	67623	100147	100447	100847	28973	79062	74542	43925	94281	37696	74634	96523	159999	61665	50911	34161	84402	109573	53642	45414	67807	49508	64307	56163	68883	81051	50802	60871	61936	66086	74797	54954	51892	69325	115517	79402	79789	63685	143747	140518	77268
248	29619864	29598174	29656014	29658906	29611188	98527	100808	93553	55858	97331	44361	157707	73843	69065	120045	78712	102368	135288	68373	69183	101767	102067	102487	30441	80284	75897	45179	95639	38834	76013	97930	161060	62985	52274	35355	85674	110859	54896	46671	69097	50827	65642	57325	70129	82301	52127	62210	63322	67264	76066	56251	53189	70701	116760	80592	81114	64901	144909	141680	78627
249	29741328	29718192	29776032	29780370	29732652	100077	102368	95154	57460	98906	45918	158799	75358	70624	121439	80298	104008	136533	69955	70738	103367	103647	104107	32232	81490	77220	46490	96920	40094	77363	99316	162068	64213	53677	36395	86970	112137	56232	47938	70307	52152	66913	58572	71405	83551	53301	63429	64572	68410	77416	57411	54416	71919	117967	81792	82339	66217	146057	142842	80005
