0	0	0	0	0	0	0	0	0	0	0	0	0	0	0	0	0	0	0	0	0	0	0	0	0	0	0	0	0	0	0	0	0	0	0	0	0	0	0	0	0	0	0	0	0	0	0	0	0	0	0	0	0	0	0	0	0	0	0	0	0
1	8676	5784	13014	13014	8676	8676	8676	8676	8676	8676	8676	5784	8676	10122	8676	8676	8676	8676	8676	4338	8676	5784	8676	8676	5784	8676	8676	8676	8676	8676	11568	5784	5784	8676	5784	8676	8676	8676	5784	8676	8676	7230	8676	8676	5784	5784	7230	8676	8676	8676	5784	5784	8676	4338	8676	8676	4338	8676	8676	8676
2	63624	44826	88206	88206	70854	54948	60732	75192	72300	67962	73746	59286	60732	79530	67962	73746	70854	75192	67962	40488	67962	49164	62178	72300	31812	70854	53502	69408	52056	67962	78084	41934	49164	54948	40488	57840	57840	59286	44826	47718	57840	49164	52056	57840	40488	40488	41934	63624	49164	50610	40488	40488	49164	27474	52056	66516	27474	66516	67962	60732
3	172074	150384	196656	198102	179304	35776	167736	45078	179304	176412	182196	35636	32420	47609	43713	180750	44802	71786	55880	26582	174966	154722	45424	50979	23136	43380	27474	50096	37596	94337	81844	71127	50837	27474	21165	35427	44826	37596	34704	34704	32599	30366	43380	28920	28920	31156	111342	51542	27474	84249	20244	28920	30366	23136	27474	39042	21690	160506	92200	79846
4	292092	271848	316674	318120	300768	38187	287754	47667	300768	296430	302214	1446	19941	50227	46288	302214	47450	63501	59209	29192	296430	274740	48120	53431	25451	2892	16232	53424	39584	63946	61214	49019	47765	30737	10442	2892	47636	19625	37530	37750	17000	37420	45703	16103	31677	33655	231360	53964	2892	53660	11486	31269	16232	25451	30397	2892	24795	281970	63978	61505
5	413556	391866	438138	439584	420786	40708	409218	50364	422232	417894	423678	8676	22403	52988	48978	422232	50241	66132	61866	31912	417894	396204	50796	56105	28020	10122	18852	56357	42217	66563	63944	51806	50581	33393	12629	10122	50376	22310	40249	40351	19622	40197	48513	18741	34260	36324	352824	56761	10122	56323	13960	34004	18852	28020	33018	10122	27577	403434	66594	64218
6	535020	513330	559602	561048	542250	43225	530682	52963	542250	539358	545142	18404	24788	55575	51567	543696	52885	68635	64344	34416	537912	516222	53334	58656	30574	23086	21048	58930	44649	69022	66499	54411	53092	35734	14770	18741	52975	24788	42697	42889	22119	42648	50966	21048	36772	38540	474288	59283	16103	58723	15921	36477	21147	30574	35385	20498	29753	523452	69082	66765
7	655038	633348	679620	681066	662268	45467	650700	55328	663714	659376	665160	20849	26960	57977	53956	665160	55328	71020	66732	36749	659376	637686	55755	61033	32613	25240	23303	61334	46819	71394	68900	56681	55451	38041	16759	21343	55192	26960	44961	45007	24276	44961	53301	23213	39015	40736	594306	61606	18290	60963	18361	38739	23303	32740	37601	22534	32233	644916	71481	69188
8	773610	753366	798192	799638	782286	47601	772164	57664	783732	780840	786624	22942	29041	60309	56279	785178	57664	73298	69006	38939	779394	759150	58044	63324	34649	27301	25439	63609	48935	73659	71160	58855	57640	40213	18758	23392	57388	29041	47162	47074	26411	47118	55465	25357	41086	42819	715770	63804	20343	63091	20509	40822	25439	34769	39745	24653	34473	764934	73771	71409
9	893628	871938	918210	918210	900858	49683	890736	59843	903750	899412	905196	25193	31113	62489	58471	903750	59877	75481	71147	41114	899412	877722	60237	65497	36686	29498	27331	65741	50924	75775	73321	60955	59718	42172	20764	25439	59473	31113	49179	49137	28459	49179	57546	27331	43054	44849	835788	65899	22391	65116	22449	42852	27483	36854	41729	26681	36462	886398	75964	73561
10	1012200	990510	1036782	1038228	1020876	51678	1010754	61938	1022322	1019430	1025214	27407	33118	64628	60548	1023768	62004	77582	73224	43225	1017984	997740	62354	67570	38720	31474	29243	67777	52910	77813	75395	62951	61752	44092	22775	27255	61453	33055	51078	51118	30436	51198	59521	29101	45028	46615	957252	67869	24267	67015	24148	44926	29314	38666	43669	28563	38400	1007862	78047	75599
11	1132218	1110528	1156800	1158246	1139448	53643	1130772	63934	1142340	1138002	1143786	29314	35066	66635	62556	1143786	64030	79558	75193	45191	1138002	1116312	64401	69580	40345	33395	30901	69727	54791	79789	77366	64852	63657	45841	24537	28957	63401	34889	52980	52863	32227	53058	61432	31102	46830	48614	1077270	69757	26323	68889	26135	46732	31169	40345	45571	30601	40142	1127880	80049	77618
12	1250790	1230546	1276818	1276818	1259466	55493	1249344	65900	1262358	1258020	1263804	31169	36966	68612	64501	1262358	66024	81492	77110	47162	1258020	1236330	66322	71527	42152	35504	32856	71612	56500	81639	79241	66697	65508	47785	26258	31035	65161	36742	54821	54631	34104	54821	63216	32730	48609	50242	1197288	71584	27859	70656	27832	48513	32919	42299	47263	32703	42008	1249344	81964	79464
13	1370808	1350564	1395390	1396836	1379484	57321	1369362	67780	1380930	1378038	1383822	32982	38666	70534	66326	1382376	67990	83417	78995	49053	1376592	1356348	68219	73395	43838	37159	34339	73421	58295	83464	81087	68462	67306	49359	27872	32602	66965	38504	56529	56344	35825	56673	65013	34579	50319	52061	1315860	73338	29806	72414	29571	50310	34579	43838	49065	34192	43841	1370808	83807	81276
14	1490826	1469136	1515408	1516854	1498056	59093	1487934	69610	1500948	1496610	1502394	34938	40447	72353	68163	1502394	69845	85202	80800	50834	1496610	1474920	70096	75223	45597	38904	36164	75194	59867	85175	82837	70215	68991	51130	29748	34459	68631	40191	58218	58041	37521	58253	66667	36164	51976	53549	1435878	75060	31302	74038	31079	51927	36278	45687	50641	36139	45419	1490826	85607	83026
15	1610844	1589154	1635426	1636872	1618074	60778	1607952	71411	1620966	1616628	1622412	36734	42152	74145	69955	1620966	71643	87002	82550	52629	1616628	1594938	71865	76978	46981	40623	37680	76868	61565	86903	84573	71839	70697	52719	31114	35875	70320	41758	59894	59548	39197	60030	68373	37845	53583	55218	1554450	76761	33045	75681	32960	53613	37955	47113	52290	37491	47116	1612290	87327	84755
16	1730862	1709172	1755444	1755444	1738092	62450	1727970	73115	1740984	1736646	1742430	38389	43791	75892	71666	1740984	73423	88709	84274	54403	1736646	1714956	73638	78712	48712	42370	17591	36492	34753	55741	40488	35061	34103	27345	32741	19762	71944	43411	28344	61220	40803	61625	70013	39403	55213	56945	62178	37209	34699	77328	15320	55243	27724	48712	53882	39326	22165	1733754	55235	86459
17	1849434	1829190	1875462	1875462	1858110	64014	1845096	64525	113210	1853772	118088	40080	45416	77562	73305	1859556	75061	90365	85906	56011	1852326	1832082	73746	80376	44505	36422	19505	38592	31413	43078	43414	37242	31812	27131	34590	18416	63079	45416	30329	55222	42834	63694	72072	41451	57229	58832	52073	39269	29724	79283	17244	47807	19625	50706	55948	41379	24144	1853772	44694	88396
18	1970898	1949208	1995480	1996926	1978128	66009	62251	36636	62974	1975236	61735	42194	21748	37927	75271	1979574	36408	44465	41749	58041	62416	62211	37557	39281	25039	22395	8954	18962	33772	45870	46185	39876	17651	13258	37135	20658	36681	48069	14765	31014	45461	66102	36054	44066	59703	61170	31479	41875	18302	38791	19408	28336	22122	53249	27353	43904	11486	1975236	47565	90305
19	2092362	2070672	2116944	2118390	2099592	68456	64813	39257	65602	2096700	64313	44857	24283	40567	77510	2101038	39098	47128	44299	60642	65037	64806	40120	41886	27571	25031	11249	21537	36317	48631	49009	42590	20188	15716	39463	23313	39248	50706	17366	33586	48111	68636	38663	46622	62266	63711	34077	44512	20658	41375	21835	30864	24620	55748	29896	46559	13960	2096700	50390	92180
20	2212380	2192136	2236962	2238408	2221056	70847	67279	41714	68092	2216718	66826	47370	26497	43092	79694	2222502	41664	49566	46754	63143	67525	67303	42673	44382	29747	27487	13460	24008	38750	51197	51637	45045	22625	17833	41907	25774	41655	53132	19516	35741	50582	71050	41005	49042	64668	66056	36317	46996	23043	43665	24190	33323	26960	58144	32236	49149	16182	2216718	53065	94006
21	2333844	2312154	2358426	2359872	2341074	73131	69595	44125	70495	2338182	69187	49880	28828	45478	81797	2342520	44078	51967	49126	65482	69918	69678	45031	46655	31904	29740	15621	26244	40934	53680	54136	47462	24820	20038	44167	28018	43976	55452	21836	37993	52897	73355	43312	51348	66860	68231	38534	49272	25367	45837	26411	35496	29112	60298	34416	51410	18474	2338182	55611	95797
22	2455308	2433618	2479890	2481336	2462538	75320	71832	46367	72763	2459646	71467	52148	30914	47782	83863	2463984	46457	54260	51348	67796	72178	71941	47317	48989	33984	31832	17632	28450	43054	56010	56491	49760	27067	22115	46182	30024	46134	57641	23844	40064	55081	75509	45504	53517	68979	70339	40577	51447	27341	47910	28459	37595	31180	62413	36522	53616	20407	2459646	58012	97561
23	2575326	2555082	2601354	2601354	2584002	77426	73998	48547	74965	2579664	73645	54394	32994	44505	85831	2584002	48633	56427	53556	69977	74362	74131	49537	49164	35827	33917	19649	30563	45028	58217	58742	51952	29068	24013	48069	32033	48195	59684	25774	42032	57172	77609	47550	55521	70975	72332	42571	53535	29182	49940	30436	39635	33244	64426	38511	55726	22449	2579664	60308	99304
24	2696790	2675100	2721372	2722818	2704020	79533	76210	50916	77179	2701128	75896	56880	35127	24872	87794	2705466	50998	58786	55854	34723	36465	76338	24620	24969	37853	16375	8715	32666	47050	60471	61015	54094	31139	26010	23590	34105	50253	61786	27794	44052	59263	79663	49634	27277	73058	74292	44522	55613	14244	23933	32227	41674	35243	66501	40555	57836	24405	2701128	62620	100977
25	2818254	2796564	2842836	2842836	2825484	81668	78414	53487	79347	2822592	78112	59504	37690	27419	89726	2826930	53643	61330	58384	37316	39045	78537	27114	27507	39931	18415	10673	34759	49072	62647	63208	56228	33143	28013	25458	36172	52351	63882	29816	46028	61351	81718	51712	29263	75060	76304	46566	57690	16170	25937	34165	43664	37246	68542	42599	59938	26373	2821146	64883	102657
26	2938272	2918028	2962854	2964300	2946948	83739	80567	55974	81489	2942610	80270	62045	39932	29956	91604	2946948	56233	63829	60837	39788	41464	80710	29607	29828	42005	20249	12319	36790	50934	64717	65325	58248	35089	29811	27273	38179	54322	65850	31773	48093	63336	83715	53638	31188	76977	78219	48480	59626	17889	27721	35999	45611	39251	70437	44501	61898	28423	2942610	67006	104317
27	3059736	3038046	3084318	3085764	3066966	85731	82667	58323	83564	3064074	82376	64485	42251	32229	93430	3068412	58638	66171	63200	42115	43843	82785	31969	32174	43650	22025	14217	38713	52803	66721	67341	60229	36988	31768	29189	39930	56191	67762	33553	49827	65257	85587	55525	32999	78841	80039	50278	61566	19773	29467	37961	47608	41058	72259	46277	63799	30197	3064074	69061	105906
28	3179754	3159510	3205782	3205782	3188430	87698	84674	60608	85559	3184092	84395	66775	44450	34469	95268	3189876	60948	68433	65411	44366	46097	84788	34106	34357	45416	23755	16017	40593	54610	68665	69295	62148	38795	33424	30715	41607	58036	69562	35419	51536	67058	87399	57388	34776	80602	81804	52056	63348	21687	31313	39566	49270	42835	74051	48117	65739	32131	3184092	71026	107483
29	3301218	3280974	3325800	3327246	3309894	89584	86642	62780	87511	3305556	86363	68987	46498	36572	97011	3309894	63143	70564	67547	46463	48289	86780	36287	36466	47113	25773	17632	42341	56249	70527	71165	63913	40569	35119	32617	43458	59753	71307	37021	53271	68811	89170	59088	36522	82327	83504	53736	65141	23263	32929	41407	51125	44542	75721	49725	67444	33831	3305556	72940	109041
30	3422682	3400992	3447264	3448710	3429912	91446	88548	64846	89397	3427020	88304	71099	48457	38612	98733	3431358	65262	72633	69587	48553	50342	88681	38342	38512	48838	27188	19328	44113	57949	72318	72990	65725	42220	36737	34049	45047	61521	73043	38665	54990	70523	90849	60807	38133	83988	85094	55361	66791	24821	34469	42882	52675	46227	77449	51478	69185	35565	3427020	74784	110571
31	3544146	3522456	3568728	3568728	3551376	93272	90434	66815	91289	3547038	90190	73150	50338	40600	100413	3552822	67280	74649	33320	23226	23136	90567	18418	22787	50255	29110	20785	45725	59598	74054	74779	67430	43809	38392	35599	46628	63105	74695	40242	56545	72202	44150	62445	39781	85596	86726	56977	68493	26603	36116	44495	54372	47940	79009	53019	70827	37050	3547038	76593	112065
32	3664164	3642474	3688746	3690192	3672840	95096	92303	69086	93115	3668502	92048	75419	52470	42931	102093	3672840	69566	76837	35493	25369	26030	92430	20660	19941	51954	30640	22426	47458	61099	75805	76534	69141	45615	39927	37250	48455	64745	76315	42004	58093	73826	45807	64073	41414	87201	88307	58583	70129	28123	37688	46226	55944	49510	80614	54631	72523	38586	3668502	78341	113559
33	3785628	3763938	3810210	3811656	3792858	96839	94129	71427	94963	3789966	93896	77652	54780	45232	103753	3794304	71920	79018	37757	27646	28327	94256	22954	22122	49665	32355	23953	49042	62695	77504	78232	70784	47218	41504	38830	49885	60732	73746	43506	59773	75423	47362	65725	42937	83685	89825	60181	67962	29495	39251	47595	57436	50993	82164	56270	74091	40371	3789966	80083	108236
34	3905646	3885402	3931674	3931674	3914322	98603	95914	73719	96710	3909984	95692	79810	56958	47465	105370	3914322	74251	81172	40048	29887	30448	96035	25122	24450	26035	34104	25552	50905	64508	79350	80130	72650	48938	43359	18418	23846	31880	37982	45185	61405	36888	22445	67430	20652	43522	91523	61837	35063	31538	18304	49341	26738	24206	83903	57933	75894	19128	3909984	39440	56226
35	4027110	4005420	4051692	4053138	4034340	100309	97678	75914	98453	4031448	97435	81909	59090	49720	106966	4035786	76481	83222	42164	31969	32686	97799	27343	26414	27888	36171	27588	52971	66426	81467	82217	74775	50968	45274	20252	25695	33901	40001	47200	63322	38913	24230	69471	22580	45521	93371	63804	37075	33393	20252	51273	28762	26190	85847	59928	77928	21101	4031448	41637	58316
36	4148574	4126884	4173156	4174602	4155804	101969	99421	78025	100187	4152912	99199	83947	61115	51834	108543	4157250	78597	85207	44225	34106	34717	99542	29396	28535	29902	38179	29482	54964	68259	83517	84242	76746	52874	47109	22122	27495	35806	41924	49173	65308	40785	26052	71422	24442	47390	95190	65713	39037	35031	21933	53092	30514	28105	87741	61823	79878	22992	4151466	43677	60397
37	4268592	4248348	4293174	4294620	4277268	103649	101088	80027	101847	4272930	100877	85915	63074	53829	110117	4278714	80668	87173	46238	36116	36750	101204	31313	30506	31459	40138	31261	56808	70076	85442	86210	78644	54793	48835	23758	29467	37724	43760	50951	66984	42673	27904	73266	26169	49144	96912	67449	40751	37101	23670	54968	32172	29758	89535	63630	81774	24821	4272930	45714	62443
38	4390056	4368366	4414638	4416084	4397286	105252	102748	81968	103487	4394394	102517	87852	64875	55785	111593	4398732	82618	89059	48080	37963	38566	102864	33244	32421	33318	41807	32942	58664	71816	87352	88111	80538	56575	50703	25451	31113	39392	45523	52702	68829	44431	29708	75045	27938	50882	98634	69189	42640	38527	25451	56560	34113	31587	91289	65389	83574	26367	4394394	47621	64327
39	4511520	4489830	4536102	4537548	4518750	106810	104388	83811	105098	4514412	104157	89715	66688	57641	113087	4520196	84483	90922	49897	39775	40454	104504	35125	34167	34841	43649	34541	60429	73534	89169	89974	82313	58297	52271	26960	32866	41192	47216	54398	70395	46166	31342	76773	29530	52558	100279	70859	44306	40621	26960	58283	35602	33127	92939	67032	85305	28197	4514412	49451	66126
40	4631538	4611294	4656120	4657566	4640214	73594	105954	85587	106675	4635876	105754	91549	68393	59474	114563	91254	86307	92704	51684	22654	42257	71365	36910	35943	36527	35274	36185	62144	75114	90961	91753	84046	59971	53941	28608	29296	42771	48852	56080	72077	47795	33020	78410	31173	54220	101879	72470	45955	42025	28608	60025	37365	34837	94567	68726	86985	29775	4635876	51337	67999
41	4753002	4731312	4777584	4779030	4760232	53388	107531	87514	52173	4757340	107331	93375	70293	61386	116057	63562	88227	94508	53610	20498	44173	52488	38774	37853	38030	22409	37700	63877	76842	92721	93557	85822	61699	55746	30301	16375	44480	50597	57748	73730	49495	34676	80152	32860	55870	49794	74094	47594	43669	30370	61521	38939	36523	96227	70354	42766	31538	4757340	53116	69738
42	4874466	4852776	4899048	4899048	4881696	55398	109127	89423	54379	4878804	108908	95194	72372	63562	117474	65695	90136	96276	55721	22534	46323	54569	40957	40035	39734	24024	39421	65597	78451	94481	95326	87556	63382	57315	31774	17839	46168	52247	59473	75357	51179	36312	81838	34583	57508	51584	75789	49340	45526	31904	63270	40708	38134	97907	72065	44475	33144	4877358	54953	71507
43	4994484	4974240	5019066	5020512	5003160	57445	110670	91336	56505	4998822	110481	96958	74444	65726	118902	67822	91996	98040	57831	24568	48462	56650	43123	42103	41469	25861	41119	67364	80063	96166	97006	89235	65110	58982	33368	19728	47797	53918	61045	77004	52845	37878	83513	36167	59134	53084	77436	51032	46911	33368	64841	42354	39782	99503	73691	46118	34794	4998822	56654	73236
44	5115948	5094258	5140530	5141976	5123178	59388	112164	93162	58545	5120286	111975	98701	76451	67762	120313	69857	93844	99773	59865	26525	50466	58720	45140	44167	42893	27270	19128	32663	81702	46717	45758	51684	66668	27474	35007	21254	22598	55576	29277	78607	54537	39643	85150	37793	30972	54618	78997	52663	48602	35066	66376	43843	23474	48698	35602	47835	36310	5120286	58444	42753
45	5235966	5215722	5261994	5261994	5244642	34655	54434	44826	27474	5240304	54434	60142	36150	69712	57326	33258	44312	47204	61795	28417	23859	60586	31089	18798	25034	13978	8676	34697	42670	48922	48893	44602	68734	30260	28064	8676	24627	47948	25526	66478	26028	41581	73000	39719	13174	56479	80927	24582	50354	16037	68301	21066	20498	23136	37585	33258	16754	5240304	60658	37420
46	5357430	5337186	5382012	5383458	5364660	30737	57190	48066	31140	63264	57370	51180	39845	72119	60535	36963	23653	51140	64435	31604	27049	63286	24571	23410	22580	14910	10838	37678	41898	51794	51926	47478	71174	33018	18753	11786	27273	28989	15858	40578	28690	44470	44193	42589	15644	28773	83002	28184	25122	18573	70726	23850	23172	25776	40300	25695	19516	5361768	63389	40453
47	5478894	5457204	5503476	5504922	5486124	33887	60144	51352	34434	65905	60280	54424	42948	74471	63303	40189	27021	54348	67068	34913	30243	65927	27754	26653	25114	17844	13277	40540	44534	54665	54829	50226	73530	35618	21157	14354	29962	31662	18416	43151	31387	47221	46918	45274	18236	31332	85044	30859	27796	21000	73098	26497	25889	28316	42937	28389	22120	5483232	66055	43369
48	5598912	5578668	5624940	5624940	5607588	36709	62890	54398	37491	68475	63022	57448	45793	76720	65942	43217	30010	57340	69571	37876	33252	68497	30808	29680	27335	20151	15597	43114	47018	57281	57473	52831	75839	37931	23580	16522	32425	34184	20658	45624	33930	49655	49408	47721	20397	33633	87036	33256	30232	23439	75369	29044	28344	30979	45421	30912	24702	5603250	68560	45962
49	5720376	5698686	5744958	5746404	5729052	39326	65493	57172	40315	70923	65648	60285	48470	78905	68451	46000	32852	60149	71954	40621	36009	70916	33643	32359	29600	22498	17728	45635	49210	59719	59969	55167	78005	40315	25693	18882	34713	36475	23043	47793	36237	52052	51776	50088	22627	35902	88949	35665	32549	25645	77578	31182	30601	33055	47687	33306	26803	5724714	70947	48461
50	5841840	5820150	5866422	5867868	5849070	41729	68017	59787	42855	73260	68167	62994	50966	81064	70871	48626	35524	62730	74256	43287	38566	73253	36255	34891	31767	24705	19734	47804	51428	62017	62291	57436	80137	42515	27719	20777	36970	38683	25120	49910	38403	54302	54040	52271	24821	37980	90858	37865	34589	27675	79684	33432	32703	35066	49850	35479	28895	5844732	73283	50711
51	5961858	5941614	5987886	5987886	5970534	44139	70423	62280	45343	75525	70597	65528	53340	83139	73210	51072	37952	65214	76512	45706	41065	75518	38637	37248	33672	26806	21745	49962	53400	64202	64500	59554	82198	44515	29746	22787	39042	40769	27112	51937	40453	56394	56138	54359	26759	39947	92665	39942	36629	29704	81688	35481	34734	37134	51838	37578	30911	5966196	75547	52941
52	6083322	6061632	6107904	6109350	6090552	46291	72721	64617	47699	77728	72917	67930	55576	85127	75477	53404	40386	67570	78679	48043	43370	77748	41031	39620	35473	28826	23672	52028	55299	66315	66604	61630	84200	46381	31576	24800	40960	42706	29039	53889	42501	58335	58093	56338	28563	41824	94469	41917	38504	31669	83613	37304	36652	39198	53795	39567	32865	6087660	77698	55049
53	6204786	6183096	6229368	6230814	6212016	48430	74924	66841	49944	79860	75167	70222	57762	87095	77682	55636	42682	69758	80796	50272	45603	79880	43289	41859	37408	30643	25453	54014	57204	68302	68672	63603	86120	48215	33305	26583	42934	44556	30709	55769	44360	60212	59977	58142	30397	43711	96218	43753	40243	33516	85438	39252	38581	40957	55715	41408	34888	6207678	79778	57069
54	6324804	6304560	6349386	6350832	6333480	50477	77030	69021	52130	81932	77300	72415	59800	89006	79814	57784	44810	71933	82846	52407	47731	81951	45437	43980	39141	32614	27192	55891	58944	70292	70650	65518	87956	50108	35124	28252	44637	46421	32548	57446	46232	62065	61804	60024	32191	45384	97940	45561	42103	35089	87211	40958	40315	42642	57429	43315	36685	6329142	81778	59023
55	6446268	6424578	6470850	6472296	6453498	52485	79100	71132	54262	83993	79412	74571	61830	43380	81913	59889	46930	74039	84870	54490	49810	40181	47529	46093	40800	34530	28970	26816	28925	72259	72633	67471	42657	51770	36797	30379	46455	48253	15304	59354	47988	29853	29700	61817	33826	47170	99678	47430	43791	36932	42032	42740	18909	44542	59303	45094	38395	6450606	83749	60982
56	6567732	6546042	6592314	6593760	6574962	54604	81226	73378	56429	85985	81526	76816	63989	45658	83974	62148	49210	76249	86862	56756	52119	42388	49739	48156	42879	36630	30846	28834	30805	74359	74785	69541	44694	53806	38557	32365	48545	50267	17109	61270	50055	31873	31731	63816	35850	49228	101338	49435	45732	39007	44005	44727	20802	46452	61288	47157	40395	6570624	85765	63110
57	6687750	6667506	6712332	6713778	6696426	56648	83301	75504	58508	87965	83601	78972	66047	47825	85966	64265	51388	78374	88805	58893	54252	44487	51892	50297	44814	38505	32867	30786	32639	76342	76810	71461	46642	55726	40599	34053	50504	52165	18852	63125	52038	33772	33512	65755	37656	50964	102998	51402	47596	40773	45848	46762	22718	48198	63176	49174	42445	6692088	87731	65166
58	6809214	6787524	6833796	6835242	6816444	58718	85283	77578	60584	89851	85571	81053	68013	49859	87924	66283	53439	80428	90691	60924	56271	46490	53922	52314	46448	40345	34530	32620	34434	78255	78732	73360	48554	57584	42298	35777	52316	54106	20547	64989	53947	35625	35439	67610	39432	52753	104672	53179	49468	42612	47663	48586	24483	50173	64974	50993	44354	6813552	89617	67063
59	6930678	6908988	6955260	6955260	6937908	60584	87223	79554	62591	91724	87545	83078	69926	51807	89810	68271	55447	82378	92527	62888	58219	48492	55950	54362	48409	42152	36288	34596	36196	80101	80597	75189	50267	59313	44025	37806	54060	55870	22298	66706	55604	37443	37153	69410	41129	54524	106249	55053	51154	44373	49366	50215	26129	51794	66753	52820	45956	6933570	91478	68906
60	7050696	7030452	7075278	7076724	7059372	62360	89109	81463	64567	93528	89431	85045	71782	53690	91662	70204	57384	84301	94331	64823	60133	50331	57874	56267	49883	43932	37909	36180	37821	81889	82397	76890	52045	61060	45641	39258	55862	57616	24008	68410	57393	39174	38845	71131	42855	56129	107807	56713	52898	45975	51016	52075	27901	53639	68396	54551	47810	7055034	93282	70702
61	7172160	7150470	7196742	7198188	7179390	64247	90948	83363	66359	95340	91300	86965	73557	55613	93488	72031	59329	86173	96086	66669	61956	52188	59770	58110	51551	45597	39723	37970	39432	83614	84103	78601	53688	62690	47288	41165	57464	59309	25439	69961	59058	40730	40567	72761	44515	57760	109384	58467	54475	47569	52686	53678	29495	55045	70122	56266	49341	7176498	95042	72459
62	7292178	7271934	7318206	7318206	7300854	65925	92708	85150	68165	97062	93104	88789	75379	57438	95281	73882	61177	87961	97829	68465	63823	54052	61570	59891	53208	47245	41208	39573	41029	85271	83868	53325	32665	64215	30160	42649	59057	60920	27102	71614	60744	42424	42169	49751	32032	59414	110895	60034	56007	49274	54230	31479	31073	56705	71717	57893	51033	7296516	96722	74111
63	7413642	7393398	7438224	7439670	7420872	67715	94468	86950	69986	98784	94886	90606	77026	59171	97024	75639	62936	89732	99551	70305	65576	55743	63385	61688	54929	22538	43123	41464	42855	87143	42449	39909	26062	30745	23853	44594	60981	62785	12442	73395	29979	44287	44042	36636	22409	61124	112389	61959	26893	24107	56027	26511	32892	58494	73523	28514	24969	7417980	98465	76049
64	7535106	7513416	7559688	7561134	7542336	69275	96133	88637	71668	100482	96574	92336	78732	60956	98746	77367	64709	91456	101212	71987	67343	57492	65081	63338	56847	24571	45094	43513	44791	89075	44591	41935	28060	32646	25783	46503	63043	64787	14322	75412	31926	46298	46063	38619	24369	63115	113901	64018	28906	26017	57985	28550	34854	60536	75482	30556	26972	7539444	100178	78181
65	7655124	7634880	7681152	7681152	7663800	70972	97792	90339	73363	102122	98254	94074	80370	62589	100426	79034	66372	93106	102852	73699	68967	59154	66764	65099	58737	26370	46849	45602	46691	90981	46588	43865	29994	34561	27501	48376	64973	66696	16239	77275	33943	48136	47911	40504	26101	65043	115395	65920	30650	27871	59875	30452	36709	62479	77426	32403	28908	7659462	101838	80209
66	7776588	7754898	7801170	7802616	7783818	72551	99430	91970	75057	103762	99917	95735	81922	64277	102046	80663	68087	94800	104512	75273	70616	60803	68407	66688	60602	28347	48670	47514	48516	92807	48588	45759	31810	36317	29331	50179	66752	68641	17715	79076	35788	50073	49818	42305	27799	66758	116849	67710	32364	29747	61705	32048	38527	64170	79247	34273	30788	7780926	103518	82168
67	7896606	7874916	7921188	7922634	7903836	74063	100997	93576	76623	105360	101497	97373	83547	65923	103666	82288	69677	96386	106072	76947	72320	62408	70075	68243	62279	30125	50460	49221	50190	94611	50504	47664	33588	38048	30850	52039	68575	70388	19510	80828	37487	51816	51567	44125	29470	68551	118277	69600	34113	31313	63355	33996	40213	66036	80968	35986	32366	7900944	105147	84075
68	62211	7996380	62677	8042652	8025300	75705	49542	95260	78344	51693	49626	99053	85159	67563	105268	83998	71418	46805	51413	36985	73944	64037	33815	33355	63944	31803	52114	51118	51970	96353	52316	49409	35276	39700	32617	53644	70295	72156	21053	82503	39216	53583	53262	45782	31182	70156	119688	71228	35718	33055	65084	35549	41976	67582	82668	37730	34175	8022408	106724	85899
69	64486	8117844	64938	8164116	8146764	77720	23136	97024	80398	53771	51704	100738	87127	69723	106845	85966	73542	48922	24582	39004	76023	66186	35899	35467	49503	33519	53715	52707	53616	98096	54098	51177	36942	41386	34232	50321	71977	73752	16672	84109	40771	46489	54944	27857	32742	71751	121099	52390	37365	34589	66643	37258	43527	69262	49422	39398	35661	8143872	108320	87698
70	66931	8237862	67462	8285580	8266782	79852	25546	98767	82499	56061	54010	102398	89036	72072	108422	87924	75824	51234	26926	18962	78260	68507	38194	37678	32269	35328	55526	54555	55282	99827	56010	53038	38752	43102	35715	27201	73774	75621	10461	85837	42708	27353	56718	23176	34471	73472	122527	35880	39098	36230	68379	38891	45343	70959	40947	19086	37641	8263890	109897	89561
71	69348	8359326	69944	8405598	8388246	81974	27658	100466	84537	58440	56442	104078	90944	74397	110018	89856	78042	53600	29079	21147	80418	70867	40562	39974	34084	37159	57281	56455	57080	101487	57968	54915	40579	44936	37637	28978	75562	77376	11963	87639	44465	28978	58541	24991	36289	75270	123883	37684	40861	38018	70163	40764	47087	72763	42682	20761	39258	8385354	111399	91446
72	71680	8479344	72315	8527062	8508264	84033	29898	102146	86529	60688	58625	105679	92792	76621	111514	91728	80200	55822	31217	23392	82494	73094	42847	42241	35748	39010	59054	58218	58788	103167	59791	56690	42279	46566	39148	30582	77371	79147	13605	89318	46243	30718	60276	26606	37855	76944	125211	39460	42501	39775	71845	42456	48813	74499	44440	22496	41115	8506818	112911	93250
73	73879	8600808	74583	8648526	8629728	86001	31979	103806	88463	62758	60765	107256	94618	78784	113008	93554	82259	57965	33340	25439	84508	75257	44967	44440	37449	40623	60672	59996	60448	104813	61558	58409	44007	48308	40909	32300	79012	80821	15204	90994	47911	32300	61962	28274	39568	78575	126555	41105	44125	41408	73534	44223	50477	76126	45995	24107	42698	8626836	114405	95032
74	75987	8722272	76747	8768544	8751192	87934	33931	105420	90372	64825	62833	108852	96381	80847	114520	95386	84307	60026	35276	27483	86500	77309	47080	46445	38915	42272	62347	61625	61964	106371	63274	60080	45670	49786	42449	33991	80642	82471	16773	92556	49566	34052	63637	29848	41059	80161	127883	42736	45737	42931	75087	45651	52090	77761	47632	25695	44455	8748300	115899	96713
75	78043	8842290	78827	8890008	8872656	89820	35835	107016	92200	66764	64834	110409	98124	82847	116014	97108	86275	62050	37222	29385	88412	79264	49059	48320	21965	44000	63882	46562	63543	107948	64973	61673	34322	51416	43794	35427	82267	39042	18091	94118	23226	35544	36245	17290	42692	81746	104842	29101	41594	44496	65204	47386	53692	59700	49294	27267	24100	8869764	55880	53366
76	80019	8963754	80864	9011472	8992674	91672	37696	108593	94004	68647	66772	111903	99833	84775	117434	98830	88197	63946	39282	31169	90298	81209	50922	50208	19625	46068	65788	31215	65429	109525	67093	63709	23176	53310	45870	37365	84170	41499	20061	95882	25287	37530	32095	15184	44497	83596	63370	21734	22905	46407	37502	49183	55578	39056	51068	29254	22502	8989782	57946	48893
77	81960	9085218	82839	9131490	9114138	93432	39626	110164	95774	70423	68564	113415	101473	86623	118862	100526	90083	65757	41038	32919	92129	83009	52830	52108	21646	48045	67702	33276	67444	111065	69235	65838	25240	55250	47728	39416	86162	43450	21757	97625	27191	39521	34102	16878	46498	85494	65354	23574	24824	48284	39390	51122	57584	40923	52971	31180	24454	9111246	60144	50965
78	83852	9205236	84767	9252954	9234156	95186	41165	52988	97517	72273	70371	114909	103113	88438	71786	62379	78140	67582	42720	23426	93911	48490	30533	53824	23315	49946	69562	35156	69275	112559	71339	67840	27071	57193	49429	41214	88065	45270	23683	88475	29041	34945	35939	18753	48414	87356	30366	25361	26606	50296	41290	53140	59418	42755	25305	33118	26260	9232710	62263	53027
79	85844	9326700	86759	9372972	9355620	96929	43274	55210	99260	74345	72531	116390	104781	90324	59317	51024	45807	69712	44800	16753	95727	42486	27208	56002	25287	52092	71655	37276	71262	114053	73494	69932	29072	59178	51397	43225	43198	47326	25707	48874	31113	20293	37960	20658	23590	89242	32269	27335	28566	52234	43201	55201	61502	44741	27208	35125	28319	9352728	64505	55242
80	87807	9448164	88707	9494436	9477084	98672	45693	57622	100935	76598	74849	117818	106358	92198	61539	53240	48097	72061	47140	18863	97470	44810	29552	58314	27114	54150	73603	39333	73251	115565	75589	71991	31143	61133	53486	45237	45212	49336	27657	50946	33055	22161	39929	22401	25540	91141	34145	29318	30468	54133	45123	57145	63543	46731	29127	37190	30304	9474192	66640	57329
81	89716	9568182	90616	9615900	9597102	100375	47946	59906	102615	78762	77063	119229	107935	94024	63803	55517	50323	74275	49410	21057	99213	47018	31723	60497	28969	56098	75505	41336	75138	117010	77634	73927	32894	63058	55233	47162	47182	51348	29406	52893	34948	24054	41954	24363	27273	92945	36153	31306	32321	56007	47009	58992	65398	48598	30926	39145	32166	9595656	68647	59345
82	91616	9689646	92455	9737364	9718566	102055	50056	62065	104275	80876	79210	120640	109531	95814	65960	57704	52573	76423	51538	23132	100910	49126	33935	62639	30778	58018	77314	43246	76947	118421	79532	75790	34856	64924	56924	49053	48988	53205	31122	54508	36798	25889	43742	26175	29118	94749	37779	33238	34072	57929	48823	60782	67227	50350	32690	40906	33986	9715674	70568	61329
83	93442	9811110	94303	9857382	9840030	103715	52119	64153	105866	82926	81282	122068	111053	97578	68049	59745	54728	78489	53624	25119	102570	51188	35955	64709	32421	59872	79087	45074	78682	119849	81367	77594	36597	66643	58742	50752	50770	54964	33000	56483	38558	27526	45505	27794	30715	96464	39550	34763	35794	59544	50486	62652	69035	52126	34481	42739	35771	9837138	72441	63149
84	95258	9931128	96080	9978846	9960048	105334	54024	66175	107462	84899	83307	123451	112547	99321	70047	61777	56728	80539	55548	27034	104230	53205	37920	66713	34106	61603	80764	46830	80424	121260	83192	79336	38367	68379	60369	52473	52491	56736	34597	57924	40243	29282	47287	29676	32425	98123	41192	36623	37493	61352	52219	64274	70711	53765	36128	44496	37360	9957156	74317	64852
85	97001	10052592	97823	10098864	10081512	106930	55864	68107	109039	86819	85217	124779	114059	100993	71990	63714	58691	82464	57411	28966	105842	55151	39890	68717	35769	63352	82439	48566	81999	122671	84890	81053	39955	69960	61954	54099	54192	58349	36238	59679	42005	30872	48836	31112	34049	99752	42867	38176	39116	62875	53815	66013	72383	55427	37700	46137	39146	10078620	76031	66666
86	98723	10172610	99545	10220328	10202976	108507	57646	69930	110587	88672	87113	126123	115553	102653	73926	65563	60625	84311	59285	30843	107419	57060	41819	70519	37190	65017	53956	50196	80976	124035	67785	82653	41581	71584	63597	55752	50321	59953	37861	48244	43603	32447	50540	32865	25750	101312	44339	39875	40623	64458	55327	67650	73951	57005	39368	47768	40754	10200084	66661	65070
87	100424	10294074	101207	10341792	10322994	110065	59549	71786	112099	90466	88908	127451	116998	104293	75654	67392	62499	86135	61101	32547	108996	58769	43517	72338	16677	31945	40641	52096	40896	125363	42596	84517	43481	73366	65261	26816	26893	61814	39626	29840	45416	34253	24633	34468	17292	50040	46168	41604	42419	66253	57196	69420	75786	58820	41069	23413	42643	10320102	38307	33727
88	102084	10415538	102867	10461810	10444458	55880	28271	34704	76422	69698	62947	61664	118409	57782	59681	40370	64190	41261	46690	34287	52974	60633	31221	37374	18460	34023	42584	24582	23323	126691	44867	86533	45528	35544	67310	28834	12461	63845	41665	13889	47465	36310	26584	36514	19126	51864	48055	19628	44329	68272	27474	71373	77772	39665	43037	25458	16087	10441566	40567	35873
89	103744	10535556	104527	10583274	10564476	55617	31006	37130	56902	46347	45748	64394	119820	52690	39216	34325	66768	44029	31808	37076	55265	63167	23321	37409	20496	36438	44948	26926	20396	128035	47336	88467	47873	37805	69475	31054	14338	66124	44032	16119	49804	38581	28908	38826	21198	54162	50406	21841	46649	70495	29658	73695	79956	30191	45379	27802	10442	10563030	43044	38387
90	105381	10657020	106124	10704738	10685940	58405	33765	40084	59804	49286	48684	66997	121248	55661	42120	37280	69280	46984	34681	39982	58247	65814	26181	40291	22533	38648	47062	29150	22441	129363	49639	90376	50028	39937	71571	33251	16507	68327	46098	18073	51954	40825	31123	41007	23171	56257	52496	24022	48773	72623	31691	75837	82024	32255	47474	30031	12292	10683048	45432	40642
91	106958	10778484	107701	10824756	10807404	61028	36424	42784	62560	51980	51447	69502	122659	58446	44880	40016	71701	49723	37332	42738	61010	68357	29044	43024	24567	37596	49084	24677	24398	130691	51957	92248	52132	41962	73522	35191	18420	70403	48161	19834	54019	42855	33127	43026	25236	58205	54463	26019	46761	74639	33723	70539	84057	34192	49519	32039	14192	10804512	47739	42874
92	108535	10898502	109278	10946220	10927422	63641	39167	20600	31014	54690	54222	71945	124007	61237	47653	42769	74067	52472	40064	45461	63720	70809	31776	45774	26524	19982	24107	15184	26367	131951	54288	94074	54340	44031	75589	37420	20459	72562	50220	21931	56229	45021	35251	45185	27221	60289	56585	28021	24801	36294	35754	37707	86049	36310	24020	34171	16253	10925976	50146	45270
93	110127	11019966	110831	11067684	11048886	66237	41927	23262	33710	57376	56934	74275	125351	63966	50351	45491	76330	55196	42718	48154	66313	73178	34471	48539	28562	22161	26177	17366	28563	133196	56708	95861	56578	46232	77712	39521	22498	74798	52435	24018	58494	47219	37476	47464	29210	62404	58692	30164	26895	38457	37785	39897	88003	38473	26097	36405	18307	11045994	52560	47589
94	111621	11141430	112325	11187702	11170350	68677	44374	25483	36203	59945	59556	76504	126679	66520	52950	48010	78530	57824	45350	50828	68810	75446	37024	51032	30600	24312	28242	19409	30533	134456	58917	97625	58685	48246	79714	41564	24536	76877	54480	25935	60570	49275	39522	49509	31273	64418	60694	32165	28908	40453	39816	41924	89912	40417	28020	38508	20358	11167458	54868	49839
95	113115	11261448	113819	11309166	11290368	71003	46691	27975	38696	62334	61962	78697	128007	69010	55317	50486	80653	60267	47663	53248	71247	77652	39516	53521	32574	26209	30025	21353	32447	135716	61083	99368	60722	50178	81592	43561	26494	78900	56456	27794	62578	51290	41515	51433	33330	66307	62599	34107	30652	42354	41748	43854	91782	42319	30025	40501	22125	11287476	57078	52028
96	114627	11382912	115331	11429184	11411832	73225	49023	30191	40934	64638	64277	80814	129351	71353	57690	52806	82703	62581	49991	55562	73573	79810	41809	55784	34252	28197	31969	23133	34253	136961	63142	101038	62593	52118	83442	45375	28390	80809	58394	29536	64458	53148	43322	53209	35148	68204	64415	36174	32558	44219	43497	45748	93586	44233	31839	42351	24022	11408940	59136	54014
97	116121	11504376	116789	11550648	11533296	75383	51250	32447	43198	66830	66543	82864	130679	73591	59936	54993	84709	64781	52216	57784	75773	81884	44027	58000	36023	29984	33616	25037	36024	138221	65165	102678	64473	53833	85178	47250	30164	82634	60167	31378	66346	55022	45146	55044	36708	69907	66242	37909	34297	45962	45269	47567	95375	45931	33554	44311	25697	11530404	61126	55965
98	117535	11624394	118200	11672112	11653314	77435	53343	34674	45350	68950	68673	84863	131925	75736	62061	57160	86701	66938	54306	59889	77941	83923	46228	60127	37710	31801	35420	26803	37711	139476	67000	104318	66206	55604	86882	48885	31905	84379	61923	32991	68092	56720	46899	56776	38580	71676	67901	39567	35951	47687	46929	49230	97076	47699	35302	46005	27496	11651868	63051	57888
99	118963	11745858	119628	11792130	11774778	79412	55356	36709	47402	71005	70738	86855	133185	77828	64117	59216	88605	68995	56397	61950	80021	85891	48285	62214	39431	33517	37022	28387	39273	140638	68845	105888	67987	57213	88502	50670	33555	86083	63599	34588	69828	58473	48548	58493	40108	73231	69551	41358	37641	49305	48620	50966	98756	49275	36910	47771	29042	11771886	64917	59714
100	120374	11867322	121039	11913594	11896242	81351	57332	38635	49450	73031	72745	88753	134445	79882	66140	61237	90514	71020	58373	30199	82012	87852	50297	64201	40773	35149	38612	30024	41079	141814	70643	107465	69607	58918	90112	52238	35185	87760	65295	36286	71452	60108	50179	60127	41778	74876	71209	42979	39152	50916	50166	52560	100395	23316	38558	49345	30711	11893350	66729	61483
101	121785	11987340	122450	12035058	12016260	83301	59278	40570	51456	75007	74785	90662	135690	81878	68163	63225	92358	73046	60351	32198	84021	89761	52275	66190	42514	36821	40191	31773	42564	142990	72374	109042	71235	60506	91687	53833	36687	89324	66785	37742	73099	61700	51879	61752	43382	76496	72696	44496	40760	52473	51747	54184	101995	24872	40139	50914	32422	12013368	68493	63233
102	123201	12108804	123827	12155076	12137724	85139	61196	42466	53388	76924	76756	92499	136950	77888	70100	65214	94162	74995	62233	34138	85965	91637	54248	68181	44091	38311	41708	33243	44092	144152	74082	110571	72833	61988	93183	55419	38343	60552	68337	39250	74695	63317	53371	63336	44928	78014	74236	46137	42208	54023	53243	55724	103555	26335	41608	52628	33802	12134832	62540	64869
103	124529	12228822	125155	12276540	12259188	87035	48923	44468	55324	78868	78680	89480	121512	32487	52368	67171	84039	76885	64092	16247	63555	93463	56193	70146	33828	18404	43363	25750	33193	62677	36408	112065	74513	30268	45515	57105	39983	44042	39303	30029	64428	64983	43288	30405	46380	65793	36066	47811	43844	55678	54925	57402	88187	27946	43267	40896	35538	12256296	33665	66744
104	125857	12350286	126483	12398004	12379206	88948	31677	47087	27581	80953	39162	47418	62647	20802	35708	69460	48112	38739	66519	18640	42982	95278	27656	72370	22409	20445	21347	17171	22502	65002	38727	113559	76679	32454	47604	59233	19086	46243	34962	20396	37667	67165	26823	32454	48558	39162	38133	49927	45918	57789	57023	59556	51900	30025	45416	26745	37744	12376314	36047	69017
105	127201	12471750	127827	12518022	12500670	90857	34741	50149	30650	83028	42266	50581	65357	23967	38718	71904	51274	41875	69039	21643	46050	97021	30786	74694	24369	22576	23396	19235	24539	67307	40963	115071	78840	34501	49644	61390	21060	48427	37092	22534	39860	69335	28912	34621	50681	41275	40249	52114	48032	59928	59118	61698	54082	32034	47509	28912	39931	12497778	38387	71302
106	128529	12591768	129155	12639486	12620688	92708	37498	53070	33561	85045	45109	53599	67915	26837	41656	74235	54247	44788	71497	24362	48967	98785	33623	76935	26339	24608	25361	21296	26418	69502	43225	116543	80926	36545	51601	63438	23045	50474	39158	24312	41987	71407	30926	36659	52640	43235	42207	54171	50056	61922	61108	63733	56105	34045	49510	30926	42005	12619242	40591	73514
107	129857	12713232	130483	12760950	12742152	94534	40168	55800	36294	87061	47824	56376	70353	29495	44353	76492	26425	47480	51389	10845	51677	100483	36351	79138	28392	26559	27106	23261	28245	71626	45375	117954	82926	25409	53568	65420	25039	52443	41121	26129	43867	73391	32879	38588	37708	35274	44078	56118	51959	63790	62968	65737	58024	36001	51434	32816	43932	12739260	42826	75635
108	131169	12834696	131756	12880968	12863616	96301	42958	58683	39151	88973	50760	59298	72738	32319	47287	38415	29334	50392	37186	13124	54592	102143	39257	81263	30166	28596	29033	25236	30097	73743	47514	119382	84899	18852	55422	67404	26960	54412	42991	28123	45851	75381	34841	40526	26977	22409	45917	58144	53872	65730	64836	67683	59979	37853	53327	34841	45867	12860724	44948	77808
109	132414	12954714	133001	13002432	12983634	98065	45713	61502	42011	90882	53612	62115	75049	35149	50130	41276	32236	53223	39980	16000	57464	103823	42158	83338	31776	30563	30838	27067	31906	75802	49557	120793	86819	20547	57216	69266	28681	56316	44829	29915	47795	77271	36698	42424	28768	24111	47859	60128	55716	67586	66743	69513	61938	39723	55230	36754	47725	12982188	47062	79862
110	133674	13076178	134261	13123896	13105098	99797	22814	64215	44777	92732	56389	64777	77317	37931	24633	20255	35014	55983	42736	18652	60267	105437	44961	85366	15304	32538	32797	29068	33864	77891	51678	122204	88718	22484	59131	71195	30642	58226	46684	31670	49747	37817	38570	44334	30520	25941	49683	28997	57646	69506	32330	71463	29910	41558	57137	17723	22598	13102206	49210	81884
111	134919	13197642	135521	13243914	13226562	101457	25568	66824	47773	94558	59310	67399	79480	40978	27431	23048	38133	58891	45594	21461	63043	107014	47988	87349	17352	34639	34763	31139	35771	79997	53833	123595	90627	24438	61087	73215	32677	60276	48765	33579	51779	39845	40611	46343	32434	27874	51638	31073	59584	71456	34264	73473	31861	43555	59124	19729	24542	13223670	51388	83971
112	136179	13317660	136766	13365378	13346580	103137	28274	69365	50547	96323	62093	69885	81592	43810	30105	25697	40963	61698	48367	24112	65698	108610	50793	89258	18962	36563	36623	33143	37690	82014	55863	124923	92466	26244	62948	75185	34529	62259	50758	35560	53739	41826	42505	48265	34421	29680	53487	32955	61493	73355	36093	75460	33760	45416	60978	21644	26500	13343688	53439	85915
113	137439	13439124	138026	13485396	13468044	104785	30808	71726	53136	98087	64692	72258	83642	46426	32686	28317	43608	64277	50950	26654	68185	110180	53409	91178	20749	38443	38392	35148	39411	83927	57825	126251	94270	28008	64689	77021	36515	64149	52518	37381	55586	43619	44411	50073	36242	31381	55345	34734	63276	75212	37887	77269	35614	47245	62875	23402	28395	13465152	55410	87852
114	138684	13560588	139286	13606860	13589508	106362	33146	74063	55678	99818	67162	74554	85634	48897	35133	30643	46097	66760	53365	28829	70614	111674	55900	93004	22668	40132	40135	36876	41159	85775	59618	127595	96028	29806	66477	78831	38180	65892	54295	39061	57412	45432	46191	51896	37810	33120	57069	36595	65039	76940	39600	79044	37377	48964	64618	25120	30031	13586616	57276	89692
115	139908	13680606	140456	13728324	13709526	107958	35446	76272	57933	101478	69482	76773	87582	51210	37476	32993	48504	69063	55710	31316	72934	113186	58183	94808	24181	42096	41804	38580	42836	87557	61492	128923	97771	31368	68129	80543	39931	67653	56017	40723	59111	47172	47949	53583	39578	34711	58778	38203	66692	78649	41290	80747	39057	50665	66315	26958	31909	13708080	59119	91483
116	141084	13802070	141632	13848342	13830990	109535	37603	78474	60166	103158	71723	78930	89468	53499	39626	35126	50752	71260	57856	33495	75157	114680	60472	96541	25845	43596	43455	40314	44450	89259	63176	130251	99472	33108	69689	82193	41558	69333	57759	42319	60829	48810	49519	55287	41269	36346	60370	39953	68397	80313	42817	82447	40669	52274	67942	28460	33372	13828098	60837	93199
117	142246	13923534	142808	13969806	13952454	111057	39695	80599	62318	104786	73837	81063	91335	55652	41665	37191	52902	73389	59957	35598	77290	116174	62615	98284	27634	43380	45090	42024	46003	90937	64910	131538	101077	34579	71314	83811	43171	70970	59273	38681	62433	50433	39551	56905	42701	37855	61922	41579	69949	81868	44384	84031	42267	52056	69562	30093	35070	13949562	62573	90246
118	143422	14043552	143970	14091270	14072472	112551	41581	82624	64366	106344	75838	83088	93139	57692	43703	39251	54973	75406	61950	37636	79324	117602	64654	99966	12793	22128	46889	20255	21939	44465	31880	62152	102737	36392	73050	41199	45002	34766	61157	20853	30473	52247	24463	58723	20358	39620	63790	19560	71747	83643	21052	41099	44089	26353	33937	31903	36858	14069580	64549	46314
119	144598	14165016	145146	14211288	14193936	54434	43481	84561	66288	57326	77796	40488	94943	27775	45693	30029	56961	47272	63913	17472	81267	102735	42442	101626	14769	14621	39827	22406	24111	46908	34267	64525	85901	17352	53639	43402	47157	16037	63280	22855	32582	54488	11226	28197	8917	18909	31089	8917	54504	40743	9621	43306	21165	28477	36015	34105	39095	14191044	67054	48710
120	145760	14285034	146322	14332752	14315400	56686	45978	86553	68756	54116	79954	43018	96712	30352	48204	20802	59548	39163	66345	19824	83342	59002	33407	103286	17370	12536	24711	25371	26809	49900	37339	67124	52378	20033	37750	46220	50050	18796	65890	25525	35451	57366	13748	30737	11405	21493	33531	11405	37074	43498	11963	46130	23850	31194	38787	37133	42008	14312508	69587	51752
121	146936	14406498	147484	14454216	14435418	59210	48647	88509	71195	56725	82072	45815	98455	32975	50876	23351	62285	41826	68871	22391	85370	61671	36038	104945	19733	14973	27197	28021	29257	52677	40122	69625	55106	22484	40249	48874	52703	21296	68401	28234	38156	60038	16259	33393	14044	23967	35980	13894	39616	46085	14354	48748	26339	33752	41421	39826	44637	14432526	71998	54550
122	148098	14527962	148660	14574234	14556882	61669	51052	90418	73551	59283	84127	48406	100168	35522	53410	25727	64878	44324	71306	25027	87352	64187	38648	106522	22124	17546	29543	30507	31645	55243	42771	72006	57592	24776	42599	51348	55193	23704	70823	30499	40628	62523	18764	35734	16124	26129	38378	16124	42002	48492	16522	51188	28828	36071	43802	42298	47072	14553990	74326	57172
123	149274	14647980	149802	14695698	14676900	63961	53501	92266	75806	61639	86119	50864	101848	37895	55864	28197	67373	46776	73630	27179	89261	66611	40991	108099	24366	19784	31714	32804	33986	57618	45171	74306	59979	27025	44731	53634	57497	25888	73108	32606	42958	64853	20770	37986	18307	28344	40532	18421	44211	50700	18771	53517	31048	38300	46103	44679	49429	14675454	76553	59543
124	150372	14769444	150881	14817162	14798364	66144	55728	94114	77999	63900	88093	53244	103508	40232	58114	30397	69716	49062	75882	29456	91181	68919	43299	109695	26336	21885	33927	35126	36003	59902	47407	76507	62169	29029	46810	55817	59719	28122	75297	34703	45120	67039	22871	40213	20562	30397	42675	20358	46314	52854	20676	55669	33120	40407	48166	46804	51637	14795472	78718	61818
125	151451	14890908	151973	14937180	14919828	68257	57874	95900	80157	66085	90002	55521	105137	42436	60303	32447	71949	51207	78046	31763	93007	71120	45538	111208	28390	24062	35889	37191	38020	62028	49581	78596	64286	31102	48801	57888	61786	30121	77349	36623	47226	69123	24877	42270	22406	32319	44619	22406	48324	54850	22695	57708	35127	42358	50225	48921	53718	14916936	80834	63977
126	152543	15010926	153052	15058644	15039846	70278	59974	97643	82218	68199	91846	57672	106733	44533	62418	34494	74111	53340	80126	33791	94833	73226	47711	112702	30164	26055	37747	39251	39932	64085	51661	80617	66303	33108	50752	59851	63786	32060	79303	38608	49198	71115	26810	44186	24367	34253	46571	24367	50253	56772	24377	59679	37080	44317	52204	50910	55714	15038400	82884	66066
127	153635	15132390	154144	15180108	15161310	72273	61933	99407	84243	70192	93650	59749	108310	46577	64463	36538	76184	55317	82138	35817	96586	75249	49707	114214	31840	27757	39674	41208	41709	66047	53627	82517	68200	34879	52473	61715	65664	34008	81196	40443	51096	73025	28685	46066	26416	36082	48399	26416	52112	58664	26189	61583	38987	46101	53991	52897	57572	15158418	84883	68061
128	154714	15253854	155236	15300126	15282774	74149	63865	101055	86211	72162	95457	61748	109887	48534	66413	38581	78181	57330	84094	37680	98308	77193	51661	115708	33802	29641	41461	42979	43508	67983	55588	84362	70077	36620	54327	63525	67492	35791	83021	42148	52998	74839	30713	47828	27947	37766	50119	28095	53866	60429	28030	63397	40754	47949	55795	54702	59407	15279882	86851	69943
129	155806	15373872	156315	15421590	15402792	75977	65772	102715	88112	74010	97179	63685	111390	50453	68367	40417	80131	59276	85942	39508	100008	79101	53549	117128	35303	31543	43174	44864	45187	69810	57413	86186	71846	38389	55937	65317	69292	37490	84798	43834	54686	76648	32167	49569	29888	39485	51861	29888	55599	62144	29617	65157	42447	49603	57507	56524	61219	15399900	88703	71799
130	156898	15495336	157407	15541608	15524256	77774	67567	104355	89952	75870	98901	65597	112866	52307	70181	42221	81993	61092	87786	41301	101668	80952	55403	118539	37135	33149	44867	46541	46982	71608	59182	87927	73563	39976	57645	66961	70959	39272	86454	45548	56471	78316	34109	51290	31314	41079	53549	31578	57244	63813	31122	66806	44168	51322	59203	58213	62878	15521364	90543	73602
131	157977	15615354	158499	15663072	15645720	79490	69367	105923	91732	77645	100593	67426	114360	54127	71950	44045	83835	62853	89534	43116	103308	82702	57233	119933	38559	34918	46410	48241	48457	73305	60966	89629	75250	41701	59198	68627	72595	40773	88092	47197	58093	79980	35482	52914	33245	42662	55144	33369	58878	65411	32811	68417	45778	52906	60817	59889	64557	15642828	92297	75369
132	159069	15736818	159578	15784536	15765738	81176	71032	107500	93492	79387	102233	69167	115836	55816	73720	45841	85587	64597	91288	44811	104947	84468	58972	121344	40139	36372	47986	49886	50010	75028	62665	91335	76843	43212	60710	70258	74247	42416	89702	48667	59703	81597	37081	54528	34770	44233	56657	34770	60433	66961	34297	70084	47290	54445	62389	61521	66225	15762846	94035	77070
133	160148	15858282	160657	15904554	15887202	82826	72749	109058	95222	81052	103893	70925	117266	57599	75402	47483	87330	66295	92960	46534	106505	86172	60694	116235	41708	37881	49471	51514	51595	76702	30366	85731	78426	37054	37334	62391	70640	38681	91251	50170	61303	83172	38829	44754	24916	45706	26751	36288	61950	46302	35835	60052	48839	55978	42625	40392	67705	15884310	95740	51075
134	161198	15979746	161680	16026018	16008666	84587	74513	52988	96902	82852	50215	72786	57153	59398	36944	49317	89124	68133	94698	22445	51893	41711	29770	59775	43555	39958	23494	53522	53484	78732	32417	46280	38198	21734	30392	35417	37000	21541	44291	52111	63256	40794	40653	27505	17532	47613	27967	16878	63881	34032	37641	35417	50830	57901	31281	31081	33479	16005774	97483	39480
135	162206	16099764	162676	16147482	16128684	86579	76733	55284	98666	84876	52431	75095	59174	61681	39125	51490	91028	70361	96457	24740	54227	43935	32056	62004	45822	42422	25695	55859	55675	80872	34825	48678	40515	23662	32506	37575	39231	23750	46526	54283	65527	43066	42981	29616	19664	49821	30045	19084	66097	36276	39886	37630	53055	60102	33400	33276	35699	16125792	99226	41923
136	163202	16221228	163684	16267500	16250148	88511	78892	57586	98328	86868	54552	41842	61333	63940	41290	24582	92854	72605	98200	26917	56505	46095	34248	64094	47897	44520	11568	58109	31936	82947	37187	50960	28244	25768	34489	39669	18190	25849	48656	56375	31812	45178	45050	31717	21684	51890	32053	8917	68181	38333	41963	39773	37708	62190	15906	19077	20593	16247256	100923	44276
137	164210	16341246	164680	16388964	16371612	90443	81051	60008	49790	88811	57102	39269	30528	66433	43820	26926	94702	74920	99946	29214	58860	48631	36705	66582	50296	47180	13724	60672	28409	84991	39929	53607	21260	28234	36929	42248	20559	28308	51020	58807	34325	47761	47467	34235	24139	54224	34606	10838	34154	18852	44267	42199	26900	64626	17651	18118	18864	16368720	102583	46951
138	165218	16462710	165688	16510428	16491630	92290	83126	62560	52339	90720	59580	41875	32761	68926	46256	29292	96461	77161	101606	31672	61402	51077	39216	69040	52586	49616	15849	63205	30729	86983	42493	56051	23584	30499	39163	44540	22954	30635	53509	61112	36720	50167	49929	36579	26287	56576	36871	13589	36504	21147	46591	44586	29269	66974	19875	20496	21255	16488738	104243	49523
139	166214	16584174	166696	16630446	16613094	94116	85139	64921	54728	92555	61985	44277	35026	71330	48655	31679	98204	79330	103266	34011	63769	53486	41626	71411	54817	52014	18066	65540	32884	88898	44908	58396	25859	32734	41276	46847	25039	32860	55772	63335	39019	52425	52156	38833	28343	58788	39002	15597	38657	23213	48802	46803	31459	69150	22066	22625	23402	16610202	105855	51966
140	167222	16704192	167692	16751910	16733112	95923	87154	67198	57052	94403	64235	46600	37209	73625	50896	33835	99949	81447	104926	36312	66082	55751	43901	73675	56885	54266	20038	67732	34965	90830	47155	60611	27947	34763	43332	49004	27114	35001	57844	65414	41140	54584	54287	40912	30396	60822	41024	17610	40693	25193	50876	48920	33504	71257	24139	24820	25449	16731666	107432	54221
141	168230	16825656	168700	16873374	16854576	97666	89040	69397	59251	96176	66409	48894	39322	75823	53079	35917	101609	83497	106503	38475	68257	57860	46063	75844	58809	56395	22021	69857	36927	92638	49340	62717	29957	36849	45294	50991	29112	37017	59911	67398	43153	56628	56342	42937	32382	62723	42994	19628	42682	27102	52786	50909	35549	73247	25888	26836	27493	16851684	109009	56389
142	169226	16947120	169708	16993392	16976040	99409	90948	71496	61339	97919	68513	51007	41326	77937	55179	37995	103269	85471	108080	40521	70365	59961	48169	77932	60706	58336	23575	71858	38843	94442	51432	64721	31905	38608	47172	52897	31113	38982	61773	69320	45123	58594	58286	44915	34433	64599	44924	21745	44580	28957	54632	52858	37480	75135	27750	28635	29395	16973148	110576	58435
143	170234	17067138	170704	17114856	17096058	101057	92752	73505	63357	99658	70525	53067	43236	79965	57196	39962	104929	87426	109676	42615	72385	61954	50187	79934	62578	60247	25444	73827	40565	96192	53404	66663	33741	40494	48894	54740	32866	40800	63614	71102	46965	60429	60232	46634	36195	66421	46730	23672	46355	30834	56456	54740	39262	76944	29704	30600	31179	17094612	112070	60445
144	171242	17188602	171712	17236320	17217522	102717	94556	75464	65310	101298	72512	55095	45018	81933	59076	42034	106506	89335	111190	44470	74317	63917	52207	81878	64234	62099	27336	75613	42363	97935	55340	68549	35596	42246	50679	56560	34709	42638	65435	72873	48781	62243	61953	48504	37875	68135	48425	25207	48105	32538	58184	56487	40968	78705	31273	32446	32928	17214630	113564	62357
145	172238	17310066	172720	17356338	17338986	104357	96322	77381	67171	102938	74388	56934	46908	83826	61033	43960	108083	91208	112684	46248	76193	65853	54032	83773	66005	63898	28818	77449	43993	99653	57208	70357	37191	43881	52247	58213	36401	44257	67078	74553	50527	63973	63724	50178	39588	69870	50103	27268	49756	34218	59895	58213	42701	80395	33080	34008	34768	17336094	115076	64212
146	173246	17430084	173716	17477802	17459004	105925	98044	79204	69010	104596	76208	58786	48642	85674	62895	45715	109660	93012	114178	48131	78086	67645	55872	85597	67582	65587	30432	79139	45656	101293	59018	72126	38986	45593	53880	59957	37963	45953	68830	76205	52179	65690	65356	51878	41378	71436	51725	28609	51468	35759	61493	59855	44317	82046	34553	35791	36286	17456112	116548	65984
147	174254	17551548	174684	17597820	17580468	107502	99757	81001	70831	62227	78022	60684	50351	87483	64574	47492	111157	94816	115672	41292	79828	69445	57726	87363	69142	67292	32028	80839	47214	102953	60773	73834	30192	47153	55502	61554	39671	33514	70367	77759	53777	67302	67030	53526	42758	72999	53299	30302	31432	37294	63045	61487	45921	83646	36252	37380	37852	17577576	117959	67772
148	175167	17671566	175597	17719284	17701932	109079	101437	82826	72639	52839	79842	29840	52167	89300	66489	49368	112669	96570	117111	24279	81701	71281	59521	89180	70814	68948	33548	82489	48808	104610	62511	75539	19195	48751	57078	63138	41258	22814	71991	79345	55438	68897	68664	55049	44373	74651	54904	32100	25822	39032	64719	63105	47562	85206	37820	38954	39618	17699040	119387	69512
149	176091	17793030	176521	17840748	17821950	110625	103097	84731	74571	54569	81765	31731	53956	91196	68380	51178	114163	98334	118522	26177	83601	73158	61432	91060	72427	70597	35060	84119	50308	106168	64233	77213	20761	50334	58576	64777	42835	24401	73647	80962	57088	70519	70236	56709	46200	76137	56462	33493	27461	40440	66165	64681	49141	86814	39272	40671	41107	17819058	120781	71201
150	177004	17914494	177445	17960766	17943414	112137	104747	86555	76411	56542	83590	33574	55798	93022	70164	53039	115657	100053	119950	28020	85403	74995	63348	92886	35179	72329	36849	85799	23859	50651	30638	78912	22310	51991	60174	31223	44496	26052	75223	39254	26829	34164	71918	58323	21786	77746	58012	35185	28935	18798	67797	66314	23494	41934	40824	19128	19628	17940522	58772	72941
151	177928	18035958	178369	18082230	18063432	113631	68319	54529	78192	58230	85368	24916	57474	68027	71991	54878	117097	101713	82992	29677	66073	52779	65109	94668	37186	66858	38662	48372	25708	52729	32799	80995	24279	53865	62061	33221	46407	27904	77221	41111	28773	36056	73857	60302	23709	57272	60002	37023	30882	20600	69687	68241	25451	43770	42806	21101	21455	18061986	60829	75109
152	178852	18155976	179282	18203694	18184896	115125	53073	43817	80246	60348	87305	17532	59556	47418	74095	57015	57262	103373	59718	31774	43390	37224	67287	96428	39248	37085	40800	44052	27733	55069	35062	83070	26335	56005	64117	35281	48628	30125	79284	43174	30864	38232	76020	29635	25730	39321	62059	18188	32964	22626	71776	33727	27571	45848	44928	23082	23584	18182004	63225	77350
153	179765	18277440	180206	18323712	18306360	116611	55247	46298	82353	62758	89214	19875	61896	49760	76357	59355	59665	105028	62049	34289	45848	39600	69693	98171	41305	39204	42879	46253	29758	57232	37299	85109	28462	58107	66140	37394	50706	32128	81378	45235	32947	40394	78153	31670	27754	41325	64115	20353	34922	24653	73832	35757	29537	47921	46998	25237	25697	18303468	65497	79486
154	180689	18397458	181119	18445176	18427824	118022	57586	48566	84397	64953	91114	22254	64117	52152	78556	61707	62032	106605	64361	36458	48093	41889	72043	99918	43312	41264	44768	48308	31587	59321	39355	87077	30438	60092	68133	39339	52742	34194	83378	47204	34906	42297	80155	33641	29778	43283	66045	22120	36942	26367	75807	37733	31511	49827	48938	27145	27647	18424932	67660	81572
155	181613	18518922	182043	18566640	18547842	119433	59770	50770	86389	67167	92962	24482	66233	54398	80678	63934	64249	108182	66562	38612	50278	44102	74257	101578	45091	43273	46537	50278	33562	61339	41406	88965	32357	61982	69926	41292	54627	36026	85261	49093	36927	44259	82116	35502	31408	45063	67891	24018	38644	28417	77662	39766	33430	51656	50886	29069	29468	18544950	69758	83622
156	182526	18640386	182967	18686658	18669306	120861	61867	52881	88329	69277	94788	26524	68313	56487	82728	66055	66423	109778	68661	40753	52413	46211	76378	103238	46802	45145	48495	52176	35310	63324	43361	90851	34228	63816	71695	43059	56451	37768	87109	50791	38843	46135	83953	37269	33146	46863	69691	25935	40528	30122	79430	41499	35125	53544	52601	31140	31314	18666414	71759	85567
157	183450	18760404	183880	18808122	18789324	122272	63865	54952	90215	71264	96543	28562	70303	58563	84757	68080	68527	111287	70668	42739	54458	48225	78446	104900	48625	46942	50170	53964	36974	65214	45230	92680	35943	65569	73445	44849	58249	39695	88858	52589	40463	47852	85705	39114	35092	48598	71403	27569	42230	31801	81194	43210	36966	55213	54413	32766	33119	18787878	73647	87472
158	184374	18881868	184804	18928140	18910788	123643	65772	56941	92072	73253	98307	30600	72185	60603	86725	70048	70539	112781	72622	44726	56434	50158	80447	106477	50212	48759	51951	55805	38674	67016	47111	94484	37743	67274	75055	46527	59958	41281	90606	54212	42265	49592	87444	40723	36597	50227	73136	29324	43960	33455	82819	44994	38558	56941	56021	34494	34770	18907896	75520	89312
159	185287	19003332	185728	19049604	19032252	124987	67627	58863	93876	75167	100008	32510	74005	62511	42130	71933	65404	114293	74526	46717	58408	52099	82347	108054	51832	50424	53481	57445	40403	68830	48878	96211	39251	68900	76702	48227	28920	43001	42866	55899	31361	51232	89123	42417	15906	51846	74730	31045	45490	34972	39042	46578	40243	58548	26028	36082	15906	19029360	77383	91120
160	186211	19123350	186641	19171068	19152270	126315	69667	60861	95693	77138	101668	34493	76000	64521	44146	73927	36168	115787	76530	48712	60419	54081	84367	109650	53676	52278	55376	59388	42110	70773	50827	97975	41258	70696	78472	49996	30732	44839	45942	57644	21734	53092	90939	44233	18302	53612	76512	32739	47316	36821	40845	48492	42005	60351	28409	37876	17651	19149378	79362	92946
161	187135	19244814	187565	19292532	19273734	127643	71670	62893	97436	79126	103348	36480	77926	66500	46073	75952	38177	117219	78514	50747	62398	56067	86359	111165	55377	54175	57063	61201	43797	72583	52702	99711	43027	72481	80188	51741	32442	46561	47667	59442	23396	54892	92699	46021	20147	55316	78237	34708	48948	38581	42633	50126	43791	62035	30183	39849	19343	19270842	81253	94772
162	188048	19366278	188489	19412550	19395198	128987	73533	64828	99179	81076	104985	38472	79798	68421	48007	77932	40084	118647	80463	52664	64348	58024	88277	112659	57136	55900	58842	62992	45468	74403	54474	101351	44680	74161	81872	53510	34248	48346	49412	61049	25114	56596	94437	47742	21740	57005	79901	36172	50731	40161	44252	51948	45507	63772	31728	41329	21000	19392306	83053	96507
163	188972	19486296	189402	19534014	19515216	130315	75356	66705	100858	82901	106562	40365	81622	70320	49950	79804	42002	120058	82288	54437	66240	59945	90163	114171	58668	57645	60364	64668	47207	76087	56191	102991	46407	75800	83447	55144	35788	49987	50979	62680	26719	58283	96082	49359	23223	58645	81546	37962	52337	41779	45815	53517	47113	65403	33447	43191	22533	19512324	84805	98208
164	189885	19607760	190304	19654032	19636680	131583	77219	68529	102498	84707	108120	42171	83397	72202	51696	81578	43835	121469	84094	56340	68079	61707	92000	115665	28344	34894	41146	30366	48634	56579	38284	104646	48112	77447	85015	56729	31384	51572	52690	64333	28381	27625	69429	50887	25120	55470	74800	17352	53890	43383	47458	41693	46272	66953	34906	44791	24139	19633788	44862	99893
165	190744	19727778	191134	19775496	19758144	132828	78892	70279	104138	86459	109678	43997	85087	73938	53466	83378	45594	122880	85822	58073	69815	63486	93760	117087	30122	28409	30528	32653	50712	38577	28482	106242	50091	79345	86911	58692	18073	53540	54576	66225	30431	29518	48641	52914	26803	29424	41049	19072	55807	45297	49336	26745	23678	68919	36983	46823	26128	19755252	43078	101553
166	191584	19849242	191974	19896960	19878162	61921	51004	71990	76072	88143	52988	45660	56134	34704	25469	40488	21690	58772	53759	59754	71555	30366	60905	97562	32061	30457	22775	34748	45816	40771	30661	107819	52154	40945	88829	60728	19939	55580	26108	31089	13737	31559	38882	39302	11568	31406	19628	21048	26829	47263	39551	28768	25621	70946	38949	32577	28196	19875270	45373	103213
167	192414	19970706	192814	20016978	19999626	63533	40169	74290	52378	90052	55543	48386	43462	37805	28036	42922	24230	61934	44287	62314	73814	32417	46813	58369	34674	33136	16613	37504	26458	43524	33509	109396	54741	40833	90738	30800	22401	58265	28690	33655	16119	34151	25287	27512	14627	33887	22031	23570	29274	49821	25950	31459	28322	73254	41474	24795	30736	19996734	48201	104876
168	193254	20090724	193644	20138442	20119644	66132	42863	76545	55143	91916	58300	51209	46050	40606	30724	45680	26994	64602	47050	65002	76086	35121	49602	61095	37045	35786	18962	40122	28863	46243	36133	110943	57317	43343	92594	33326	24954	60824	31255	36096	18416	36672	27721	29902	17249	36310	24452	26005	31596	52329	28253	33874	30647	75546	43852	27273	33268	20118198	50955	106453
169	194094	20212188	194484	20259906	20241108	68575	45305	78763	57808	93742	60892	53881	48588	43129	33318	48277	29568	67168	49534	67552	78321	37740	52241	63704	39379	38251	21147	42528	31150	48684	38683	112437	59719	45624	94420	35556	27112	63187	33437	38324	20859	39027	30025	32242	19197	38527	26573	28377	33940	54528	30516	36242	33059	77749	46196	29473	35617	20238216	53603	108030
170	194924	20333652	195324	20379924	20362572	70933	47793	80902	60285	95566	63352	56465	50873	45647	35665	50700	31998	69638	52016	70002	80477	40189	54748	66143	41479	40463	23123	44849	33216	51047	41024	113931	61984	47793	96192	37707	29395	65431	35602	40430	23043	41298	32293	34421	21259	40621	28682	30427	36018	56684	32558	38300	35129	79881	48382	31714	37820	20359680	55973	109626
171	195764	20453670	196154	20501388	20482590	73186	50074	82977	62631	97309	65710	58857	53135	47988	38030	53088	34436	71989	54306	72371	82552	42493	57144	68466	43527	42608	25110	47011	35158	53262	43282	115443	64074	49828	97956	39793	31510	67537	37695	42479	25037	43401	34409	36470	23317	42613	30643	32474	38035	58718	34537	40305	37194	81902	50390	33805	39900	20479698	58287	111143
172	196604	20575134	196994	20622852	20604054	75346	52257	84996	64894	99052	67987	61161	55344	50342	40305	55336	36597	74233	56581	74611	84564	44724	59376	70741	45389	44648	27102	49035	37110	55391	45430	116894	66098	51777	99673	41776	33429	69517	39625	44386	27035	45315	36344	38408	25370	44561	32614	34459	39895	60652	36409	42358	39201	83844	52285	35773	41877	20601162	60505	112637
173	197434	20696598	197834	20742870	20725518	77452	54421	86964	67078	100757	70162	28920	57464	52512	42407	57492	38904	76409	58723	76801	40488	46847	61595	34526	47175	46598	29029	50939	39017	57438	47478	118305	68062	53661	101313	43619	35124	71438	41564	46213	28751	47149	38126	40305	27115	46336	34410	16424	21835	62558	38242	44223	40960	85692	54220	37637	43762	20722626	62614	114149
174	198274	20816616	198664	20864334	20845536	79610	56726	88880	69460	102417	72497	32003	59722	54821	44735	59851	41281	78606	61031	78983	43558	49256	63953	36851	49065	48554	30699	52925	40834	59486	49522	119733	69944	55510	102973	45523	37133	73309	43417	48012	30505	49083	39931	42162	28898	48129	36174	18002	20396	64407	40042	46056	42838	87523	56092	39726	45615	20844090	64685	115643
175	199104	20938080	199504	20984352	20967000	81692	58969	90812	71759	104077	74762	34260	61888	57177	47034	62144	43529	80776	63256	81139	45825	51512	66260	39143	50764	50390	32538	54843	42524	61432	51485	121144	71742	57266	104610	47260	38932	75167	45099	49791	32420	50904	41907	43941	30913	49903	37854	19664	21972	66173	41815	47863	44683	89271	57724	41461	47438	20964108	66690	117083
176	199944	21059544	200344	21105816	21088464	83762	61100	92643	73955	105697	76976	16167	64013	27925	49225	64357	45843	82826	65434	83189	47986	53676	68519	41306	52485	52165	34157	56585	44336	63282	53377	122555	73547	59004	57326	49062	40599	76895	46942	51461	15183	52658	22530	45651	32294	51570	39567	21491	23705	67865	43466	49603	46320	43476	59589	43126	49148	21085572	68605	118511
177	200784	21179562	201174	21227280	21208482	85754	63356	94469	76195	107274	79152	18347	66194	30007	51442	66620	48131	84875	67719	85223	50340	55932	70792	43505	54224	54106	35933	58482	46030	65237	55315	123925	75370	60794	52800	50802	42543	78710	48675	53237	16753	54507	21260	47430	34350	53343	41308	23171	25319	69635	45238	51322	48115	45248	61260	45143	50968	21205590	70585	119922
178	201614	21301026	202014	21347298	21329946	87720	65497	96260	78400	108851	81251	20394	68305	32211	53647	68807	50315	86867	69873	87212	52511	58143	73022	45685	55948	55870	37680	60286	47880	67101	57256	125253	77179	62498	54455	52560	44072	80501	50506	54957	18640	56149	22957	49225	35770	55060	42979	24987	27222	71378	46943	53179	49848	46996	63115	46764	52796	21327054	72486	121333
179	202454	21422490	202854	21468762	21451410	89629	67570	97982	80503	110427	83301	22533	70353	34334	55756	70896	52448	88764	71961	89098	54630	60263	75134	47766	57584	57652	39350	62005	49368	68913	59029	126581	78905	64189	56024	54260	46001	82201	52118	56657	20146	57959	24622	50879	37744	56684	44680	26524	28636	73111	48591	54749	51557	48599	64659	48631	54451	21448518	74362	122761
180	203294	21542508	203684	21590226	21571428	91489	69580	99698	82528	111921	85307	24567	72318	36330	57757	72926	54492	90650	73982	90981	56636	62280	77186	49802	59313	59344	40899	63711	50977	70622	60784	127925	80589	65869	57802	55946	47464	83891	53795	58272	21835	59573	26019	52555	39198	58298	46317	28270	30397	74651	50138	56496	53174	50187	66355	50094	56132	21568536	76129	124103
181	204124	21663972	204524	21710244	21692892	93293	71527	101358	84493	113415	87269	26445	74222	38330	59727	74906	56505	92488	75897	92807	58637	64201	79146	51712	60788	60988	42488	65374	52688	72325	62488	129253	82164	67450	59315	57474	49089	85475	55308	59810	23312	61142	27722	54179	40651	59836	47811	29704	31931	76245	51719	58081	54782	51807	67981	51837	57763	21690000	77868	125431
182	204964	21783990	205354	21831708	21812910	95116	73367	102998	86413	114909	89155	28343	76075	40232	61662	76796	58510	94292	77775	94611	60437	66097	81070	53599	62393	62653	44160	67048	54232	35179	64275	62677	83855	31812	28490	59136	50869	41611	26028	61408	24785	62902	12628	25632	42495	61502	22782	13014	14604	37097	24633	27850	56454	25002	32916	24835	59417	61954	79636	126759
183	205804	21905454	206194	21953172	21934374	96838	75196	104634	88237	116373	90992	30190	77816	42093	63474	78588	60348	96049	79621	96353	62317	67971	82895	55414	64407	64787	46220	69221	56251	37354	66510	64522	85847	34337	30465	61194	52936	43653	27881	63391	26802	64964	14483	27588	44449	63479	24711	15457	16613	39110	26506	29868	58497	27003	34936	26849	61534	63821	81742	128087
184	206634	22026918	207034	22073190	22055838	98560	76951	106211	90008	117767	92752	31930	79584	43828	65234	80434	62131	97792	81327	98096	64109	69681	84725	57208	66359	66851	48148	71238	58235	39460	68671	66625	87810	36219	32447	63150	54854	45690	29756	65374	28822	66929	16507	29552	46272	65367	26500	17245	18517	40975	28400	31756	60437	28863	36956	28863	63478	65946	83834	129431
185	207474	22146936	207864	22194654	22175856	100248	78686	107769	91764	119178	94512	33764	81242	45634	67005	82134	63961	45758	83102	76070	30502	71509	41361	58878	68225	32007	49962	73256	60047	41505	70765	68632	42946	38063	34192	65109	56704	47556	31717	53322	30708	68836	18306	31459	40633	49526	28468	19193	20137	42804	30174	33661	62284	30679	38765	30882	65397	67975	85802	130755
186	208314	22268400	208704	22316118	22297320	101908	80628	109365	93612	120589	96280	35617	83192	47588	68970	84115	65989	48555	85044	48383	32417	73434	43318	60909	70218	34081	51948	75359	62037	43647	72940	70727	45016	40078	36082	67132	58738	49555	33747	33342	32738	70866	20254	33442	23853	33342	30307	21157	22016	44788	32109	35638	64333	32648	40744	32901	67474	70121	87789	132000
187	209139	22389864	209499	22436136	22418784	103568	82603	110895	95420	122017	98044	37655	85106	49545	70967	86107	68017	50514	87012	50350	34465	75450	45327	62940	72103	36150	53862	77411	63966	45729	75027	72735	46994	42045	37876	69093	60637	51557	35602	35101	34767	72841	22124	35314	25702	35160	32169	23223	23746	46732	34053	37620	66318	34503	42682	34863	69484	72150	89698	133260
188	209895	22509882	210246	22557600	22538802	105213	84493	112389	97163	123403	99777	39692	86978	51507	72911	88036	69959	52403	88903	52286	36397	77367	47292	64841	73951	37997	55854	79337	65869	47636	76998	74667	48850	43829	39901	70970	62643	53486	37475	37000	36684	74797	23847	37146	27273	37000	33988	25037	25764	48556	35719	39398	68185	36319	44487	36661	71348	74082	91555	134520
189	210651	22631346	211002	22677618	22660266	106790	86341	113901	98927	124731	101437	41478	88778	53360	74784	89899	71844	54373	90789	54297	38178	79242	49177	66686	75759	39860	57564	81229	67600	49508	78913	76531	50759	45635	41429	72801	64457	55307	39204	38754	38341	76606	25696	38944	29260	38700	35715	26725	27331	50310	37586	41298	69976	38050	46310	38482	73194	75967	93359	135765
190	211398	22752810	211758	22799082	22781730	108367	88122	115395	100598	126075	103117	43382	90572	55224	76620	91725	73757	56130	92555	55982	39981	81088	50914	68511	77460	41640	59329	83004	69370	51392	80746	78307	52480	47414	43287	74537	66097	56996	40912	40428	40242	78301	27344	40662	30783	40428	37362	28751	29101	52047	39152	42969	71745	39754	47933	40375	74948	77790	95158	137025
191	212154	22872828	212505	22920546	22901748	109963	89870	116849	102258	127403	104747	45204	92259	56987	78367	93485	75518	57905	94315	57833	41756	82788	52784	70291	79098	43393	60939	84758	70976	53092	82571	80049	54258	49000	44791	76243	67881	58777	42648	42085	41757	80043	29042	42358	32744	42036	39042	30162	30563	53690	40862	44671	73382	41388	49672	41936	76676	79558	96901	138285
192	212901	22994292	213261	23040564	23023212	111444	91566	118260	103898	128731	106324	46954	93953	58733	80109	95215	77300	59625	96008	59485	43457	84550	54478	72002	80749	45031	62639	86438	72583	54854	84270	81764	55833	50618	46336	77822	69561	60369	44219	43679	43554	81733	30507	43941	34110	43585	40705	32033	32153	55243	42355	46219	75049	42960	51388	43631	78291	81267	98623	139521
193	213648	23115756	214008	23162028	23144676	112938	93216	119671	105508	130059	107882	48644	95599	60394	81796	96874	78970	61329	97667	61261	45092	86206	56195	73658	82274	46657	64133	88100	74179	56524	85974	83439	57508	52228	47914	79434	71045	61954	45782	45215	45047	83283	32165	45606	35599	45169	42155	33553	33852	56826	43844	47803	76642	44524	52776	45214	79929	82917	100328	140697
194	214404	23235774	214755	23283492	23264694	114414	94866	96687	107066	131328	88826	37275	93990	40488	83421	98533	57295	49052	73354	59286	46759	87855	44774	63747	32660	21881	26374	43426	63651	27893	42008	40488	27518	25333	49569	52653	34526	58375	21458	40786	21458	85002	33802	21652	17001	46833	43841	35360	35410	38457	29775	16672	27233	20244	54584	21844	81648	40488	48950	141873
195	215151	23357238	215511	23403510	23386158	115908	96554	59718	52998	62218	53941	25205	48254	30528	41249	100203	40117	31413	49252	31148	22905	43198	28115	37141	20457	25157	16119	46774	38430	31266	45465	43829	30729	28428	25205	19836	37685	32289	24708	23621	24539	42730	17122	24792	19729	23355	22488	38449	18118	14535	23410	11963	19193	1446	27512	11237	40909	43876	52180	143035
196	215907	23478702	216258	23524974	23507622	117351	98318	62511	56101	64941	57027	28316	51206	33698	44346	101863	43391	34441	52308	34138	25972	46298	31266	40249	23493	28493	19084	50226	41590	34666	48967	47150	34062	31415	28389	23045	40904	35591	27874	26684	27799	45995	20146	27949	22952	26370	25361	41807	21099	17415	26497	14785	22308	5784	30588	14207	44217	47282	55365	144211
197	216654	23598720	217014	23646438	23627640	118762	100038	65225	59038	67525	59922	31313	54031	36591	47282	103543	46389	37388	55225	37164	28856	49240	34184	43225	26256	31672	21931	53299	44384	37705	52077	50126	36983	34323	31113	25776	43883	38556	30712	29498	30712	48958	23042	30847	25612	29072	28160	44679	23879	20191	29257	17741	25120	12023	33442	17142	47204	50290	58341	145387
198	217410	23720184	217770	23766456	23749104	120173	101698	67731	61804	69976	62642	34106	56681	39375	50044	105171	49241	40116	57924	39908	31540	51976	36927	45917	28825	34376	24448	56129	47053	40463	54934	52893	39739	36942	33554	28462	46583	41256	33308	31998	33432	51668	25692	33432	28314	31672	30703	47420	26287	22719	31776	20165	27719	14257	36013	19747	49930	53088	61135	146549
199	218166	23840202	218517	23887920	23869122	121601	103378	70175	64380	72346	65256	36798	59135	42022	52659	106748	51857	42669	60463	42375	34194	54534	39531	48504	31180	36991	26958	58749	49411	43042	57572	55410	42265	39335	35827	30979	49130	43742	35713	34436	35945	54242	28165	35829	30505	34011	33175	50008	28780	25071	34108	22418	30162	16692	38462	22137	52394	55706	63838	147725
200	218913	23961666	219273	24009384	23990586	123012	105014	72566	66860	74642	67700	39251	61532	44512	55114	108344	54383	45074	62903	44936	36540	57013	42020	50875	33492	39381	29111	61192	51779	45521	60097	57852	44648	41638	37963	33244	51472	46135	38074	36540	38344	56592	30436	38236	32928	36312	35237	52312	30871	27222	36403	24800	32420	18810	40764	24377	54858	58139	66365	148887
201	219669	24083130	220029	24129402	24112050	124340	106591	74856	69219	76885	70029	41608	63764	46820	57420	109921	56762	47446	65221	47138	38904	59353	44322	53214	35595	41681	31179	63475	53929	47823	62449	60089	46906	43819	40087	35361	53676	48325	40244	38691	40601	58769	32547	40397	35065	38421	37408	54512	33080	29282	38506	27048	34588	20911	42893	26505	57104	60429	68740	150013
202	220425	24203148	220776	24250866	24232068	125684	108187	77070	71439	79038	72257	43932	65922	49104	59644	111422	59039	49660	67426	49408	41081	61573	46466	55493	37633	43859	33243	65673	55993	50062	64685	62276	49060	45895	42054	37413	55821	50417	42300	40725	42692	60871	34587	42447	37133	40419	39406	56668	35030	31274	40550	29051	36628	22909	44919	28691	59197	62639	71034	151105
203	221172	24324612	221532	24372330	24353532	127012	109764	79216	73590	81142	74413	46092	67982	51247	61781	112934	61236	51776	69557	51576	43241	63676	48640	57645	39463	45933	35183	67741	57916	52165	66845	64357	51045	47837	44026	39357	57820	52429	44309	42713	44727	62903	36570	44497	38932	42272	41404	58668	36988	33269	42398	30921	38611	24912	46902	30651	61219	64773	73227	152184
204	221928	24446076	222279	24492348	24474996	128340	111273	81288	75654	83192	76475	48198	69983	53301	63845	114428	63356	53850	71621	53660	45299	65775	50718	59688	41358	47873	37133	69721	59741	54258	68935	66372	52948	49746	45957	41308	59683	54360	46138	44655	46586	64805	38557	46363	40599	44094	43167	60569	38848	35090	44309	32811	40497	26997	48763	32429	63109	66806	75331	153276
205	222684	24566094	223035	24613812	24595014	129684	79512	83288	77697	40488	78487	50214	71926	55317	65907	115922	62178	55842	73570	55620	47265	59588	23946	61691	43123	49739	38879	39780	61575	56203	70962	68327	54866	51498	47553	43171	28920	38392	47941	41934	48371	66713	40395	48156	42641	45933	44952	62478	40620	36933	46003	34477	42298	28642	50592	34477	64941	68807	77383	154368
206	223431	24687558	223791	24733830	24716478	130992	55690	85318	79829	42241	80612	52547	74061	57618	68087	117364	32717	58093	75770	57913	49529	33466	26110	63886	44956	51732	40752	35766	63486	58259	73046	70345	56788	53507	49510	45048	30664	27656	49928	22128	50338	68627	42200	50092	44448	47701	46889	64393	42465	38743	22034	36523	44213	30539	52477	36523	66907	70838	79492	155447
207	224187	24809022	224538	24855294	24837942	132237	57945	87303	81952	44487	82712	54931	76270	59970	70403	118775	35045	60385	77990	60181	51812	35745	28473	66133	46805	53694	42690	37685	65278	60206	75022	72282	58714	55289	51354	46893	32570	29476	51755	24024	52275	70490	44072	51995	46091	49571	48624	66283	44279	40570	23850	38296	46046	32452	54293	38296	68845	72786	81478	156539
208	224943	24929040	225294	24976758	24957960	133497	60041	89212	84012	46666	84741	57173	78420	62160	72618	120186	37283	62596	80122	62365	54074	37887	30584	68366	48628	55580	44354	39513	67109	62125	76939	74102	60512	57087	52976	48796	34369	31255	53562	25618	54058	72366	46091	53754	48111	51332	50375	68091	46065	42368	25455	39938	47853	34075	56089	39938	70614	74690	83453	157631
209	225690	25050504	226050	25096776	25079424	134757	62097	91134	85980	48748	86709	59369	80447	64309	74744	121614	39339	64732	82184	64476	56209	40016	32686	70470	50296	57334	46091	41356	68770	63923	78778	75932	62290	58795	54741	50378	36135	32936	55342	27346	55786	74102	47595	55527	49593	53033	52111	69885	47784	43998	27194	41815	49551	35855	57793	42012	72402	76472	85285	158710
210	226446	25170522	226797	25218240	25199442	136002	64152	92960	87937	50782	88636	61454	82397	66357	76769	123024	41442	66736	84211	66519	58195	41987	34657	72487	51914	59140	47767	43025	70483	65735	80592	77652	63987	60455	56451	52194	37762	34656	56922	28900	57534	75797	49467	57174	51433	54568	53789	71567	49358	45661	28684	43370	51273	37386	59482	43418	74082	78250	87133	159802
211	227202	25291986	227553	25339704	25320906	137262	66112	94764	89823	52698	90522	63434	84319	68313	78718	124352	43443	68709	86155	68499	60144	43914	36694	74475	53522	60756	49341	44724	72020	67440	82317	79368	65704	62103	57821	53715	39269	36294	58600	30508	59195	77444	50910	58845	52936	56283	55339	73210	51009	47219	30440	45100	52897	39225	61054	45284	75751	79940	88858	160878
212	227949	25413450	228309	25459722	25442370	138522	67986	96499	91675	54584	92343	65385	86167	70274	80634	125696	45355	70627	88036	70395	62032	45806	38566	76373	55045	62428	50910	46360	73619	69121	84026	81009	67316	63678	59439	55267	40924	37805	60231	32036	60775	79030	52546	60367	54398	57766	56847	74802	52523	48813	31906	46679	54436	40728	62619	46899	77344	81634	90606	161886
213	228705	25533468	229056	25581186	25563834	139743	69726	98242	93501	56409	94169	67276	87932	72129	82484	127024	47231	72470	89853	72274	63929	47709	40352	78207	56561	29992	52429	47981	38974	33630	85730	82684	32663	36245	61046	25632	42561	39416	28490	13737	62414	38535	25085	61952	56043	46100	26829	76422	54147	35668	33370	25433	35211	42177	64242	43856	78960	83334	44479	67962
214	229452	25654932	229812	25702650	25683852	140919	71611	99946	95294	27137	95952	69142	89703	73949	84283	128352	49035	74262	91637	74066	65741	49453	42159	80001	58599	32068	54474	50089	37141	35783	87697	84691	34757	32160	46433	27588	44558	41464	30533	15726	64459	40578	27080	64011	58000	29020	28628	78462	36006	24704	35363	23444	27731	44191	66230	23853	80992	85339	46790	64010
215	230208	25776396	230559	25822668	25805316	142095	73308	101626	97058	28917	97695	70988	91450	75784	86107	129696	50898	76086	93441	75897	67567	51219	44032	81843	60706	34260	56596	52351	39257	38140	89629	86707	36900	34285	30117	29762	46688	43608	32575	17723	66657	42719	29079	66161	60127	31095	30661	38897	27806	26727	17049	25486	29896	46251	68340	26104	40297	87323	49244	66315
216	230964	25896414	231315	25944132	25925334	143257	75166	103266	98780	30593	99417	72763	93166	77588	87852	131003	52691	77879	95215	77645	69367	53001	45738	83593	62776	36488	58738	54550	41364	40460	91511	88634	39083	36340	32121	31788	48810	45737	34674	19729	68813	44891	31150	68333	62214	33101	32758	41075	29896	28753	19017	27604	31977	48306	70474	28322	42498	89232	51620	68662
217	231711	26017878	232071	26064150	26046798	144433	76759	104907	100478	32247	101085	74583	94882	79304	89577	132263	54463	79621	96895	79387	71032	54727	47515	85323	64746	38588	60739	56668	43369	42654	93337	90543	41149	38394	34065	33813	50884	47816	36709	21450	70873	46919	33153	70380	64201	34992	34726	43139	31847	30710	20800	29498	33991	50358	72463	30375	44545	91153	53854	70872
218	232452	26139342	232764	26185614	26168262	145595	78475	106465	102118	33940	102725	76261	96465	81022	91285	133493	56143	81252	98575	81077	72749	56437	49138	87003	66625	40577	62676	58703	45191	44691	95179	92385	43066	40241	35962	35665	52872	49809	38635	23313	72820	48863	35158	72316	66097	36897	36646	45017	33747	32613	22533	31540	35834	52294	74339	32169	46455	92979	56031	72987
219	233116	26259360	233436	26307078	26288280	146771	80113	108042	103778	35496	104385	77969	98082	82672	92913	134738	57845	82927	100203	82727	74429	58024	50835	88618	68452	42473	64489	60637	47074	46684	96922	94189	44948	42101	37707	37425	54754	51598	40468	25037	74723	50730	36998	74192	68001	38600	38413	46951	35544	34469	24311	33457	37695	54038	76188	33988	48416	94783	58060	74992
220	233780	26380824	234100	26428542	26409744	147933	81650	109600	105375	37039	105971	79633	99673	84271	94541	135983	59427	84516	101783	84348	75977	59636	52474	90251	70205	44334	66283	62511	48801	48596	98665	95950	46754	43836	39375	39315	56501	53487	42221	26803	76532	52531	38590	75992	69681	40436	40051	48725	37197	36173	26048	35033	39469	55877	77951	36005	50176	96517	60047	76909
221	234452	26502288	61954	26548560	62677	61954	83400	111136	51020	17123	107548	81364	48621	41349	96202	61954	61238	41049	49752	41199	77800	61407	54214	91930	71916	46163	68001	64297	50547	50430	100348	97693	48535	45595	41076	40968	58296	55197	43998	28387	78282	54269	40579	77736	71480	41995	41824	50473	38939	37853	27675	36935	41114	57479	79693	37582	51917	98260	61905	78801
222	235124	26622306	63981	26670024	64362	63949	85402	112630	53392	19193	109125	83464	50782	43594	97945	63885	63551	43354	52064	43450	79932	63646	56530	93756	73575	47835	69681	66035	52158	52204	101988	99394	50208	47199	42756	42701	59936	56889	45616	30024	79998	55954	42034	79400	73042	43593	43474	52166	40555	39410	29210	38421	42841	59211	81321	39413	53642	99943	63710	80564
223	235788	26743770	66411	26790042	66718	66101	87383	114124	55661	21157	110668	85463	52932	45860	99683	66132	65839	45590	54314	45725	82051	65900	58744	95579	75154	49492	71277	67641	53757	53877	103628	101063	51868	48752	44183	44223	61599	58498	47175	31642	81615	57590	43725	81040	74694	45223	44970	53803	42158	41008	30871	40111	44454	60723	82946	40807	55270	101603	65466	82289
224	236460	26863788	68845	26911506	69052	68185	89315	115636	27518	23313	112180	87442	55114	48148	101363	68305	32714	21844	56552	47933	84107	68140	61051	97322	76747	51216	72846	33105	55345	55684	105251	102723	25085	50376	45748	45876	29277	60166	48813	33117	83290	59249	20652	39413	76287	46753	46598	55390	43655	42691	32382	41781	20753	28997	39042	42694	26188	103263	67295	84071
225	237132	26985252	71281	27032970	71452	70469	91211	117077	29837	25693	113674	89374	57348	50577	103023	70730	35101	24111	58870	50331	86099	70512	63503	99065	78515	53076	74748	34936	57177	57543	106847	104383	26849	52152	47610	47691	31135	61988	50641	34888	85152	61066	22488	41311	78072	48620	48296	57293	45512	44402	34191	43529	22580	30805	41549	44358	28029	104905	69220	85967
226	237796	27106716	73606	27152988	73743	72682	93037	118488	32053	27794	115168	91267	59609	52932	104677	73018	37447	26339	61139	52659	88051	72807	65824	100769	80283	54914	76449	36732	58848	59413	108424	105988	28647	53942	49230	49477	32761	63790	52407	36514	86952	62894	24012	43030	79866	50207	50062	59065	47250	46182	35791	45207	24185	32447	43306	46320	29826	106501	71092	87833
227	238468	27226734	75859	27274452	75910	74806	94885	119916	34245	29955	116652	93093	61748	55114	106273	75238	39704	28538	63328	54850	89983	75007	68037	102429	81914	56653	78176	38495	60574	61123	110001	107565	30339	55599	50966	51122	34489	65482	54072	38233	88639	64573	25768	44729	81463	51907	51725	60785	48843	47811	37435	47001	25929	34192	44948	47943	31387	108078	72891	89581
228	239140	27348198	78050	27395916	77995	76858	96636	121327	36304	32033	118063	94941	63781	57240	107850	77344	41790	30576	65408	56952	91828	77113	70181	104089	83564	58338	79736	40130	62219	62818	111498	109142	31940	57280	52404	52789	36135	67156	55726	39930	90318	66210	27335	46320	83138	53555	53260	62423	50506	49342	39113	48647	27411	35734	46534	49765	33062	109655	74627	91311
229	239804	27469662	80156	27515934	80023	78778	98358	122738	38359	33983	119474	96689	65721	59329	109427	79376	43867	32615	67423	58979	93632	79128	72236	105708	40539	60113	45588	30029	63790	29992	50288	51542	13014	58913	54070	54483	16167	50094	41458	36584	43713	67930	11568	21786	39042	55076	40896	64116	37948	51034	40569	50151	29105	15906	24795	51237	34716	111170	52003	92983
230	240476	27589680	82217	27637398	81989	80642	100056	124098	40259	35942	120902	98390	67577	61245	110972	81292	45851	34471	69344	60939	95419	81053	74140	107285	42730	62332	40323	20600	65947	32262	56282	54701	15858	61079	56168	56605	18233	34337	28482	20293	45883	70135	13570	23884	41799	57239	26977	66325	25546	53132	42758	52409	31240	1446	23355	53525	36917	112664	38268	94809
231	241140	27711144	84242	27758862	83975	38643	101716	70340	18909	37852	122313	100107	69497	29630	52988	83242	47795	36346	71212	62870	97162	82978	35834	108862	45086	64796	42767	23172	32586	34979	58964	57315	6828	30061	27743	59062	20496	15725	30931	22718	23086	34706	15849	11113	20562	27442	13117	32522	27883	25794	45158	25794	14765	7230	11113	56010	39416	114176	41140	96584
232	241812	27832608	86258	27878880	85991	40833	103376	62240	21101	40034	123682	101787	71708	31926	56023	85250	50117	38668	73483	65189	98905	84997	38187	110437	47933	67418	45669	26129	35455	38156	61833	60194	9875	32899	30457	61893	23439	18415	33879	25401	25972	37685	18747	13809	23407	30183	15862	35513	30652	28623	47999	28696	17723	11405	13960	58952	42403	115670	44384	98327
233	242484	27952626	88203	28000344	87948	43103	105031	64514	23351	42298	125026	103447	73934	34187	58404	87237	52494	40907	75767	67517	100597	86989	40504	111931	50577	69902	48309	28997	37997	40934	64504	62939	12506	35567	32947	64530	26128	21057	36475	28049	28566	40394	21348	16182	25939	32695	18192	38214	33252	31194	50599	31261	20147	13589	16182	61723	45099	117109	47317	100047
234	243156	28074090	90112	28120362	89857	45213	106608	66772	25483	44587	126354	105079	76094	36477	60687	89169	54841	43124	77962	69736	102277	88927	42745	113425	52893	72274	50812	31472	40428	43486	67073	65445	14665	37938	35201	67005	28562	23579	38949	30260	31143	42833	23575	18474	28317	35083	20459	40632	35661	33566	52952	33813	22494	15994	18587	64237	47687	118537	49953	101727
235	243820	28195554	91995	28241826	91751	47271	108185	68954	27601	46760	127682	106675	78172	38577	62790	91071	57016	45279	80094	71911	103937	90836	44915	114937	55151	74570	52999	33887	42673	45893	69516	67790	17162	40220	37485	69300	30871	25692	41274	32511	33395	45184	26010	20711	30507	37319	22774	43009	37861	35839	55170	35955	24702	18078	20711	66628	49973	119948	52416	103387
236	244492	28315572	93821	28363290	93577	49241	109781	71009	29635	48753	129026	108252	80174	40669	64856	92897	59146	47334	82132	73962	105545	92666	46986	116417	57312	76788	55177	36139	44847	48136	71814	70029	19227	42375	39583	71489	32954	27793	43378	34674	35562	47375	28161	22909	32614	39373	24789	45215	39990	37920	57295	38138	26958	20152	22726	68875	52158	121359	54765	105022
237	245156	28437036	95620	28484754	95366	51177	111290	73007	31538	50705	130354	109829	82084	42708	66887	94723	61169	49301	84137	75986	107141	94492	48969	117828	59364	78945	57230	38203	46833	50319	73980	72145	21288	44428	41524	73583	35030	29885	45430	36595	37603	49466	30157	24912	34650	41424	26806	47273	42012	39942	59312	40202	28895	22125	24744	70991	54251	122787	57016	106618
238	245828	28558500	97363	28604772	97109	53038	112784	74930	33579	52546	131620	111353	83995	44558	68796	96460	63159	51275	86033	77912	108718	96239	50916	119256	61245	81002	59179	40264	48739	52335	76084	74161	23342	46388	43378	75567	36988	31837	47434	38527	39643	51512	32158	26843	36516	43282	28536	49285	43891	41917	61263	42162	30709	24195	26765	73018	56270	124128	59111	108195
239	246500	28678518	99085	28726236	98831	54839	114278	76820	35385	54474	132880	112847	85747	46423	70596	98182	65054	53172	87873	79784	110283	97961	52863	120667	63101	82952	61066	42270	50527	54306	78059	76097	25392	48222	45246	77483	38954	33738	49312	40366	41481	53365	33978	28496	38451	45108	30439	51219	45738	43659	63085	44176	32548	26258	28423	74941	58148	125456	61135	109772
240	247164	28799982	100768	28846254	100507	56582	115772	78612	37101	56265	134140	114323	87553	48298	72468	99908	66892	54932	89667	81584	111759	99698	54593	122061	64933	84852	62894	44139	52377	56249	79957	77941	26982	50032	46994	79277	40773	35709	51165	42172	43385	55155	35647	30471	40139	46906	32165	53001	47559	45516	64854	45876	34468	27647	30128	76804	60064	126800	63060	111299
241	247836	28920000	102408	28967718	102167	58269	117188	80406	38955	57928	135385	115799	89209	50023	74176	101548	68710	56706	91416	83359	113253	101338	56418	123428	66589	86652	64637	45886	54043	58057	81850	79735	28916	51776	48682	81071	42465	37300	52909	43763	45161	56992	37573	32131	41956	48554	33802	54803	49264	47166	66575	47605	36058	29748	32001	78596	61790	128128	64958	112793
242	248508	29041464	104068	29089182	103827	59910	118582	82082	40570	59648	136645	117231	90911	51767	75949	103188	70396	58355	93088	85051	114729	102978	58077	124756	68297	88420	66272	47699	55845	59807	83625	81487	30592	53466	50226	82721	44232	39144	54562	45481	46825	58633	39088	33953	43507	50226	35480	56474	50917	48847	68254	49309	37852	31114	33522	80338	63566	129456	66768	114269
243	249172	29162928	105650	29209200	105421	61541	119993	83777	42270	61351	137905	118625	92517	53418	77539	104833	72107	60095	94760	86731	116203	104634	59792	126068	69939	90122	67900	49317	57376	61573	85378	83212	32310	55065	51925	84390	45840	40599	56240	47219	48518	60331	40851	35390	45048	51805	36967	58166	52552	50469	69840	51002	39356	32804	35154	81992	65198	130793	68530	115763
244	249844	29282946	107227	29330664	106998	63092	121387	85409	43810	62874	139150	120036	94079	55095	79229	106391	73759	61688	96369	88358	117614	106192	61390	127396	71447	91763	69520	51010	58901	63223	87082	84837	33756	56653	53494	85998	47394	42249	57832	48602	50110	61950	42442	37106	46717	53338	38559	59741	54062	52002	71406	52477	40905	34590	36770	83642	66753	132038	70251	117180
245	61921	28920	49106	29452128	108575	64669	115479	79157	45343	64553	140343	57326	95677	26346	38857	107968	75385	63305	87787	81474	119025	107769	51414	61664	68519	93391	33876	52563	60523	64956	42081	40896	15725	58233	53502	87609	43050	41934	59414	50149	51652	63529	43928	38801	48284	25251	17001	53897	55642	53647	72998	46532	32326	36002	38316	40896	68426	133298	72020	57153
246	63853	63757	54762	29572146	110147	31705	60183	43534	23051	32269	62809	60433	47639	12298	19181	53154	38052	31705	47768	45064	58722	52569	14623	1446	35996	45446	36358	25902	28732	67294	44798	43498	17839	28587	27201	43342	23678	21830	29424	24620	25382	31573	22020	18962	23590	27612	19409	14479	27124	26353	35822	26379	20964	17957	18404	20396	33910	134558	74235	59629
247	66473	66380	57841	29693610	111659	35298	62994	47270	26809	36038	65478	63204	51114	16000	23033	56286	42085	35591	51234	48726	61605	55768	18416	5784	38824	48656	39264	29079	31559	69786	48050	46622	21156	31493	29965	46343	26734	24864	32319	27267	28400	34585	24948	21826	26500	30407	22120	17245	30034	29198	38663	29363	24109	20759	21343	23440	36956	135803	76492	62427
248	68995	68935	60725	29815074	113153	38664	65652	50688	30508	39602	68062	65849	54323	19420	26402	59283	45851	39196	54437	52087	64315	58758	21931	30975	41455	51580	42017	31940	34212	72218	51016	49420	23755	34151	32620	49072	29473	27563	35031	29956	31190	37355	27713	24438	29189	33027	24786	20043	32620	31853	41355	32005	26729	23402	24008	26209	39766	137063	78686	65112
249	71455	71368	63484	29935092	114647	41606	68200	53850	33432	42626	70524	68421	57245	22504	29526	62035	49033	42297	57425	55169	66921	61573	25037	34285	44023	54234	44460	34563	36729	74542	53698	51988	26411	36672	35014	51656	31974	30018	37601	32485	33562	39877	30087	26948	31582	35453	27112	22401	35073	34301	43835	34563	28970	25612	26165	28853	42241	138308	80853	67656
