0	-nan	-nan	-nan	-nan	-nan	-nan
1	0.0499738	0.0165422	0.026375	0.0278789	0.0194342	0.040141
2	0.156515	0.054601	0.0785467	0.0844464	0.0566832	0.122274
3	0.622127	0.205332	0.281912	0.305858	0.205448	0.443286
4	0.844001	0.296372	0.341603	0.387759	0.251141	0.572153
5	0.649775	0.251951	0.328068	0.386371	0.233327	0.529699
6	0.728553	0.241193	0.328878	0.38695	0.232054	0.516396
7	0.75701	0.263519	0.332464	0.3888	0.238764	0.544159
8	0.769388	0.281565	0.332927	0.392271	0.240383	0.564287
9	0.776791	0.287812	0.333621	0.391692	0.24235	0.572038
10	0.781881	0.290704	0.334084	0.392155	0.242234	0.576433
11	0.784079	0.290935	0.333968	0.391345	0.244085	0.578747
12	0.783154	0.29082	0.334894	0.391345	0.244548	0.580251
13	0.784195	0.291398	0.334778	0.391114	0.243159	0.580945
14	0.782112	0.29082	0.335588	0.391461	0.245473	0.579557
15	0.780493	0.290588	0.335125	0.390651	0.243044	0.579788
16	0.779105	0.290704	0.335588	0.388453	0.247092	0.580714
17	0.778873	0.290472	0.335819	0.391114	0.245704	0.580251
18	0.778758	0.290357	0.335703	0.39042	0.244548	0.57921
19	0.777601	0.290472	0.335588	0.3888	0.245704	0.578284
20	0.779105	0.289894	0.335819	0.389957	0.246051	0.578284
21	0.758977	0.288159	0.335472	0.386487	0.244663	0.576433
22	0.759439	0.285614	0.333158	0.383711	0.251026	0.574004
23	0.778179	0.289431	0.334431	0.384173	0.252761	0.576202
24	0.779567	0.290357	0.334662	0.384289	0.252414	0.578169
25	0.780493	0.290472	0.334547	0.384752	0.254265	0.578863
26	0.779567	0.290357	0.335009	0.384636	0.254727	0.578863
27	0.780377	0.290357	0.334894	0.38452	0.253571	0.580135
28	0.780146	0.29001	0.335241	0.382669	0.254149	0.579325
29	0.729478	0.290241	0.336282	0.382669	0.257735	0.578747
30	0.663078	0.277979	0.325986	0.369713	0.25091	0.562783
31	0.69489	0.247208	0.300537	0.342413	0.218751	0.503786
32	0.730519	0.262131	0.317657	0.359186	0.230088	0.530277
33	0.761521	0.272311	0.331539	0.374919	0.240846	0.553413
34	0.774015	0.284226	0.33177	0.377348	0.241887	0.56741
35	0.781418	0.290125	0.332233	0.378505	0.242118	0.57412
36	0.782807	0.290588	0.332349	0.378274	0.243159	0.576549
37	0.781997	0.290241	0.333043	0.378042	0.244663	0.57678
38	0.782344	0.290357	0.333737	0.37943	0.245704	0.57759
39	0.780493	0.290472	0.333737	0.378042	0.243044	0.578053
40	0.782112	0.290357	0.333852	0.379315	0.246514	0.5784
41	0.778758	0.289894	0.334662	0.378736	0.245473	0.578284
42	0.779799	0.290125	0.334662	0.378042	0.244779	0.578863
43	0.777832	0.289778	0.334662	0.37943	0.246167	0.5784
44	0.778642	0.29001	0.334894	0.377695	0.24663	0.578169
45	0.777832	0.289894	0.334662	0.378274	0.246167	0.578516
46	0.777485	0.289778	0.335009	0.377695	0.246167	0.578516
47	0.756084	0.286424	0.334662	0.382554	0.24501	0.576549
48	0.767074	0.286308	0.334662	0.387297	0.246514	0.575739
49	0.778411	0.289778	0.334431	0.386024	0.247092	0.578978
50	0.778873	0.290241	0.334894	0.386024	0.247555	0.579788
51	0.777948	0.290125	0.334894	0.386371	0.247671	0.579788
52	0.777485	0.289778	0.334894	0.385561	0.24744	0.578516
53	0.769735	0.288969	0.335009	0.383826	0.246167	0.578516
54	0.766958	0.287812	0.333505	0.389842	0.242003	0.576318
55	0.778873	0.29001	0.334431	0.389957	0.242928	0.578863
56	0.78003	0.290357	0.334431	0.388569	0.243738	0.579557
57	0.751226	0.290125	0.332233	0.386256	0.24235	0.57921
58	0.766727	0.290704	0.326218	0.384058	0.230897	0.576549
59	0.780146	0.290935	0.328994	0.383595	0.233789	0.572732
60	0.782459	0.289894	0.328763	0.384173	0.235293	0.5725
61	0.779915	0.290357	0.328994	0.383826	0.235756	0.574004
62	0.780146	0.290125	0.329457	0.38452	0.23564	0.572385
63	0.778642	0.289894	0.329572	0.383364	0.235987	0.573079
64	0.781071	0.29001	0.329688	0.384173	0.23645	0.573888
65	0.778642	0.290357	0.329804	0.384405	0.236219	0.574814
66	0.778873	0.290125	0.330035	0.384405	0.236566	0.574583
67	0.778179	0.290125	0.329919	0.383826	0.236797	0.574814
68	0.738848	0.289894	0.330845	0.387644	0.23726	0.574236
69	0.766727	0.29001	0.332927	0.398633	0.240961	0.577012
70	0.774478	0.289663	0.336976	0.401641	0.243044	0.579325
71	0.775981	0.289431	0.335009	0.400137	0.243275	0.577706
72	0.76048	0.288853	0.337092	0.401063	0.243738	0.578631
73	0.737576	0.281102	0.332002	0.389957	0.233211	0.566485
74	0.766264	0.286192	0.335703	0.390651	0.235756	0.571344
75	0.777948	0.289894	0.334431	0.387759	0.238185	0.579094
76	0.781071	0.29001	0.335356	0.38961	0.237491	0.580482
77	0.78003	0.290472	0.334778	0.388222	0.236913	0.579557
78	0.779567	0.290125	0.335241	0.388916	0.238995	0.579441
79	0.779799	0.290472	0.334547	0.386487	0.239111	0.580482
80	0.779452	0.289894	0.335125	0.388106	0.238648	0.579557
81	0.780724	0.290357	0.335472	0.386256	0.238995	0.58002
82	0.77656	0.290357	0.335009	0.387412	0.238416	0.579557
83	0.778989	0.290125	0.335125	0.38695	0.237954	0.578978
84	0.778179	0.29001	0.334894	0.38695	0.238648	0.578631
85	0.778179	0.290125	0.334894	0.385561	0.238764	0.579441
86	0.69917	0.288853	0.341719	0.389032	0.243391	0.576433
87	0.716522	0.275203	0.335703	0.371564	0.237028	0.567989
88	0.779567	0.289663	0.335819	0.374803	0.238185	0.579325
89	0.78165	0.290357	0.335935	0.376076	0.236334	0.578978
90	0.781187	0.290357	0.336513	0.376885	0.238879	0.579788
91	0.779336	0.290241	0.337207	0.377232	0.239342	0.578747
92	0.780262	0.290125	0.337092	0.375844	0.238532	0.578631
93	0.78003	0.290125	0.337901	0.378736	0.241424	0.579441
94	0.777023	0.29001	0.337554	0.37677	0.237954	0.578284
95	0.778526	0.290125	0.338133	0.37758	0.238879	0.579325
96	0.777948	0.289778	0.338248	0.377464	0.24073	0.5784
97	0.758282	0.287465	0.33686	0.375613	0.239111	0.57678
98	0.776329	0.288043	0.336976	0.37943	0.241193	0.577243
99	0.781071	0.290357	0.337439	0.380934	0.242118	0.579325
100	0.777485	0.290125	0.337439	0.380703	0.242581	0.579094
101	0.778873	0.290125	0.337901	0.38105	0.24235	0.579441
102	0.778526	0.289894	0.338017	0.380356	0.242118	0.578863
103	0.779452	0.290125	0.338133	0.381513	0.242118	0.578863
104	0.776444	0.290241	0.338595	0.381281	0.242465	0.578863
105	0.771007	0.289431	0.338248	0.378852	0.241656	0.577706
106	0.759092	0.287233	0.335472	0.367284	0.239226	0.575624
107	0.780377	0.290125	0.335703	0.364739	0.241193	0.57921
108	0.778758	0.290241	0.33605	0.365896	0.241656	0.578978
109	0.774131	0.290241	0.337207	0.367631	0.242118	0.578516
110	0.728784	0.29001	0.351204	0.37677	0.251141	0.579441
111	0.634158	0.260858	0.322979	0.347156	0.233095	0.539763
112	0.719067	0.263519	0.309328	0.328068	0.224882	0.522411
113	0.753192	0.276707	0.327259	0.345883	0.238069	0.553182
114	0.776791	0.286771	0.334315	0.355716	0.244779	0.570765
115	0.784773	0.290588	0.335125	0.356526	0.245126	0.575855
116	0.781534	0.290472	0.336282	0.358377	0.245473	0.57678
117	0.782922	0.290241	0.337207	0.360112	0.245704	0.577822
118	0.781881	0.290472	0.337901	0.3615	0.247324	0.578978
119	0.78084	0.290241	0.337786	0.360922	0.246514	0.578747
120	0.781187	0.290125	0.338711	0.363814	0.246167	0.5784
121	0.778411	0.29001	0.338827	0.362888	0.247902	0.578747
122	0.778873	0.289894	0.338942	0.364045	0.248134	0.5784
123	0.777601	0.289778	0.339058	0.363698	0.245473	0.578631
124	0.778179	0.289778	0.339405	0.366127	0.248943	0.578863
125	0.773668	0.29001	0.339058	0.365202	0.246051	0.578516
126	0.765917	0.289084	0.335819	0.370292	0.241656	0.577937
127	0.783963	0.290704	0.335703	0.371796	0.241077	0.578863
128	0.78165	0.290472	0.336976	0.371564	0.242812	0.5784
129	0.781187	0.290241	0.336976	0.372143	0.242812	0.578863
130	0.780377	0.290472	0.337439	0.372605	0.242581	0.578747
131	0.779105	0.289894	0.338595	0.373068	0.2442	0.578631
132	0.778411	0.289894	0.33848	0.373878	0.244432	0.578284
133	0.779683	0.29001	0.338711	0.374572	0.243622	0.578631
134	0.776791	0.289894	0.338827	0.373415	0.244895	0.5784
135	0.776791	0.29001	0.339058	0.373762	0.244895	0.578516
136	0.777023	0.289663	0.338942	0.374225	0.243391	0.5784
137	0.754581	0.29001	0.338364	0.372837	0.246514	0.578169
138	0.691535	0.28492	0.335009	0.36578	0.246514	0.574814
139	0.73156	0.276938	0.334084	0.343685	0.236566	0.56047
140	0.774246	0.28839	0.335703	0.354791	0.238416	0.578284
141	0.778642	0.289894	0.335009	0.356063	0.238069	0.579788
142	0.777254	0.289894	0.334315	0.354444	0.237838	0.579441
143	0.78003	0.29001	0.335125	0.357683	0.237722	0.580482
144	0.762447	0.287465	0.334431	0.356641	0.237607	0.578516
145	0.77494	0.289316	0.334894	0.362194	0.239342	0.57921
146	0.780956	0.29001	0.333621	0.36497	0.239573	0.579557
147	0.779799	0.290241	0.334894	0.363698	0.24073	0.578978
148	0.78084	0.290125	0.333968	0.362888	0.239689	0.578978
149	0.753192	0.286539	0.33339	0.371911	0.238764	0.577012
150	0.781534	0.29001	0.33339	0.381975	0.242118	0.579325
151	0.781997	0.290472	0.334431	0.384173	0.242581	0.57921
152	0.781187	0.290588	0.333505	0.381975	0.242465	0.579904
153	0.78084	0.290357	0.334431	0.383711	0.243506	0.579672
154	0.78084	0.290241	0.3342	0.382785	0.243044	0.578978
155	0.780262	0.290357	0.333968	0.381166	0.243275	0.57921
156	0.780377	0.290241	0.334084	0.381397	0.243044	0.579094
157	0.779336	0.290241	0.333968	0.38024	0.243275	0.578863
158	0.779683	0.290125	0.334315	0.380934	0.243275	0.579094
159	0.778989	0.290241	0.334084	0.38105	0.242812	0.5784
160	0.770891	0.290125	0.335241	0.382438	0.245589	0.57921
161	0.632076	0.27983	0.340446	0.37249	0.257619	0.570418
162	0.684941	0.240036	0.307015	0.336629	0.218867	0.507257
163	0.738848	0.259123	0.330035	0.36231	0.237722	0.542886
164	0.762563	0.272195	0.334778	0.368556	0.240383	0.560701
165	0.770891	0.282028	0.334662	0.372374	0.241771	0.570881
166	0.779915	0.289894	0.335588	0.375266	0.242118	0.5784
167	0.779452	0.290241	0.335703	0.37434	0.242234	0.578284
168	0.781187	0.29001	0.335703	0.374109	0.243044	0.578053
169	0.778758	0.289894	0.33605	0.375035	0.241656	0.578863
170	0.777948	0.29001	0.335819	0.373646	0.243506	0.578169
171	0.754581	0.28573	0.334547	0.37943	0.247324	0.575161
172	0.78165	0.29001	0.334547	0.383595	0.253224	0.57921
173	0.779915	0.290472	0.335356	0.384636	0.25172	0.579904
174	0.78165	0.290357	0.334894	0.383364	0.252992	0.57921
175	0.779105	0.290125	0.336282	0.382438	0.253455	0.578516
176	0.778295	0.290241	0.335472	0.383016	0.252761	0.578516
177	0.778295	0.29001	0.335703	0.382785	0.251488	0.5784
178	0.760712	0.287812	0.334778	0.371796	0.249406	0.576086
179	0.781303	0.290241	0.333852	0.368094	0.248712	0.579094
180	0.781997	0.290241	0.334315	0.369713	0.248018	0.579557
181	0.781534	0.290588	0.334662	0.370523	0.249059	0.578978
182	0.780146	0.290241	0.335241	0.369366	0.249637	0.578169
183	0.778642	0.290125	0.335703	0.370407	0.250563	0.578284
184	0.778295	0.290241	0.335935	0.370292	0.24929	0.578516
185	0.778179	0.289894	0.336166	0.370407	0.249984	0.578169
186	0.777023	0.289663	0.336166	0.371448	0.25091	0.578631
187	0.777601	0.29001	0.336282	0.370639	0.249753	0.5784
188	0.771933	0.289894	0.336166	0.370754	0.249984	0.5784
189	0.751573	0.284457	0.335009	0.376191	0.250332	0.572153
190	0.776907	0.288622	0.335241	0.377464	0.250447	0.57759
191	0.734915	0.289778	0.338711	0.378505	0.251488	0.578284
192	0.768809	0.289894	0.345999	0.384058	0.256231	0.581986
193	0.698707	0.271732	0.341719	0.391577	0.255653	0.562089
194	0.751226	0.263056	0.341256	0.391808	0.259355	0.556189
195	0.758745	0.270228	0.341372	0.390304	0.259702	0.563824
196	0.771586	0.282953	0.34276	0.395857	0.258776	0.575392
197	0.775866	0.28839	0.342066	0.3947	0.260164	0.579325
198	0.776791	0.29001	0.341372	0.393312	0.256	0.578978
199	0.77228	0.288853	0.341603	0.395626	0.25681	0.578516
200	0.756894	0.267336	0.34195	0.395279	0.257388	0.56903
201	0.767074	0.278442	0.34276	0.398402	0.258082	0.571691
202	0.773205	0.287349	0.341834	0.399906	0.255306	0.578284
203	0.77656	0.289778	0.341603	0.399327	0.254265	0.579788
204	0.77737	0.289778	0.341834	0.398171	0.25438	0.57921
205	0.742203	0.276938	0.340909	0.396782	0.249522	0.570534
206	0.759671	0.271501	0.339289	0.39042	0.246167	0.564056
207	0.768462	0.283069	0.339521	0.397245	0.246167	0.5725
208	0.779336	0.289431	0.339984	0.397014	0.246167	0.57921
209	0.778642	0.290472	0.339752	0.397361	0.245936	0.58002
210	0.780262	0.290472	0.340562	0.396551	0.24582	0.579441
211	0.779567	0.290472	0.340099	0.396204	0.245473	0.579441
212	0.779915	0.290357	0.339752	0.394584	0.245936	0.579441
213	0.779336	0.290357	0.339984	0.395741	0.244895	0.579325
214	0.779799	0.290125	0.339984	0.393312	0.246398	0.57921
215	0.690263	0.284804	0.345652	0.394932	0.257504	0.572269
216	0.680314	0.233211	0.339637	0.385561	0.249522	0.530856
217	0.741624	0.251488	0.342181	0.393659	0.249753	0.539647
218	0.752498	0.262131	0.342297	0.395279	0.251373	0.549596
219	0.762563	0.273583	0.34276	0.397245	0.252529	0.56394
220	0.771586	0.283532	0.342876	0.400021	0.25172	0.572963
221	0.781303	0.289894	0.342644	0.400947	0.252876	0.578747
222	0.778295	0.290125	0.343223	0.39898	0.252414	0.57921
223	0.779336	0.289894	0.342413	0.399674	0.251373	0.578747
224	0.778873	0.290125	0.342297	0.397245	0.250679	0.578747
225	0.775634	0.290241	0.342644	0.397014	0.25172	0.579094
226	0.764182	0.289663	0.338364	0.395857	0.237375	0.577475
227	0.784773	0.29082	0.339868	0.396088	0.238648	0.579441
228	0.784542	0.290704	0.340099	0.395626	0.240846	0.57921
229	0.782112	0.290588	0.340215	0.39551	0.238532	0.577937
230	0.781071	0.290241	0.341025	0.396204	0.241424	0.57759
231	0.780262	0.290241	0.340446	0.394237	0.241077	0.577706
232	0.779336	0.290125	0.340909	0.39389	0.24154	0.578747
233	0.779799	0.290125	0.340678	0.394469	0.24235	0.578169
234	0.779221	0.289894	0.341256	0.393428	0.242928	0.5784
235	0.778179	0.289894	0.340909	0.393775	0.24235	0.578169
236	0.778295	0.29001	0.34114	0.392965	0.242234	0.578747
237	0.776791	0.289778	0.340793	0.392387	0.24235	0.5784
238	0.777717	0.289894	0.340909	0.393543	0.242118	0.578169
239	0.776791	0.289778	0.340678	0.391114	0.242465	0.578631
240	0.732601	0.29001	0.343454	0.393659	0.24235	0.577012
241	0.743475	0.289431	0.346924	0.397129	0.242003	0.578863
242	0.732139	0.281218	0.338133	0.392734	0.228931	0.567757
243	0.778642	0.28839	0.339174	0.395857	0.23136	0.574698
244	0.78084	0.29001	0.338942	0.394353	0.232285	0.577937
245	0.781071	0.290125	0.339289	0.391692	0.231591	0.578053
246	0.78003	0.290357	0.340099	0.396088	0.233442	0.578631
247	0.783038	0.29001	0.339752	0.393775	0.233558	0.5784
248	0.779221	0.290357	0.340331	0.394122	0.234483	0.578978
249	0.780262	0.29001	0.340099	0.393081	0.234599	0.578284
