10 6.19319
10.1 5.5872
10.2 5.83552
10.3 5.71136
10.4 4.84224
10.5 4.22144
10.6 5.33888
10.7 4.84224
10.8 4.84224
10.9 5.21472
11 5.5872
11.1 5.33888
11.2 5.21472
11.3 6.08384
11.4 5.33888
11.5 5.5872
11.6 6.45632
11.7 5.5872
11.8 5.83552
11.9 6.208
12 5.46304
12.1 6.33216
12.2 6.208
12.3 5.83552
12.4 6.08384
12.5 6.08384
12.6 6.08384
12.7 6.08384
12.8 5.71136
12.9 5.95968
13 6.08384
13.1 5.83552
13.2 6.08384
13.3 6.08384
13.4 5.83552
13.5 5.95968
13.6 5.71136
13.7 4.71808
13.8 4.09728
13.9 5.46304
14 4.71808
14.1 4.3456
14.2 5.71136
14.3 5.33888
14.4 4.84224
14.5 5.71136
14.6 5.21472
14.7 5.46304
14.8 5.46304
14.9 5.5872
15 5.5872
15.1 5.83552
15.2 6.08384
15.3 5.5872
15.4 5.95968
15.5 6.33216
15.6 5.95968
15.7 5.83552
15.8 6.208
15.9 5.83552
16 5.83552
16.1 5.33888
16.2 4.22144
16.3 4.9664
16.4 4.71808
16.5 4.22144
16.6 5.95968
16.7 5.09056
16.8 4.71808
16.9 5.83552
17 5.21472
17.1 5.5872
17.2 5.5872
17.3 5.83552
17.4 5.5872
17.5 5.71136
17.6 5.83552
17.7 5.71136
17.8 5.5872
17.9 4.3456
18 4.3456
18.1 5.33888
18.2 4.84224
18.3 4.9664
18.4 5.21472
18.5 5.5872
18.6 5.21472
18.7 5.33888
18.8 5.95968
18.9 5.5872
19 5.46304
19.1 6.08384
19.2 5.5872
19.3 5.71136
19.4 5.71136
19.5 4.84224
19.6 4.9664
19.7 4.71808
19.8 4.46976
19.9 5.09056
