10 8.63045
10.1 11.7952
10.2 11.5469
10.3 10.9261
10.4 9.18784
10.5 9.56032
10.6 10.1811
10.7 10.057
10.8 10.4294
10.9 11.0502
11 11.0502
11.1 10.8019
11.2 11.671
11.3 11.2986
11.4 11.4227
11.5 11.7952
11.6 11.7952
11.7 11.5469
11.8 11.9194
11.9 11.671
12 11.4227
12.1 11.7952
12.2 11.7952
12.3 11.7952
12.4 11.7952
12.5 11.9194
12.6 11.7952
12.7 11.7952
12.8 11.4227
12.9 11.7952
13 11.7952
13.1 11.7952
13.2 11.9194
13.3 11.7952
13.4 11.7952
13.5 11.7952
13.6 11.2986
13.7 8.6912
13.8 9.80864
13.9 10.057
14 10.3053
14.1 10.3053
14.2 10.8019
14.3 10.9261
14.4 10.6778
14.5 10.4294
14.6 10.9261
14.7 11.2986
14.8 10.9261
14.9 10.5536
15 10.1811
15.1 8.44288
15.2 8.93952
15.3 8.0704
15.4 6.95296
15.5 7.20128
15.6 7.07712
15.7 6.95296
15.8 6.8288
15.9 6.95296
16 7.07712
16.1 6.70464
16.2 7.69792
16.3 7.57376
16.4 7.82208
16.5 7.69792
16.6 7.4496
16.7 7.69792
16.8 7.69792
16.9 7.4496
17 7.07712
17.1 7.57376
17.2 7.4496
17.3 7.32544
17.4 7.20128
17.5 7.20128
17.6 7.20128
17.7 7.07712
17.8 6.95296
17.9 7.82208
18 7.82208
18.1 7.69792
18.2 7.57376
18.3 7.69792
18.4 7.69792
18.5 7.94624
18.6 7.57376
18.7 7.69792
18.8 7.94624
18.9 7.82208
19 7.82208
19.1 7.82208
19.2 7.82208
19.3 8.0704
19.4 7.82208
19.5 6.8288
19.6 6.58048
19.7 7.57376
19.8 7.69792
19.9 7.82208
