10 2.26104
10.1 4.22144
10.2 4.22144
10.3 4.22144
10.4 4.22144
10.5 2.97984
10.6 3.22816
10.7 3.35232
10.8 3.47648
10.9 3.7248
11 3.7248
11.1 3.7248
11.2 4.09728
11.3 3.97312
11.4 3.97312
11.5 4.09728
11.6 4.22144
11.7 4.09728
11.8 4.3456
11.9 4.22144
12 4.09728
12.1 4.46976
12.2 4.3456
12.3 4.3456
12.4 4.3456
12.5 4.3456
12.6 4.22144
12.7 4.3456
12.8 4.09728
12.9 4.3456
13 4.3456
13.1 4.46976
13.2 4.3456
13.3 4.3456
13.4 4.22144
13.5 4.3456
13.6 3.97312
13.7 4.46976
13.8 4.59392
13.9 4.3456
14 4.46976
14.1 4.46976
14.2 4.46976
14.3 4.3456
14.4 4.09728
14.5 4.22144
14.6 4.22144
14.7 4.22144
14.8 4.22144
14.9 4.22144
15 4.46976
15.1 4.46976
15.2 4.59392
15.3 4.46976
15.4 4.09728
15.5 3.22816
15.6 3.47648
15.7 3.60064
15.8 3.7248
15.9 3.7248
16 3.84896
16.1 3.60064
16.2 2.97984
16.3 2.73152
16.4 2.85568
16.5 2.97984
16.6 2.97984
16.7 3.104
16.8 3.104
16.9 3.22816
17 3.22816
17.1 3.22816
17.2 3.22816
17.3 3.35232
17.4 3.35232
17.5 3.35232
17.6 3.35232
17.7 3.35232
17.8 3.22816
17.9 2.35904
18 2.35904
18.1 2.60736
18.2 2.60736
18.3 2.73152
18.4 2.73152
18.5 2.85568
18.6 3.104
18.7 3.104
18.8 3.22816
18.9 3.104
19 3.104
19.1 3.104
19.2 3.22816
19.3 2.97984
19.4 3.35232
19.5 3.22816
19.6 2.23488
19.7 2.60736
19.8 2.73152
19.9 2.73152
