175 3.02759
175.05 3.47648
175.1 0.74496
175.15 3.22816
175.2 2.73152
175.25 0.74496
175.3 3.97312
175.35 1.2416
175.4 1.73824
175.45 3.22816
175.5 0.99328
175.55 2.4832
175.6 2.97984
175.65 0.49664
175.7 2.73152
175.75 2.73152
175.8 0.99328
175.85 2.4832
175.9 2.4832
175.95 0.74496
176 2.4832
176.05 2.73152
176.1 0.49664
176.15 2.73152
176.2 2.73152
176.25 0.49664
176.3 2.73152
176.35 2.4832
176.4 0.74496
176.45 2.73152
176.5 2.23488
176.55 0.99328
176.6 1.98656
176.65 2.97984
176.7 0.74496
176.75 1.48992
176.8 3.22816
176.85 1.2416
176.9 1.48992
176.95 2.73152
177 0.99328
177.05 3.22816
177.1 0.74496
177.15 2.4832
177.2 2.4832
177.25 0.99328
177.3 3.47648
177.35 0.74496
177.4 1.98656
177.45 2.97984
177.5 1.48992
177.55 1.98656
177.6 2.4832
177.65 0.99328
177.7 3.47648
177.75 1.2416
177.8 1.98656
177.85 3.22816
177.9 0.49664
177.95 2.97984
178 2.97984
178.05 0.49664
178.1 2.97984
178.15 2.4832
178.2 0.74496
178.25 3.22816
178.3 2.23488
178.35 1.2416
178.4 3.22816
178.45 1.73824
178.5 1.2416
178.55 3.47648
178.6 1.48992
178.65 1.2416
178.7 3.7248
178.75 1.2416
178.8 1.2416
178.85 3.47648
178.9 1.48992
178.95 1.2416
179 3.47648
179.05 1.48992
179.1 1.48992
179.15 3.22816
179.2 1.48992
179.25 1.98656
179.3 2.73152
179.35 1.48992
179.4 1.98656
179.45 2.73152
179.5 1.48992
179.55 1.48992
179.6 3.22816
179.65 1.48992
179.7 1.2416
179.75 3.47648
179.8 1.48992
179.85 1.2416
179.9 3.47648
179.95 1.48992
180 1.2416
180.05 3.22816
180.1 1.73824
180.15 1.2416
180.2 2.73152
180.25 2.23488
180.3 0.99328
180.35 2.73152
180.4 2.4832
180.45 0.74496
180.5 2.4832
180.55 2.73152
180.6 0.74496
180.65 2.4832
180.7 2.73152
180.75 0.49664
180.8 2.4832
180.85 2.73152
180.9 0.99328
180.95 1.48992
181 2.73152
181.05 1.48992
181.1 1.73824
181.15 2.73152
181.2 1.2416
181.25 2.97984
181.3 1.2416
181.35 1.48992
181.4 3.22816
181.45 1.2416
181.5 2.23488
181.55 1.73824
181.6 1.73824
181.65 3.47648
181.7 1.2416
181.75 1.2416
181.8 3.47648
181.85 1.48992
181.9 0.99328
181.95 3.47648
182 1.73824
182.05 0.74496
182.1 3.47648
182.15 1.73824
182.2 0.99328
182.25 3.47648
182.3 1.73824
182.35 0.99328
182.4 3.47648
182.45 1.2416
182.5 0.99328
182.55 3.7248
182.6 1.2416
182.65 0.99328
182.7 2.4832
182.75 1.73824
182.8 0.99328
182.85 2.23488
182.9 1.73824
182.95 1.48992
183 1.98656
183.05 1.98656
183.1 2.4832
183.15 1.73824
183.2 1.2416
183.25 2.73152
183.3 1.73824
183.35 1.48992
183.4 2.73152
183.45 1.73824
183.5 1.48992
183.55 3.22816
183.6 1.48992
183.65 1.2416
183.7 2.97984
183.75 1.98656
183.8 1.2416
183.85 2.4832
183.9 2.23488
183.95 1.48992
184 2.4832
184.05 1.98656
184.1 1.73824
184.15 2.23488
184.2 2.4832
184.25 1.73824
184.3 1.98656
184.35 2.4832
184.4 1.98656
184.45 1.48992
184.5 2.73152
184.55 1.98656
184.6 0.99328
184.65 3.22816
184.7 2.23488
184.75 0.99328
184.8 3.22816
184.85 2.23488
184.9 0.99328
184.95 3.22816
185 2.23488
185.05 1.73824
185.1 2.97984
185.15 1.73824
185.2 2.23488
185.25 2.73152
185.3 1.48992
185.35 2.4832
185.4 2.4832
185.45 1.73824
185.5 2.4832
185.55 2.23488
185.6 1.73824
185.65 2.73152
185.7 2.23488
185.75 1.48992
185.8 2.73152
185.85 1.98656
185.9 1.73824
185.95 2.4832
186 2.23488
186.05 1.48992
186.1 1.98656
186.15 2.73152
186.2 1.73824
186.25 1.73824
186.3 2.4832
186.35 2.23488
186.4 0.99328
186.45 3.22816
186.5 1.73824
186.55 1.48992
186.6 2.97984
186.65 1.73824
186.7 1.2416
186.75 2.4832
186.8 2.4832
186.85 1.98656
186.9 1.73824
186.95 2.23488
187 1.73824
187.05 2.23488
187.1 2.73152
187.15 1.48992
187.2 2.4832
187.25 1.2416
187.3 2.4832
187.35 2.4832
187.4 1.48992
187.45 2.4832
187.5 2.23488
187.55 1.98656
187.6 2.23488
187.65 1.73824
187.7 2.73152
187.75 1.98656
187.8 1.48992
187.85 3.22816
187.9 1.73824
187.95 1.2416
188 3.22816
188.05 1.98656
188.1 1.2416
188.15 3.47648
188.2 1.73824
188.25 1.2416
188.3 3.22816
188.35 1.73824
188.4 1.48992
188.45 3.47648
188.5 1.73824
188.55 1.48992
188.6 3.47648
188.65 1.73824
188.7 1.48992
188.75 2.97984
188.8 1.73824
188.85 1.98656
188.9 2.4832
188.95 1.73824
189 2.23488
189.05 1.98656
189.1 2.23488
189.15 0.24832
189.2 2.73152
189.25 1.73824
189.3 0.74496
189.35 3.22816
189.4 1.2416
189.45 1.2416
189.5 2.97984
189.55 1.2416
189.6 1.73824
189.65 3.22816
189.7 0.99328
189.75 1.73824
189.8 2.97984
189.85 1.48992
189.9 1.73824
189.95 2.73152
190 1.48992
190.05 2.23488
190.1 2.4832
190.15 1.48992
190.2 2.23488
190.25 2.4832
190.3 1.73824
190.35 2.23488
190.4 2.4832
190.45 1.73824
190.5 1.98656
190.55 2.73152
190.6 1.2416
190.65 2.4832
190.7 2.97984
190.75 1.2416
190.8 2.23488
190.85 3.22816
190.9 1.2416
190.95 0.99328
191 3.22816
191.05 1.73824
191.1 0.99328
191.15 2.23488
191.2 1.73824
191.25 1.2416
191.3 3.22816
191.35 0.99328
191.4 2.73152
191.45 1.73824
191.5 1.2416
191.55 3.47648
191.6 0.99328
191.65 1.2416
191.7 3.97312
191.75 0.49664
191.8 1.48992
191.85 3.97312
191.9 0.99328
191.95 2.23488
192 2.73152
192.05 1.2416
192.1 2.73152
192.15 2.23488
192.2 1.2416
192.25 2.97984
192.3 2.23488
192.35 1.2416
192.4 2.4832
192.45 2.73152
192.5 1.2416
192.55 1.98656
192.6 3.22816
192.65 1.48992
192.7 1.2416
192.75 3.22816
192.8 1.2416
192.85 1.73824
192.9 3.22816
192.95 1.73824
193 1.2416
193.05 2.23488
193.1 2.23488
193.15 1.2416
193.2 2.73152
193.25 1.2416
193.3 2.73152
193.35 1.48992
193.4 1.48992
193.45 3.7248
193.5 1.2416
193.55 3.22816
193.6 1.2416
193.65 1.48992
193.7 3.7248
193.75 0.99328
193.8 2.73152
193.85 2.23488
193.9 1.48992
193.95 2.97984
194 1.48992
194.05 1.48992
194.1 3.97312
194.15 1.48992
194.2 1.2416
194.25 3.47648
194.3 1.73824
194.35 2.23488
194.4 2.97984
194.45 1.2416
194.5 2.23488
194.55 2.97984
194.6 1.2416
194.65 2.23488
194.7 3.22816
194.75 1.2416
194.8 1.98656
194.85 3.47648
194.9 1.2416
194.95 1.73824
195 3.22816
195.05 1.48992
195.1 1.48992
195.15 3.47648
195.2 0.74496
195.25 0.99328
195.3 2.97984
195.35 0.49664
195.4 3.22816
195.45 0.74496
195.5 2.4832
195.55 2.4832
195.6 0.99328
195.65 4.22144
195.7 0
195.75 2.4832
195.8 2.97984
195.85 0.99328
195.9 3.7248
195.95 0.99328
196 0.99328
196.05 4.71808
196.1 0.49664
196.15 1.2416
196.2 4.22144
196.25 0.99328
196.3 2.4832
196.35 2.73152
196.4 1.2416
196.45 2.97984
196.5 1.98656
196.55 1.48992
196.6 2.97984
196.65 1.98656
196.7 1.48992
196.75 2.73152
196.8 2.23488
196.85 1.48992
196.9 2.97984
196.95 2.23488
197 1.48992
197.05 2.73152
197.1 2.4832
197.15 1.48992
197.2 2.4832
197.25 2.73152
197.3 1.48992
197.35 1.48992
197.4 3.7248
197.45 1.2416
197.5 0.99328
197.55 4.46976
197.6 0.99328
197.65 0.74496
197.7 4.9664
197.75 0.74496
197.8 0.74496
197.85 4.71808
197.9 0.99328
197.95 0.99328
198 3.22816
198.05 1.2416
198.1 1.48992
198.15 2.73152
198.2 0.99328
198.25 0.74496
198.3 2.97984
198.35 1.98656
198.4 1.2416
198.45 1.98656
198.5 2.23488
198.55 1.98656
198.6 1.2416
198.65 2.23488
198.7 1.98656
198.75 1.98656
198.8 1.73824
198.85 2.4832
198.9 2.23488
198.95 1.2416
199 2.4832
199.05 2.73152
199.1 0.74496
199.15 2.97984
199.2 2.73152
199.25 0.74496
199.3 2.73152
199.35 2.97984
199.4 0.49664
199.45 2.73152
199.5 3.22816
199.55 0.49664
199.6 2.4832
199.65 3.22816
199.7 0.74496
199.75 2.4832
199.8 3.22816
199.85 0.99328
199.9 2.4832
199.95 2.73152
