10 4.97269
10.05 4.22144
10.1 3.97312
10.15 3.97312
10.2 4.71808
10.25 4.22144
10.3 3.97312
10.35 4.22144
10.4 4.71808
10.45 3.97312
10.5 4.71808
10.55 4.22144
10.6 3.97312
10.65 3.97312
10.7 4.22144
10.75 4.46976
10.8 4.22144
10.85 4.22144
10.9 4.22144
10.95 4.22144
11 4.22144
11.05 3.97312
11.1 4.22144
11.15 5.21472
11.2 5.21472
11.25 5.46304
11.3 5.46304
11.35 5.21472
11.4 4.9664
11.45 6.45632
11.5 5.95968
11.55 5.95968
11.6 5.46304
11.65 5.95968
11.7 5.46304
11.75 5.71136
11.8 4.9664
11.85 5.46304
11.9 5.71136
11.95 4.9664
12 5.46304
12.05 5.21472
12.1 5.71136
12.15 5.46304
12.2 5.46304
12.25 4.9664
12.3 6.45632
12.35 6.208
12.4 5.21472
12.45 4.46976
12.5 4.46976
12.55 4.46976
12.6 4.46976
12.65 4.46976
12.7 4.22144
12.75 4.22144
12.8 4.46976
12.85 4.22144
12.9 4.22144
12.95 4.46976
13 4.22144
13.05 3.97312
13.1 4.71808
13.15 4.22144
13.2 3.97312
13.25 4.22144
13.3 3.7248
13.35 4.46976
13.4 3.47648
13.45 3.22816
13.5 3.47648
13.55 3.22816
13.6 3.47648
13.65 2.97984
13.7 3.47648
13.75 3.22816
13.8 3.22816
13.85 3.22816
13.9 3.47648
13.95 3.22816
14 2.97984
14.05 3.22816
14.1 3.47648
14.15 3.97312
14.2 4.46976
14.25 4.22144
14.3 4.46976
14.35 4.22144
14.4 4.22144
14.45 4.46976
14.5 5.71136
14.55 6.208
14.6 5.46304
14.65 5.71136
14.7 5.71136
14.75 5.46304
14.8 4.9664
14.85 5.46304
14.9 5.46304
14.95 5.21472
15 5.21472
15.05 5.71136
15.1 5.21472
15.15 5.46304
15.2 5.46304
15.25 5.46304
15.3 5.71136
15.35 5.21472
15.4 4.9664
15.45 4.71808
15.5 5.46304
15.55 4.9664
15.6 5.46304
15.65 5.46304
15.7 3.97312
15.75 4.71808
15.8 4.22144
15.85 4.46976
15.9 3.22816
15.95 2.73152
16 2.97984
16.05 3.47648
16.1 3.22816
16.15 2.97984
16.2 3.7248
16.25 2.97984
16.3 3.22816
16.35 3.97312
16.4 2.73152
16.45 1.48992
16.5 1.2416
16.55 1.48992
16.6 1.48992
16.65 1.2416
16.7 1.2416
16.75 1.2416
16.8 1.2416
16.85 1.2416
16.9 0.99328
16.95 1.2416
17 0.99328
17.05 0.99328
17.1 1.2416
17.15 0.99328
17.2 0.99328
17.25 1.2416
17.3 0.99328
17.35 0.99328
17.4 0.99328
17.45 1.98656
17.5 3.7248
17.55 4.71808
17.6 5.46304
17.65 6.95296
17.7 7.94624
17.75 7.94624
17.8 7.94624
17.85 7.69792
17.9 7.69792
17.95 7.4496
18 8.44288
18.05 9.43616
18.1 8.93952
18.15 8.44288
18.2 8.44288
18.25 8.44288
18.3 8.19456
18.35 6.45632
18.4 6.45632
18.45 6.45632
18.5 6.70464
18.55 6.95296
18.6 6.208
18.65 6.70464
18.7 6.45632
18.75 7.69792
18.8 7.20128
18.85 7.69792
18.9 7.69792
18.95 7.4496
19 7.69792
19.05 7.4496
19.1 7.69792
19.15 7.4496
19.2 7.20128
19.25 7.4496
19.3 7.20128
19.35 7.69792
19.4 7.20128
19.45 7.20128
19.5 7.94624
19.55 8.19456
19.6 7.69792
19.65 7.94624
19.7 7.20128
19.75 7.4496
19.8 7.69792
19.85 7.4496
19.9 6.45632
19.95 6.70464
