10 1.93197
10.05 3.47648
10.1 3.47648
10.15 3.22816
10.2 2.97984
10.25 3.47648
10.3 2.97984
10.35 2.97984
10.4 2.97984
10.45 2.73152
10.5 1.98656
10.55 2.4832
10.6 2.4832
10.65 2.4832
10.7 2.4832
10.75 2.4832
10.8 2.4832
10.85 2.4832
10.9 2.4832
10.95 2.97984
11 2.97984
11.05 3.22816
11.1 2.97984
11.15 2.97984
11.2 3.22816
11.25 2.97984
11.3 2.97984
11.35 2.73152
11.4 1.98656
11.45 2.23488
11.5 2.23488
11.55 2.23488
11.6 2.4832
11.65 2.4832
11.7 2.4832
11.75 2.4832
11.8 2.4832
11.85 2.73152
11.9 2.73152
11.95 2.73152
12 2.73152
12.05 2.73152
12.1 2.73152
12.15 2.97984
12.2 2.97984
12.25 3.22816
12.3 3.7248
12.35 3.22816
12.4 3.22816
12.45 2.97984
12.5 3.47648
12.55 3.47648
12.6 2.97984
12.65 2.97984
12.7 2.97984
12.75 2.97984
12.8 2.97984
12.85 2.97984
12.9 2.97984
12.95 2.97984
13 2.97984
13.05 2.97984
13.1 2.97984
13.15 2.97984
13.2 2.97984
13.25 2.97984
13.3 2.97984
13.35 2.97984
13.4 2.97984
13.45 2.97984
13.5 3.22816
13.55 2.97984
13.6 3.47648
13.65 3.47648
13.7 3.22816
13.75 3.22816
13.8 3.22816
13.85 3.22816
13.9 3.22816
13.95 3.22816
14 3.22816
14.05 2.97984
14.1 2.97984
14.15 2.97984
14.2 2.97984
14.25 2.97984
14.3 2.97984
14.35 2.97984
14.4 2.97984
14.45 2.73152
14.5 1.98656
14.55 2.4832
14.6 2.4832
14.65 2.4832
14.7 2.4832
14.75 2.4832
14.8 2.4832
14.85 2.97984
14.9 2.97984
14.95 2.97984
15 3.22816
15.05 2.97984
15.1 2.73152
15.15 2.73152
15.2 2.73152
15.25 2.97984
15.3 3.22816
15.35 2.97984
15.4 2.97984
15.45 2.97984
15.5 2.97984
15.55 2.97984
15.6 2.97984
15.65 2.97984
15.7 2.97984
15.75 2.97984
15.8 2.97984
15.85 2.97984
15.9 2.97984
15.95 2.97984
16 2.97984
16.05 2.97984
16.1 2.73152
16.15 2.73152
16.2 2.23488
16.25 2.23488
16.3 2.23488
16.35 2.23488
16.4 2.4832
16.45 3.22816
16.5 2.73152
16.55 2.73152
16.6 3.22816
16.65 2.73152
16.7 2.97984
16.75 2.97984
16.8 2.73152
16.85 2.4832
16.9 2.73152
16.95 1.98656
17 1.98656
17.05 1.98656
17.1 1.98656
17.15 1.98656
17.2 1.73824
17.25 1.48992
17.3 1.48992
17.35 1.73824
17.4 1.73824
17.45 1.73824
17.5 1.73824
17.55 1.73824
17.6 1.73824
17.65 1.73824
17.7 1.73824
17.75 1.73824
17.8 1.73824
17.85 1.73824
17.9 1.98656
17.95 1.98656
18 1.98656
18.05 1.98656
18.1 1.98656
18.15 1.73824
18.2 2.23488
18.25 1.73824
18.3 1.73824
18.35 1.73824
18.4 1.73824
18.45 1.73824
18.5 1.73824
18.55 1.73824
18.6 1.73824
18.65 1.73824
18.7 1.73824
18.75 1.73824
18.8 1.48992
18.85 1.48992
18.9 0.99328
18.95 1.2416
19 1.2416
19.05 1.98656
19.1 1.48992
19.15 1.73824
19.2 1.48992
19.25 1.48992
19.3 1.48992
19.35 1.48992
19.4 1.48992
19.45 1.48992
19.5 1.73824
19.55 1.73824
19.6 1.73824
19.65 1.73824
19.7 1.73824
19.75 1.73824
19.8 1.48992
19.85 0.99328
19.9 1.73824
19.95 1.73824
