10 1.72959
10.05 1.73824
10.1 1.98656
10.15 1.48992
10.2 1.73824
10.25 1.48992
10.3 1.48992
10.35 1.48992
10.4 1.48992
10.45 0.99328
10.5 0.74496
10.55 0.99328
10.6 1.48992
10.65 1.48992
10.7 1.48992
10.75 1.48992
10.8 1.48992
10.85 1.48992
10.9 1.48992
10.95 1.73824
11 1.48992
11.05 1.48992
11.1 2.23488
11.15 1.98656
11.2 1.48992
11.25 1.48992
11.3 1.48992
11.35 1.48992
11.4 1.48992
11.45 1.48992
11.5 1.48992
11.55 1.48992
11.6 1.48992
11.65 1.48992
11.7 1.48992
11.75 1.48992
11.8 1.48992
11.85 1.48992
11.9 1.48992
11.95 1.48992
12 1.2416
12.05 0.99328
12.1 1.2416
12.15 1.2416
12.2 1.2416
12.25 1.2416
12.3 1.2416
12.35 1.73824
12.4 1.48992
12.45 1.73824
12.5 1.98656
12.55 1.48992
12.6 1.48992
12.65 1.48992
12.7 1.48992
12.75 1.2416
12.8 1.2416
12.85 0.99328
12.9 1.2416
12.95 1.2416
13 1.2416
13.05 1.2416
13.1 1.2416
13.15 1.2416
13.2 1.2416
13.25 1.48992
13.3 1.48992
13.35 1.48992
13.4 1.48992
13.45 1.48992
13.5 1.48992
13.55 1.48992
13.6 1.48992
13.65 1.73824
13.7 1.98656
13.75 1.48992
13.8 1.73824
13.85 1.73824
13.9 1.73824
13.95 1.48992
14 1.48992
14.05 1.48992
14.1 1.48992
14.15 1.48992
14.2 1.48992
14.25 1.48992
14.3 1.48992
14.35 1.48992
14.4 1.48992
14.45 1.48992
14.5 1.48992
14.55 1.48992
14.6 1.48992
14.65 1.48992
14.7 1.2416
14.75 0.99328
14.8 1.2416
14.85 1.2416
14.9 1.73824
14.95 1.73824
15 1.73824
15.05 1.98656
15.1 1.48992
15.15 1.73824
15.2 1.48992
15.25 1.48992
15.3 1.48992
15.35 1.48992
15.4 1.48992
15.45 1.48992
15.5 1.48992
15.55 1.48992
15.6 1.48992
15.65 1.48992
15.7 1.2416
15.75 1.2416
15.8 0.99328
15.85 1.2416
15.9 1.2416
15.95 0.99328
16 0.99328
16.05 0.74496
16.1 0.99328
16.15 0.99328
16.2 0.99328
16.25 0.99328
16.3 0.99328
16.35 0.99328
16.4 1.2416
16.45 1.2416
16.5 1.2416
16.55 1.2416
16.6 0.99328
16.65 0.99328
16.7 0.99328
16.75 0.99328
16.8 0.99328
16.85 0.99328
16.9 0.99328
16.95 0.99328
17 0.99328
17.05 0.99328
17.1 0.99328
17.15 0.99328
17.2 0.99328
17.25 0.99328
17.3 0.99328
17.35 0.99328
17.4 0.99328
17.45 0.99328
17.5 0.99328
17.55 0.99328
17.6 0.99328
17.65 0.99328
17.7 0.99328
17.75 0.99328
17.8 0.99328
17.85 1.2416
17.9 1.48992
17.95 1.2416
18 0.99328
18.05 0.99328
18.1 0.99328
18.15 0.99328
18.2 0.99328
18.25 0.99328
18.3 0.99328
18.35 0.99328
18.4 0.99328
18.45 0.99328
18.5 0.99328
18.55 0.99328
18.6 0.99328
18.65 0.99328
18.7 0.99328
18.75 0.99328
18.8 1.2416
18.85 1.2416
18.9 1.2416
18.95 1.2416
19 1.48992
19.05 1.98656
19.1 1.73824
19.15 1.48992
19.2 1.48992
19.25 1.48992
19.3 1.48992
19.35 1.48992
19.4 1.73824
19.45 1.73824
19.5 1.73824
19.55 1.73824
19.6 1.98656
19.65 1.98656
19.7 1.98656
19.75 2.23488
19.8 1.98656
19.85 1.98656
19.9 2.4832
19.95 2.23488
