175 6.59198
175.15 5.79413
175.3 6.04245
175.45 6.04245
175.6 5.79413
175.75 5.38027
175.9 5.62859
176.05 7.03573
176.2 6.04245
176.35 5.95968
176.5 5.71136
176.65 6.29077
176.8 5.95968
176.95 6.45632
177.1 5.71136
177.25 6.04245
177.4 6.208
177.55 6.62187
177.7 5.46304
177.85 6.12523
178 6.78741
178.15 6.12523
178.3 5.38027
178.45 6.62187
178.6 6.29077
178.75 5.87691
178.9 6.04245
179.05 6.45632
179.2 6.208
179.35 5.71136
179.5 6.62187
179.65 6.12523
179.8 6.12523
179.95 6.12523
180.1 6.29077
180.25 6.37355
180.4 5.13195
180.55 6.29077
180.7 5.62859
180.85 5.21472
181 5.21472
181.15 5.62859
181.3 5.46304
181.45 6.12523
181.6 5.95968
181.75 5.04917
181.9 5.71136
182.05 6.12523
182.2 5.38027
182.35 5.54581
182.5 5.54581
182.65 5.38027
182.8 5.62859
182.95 5.87691
183.1 5.13195
183.25 5.13195
183.4 5.21472
183.55 5.04917
183.7 5.04917
183.85 5.95968
184 5.29749
184.15 4.9664
184.3 4.88363
184.45 5.38027
184.6 5.29749
184.75 5.21472
184.9 5.29749
185.05 5.46304
185.2 5.13195
185.35 4.9664
185.5 5.46304
185.65 5.29749
185.8 5.38027
185.95 4.46976
186.1 5.29749
186.25 5.21472
186.4 5.13195
186.55 4.71808
186.7 5.04917
186.85 5.38027
187 5.29749
187.15 4.46976
187.3 5.13195
187.45 5.29749
187.6 4.9664
187.75 4.9664
187.9 5.04917
188.05 5.04917
188.2 4.80085
188.35 4.88363
188.5 4.38699
188.65 4.63531
188.8 4.80085
188.95 5.71136
189.1 4.9664
189.25 4.80085
189.4 4.22144
189.55 4.38699
189.7 6.37355
189.85 4.55253
190 4.30421
190.15 4.55253
190.3 5.62859
190.45 4.88363
190.6 4.80085
190.75 4.88363
190.9 4.71808
191.05 4.55253
191.2 4.30421
191.35 4.22144
191.5 4.30421
191.65 4.9664
191.8 4.55253
191.95 3.80757
192.1 4.55253
192.25 4.46976
192.4 5.21472
192.55 4.38699
192.7 3.80757
192.85 4.71808
193 4.71808
193.15 4.88363
193.3 4.13867
193.45 4.38699
193.6 4.46976
193.75 4.71808
193.9 4.05589
194.05 4.22144
194.2 4.88363
194.35 4.71808
194.5 3.80757
194.65 4.30421
194.8 4.88363
194.95 4.55253
195.1 3.7248
195.25 4.30421
195.4 4.88363
195.55 4.13867
195.7 3.64203
195.85 4.22144
196 4.22144
196.15 4.55253
196.3 4.55253
196.45 3.89035
196.6 4.22144
196.75 3.64203
196.9 3.7248
197.05 5.38027
197.2 4.55253
197.35 3.80757
197.5 3.39371
197.65 5.21472
197.8 3.89035
197.95 4.30421
198.1 3.80757
198.25 5.04917
198.4 4.22144
198.55 4.13867
198.7 4.38699
198.85 4.30421
199 4.22144
199.15 3.55925
199.3 5.13195
199.45 3.64203
199.6 4.38699
199.75 4.22144
199.9 4.30421
