10 3.58583
10.01 6.208
10.02 4.9664
10.03 2.4832
10.04 7.4496
10.05 3.7248
10.06 3.7248
10.07 3.7248
10.08 1.2416
10.09 2.4832
10.1 4.9664
10.11 4.9664
10.12 2.4832
10.13 4.9664
10.14 6.208
10.15 2.4832
10.16 3.7248
10.17 6.208
10.18 3.7248
10.19 3.7248
10.2 4.9664
10.21 4.9664
10.22 2.4832
10.23 4.9664
10.24 6.208
10.25 1.2416
10.26 4.9664
10.27 6.208
10.28 2.4832
10.29 3.7248
10.3 6.208
10.31 2.4832
10.32 4.9664
10.33 4.9664
10.34 2.4832
10.35 3.7248
10.36 6.208
10.37 1.2416
10.38 4.9664
10.39 6.208
10.4 1.2416
10.41 4.9664
10.42 6.208
10.43 1.2416
10.44 4.9664
10.45 6.208
10.46 2.4832
10.47 4.9664
10.48 4.9664
10.49 4.9664
10.5 4.9664
10.51 3.7248
10.52 3.7248
10.53 7.4496
10.54 2.4832
10.55 4.9664
10.56 6.208
10.57 3.7248
10.58 4.9664
10.59 3.7248
10.6 3.7248
10.61 7.4496
10.62 2.4832
10.63 4.9664
10.64 6.208
10.65 3.7248
10.66 4.9664
10.67 3.7248
10.68 3.7248
10.69 7.4496
10.7 2.4832
10.71 4.9664
10.72 6.208
10.73 3.7248
10.74 4.9664
10.75 3.7248
10.76 3.7248
10.77 7.4496
10.78 2.4832
10.79 4.9664
10.8 6.208
10.81 3.7248
10.82 4.9664
10.83 3.7248
10.84 4.9664
10.85 6.208
10.86 2.4832
10.87 4.9664
10.88 6.208
10.89 3.7248
10.9 4.9664
10.91 4.9664
10.92 3.7248
10.93 6.208
10.94 2.4832
10.95 4.9664
10.96 6.208
10.97 3.7248
10.98 4.9664
10.99 3.7248
11 3.7248
11.01 7.4496
11.02 2.4832
11.03 4.9664
11.04 4.9664
11.05 4.9664
11.06 4.9664
11.07 2.4832
11.08 4.9664
11.09 6.208
11.1 3.7248
11.11 4.9664
11.12 3.7248
11.13 4.9664
11.14 4.9664
11.15 2.4832
11.16 3.7248
11.17 4.9664
11.18 2.4832
11.19 6.208
11.2 4.9664
11.21 3.7248
11.22 4.9664
11.23 4.9664
11.24 4.9664
11.25 4.9664
11.26 2.4832
11.27 6.208
11.28 3.7248
11.29 4.9664
11.3 4.9664
11.31 2.4832
11.32 4.9664
11.33 3.7248
11.34 2.4832
11.35 3.7248
11.36 4.9664
11.37 2.4832
11.38 4.9664
11.39 2.4832
11.4 4.9664
11.41 4.9664
11.42 2.4832
11.43 3.7248
11.44 4.9664
11.45 2.4832
11.46 4.9664
11.47 2.4832
11.48 4.9664
11.49 3.7248
11.5 2.4832
11.51 4.9664
11.52 3.7248
11.53 3.7248
11.54 3.7248
11.55 2.4832
11.56 2.4832
11.57 3.7248
11.58 1.2416
11.59 3.7248
11.6 3.7248
11.61 2.4832
11.62 3.7248
11.63 3.7248
11.64 2.4832
11.65 3.7248
11.66 1.2416
11.67 3.7248
11.68 3.7248
11.69 2.4832
11.7 3.7248
11.71 3.7248
11.72 2.4832
11.73 2.4832
11.74 2.4832
11.75 3.7248
11.76 3.7248
11.77 2.4832
11.78 3.7248
11.79 4.9664
11.8 2.4832
11.81 3.7248
11.82 3.7248
11.83 3.7248
11.84 2.4832
11.85 3.7248
11.86 3.7248
11.87 2.4832
11.88 3.7248
11.89 4.9664
11.9 2.4832
11.91 3.7248
11.92 3.7248
11.93 2.4832
11.94 3.7248
11.95 3.7248
11.96 3.7248
11.97 2.4832
11.98 3.7248
11.99 3.7248
12 2.4832
12.01 3.7248
12.02 3.7248
12.03 2.4832
12.04 3.7248
12.05 4.9664
12.06 1.2416
12.07 3.7248
12.08 4.9664
12.09 2.4832
12.1 3.7248
12.11 3.7248
12.12 2.4832
12.13 3.7248
12.14 3.7248
12.15 2.4832
12.16 3.7248
12.17 3.7248
12.18 2.4832
12.19 3.7248
12.2 3.7248
12.21 2.4832
12.22 3.7248
12.23 3.7248
12.24 2.4832
12.25 3.7248
12.26 3.7248
12.27 1.2416
12.28 4.9664
12.29 3.7248
12.3 1.2416
12.31 3.7248
12.32 3.7248
12.33 2.4832
12.34 3.7248
12.35 3.7248
12.36 2.4832
12.37 3.7248
12.38 3.7248
12.39 2.4832
12.4 4.9664
12.41 2.4832
12.42 4.9664
12.43 3.7248
12.44 2.4832
12.45 4.9664
12.46 3.7248
12.47 3.7248
12.48 4.9664
12.49 3.7248
12.5 3.7248
12.51 4.9664
12.52 2.4832
12.53 3.7248
12.54 4.9664
12.55 2.4832
12.56 4.9664
12.57 3.7248
12.58 3.7248
12.59 4.9664
12.6 2.4832
12.61 3.7248
12.62 3.7248
12.63 3.7248
12.64 4.9664
12.65 2.4832
12.66 4.9664
12.67 3.7248
12.68 2.4832
12.69 4.9664
12.7 3.7248
12.71 3.7248
12.72 4.9664
12.73 3.7248
12.74 3.7248
12.75 4.9664
12.76 2.4832
12.77 3.7248
12.78 4.9664
12.79 2.4832
12.8 4.9664
12.81 3.7248
12.82 3.7248
12.83 4.9664
12.84 2.4832
12.85 4.9664
12.86 3.7248
12.87 2.4832
12.88 4.9664
12.89 3.7248
12.9 3.7248
12.91 4.9664
12.92 2.4832
12.93 4.9664
12.94 3.7248
12.95 2.4832
12.96 4.9664
12.97 3.7248
12.98 3.7248
12.99 4.9664
13 2.4832
13.01 4.9664
13.02 3.7248
13.03 2.4832
13.04 6.208
13.05 2.4832
13.06 3.7248
13.07 4.9664
13.08 2.4832
13.09 4.9664
13.1 4.9664
13.11 2.4832
13.12 4.9664
13.13 3.7248
13.14 2.4832
13.15 4.9664
13.16 3.7248
13.17 3.7248
13.18 3.7248
13.19 1.2416
13.2 3.7248
13.21 2.4832
13.22 2.4832
13.23 4.9664
13.24 1.2416
13.25 3.7248
13.26 4.9664
13.27 0
13.28 4.9664
13.29 2.4832
13.3 2.4832
13.31 4.9664
13.32 1.2416
13.33 3.7248
13.34 3.7248
13.35 1.2416
13.36 4.9664
13.37 2.4832
13.38 2.4832
13.39 4.9664
13.4 1.2416
13.41 3.7248
13.42 4.9664
13.43 0
13.44 4.9664
13.45 2.4832
13.46 2.4832
13.47 4.9664
13.48 1.2416
13.49 3.7248
13.5 3.7248
13.51 1.2416
13.52 4.9664
13.53 2.4832
13.54 2.4832
13.55 4.9664
13.56 1.2416
13.57 4.9664
13.58 4.9664
13.59 1.2416
13.6 6.208
13.61 1.2416
13.62 3.7248
13.63 4.9664
13.64 0
13.65 4.9664
13.66 2.4832
13.67 2.4832
13.68 4.9664
13.69 1.2416
13.7 3.7248
13.71 4.9664
13.72 0
13.73 4.9664
13.74 2.4832
13.75 2.4832
13.76 4.9664
13.77 1.2416
13.78 3.7248
13.79 3.7248
13.8 1.2416
13.81 4.9664
13.82 2.4832
13.83 2.4832
13.84 6.208
13.85 1.2416
13.86 4.9664
13.87 6.208
13.88 1.2416
13.89 4.9664
13.9 4.9664
13.91 1.2416
13.92 6.208
13.93 3.7248
13.94 2.4832
13.95 6.208
13.96 2.4832
13.97 3.7248
13.98 6.208
13.99 1.2416
14 4.9664
14.01 6.208
14.02 1.2416
14.03 4.9664
14.04 3.7248
14.05 2.4832
14.06 6.208
14.07 2.4832
14.08 3.7248
14.09 6.208
14.1 1.2416
14.11 4.9664
14.12 4.9664
14.13 2.4832
14.14 4.9664
14.15 2.4832
14.16 3.7248
14.17 6.208
14.18 1.2416
14.19 4.9664
14.2 4.9664
14.21 1.2416
14.22 6.208
14.23 2.4832
14.24 3.7248
14.25 6.208
14.26 1.2416
14.27 4.9664
14.28 4.9664
14.29 1.2416
14.3 6.208
14.31 2.4832
14.32 3.7248
14.33 6.208
14.34 1.2416
14.35 4.9664
14.36 4.9664
14.37 1.2416
14.38 6.208
14.39 2.4832
14.4 3.7248
14.41 6.208
14.42 2.4832
14.43 3.7248
14.44 6.208
14.45 1.2416
14.46 4.9664
14.47 4.9664
14.48 1.2416
14.49 6.208
14.5 3.7248
14.51 2.4832
14.52 6.208
14.53 2.4832
14.54 3.7248
14.55 4.9664
14.56 1.2416
14.57 6.208
14.58 3.7248
14.59 2.4832
14.6 6.208
14.61 1.2416
14.62 4.9664
14.63 4.9664
14.64 1.2416
14.65 6.208
14.66 2.4832
14.67 3.7248
14.68 6.208
14.69 1.2416
14.7 4.9664
14.71 4.9664
14.72 2.4832
14.73 4.9664
14.74 3.7248
14.75 2.4832
14.76 6.208
14.77 2.4832
14.78 3.7248
14.79 4.9664
14.8 1.2416
14.81 6.208
14.82 3.7248
14.83 2.4832
14.84 6.208
14.85 2.4832
14.86 3.7248
14.87 6.208
14.88 0
14.89 6.208
14.9 3.7248
14.91 2.4832
14.92 6.208
14.93 2.4832
14.94 3.7248
14.95 4.9664
14.96 1.2416
14.97 6.208
14.98 3.7248
14.99 2.4832
15 6.208
15.01 1.2416
15.02 4.9664
15.03 4.9664
15.04 1.2416
15.05 6.208
15.06 2.4832
15.07 3.7248
15.08 6.208
15.09 1.2416
15.1 4.9664
15.11 4.9664
15.12 1.2416
15.13 6.208
15.14 3.7248
15.15 2.4832
15.16 6.208
15.17 1.2416
15.18 4.9664
15.19 4.9664
15.2 1.2416
15.21 6.208
15.22 3.7248
15.23 2.4832
15.24 6.208
15.25 1.2416
15.26 4.9664
15.27 4.9664
15.28 1.2416
15.29 6.208
15.3 3.7248
15.31 2.4832
15.32 6.208
15.33 1.2416
15.34 4.9664
15.35 3.7248
15.36 2.4832
15.37 6.208
15.38 3.7248
15.39 2.4832
15.4 6.208
15.41 1.2416
15.42 4.9664
15.43 4.9664
15.44 2.4832
15.45 7.4496
15.46 3.7248
15.47 3.7248
15.48 7.4496
15.49 2.4832
15.5 4.9664
15.51 7.4496
15.52 1.2416
15.53 6.208
15.54 4.9664
15.55 2.4832
15.56 7.4496
15.57 3.7248
15.58 3.7248
15.59 7.4496
15.6 2.4832
15.61 4.9664
15.62 7.4496
15.63 1.2416
15.64 6.208
15.65 4.9664
15.66 2.4832
15.67 7.4496
15.68 2.4832
15.69 4.9664
15.7 6.208
15.71 2.4832
15.72 6.208
15.73 4.9664
15.74 2.4832
15.75 7.4496
15.76 2.4832
15.77 4.9664
15.78 6.208
15.79 2.4832
15.8 6.208
15.81 3.7248
15.82 3.7248
15.83 7.4496
15.84 1.2416
15.85 4.9664
15.86 4.9664
15.87 1.2416
15.88 4.9664
15.89 2.4832
15.9 3.7248
15.91 6.208
15.92 1.2416
15.93 4.9664
15.94 4.9664
15.95 1.2416
15.96 6.208
15.97 2.4832
15.98 3.7248
15.99 6.208
16 1.2416
16.01 4.9664
16.02 3.7248
16.03 2.4832
16.04 6.208
16.05 0
16.06 4.9664
16.07 3.7248
16.08 0
16.09 4.9664
16.1 2.4832
16.11 2.4832
16.12 4.9664
16.13 0
16.14 4.9664
16.15 4.9664
16.16 0
16.17 4.9664
16.18 2.4832
16.19 2.4832
16.2 4.9664
16.21 0
16.22 4.9664
16.23 3.7248
16.24 1.2416
16.25 4.9664
16.26 1.2416
16.27 3.7248
16.28 4.9664
16.29 0
16.3 4.9664
16.31 3.7248
16.32 1.2416
16.33 4.9664
16.34 0
16.35 3.7248
16.36 3.7248
16.37 0
16.38 3.7248
16.39 2.4832
16.4 1.2416
16.41 3.7248
16.42 1.2416
16.43 2.4832
16.44 4.9664
16.45 0
16.46 4.9664
16.47 3.7248
16.48 1.2416
16.49 4.9664
16.5 2.4832
16.51 2.4832
16.52 4.9664
16.53 0
16.54 4.9664
16.55 3.7248
16.56 1.2416
16.57 4.9664
16.58 1.2416
16.59 3.7248
16.6 4.9664
16.61 0
16.62 4.9664
16.63 3.7248
16.64 1.2416
16.65 4.9664
16.66 2.4832
16.67 2.4832
16.68 4.9664
16.69 1.2416
16.7 3.7248
16.71 4.9664
16.72 1.2416
16.73 3.7248
16.74 4.9664
16.75 0
16.76 4.9664
16.77 3.7248
16.78 1.2416
16.79 4.9664
16.8 2.4832
16.81 2.4832
16.82 4.9664
16.83 1.2416
16.84 3.7248
16.85 4.9664
16.86 0
16.87 4.9664
16.88 4.9664
16.89 0
16.9 4.9664
16.91 2.4832
16.92 2.4832
16.93 4.9664
16.94 0
16.95 4.9664
16.96 3.7248
16.97 1.2416
16.98 4.9664
16.99 2.4832
17 2.4832
17.01 4.9664
17.02 0
17.03 4.9664
17.04 3.7248
17.05 1.2416
17.06 4.9664
17.07 2.4832
17.08 2.4832
17.09 4.9664
17.1 0
17.11 4.9664
17.12 3.7248
17.13 1.2416
17.14 4.9664
17.15 2.4832
17.16 2.4832
17.17 4.9664
17.18 0
17.19 4.9664
17.2 3.7248
17.21 1.2416
17.22 4.9664
17.23 2.4832
17.24 2.4832
17.25 4.9664
17.26 0
17.27 4.9664
17.28 3.7248
17.29 1.2416
17.3 4.9664
17.31 1.2416
17.32 3.7248
17.33 4.9664
17.34 0
17.35 4.9664
17.36 4.9664
17.37 0
17.38 4.9664
17.39 2.4832
17.4 2.4832
17.41 4.9664
17.42 1.2416
17.43 3.7248
17.44 4.9664
17.45 0
17.46 4.9664
17.47 2.4832
17.48 2.4832
17.49 4.9664
17.5 0
17.51 4.9664
17.52 4.9664
17.53 0
17.54 4.9664
17.55 3.7248
17.56 1.2416
17.57 4.9664
17.58 2.4832
17.59 2.4832
17.6 4.9664
17.61 1.2416
17.62 3.7248
17.63 4.9664
17.64 0
17.65 4.9664
17.66 3.7248
17.67 1.2416
17.68 4.9664
17.69 1.2416
17.7 3.7248
17.71 4.9664
17.72 0
17.73 4.9664
17.74 3.7248
17.75 1.2416
17.76 4.9664
17.77 1.2416
17.78 3.7248
17.79 3.7248
17.8 0
17.81 3.7248
17.82 2.4832
17.83 1.2416
17.84 3.7248
17.85 0
17.86 4.9664
17.87 4.9664
17.88 0
17.89 4.9664
17.9 2.4832
17.91 2.4832
17.92 4.9664
17.93 0
17.94 4.9664
17.95 4.9664
17.96 0
17.97 4.9664
17.98 3.7248
17.99 1.2416
18 4.9664
18.01 2.4832
18.02 2.4832
18.03 4.9664
18.04 1.2416
18.05 3.7248
18.06 4.9664
18.07 1.2416
18.08 3.7248
18.09 4.9664
18.1 0
18.11 4.9664
18.12 2.4832
18.13 2.4832
18.14 4.9664
18.15 2.4832
18.16 2.4832
18.17 4.9664
18.18 0
18.19 4.9664
18.2 3.7248
18.21 1.2416
18.22 4.9664
18.23 1.2416
18.24 2.4832
18.25 3.7248
18.26 0
18.27 3.7248
18.28 3.7248
18.29 0
18.3 3.7248
18.31 1.2416
18.32 2.4832
18.33 3.7248
18.34 0
18.35 3.7248
18.36 3.7248
18.37 0
18.38 3.7248
18.39 1.2416
18.4 2.4832
18.41 3.7248
18.42 0
18.43 3.7248
18.44 3.7248
18.45 0
18.46 3.7248
18.47 2.4832
18.48 1.2416
18.49 3.7248
18.5 1.2416
18.51 2.4832
18.52 3.7248
18.53 0
18.54 3.7248
18.55 2.4832
18.56 1.2416
18.57 3.7248
18.58 1.2416
18.59 2.4832
18.6 3.7248
18.61 0
18.62 4.9664
18.63 4.9664
18.64 0
18.65 4.9664
18.66 2.4832
18.67 2.4832
18.68 4.9664
18.69 1.2416
18.7 3.7248
18.71 4.9664
18.72 0
18.73 4.9664
18.74 3.7248
18.75 1.2416
18.76 4.9664
18.77 1.2416
18.78 3.7248
18.79 4.9664
18.8 0
18.81 4.9664
18.82 3.7248
18.83 1.2416
18.84 4.9664
18.85 2.4832
18.86 2.4832
18.87 4.9664
18.88 1.2416
18.89 3.7248
18.9 4.9664
18.91 0
18.92 4.9664
18.93 2.4832
18.94 2.4832
18.95 4.9664
18.96 0
18.97 4.9664
18.98 4.9664
18.99 0
19 4.9664
19.01 2.4832
19.02 2.4832
19.03 4.9664
19.04 1.2416
19.05 3.7248
19.06 3.7248
19.07 1.2416
19.08 4.9664
19.09 2.4832
19.1 2.4832
19.11 3.7248
19.12 0
19.13 3.7248
19.14 3.7248
19.15 0
19.16 3.7248
19.17 1.2416
19.18 3.7248
19.19 4.9664
19.2 0
19.21 4.9664
19.22 3.7248
19.23 1.2416
19.24 4.9664
19.25 2.4832
19.26 2.4832
19.27 4.9664
19.28 0
19.29 4.9664
19.3 3.7248
19.31 1.2416
19.32 4.9664
19.33 1.2416
19.34 3.7248
19.35 4.9664
19.36 0
19.37 4.9664
19.38 2.4832
19.39 2.4832
19.4 4.9664
19.41 1.2416
19.42 3.7248
19.43 3.7248
19.44 1.2416
19.45 4.9664
19.46 2.4832
19.47 2.4832
19.48 4.9664
19.49 0
19.5 4.9664
19.51 4.9664
19.52 0
19.53 4.9664
19.54 3.7248
19.55 1.2416
19.56 4.9664
19.57 2.4832
19.58 2.4832
19.59 4.9664
19.6 1.2416
19.61 3.7248
19.62 3.7248
19.63 1.2416
19.64 4.9664
19.65 2.4832
19.66 2.4832
19.67 4.9664
19.68 0
19.69 4.9664
19.7 4.9664
19.71 0
19.72 4.9664
19.73 2.4832
19.74 2.4832
19.75 4.9664
19.76 1.2416
19.77 3.7248
19.78 4.9664
19.79 0
19.8 4.9664
19.81 3.7248
19.82 1.2416
19.83 4.9664
19.84 1.2416
19.85 3.7248
19.86 4.9664
19.87 0
19.88 4.9664
19.89 2.4832
19.9 2.4832
19.91 4.9664
19.92 1.2416
19.93 3.7248
19.94 4.9664
19.95 0
19.96 4.9664
19.97 3.7248
19.98 1.2416
19.99 4.9664
