10 6.46137
10.01 6.208
10.02 6.208
10.03 6.208
10.04 8.6912
10.05 6.208
10.06 6.208
10.07 6.208
10.08 7.4496
10.09 7.4496
10.1 6.208
10.11 6.208
10.12 6.208
10.13 7.4496
10.14 8.6912
10.15 6.208
10.16 6.208
10.17 9.9328
10.18 7.4496
10.19 7.4496
10.2 6.208
10.21 8.6912
10.22 8.6912
10.23 7.4496
10.24 6.208
10.25 7.4496
10.26 8.6912
10.27 7.4496
10.28 6.208
10.29 7.4496
10.3 9.9328
10.31 7.4496
10.32 8.6912
10.33 6.208
10.34 7.4496
10.35 8.6912
10.36 7.4496
10.37 7.4496
10.38 6.208
10.39 8.6912
10.4 8.6912
10.41 6.208
10.42 8.6912
10.43 9.9328
10.44 7.4496
10.45 8.6912
10.46 7.4496
10.47 9.9328
10.48 8.6912
10.49 7.4496
10.5 7.4496
10.51 9.9328
10.52 9.9328
10.53 7.4496
10.54 8.6912
10.55 7.4496
10.56 9.9328
10.57 8.6912
10.58 7.4496
10.59 8.6912
10.6 9.9328
10.61 8.6912
10.62 7.4496
10.63 7.4496
10.64 9.9328
10.65 8.6912
10.66 7.4496
10.67 8.6912
10.68 8.6912
10.69 7.4496
10.7 6.208
10.71 6.208
10.72 6.208
10.73 7.4496
10.74 7.4496
10.75 7.4496
10.76 6.208
10.77 6.208
10.78 7.4496
10.79 8.6912
10.8 6.208
10.81 6.208
10.82 6.208
10.83 7.4496
10.84 7.4496
10.85 7.4496
10.86 4.9664
10.87 7.4496
10.88 7.4496
10.89 7.4496
10.9 6.208
10.91 6.208
10.92 7.4496
10.93 7.4496
10.94 6.208
10.95 6.208
10.96 6.208
10.97 8.6912
10.98 8.6912
10.99 7.4496
11 6.208
11.01 8.6912
11.02 8.6912
11.03 7.4496
11.04 6.208
11.05 7.4496
11.06 8.6912
11.07 7.4496
11.08 6.208
11.09 7.4496
11.1 8.6912
11.11 8.6912
11.12 7.4496
11.13 6.208
11.14 7.4496
11.15 8.6912
11.16 7.4496
11.17 6.208
11.18 8.6912
11.19 8.6912
11.2 8.6912
11.21 7.4496
11.22 7.4496
11.23 7.4496
11.24 8.6912
11.25 8.6912
11.26 6.208
11.27 7.4496
11.28 8.6912
11.29 8.6912
11.3 7.4496
11.31 6.208
11.32 8.6912
11.33 9.9328
11.34 8.6912
11.35 7.4496
11.36 7.4496
11.37 9.9328
11.38 8.6912
11.39 7.4496
11.4 8.6912
11.41 9.9328
11.42 8.6912
11.43 7.4496
11.44 7.4496
11.45 9.9328
11.46 9.9328
11.47 7.4496
11.48 7.4496
11.49 8.6912
11.5 9.9328
11.51 8.6912
11.52 7.4496
11.53 7.4496
11.54 9.9328
11.55 8.6912
11.56 8.6912
11.57 7.4496
11.58 8.6912
11.59 8.6912
11.6 4.9664
11.61 6.208
11.62 7.4496
11.63 9.9328
11.64 7.4496
11.65 7.4496
11.66 7.4496
11.67 7.4496
11.68 9.9328
11.69 6.208
11.7 7.4496
11.71 7.4496
11.72 8.6912
11.73 8.6912
11.74 7.4496
11.75 7.4496
11.76 6.208
11.77 9.9328
11.78 7.4496
11.79 7.4496
11.8 7.4496
11.81 7.4496
11.82 8.6912
11.83 6.208
11.84 7.4496
11.85 7.4496
11.86 8.6912
11.87 7.4496
11.88 7.4496
11.89 6.208
11.9 9.9328
11.91 6.208
11.92 7.4496
11.93 7.4496
11.94 8.6912
11.95 7.4496
11.96 7.4496
11.97 7.4496
11.98 7.4496
11.99 8.6912
12 7.4496
12.01 6.208
12.02 7.4496
12.03 9.9328
12.04 7.4496
12.05 7.4496
12.06 6.208
12.07 8.6912
12.08 8.6912
12.09 6.208
12.1 7.4496
12.11 7.4496
12.12 9.9328
12.13 6.208
12.14 7.4496
12.15 7.4496
12.16 8.6912
12.17 7.4496
12.18 6.208
12.19 7.4496
12.2 8.6912
12.21 9.9328
12.22 7.4496
12.23 7.4496
12.24 8.6912
12.25 9.9328
12.26 8.6912
12.27 7.4496
12.28 7.4496
12.29 11.1744
12.3 7.4496
12.31 8.6912
12.32 7.4496
12.33 9.9328
12.34 8.6912
12.35 7.4496
12.36 7.4496
12.37 9.9328
12.38 8.6912
12.39 7.4496
12.4 7.4496
12.41 9.9328
12.42 9.9328
12.43 7.4496
12.44 7.4496
12.45 8.6912
12.46 11.1744
12.47 7.4496
12.48 7.4496
12.49 7.4496
12.5 11.1744
12.51 7.4496
12.52 7.4496
12.53 7.4496
12.54 11.1744
12.55 8.6912
12.56 7.4496
12.57 7.4496
12.58 9.9328
12.59 8.6912
12.6 7.4496
12.61 8.6912
12.62 8.6912
12.63 11.1744
12.64 7.4496
12.65 8.6912
12.66 7.4496
12.67 9.9328
12.68 8.6912
12.69 8.6912
12.7 7.4496
12.71 8.6912
12.72 9.9328
12.73 8.6912
12.74 7.4496
12.75 8.6912
12.76 9.9328
12.77 8.6912
12.78 7.4496
12.79 7.4496
12.8 9.9328
12.81 8.6912
12.82 7.4496
12.83 8.6912
12.84 8.6912
12.85 9.9328
12.86 7.4496
12.87 7.4496
12.88 8.6912
12.89 8.6912
12.9 6.208
12.91 6.208
12.92 7.4496
12.93 8.6912
12.94 7.4496
12.95 7.4496
12.96 7.4496
12.97 7.4496
12.98 7.4496
12.99 8.6912
13 6.208
13.01 7.4496
13.02 8.6912
13.03 7.4496
13.04 7.4496
13.05 7.4496
13.06 8.6912
13.07 6.208
13.08 7.4496
13.09 7.4496
13.1 8.6912
13.11 7.4496
13.12 7.4496
13.13 6.208
13.14 8.6912
13.15 7.4496
13.16 7.4496
13.17 7.4496
13.18 7.4496
13.19 8.6912
13.2 7.4496
13.21 7.4496
13.22 7.4496
13.23 8.6912
13.24 6.208
13.25 7.4496
13.26 7.4496
13.27 7.4496
13.28 4.9664
13.29 6.208
13.3 6.208
13.31 6.208
13.32 6.208
13.33 4.9664
13.34 6.208
13.35 6.208
13.36 6.208
13.37 6.208
13.38 4.9664
13.39 6.208
13.4 6.208
13.41 6.208
13.42 6.208
13.43 4.9664
13.44 6.208
13.45 6.208
13.46 6.208
13.47 7.4496
13.48 3.7248
13.49 6.208
13.5 6.208
13.51 6.208
13.52 6.208
13.53 4.9664
13.54 6.208
13.55 6.208
13.56 6.208
13.57 4.9664
13.58 4.9664
13.59 6.208
13.6 6.208
13.61 6.208
13.62 4.9664
13.63 6.208
13.64 6.208
13.65 6.208
13.66 3.7248
13.67 6.208
13.68 6.208
13.69 6.208
13.7 4.9664
13.71 4.9664
13.72 6.208
13.73 7.4496
13.74 6.208
13.75 6.208
13.76 7.4496
13.77 7.4496
13.78 7.4496
13.79 6.208
13.8 6.208
13.81 7.4496
13.82 7.4496
13.83 7.4496
13.84 6.208
13.85 6.208
13.86 7.4496
13.87 7.4496
13.88 6.208
13.89 6.208
13.9 6.208
13.91 7.4496
13.92 7.4496
13.93 6.208
13.94 6.208
13.95 7.4496
13.96 6.208
13.97 6.208
13.98 7.4496
13.99 6.208
14 6.208
14.01 7.4496
14.02 6.208
14.03 6.208
14.04 7.4496
14.05 7.4496
14.06 6.208
14.07 7.4496
14.08 6.208
14.09 7.4496
14.1 6.208
14.11 7.4496
14.12 6.208
14.13 6.208
14.14 7.4496
14.15 6.208
14.16 6.208
14.17 7.4496
14.18 6.208
14.19 7.4496
14.2 6.208
14.21 6.208
14.22 6.208
14.23 7.4496
14.24 6.208
14.25 6.208
14.26 7.4496
14.27 7.4496
14.28 7.4496
14.29 6.208
14.3 6.208
14.31 7.4496
14.32 7.4496
14.33 6.208
14.34 7.4496
14.35 6.208
14.36 6.208
14.37 7.4496
14.38 7.4496
14.39 6.208
14.4 6.208
14.41 7.4496
14.42 6.208
14.43 6.208
14.44 6.208
14.45 7.4496
14.46 6.208
14.47 4.9664
14.48 4.9664
14.49 3.7248
14.5 6.208
14.51 4.9664
14.52 3.7248
14.53 4.9664
14.54 4.9664
14.55 4.9664
14.56 4.9664
14.57 3.7248
14.58 4.9664
14.59 4.9664
14.6 6.208
14.61 3.7248
14.62 4.9664
14.63 4.9664
14.64 4.9664
14.65 6.208
14.66 2.4832
14.67 4.9664
14.68 6.208
14.69 4.9664
14.7 4.9664
14.71 3.7248
14.72 4.9664
14.73 6.208
14.74 4.9664
14.75 4.9664
14.76 6.208
14.77 6.208
14.78 7.4496
14.79 3.7248
14.8 6.208
14.81 6.208
14.82 6.208
14.83 4.9664
14.84 4.9664
14.85 6.208
14.86 6.208
14.87 6.208
14.88 4.9664
14.89 4.9664
14.9 7.4496
14.91 6.208
14.92 3.7248
14.93 4.9664
14.94 7.4496
14.95 6.208
14.96 4.9664
14.97 4.9664
14.98 6.208
14.99 6.208
15 4.9664
15.01 4.9664
15.02 6.208
15.03 7.4496
15.04 6.208
15.05 3.7248
15.06 4.9664
15.07 7.4496
15.08 6.208
15.09 4.9664
15.1 6.208
15.11 7.4496
15.12 7.4496
15.13 7.4496
15.14 6.208
15.15 6.208
15.16 7.4496
15.17 7.4496
15.18 7.4496
15.19 6.208
15.2 6.208
15.21 7.4496
15.22 7.4496
15.23 6.208
15.24 6.208
15.25 6.208
15.26 7.4496
15.27 7.4496
15.28 6.208
15.29 6.208
15.3 7.4496
15.31 7.4496
15.32 4.9664
15.33 6.208
15.34 7.4496
15.35 7.4496
15.36 4.9664
15.37 8.6912
15.38 6.208
15.39 7.4496
15.4 7.4496
15.41 6.208
15.42 7.4496
15.43 6.208
15.44 7.4496
15.45 7.4496
15.46 7.4496
15.47 6.208
15.48 6.208
15.49 7.4496
15.5 7.4496
15.51 6.208
15.52 6.208
15.53 6.208
15.54 8.6912
15.55 6.208
15.56 6.208
15.57 6.208
15.58 7.4496
15.59 6.208
15.6 6.208
15.61 6.208
15.62 7.4496
15.63 7.4496
15.64 6.208
15.65 6.208
15.66 6.208
15.67 7.4496
15.68 6.208
15.69 6.208
15.7 6.208
15.71 8.6912
15.72 6.208
15.73 6.208
15.74 6.208
15.75 7.4496
15.76 6.208
15.77 6.208
15.78 7.4496
15.79 6.208
15.8 7.4496
15.81 6.208
15.82 6.208
15.83 6.208
15.84 7.4496
15.85 6.208
15.86 7.4496
15.87 6.208
15.88 7.4496
15.89 6.208
15.9 6.208
15.91 6.208
15.92 7.4496
15.93 6.208
15.94 6.208
15.95 6.208
15.96 7.4496
15.97 8.6912
15.98 6.208
15.99 6.208
16 6.208
16.01 7.4496
16.02 7.4496
16.03 6.208
16.04 6.208
16.05 6.208
16.06 8.6912
16.07 6.208
16.08 6.208
16.09 7.4496
16.1 8.6912
16.11 7.4496
16.12 6.208
16.13 7.4496
16.14 8.6912
16.15 7.4496
16.16 7.4496
16.17 7.4496
16.18 7.4496
16.19 9.9328
16.2 6.208
16.21 7.4496
16.22 7.4496
16.23 8.6912
16.24 6.208
16.25 7.4496
16.26 7.4496
16.27 8.6912
16.28 7.4496
16.29 6.208
16.3 7.4496
16.31 8.6912
16.32 7.4496
16.33 8.6912
16.34 7.4496
16.35 7.4496
16.36 8.6912
16.37 7.4496
16.38 7.4496
16.39 8.6912
16.4 7.4496
16.41 8.6912
16.42 7.4496
16.43 6.208
16.44 8.6912
16.45 7.4496
16.46 8.6912
16.47 6.208
16.48 7.4496
16.49 8.6912
16.5 8.6912
16.51 6.208
16.52 7.4496
16.53 7.4496
16.54 8.6912
16.55 6.208
16.56 7.4496
16.57 7.4496
16.58 8.6912
16.59 7.4496
16.6 7.4496
16.61 7.4496
16.62 8.6912
16.63 8.6912
16.64 7.4496
16.65 7.4496
16.66 7.4496
16.67 7.4496
16.68 9.9328
16.69 6.208
16.7 7.4496
16.71 7.4496
16.72 8.6912
16.73 8.6912
16.74 6.208
16.75 8.6912
16.76 7.4496
16.77 8.6912
16.78 7.4496
16.79 6.208
16.8 8.6912
16.81 7.4496
16.82 8.6912
16.83 7.4496
16.84 7.4496
16.85 7.4496
16.86 8.6912
16.87 7.4496
16.88 6.208
16.89 8.6912
16.9 7.4496
16.91 8.6912
16.92 6.208
16.93 8.6912
16.94 6.208
16.95 9.9328
16.96 6.208
16.97 7.4496
16.98 6.208
16.99 8.6912
17 3.7248
17.01 6.208
17.02 6.208
17.03 6.208
17.04 6.208
17.05 6.208
17.06 6.208
17.07 4.9664
17.08 7.4496
17.09 6.208
17.1 8.6912
17.11 6.208
17.12 6.208
17.13 6.208
17.14 7.4496
17.15 7.4496
17.16 7.4496
17.17 6.208
17.18 6.208
17.19 7.4496
17.2 7.4496
17.21 7.4496
17.22 6.208
17.23 6.208
17.24 7.4496
17.25 7.4496
17.26 6.208
17.27 6.208
17.28 6.208
17.29 7.4496
17.3 6.208
17.31 6.208
17.32 6.208
17.33 8.6912
17.34 6.208
17.35 6.208
17.36 4.9664
17.37 8.6912
17.38 6.208
17.39 6.208
17.4 6.208
17.41 7.4496
17.42 7.4496
17.43 6.208
17.44 6.208
17.45 6.208
17.46 7.4496
17.47 7.4496
17.48 6.208
17.49 6.208
17.5 7.4496
17.51 6.208
17.52 6.208
17.53 6.208
17.54 7.4496
17.55 6.208
17.56 7.4496
17.57 6.208
17.58 6.208
17.59 8.6912
17.6 6.208
17.61 7.4496
17.62 7.4496
17.63 7.4496
17.64 7.4496
17.65 7.4496
17.66 7.4496
17.67 8.6912
17.68 6.208
17.69 8.6912
17.7 7.4496
17.71 7.4496
17.72 7.4496
17.73 8.6912
17.74 7.4496
17.75 7.4496
17.76 7.4496
17.77 7.4496
17.78 7.4496
17.79 7.4496
17.8 8.6912
17.81 6.208
17.82 8.6912
17.83 7.4496
17.84 7.4496
17.85 7.4496
17.86 7.4496
17.87 7.4496
17.88 7.4496
17.89 7.4496
17.9 8.6912
17.91 7.4496
17.92 7.4496
17.93 7.4496
17.94 7.4496
17.95 8.6912
17.96 7.4496
17.97 7.4496
17.98 7.4496
17.99 8.6912
18 6.208
18.01 7.4496
18.02 8.6912
18.03 7.4496
18.04 7.4496
18.05 7.4496
18.06 7.4496
18.07 7.4496
18.08 8.6912
18.09 4.9664
18.1 8.6912
18.11 3.7248
18.12 6.208
18.13 4.9664
18.14 6.208
18.15 4.9664
18.16 8.6912
18.17 6.208
18.18 6.208
18.19 4.9664
18.2 8.6912
18.21 6.208
18.22 6.208
18.23 6.208
18.24 7.4496
18.25 6.208
18.26 4.9664
18.27 4.9664
18.28 3.7248
18.29 6.208
18.3 4.9664
18.31 6.208
18.32 2.4832
18.33 4.9664
18.34 6.208
18.35 4.9664
18.36 4.9664
18.37 3.7248
18.38 4.9664
18.39 6.208
18.4 4.9664
18.41 4.9664
18.42 3.7248
18.43 4.9664
18.44 6.208
18.45 4.9664
18.46 3.7248
18.47 3.7248
18.48 6.208
18.49 6.208
18.5 4.9664
18.51 3.7248
18.52 3.7248
18.53 6.208
18.54 4.9664
18.55 4.9664
18.56 3.7248
18.57 4.9664
18.58 6.208
18.59 4.9664
18.6 2.4832
18.61 4.9664
18.62 6.208
18.63 4.9664
18.64 3.7248
18.65 3.7248
18.66 6.208
18.67 4.9664
18.68 3.7248
18.69 3.7248
18.7 6.208
18.71 4.9664
18.72 4.9664
18.73 3.7248
18.74 4.9664
18.75 6.208
18.76 4.9664
18.77 3.7248
18.78 3.7248
18.79 6.208
18.8 4.9664
18.81 4.9664
18.82 2.4832
18.83 6.208
18.84 6.208
18.85 4.9664
18.86 2.4832
18.87 4.9664
18.88 6.208
18.89 4.9664
18.9 3.7248
18.91 3.7248
18.92 6.208
18.93 4.9664
18.94 3.7248
18.95 3.7248
18.96 6.208
18.97 4.9664
18.98 4.9664
18.99 3.7248
19 4.9664
19.01 6.208
19.02 4.9664
19.03 3.7248
19.04 3.7248
19.05 6.208
19.06 4.9664
19.07 3.7248
19.08 3.7248
19.09 6.208
19.1 4.9664
19.11 4.9664
19.12 2.4832
19.13 6.208
19.14 6.208
19.15 4.9664
19.16 3.7248
19.17 3.7248
19.18 6.208
19.19 6.208
19.2 3.7248
19.21 3.7248
19.22 4.9664
19.23 6.208
19.24 4.9664
19.25 3.7248
19.26 3.7248
19.27 6.208
19.28 4.9664
19.29 3.7248
19.3 3.7248
19.31 6.208
19.32 4.9664
19.33 4.9664
19.34 2.4832
19.35 6.208
19.36 6.208
19.37 4.9664
19.38 2.4832
19.39 4.9664
19.4 6.208
19.41 4.9664
19.42 4.9664
19.43 4.9664
19.44 7.4496
19.45 7.4496
19.46 4.9664
19.47 3.7248
19.48 6.208
19.49 7.4496
19.5 6.208
19.51 3.7248
19.52 4.9664
19.53 7.4496
19.54 6.208
19.55 4.9664
19.56 4.9664
19.57 6.208
19.58 7.4496
19.59 4.9664
19.6 3.7248
19.61 6.208
19.62 7.4496
19.63 4.9664
19.64 4.9664
19.65 4.9664
19.66 7.4496
19.67 6.208
19.68 4.9664
19.69 3.7248
19.7 7.4496
19.71 6.208
19.72 4.9664
19.73 4.9664
19.74 6.208
19.75 7.4496
19.76 3.7248
19.77 4.9664
19.78 6.208
19.79 7.4496
19.8 4.9664
19.81 3.7248
19.82 6.208
19.83 7.4496
19.84 4.9664
19.85 4.9664
19.86 4.9664
19.87 7.4496
19.88 7.4496
19.89 4.9664
19.9 4.9664
19.91 6.208
19.92 6.208
19.93 7.4496
19.94 4.9664
19.95 6.208
19.96 4.9664
19.97 6.208
19.98 7.4496
19.99 4.9664
