950.024 33
950.24 34
950.462 35
950.692 36
950.924 37
951.159 38
951.399 39
951.645 40
951.897 41
952.155 42
952.42 43
952.691 44
952.969 45
953.252 46
953.542 47
953.838 48
954.141 49
954.45 50
954.765 51
955.087 52
955.414 53
955.749 54
956.089 55
956.436 56
956.789 57
957.148 58
957.514 59
957.886 60
958.264 61
958.648 62
959.039 63
959.436 64
959.84 65
960.25 66
960.666 67
961.088 68
961.517 69
961.952 70
962.393 71
962.841 72
963.294 73
963.755 74
964.221 75
964.403 37
964.914 38
965.015 39
965.261 40
965.513 41
965.772 42
966.036 43
966.307 44
966.585 45
966.868 46
967.05 23
967.599 24
967.618 25
967.776 26
967.94 27
968.11 28
968.286 29
968.471 30
968.665 31
968.864 32
969.074 33
969.291 34
969.513 35
969.739 36
969.976 37
970.124 18
970.444 19
970.444 20
970.594 21
970.748 22
970.895 23
971.044 24
971.197 25
971.359 26
971.527 27
971.703 28
971.886 29
972.073 30
972.269 31
972.473 32
972.682 33
972.915 16
973.377 17
973.402 18
973.529 19
973.649 20
973.775 21
973.908 22
974.047 23
974.196 24
974.351 25
974.515 26
974.684 27
974.861 28
975.045 29
975.234 30
975.43 31
975.634 32
975.843 33
976.058 34
976.281 35
976.508 36
976.591 18
976.941 19
977.059 20
977.204 21
977.343 22
977.482 23
977.627 24
977.778 25
977.935 26
978.101 27
978.274 28
978.456 29
978.647 30
978.845 31
979.046 32
979.256 33
979.473 34
979.695 35
979.923 36
979.981 18
980.393 19
980.547 20
980.682 21
980.817 22
980.956 23
981.104 24
981.258 25
981.421 26
981.591 27
981.766 28
981.949 29
982.14 30
982.334 31
982.54 32
982.749 33
982.963 34
983.106 17
983.63 18
983.669 19
983.799 20
983.93 21
984.063 22
984.205 23
984.355 24
984.511 25
984.672 26
984.845 27
985.022 28
985.203 29
985.394 30
985.593 31
985.794 32
986.002 33
986.216 34
986.432 35
986.652 36
986.879 37
987.112 38
987.352 39
987.598 40
987.85 41
988.109 42
988.373 43
988.644 44
988.922 45
989.205 46
989.489 23
989.772 24
989.772 26
989.952 27
990.122 28
990.298 29
990.481 30
990.67 31
990.866 32
991.067 33
991.275 34
991.49 35
991.712 36
991.951 37
992.192 38
992.44 39
992.633 19
992.98 20
993.011 21
993.165 22
993.304 23
993.449 24
993.6 25
993.758 26
993.922 27
994.092 28
994.276 29
994.467 30
994.662 31
994.865 32
995.074 33
995.29 34
995.512 35
995.74 36
995.974 37
996.055 18
996.383 19
996.459 20
996.608 21
996.74 22
996.879 23
997.024 24
997.175 25
997.333 26
997.497 27
997.673 28
997.856 29
998.046 30
998.245 31
998.449 32
998.658 33
998.873 34
999.094 35
999.323 36
999.555 37
999.788 38
1000.03 39
1000.27 40
1000.53 41
1000.78 42
1001.05 43
1001.32 44
1001.6 45
1001.88 46
1002.17 47
1002.47 48
1002.77 49
1003.08 50
1003.29 25
1003.6 26
1003.6 28
1003.76 29
1003.94 30
1004.13 31
1004.33 32
1004.53 33
1004.74 34
1004.95 35
1005.17 36
1005.4 37
1005.64 38
1005.89 39
1006.14 40
1006.4 41
1006.67 42
1006.92 21
1007.18 22
1007.18 24
1007.35 25
1007.5 26
1007.67 27
1007.84 28
1008.02 29
1008.2 30
1008.39 31
1008.58 32
1008.79 33
1009.01 34
1009.23 35
1009.46 36
1009.69 37
1009.91 18
1010.43 19
1010.44 20
1010.58 21
1010.72 22
1010.85 23
1011 24
1011.15 25
1011.31 26
1011.48 27
1011.65 28
1011.84 29
1012.03 30
1012.22 31
1012.43 32
1012.64 33
1012.85 34
1013.08 35
1013.3 36
1013.35 18
1013.75 19
1013.9 20
1014.03 21
1014.16 22
1014.3 23
1014.45 24
1014.6 25
1014.76 26
1014.93 27
1015.11 28
1015.29 29
1015.48 30
1015.67 31
1015.88 32
1016.09 33
1016.3 34
1016.52 35
1016.68 17
1017.23 18
1017.23 19
1017.38 20
1017.53 21
1017.67 22
1017.81 23
1017.95 24
1018.11 25
1018.27 26
1018.44 27
1018.61 28
1018.8 29
1018.99 30
1019.18 31
1019.38 32
1019.59 33
1019.81 34
1020.03 35
1020.25 36
1020.48 37
1020.71 38
1020.95 39
1021.19 40
1021.45 41
1021.71 42
1021.97 43
1022.24 44
1022.52 45
1022.8 46
1023.09 47
1023.39 48
1023.59 24
1023.9 25
1023.9 26
1024.06 27
1024.23 28
1024.41 29
1024.59 30
1024.78 31
1024.97 32
1025.18 33
1025.38 34
1025.6 35
1025.82 36
1026.06 37
1026.3 38
1026.55 39
1026.8 40
1027.06 41
1027.14 20
1027.46 22
1027.6 23
1027.74 24
1027.89 25
1028.05 26
1028.21 27
1028.38 28
1028.56 29
1028.74 30
1028.93 31
1029.14 32
1029.35 33
1029.56 34
1029.79 35
1030.02 36
1030.25 37
1030.49 38
1030.74 39
1030.77 19
1031.07 20
1031.14 21
1031.3 22
1031.44 23
1031.58 24
1031.74 25
1031.89 26
1032.06 27
1032.23 28
1032.42 29
1032.61 30
1032.8 31
1033.01 32
1033.21 33
1033.43 34
1033.65 35
1033.88 36
1034.11 37
1034.34 38
1034.58 39
1034.82 40
1035.08 41
1035.34 42
1035.6 43
1035.87 44
1036.15 45
1036.43 46
1036.72 47
1037.02 48
1037.32 49
1037.63 50
1037.95 51
1038.27 52
1038.6 53
1038.93 54
1039.27 55
1039.62 56
1039.97 57
1040.08 28
1040.47 29
1040.57 30
1040.75 31
1040.95 32
1041.15 33
1041.36 34
1041.57 35
1041.79 36
1042.02 37
1042.26 38
1042.5 39
1042.76 40
1043.01 41
1043.27 42
1043.54 43
1043.81 44
1044.09 45
1044.37 46
1044.66 47
1044.96 48
1045.26 49
1045.57 50
1045.88 51
1046.2 52
1046.53 53
1046.87 54
1047.21 55
1047.55 56
1047.91 57
1048.27 58
1048.63 59
1048.87 29
1049.24 30
1049.24 31
1049.4 32
1049.6 33
1049.81 34
1050.03 35
1050.25 36
1050.47 37
1050.71 38
1050.95 39
1051.19 40
1051.44 41
1051.7 42
1051.98 43
1052.25 21
1052.53 22
1052.53 23
1052.58 24
1052.74 25
1052.89 26
1053.06 27
1053.23 28
1053.4 29
1053.59 30
1053.78 31
1053.98 32
1054.18 33
1054.4 34
1054.62 35
1054.85 36
1055.09 37
1055.33 38
1055.58 39
1055.83 40
1056.08 41
1056.34 42
1056.6 43
1056.87 44
1057.15 45
1057.43 46
1057.72 47
1058.02 48
1058.32 49
1058.63 50
1058.95 51
1059.27 52
1059.41 26
1059.73 28
1059.78 29
1059.96 30
1060.15 31
1060.35 32
1060.55 33
1060.76 34
1060.97 35
1061.19 36
1061.42 37
1061.66 38
1061.9 39
1062.16 40
1062.42 41
1062.68 42
1062.95 43
1063.22 44
1063.5 45
1063.78 46
1064.07 47
1064.37 48
1064.67 49
1064.98 50
1065.29 51
1065.62 52
1065.94 53
1066.22 26
1066.55 27
1066.55 29
1066.72 30
1066.91 31
1067.1 32
1067.3 33
1067.51 34
1067.73 35
1067.95 36
1068.17 37
1068.41 38
1068.65 39
1068.91 40
1069.17 41
1069.44 42
1069.7 43
1069.97 44
1070.25 45
1070.54 46
1070.83 47
1071.12 48
1071.42 49
1071.73 50
1072.05 51
1072.37 52
1072.7 53
1073.03 54
1073.37 55
1073.72 56
1074.07 57
1074.43 58
1074.8 59
1075.17 60
1075.55 61
1075.74 30
1076.11 32
1076.13 33
1076.34 34
1076.56 35
1076.78 36
1077 37
1077.24 38
1077.48 39
1077.72 40
1077.97 41
1078.23 42
1078.5 43
1078.78 44
1078.93 22
1079.2 25
1079.39 26
1079.56 27
1079.73 28
1079.9 29
1080.09 30
1080.28 31
1080.48 32
1080.69 33
1080.9 34
1081.12 35
1081.35 36
1081.58 37
1081.82 38
1082.06 39
1082.3 40
1082.55 41
1082.81 42
1083.08 43
1083.35 44
1083.62 45
1083.91 46
1084.2 47
1084.49 48
1084.8 49
1085.11 50
1085.42 51
1085.74 52
1086.07 53
1086.4 54
1086.75 55
1087.09 56
1087.45 57
1087.8 58
1088.17 59
1088.54 60
1088.92 61
1089.31 62
1089.7 63
1090.09 64
1090.5 65
1090.91 66
1091.32 67
1091.37 33
1091.89 34
1092.1 35
1092.32 36
1092.55 37
1092.78 38
1093.02 39
1093.27 40
1093.52 41
1093.78 42
1094.05 43
1094.32 44
1094.6 45
1094.89 46
1095.18 47
1095.47 48
1095.78 49
1096.09 50
1096.4 51
1096.72 52
1097.05 53
1097.38 54
1097.72 55
1098.07 56
1098.42 57
1098.78 58
1099.15 59
1099.52 60
1099.9 61
1100.28 62
1100.67 63
1101.07 64
1101.48 65
1101.89 66
1102.3 67
1102.72 68
1103.15 69
1103.59 70
1104.03 71
1104.48 72
1104.93 73
1105.39 74
1105.86 75
1106.33 76
1106.81 77
1107.29 78
1107.79 79
1108.28 80
1108.79 81
1109.32 40
1109.88 41
1109.88 42
1110.14 43
1110.41 44
1110.56 22
1111.52 1
1111.75 2
1111.86 3
1111.87 4
1111.98 5
1111.99 6
1112 7
1112 8
1112.11 9
1112.11 10
1112.12 11
1112.13 11
1112.14 12
1112.28 13
1112.42 14
1112.57 15
1112.72 16
1112.88 17
1113.05 18
1113.22 19
1113.4 20
1113.59 21
1113.78 22
1113.98 23
1114.19 11
1114.39 12
1114.39 14
1114.56 15
1114.7 16
1114.83 17
1114.95 18
1115.08 19
1115.21 20
1115.34 21
1115.47 22
1115.62 23
1115.77 24
1115.93 25
1116.09 26
1116.26 27
1116.44 28
1116.62 29
1116.81 30
1117.01 31
1117.21 32
1117.42 33
1117.57 16
1117.77 17
1117.77 19
1117.92 20
1118.05 21
1118.19 22
1118.32 23
1118.47 24
1118.62 25
1118.78 26
1118.95 27
1119.13 28
1119.31 29
1119.5 30
1119.7 31
1119.9 32
1120.11 33
1120.33 34
1120.55 35
1120.78 36
1121.01 37
1121.24 38
1121.48 39
1121.72 40
1121.98 41
1122.23 42
1122.5 43
1122.77 44
1123.05 45
1123.33 46
1123.62 47
1123.92 48
1124.22 49
1124.36 24
1124.7 26
1124.77 27
1124.94 28
1125.12 29
1125.3 30
1125.49 31
1125.69 32
1125.89 33
1126.1 34
1126.31 35
1126.54 36
1126.78 37
1127.02 38
1127.26 39
1127.52 40
1127.77 41
1128.03 42
1128.3 43
1128.57 44
1128.85 45
1129.13 46
1129.42 47
1129.72 48
1130.02 49
1130.33 50
1130.64 51
1130.97 52
1131.29 53
1131.63 54
1131.97 55
1132.31 56
1132.67 57
1133.03 58
1133.39 59
1133.76 60
1134.14 61
1134.53 62
1134.92 63
1135.31 64
1135.72 65
1136.13 66
1136.54 67
1136.97 68
1137.4 69
1137.81 34
1138.28 35
1138.31 36
1138.54 37
1138.77 38
1139.01 39
1139.26 40
1139.51 41
1139.77 42
1140.03 43
1140.3 44
1140.58 45
1140.86 46
1141.15 47
1141.45 48
1141.75 49
1142.06 50
1142.38 51
1142.7 52
1143.03 53
1143.36 54
1143.7 55
1144.05 56
1144.4 57
1144.76 58
1145.13 59
1145.5 60
1145.88 61
1146.26 62
1146.65 63
1147.05 64
1147.45 65
1147.86 66
1148.28 67
1148.7 68
1149.13 69
1149.56 70
1150 71
1150.45 72
1150.82 36
1151.29 37
1151.29 38
1151.41 39
1151.66 40
1151.91 41
1152.17 42
1152.43 43
1152.7 44
1152.98 45
1153.26 46
1153.55 47
1153.85 48
1154.15 49
1154.46 50
1154.78 51
1155.1 52
1155.43 53
1155.76 54
1156.1 55
1156.45 56
1156.8 57
1157.16 58
1157.52 59
1157.9 60
1158.27 61
1158.66 62
1159.05 63
1159.45 64
1159.85 65
1160.26 66
1160.68 67
1161.1 68
1161.53 69
1161.96 70
1162.4 71
1162.85 72
1163.31 73
1163.77 74
1164.23 75
1164.71 76
1165.18 77
1165.67 78
1166.16 79
1166.66 80
1167.02 40
1167.62 41
1167.64 42
1167.9 43
1168.17 44
1168.45 45
1168.73 46
1169.02 47
1169.32 48
1169.62 24
1170 25
1170 26
1170.18 27
1170.35 28
1170.53 29
1170.71 30
1170.9 31
1171.1 32
1171.3 33
1171.51 34
1171.72 35
1171.95 36
1172.18 37
1172.42 38
1172.67 39
1172.84 19
1173.3 20
1173.4 21
1173.53 22
1173.67 23
1173.82 24
1173.97 25
1174.13 26
1174.29 27
1174.46 28
1174.64 29
1174.83 30
1175.02 31
1175.22 32
1175.44 33
1175.65 34
1175.87 35
1176.1 36
1176.34 37
1176.58 38
1176.63 19
1176.91 20
1176.96 21
1177.09 22
1177.23 23
1177.38 24
1177.53 25
1177.69 26
1177.85 27
1178.02 28
1178.2 29
1178.39 30
1178.59 31
1178.79 32
1179 33
1179.22 34
1179.44 35
1179.67 36
1179.91 37
1180.12 18
1180.34 19
1180.34 21
1180.51 22
1180.66 23
1180.8 24
1180.95 25
1181.11 26
1181.27 27
1181.44 28
1181.62 29
1181.8 30
1182 31
1182.2 32
1182.41 33
1182.63 34
1182.85 35
1183.08 36
1183.32 37
1183.55 38
1183.79 39
1184.04 40
1184.29 41
1184.55 42
1184.82 43
1185.09 44
1185.36 45
1185.65 46
1185.94 47
1186.23 48
1186.54 49
1186.85 50
1187.16 51
1187.48 52
1187.81 53
1188.14 54
1188.48 55
1188.83 56
1189.18 57
1189.54 58
1189.91 59
1190.28 60
1190.66 61
1190.87 30
1191.25 32
1191.27 33
1191.48 34
1191.69 35
1191.91 36
1192.14 37
1192.37 38
1192.61 39
1192.86 40
1193.11 41
1193.37 42
1193.64 43
1193.92 44
1194.19 45
1194.48 46
1194.77 47
1195.06 48
1195.37 49
1195.68 50
1195.99 51
1196.31 52
1196.64 53
1196.97 54
1197.18 27
1197.65 28
1197.75 29
1197.94 30
1198.13 31
1198.32 32
1198.52 33
1198.73 34
1198.95 35
1199.17 36
1199.39 37
1199.63 38
1199.87 39
1200.12 40
1200.38 41
1200.65 42
1200.92 43
1201.19 44
1201.46 45
1201.75 46
1202.04 47
1202.33 48
1202.64 49
1202.95 50
1203.26 51
1203.58 52
1203.91 53
1204.25 54
1204.59 55
1204.93 56
1205.29 57
1205.65 58
1206.01 59
1206.38 60
1206.76 61
1207.15 62
1207.29 31
1207.74 32
1207.87 33
1208.08 34
1208.29 35
1208.51 36
1208.74 37
1208.97 38
1209.21 39
1209.46 40
1209.71 41
1209.97 42
1210.24 43
1210.52 44
1210.8 45
1211.08 46
1211.37 47
1211.67 48
1211.97 49
1212.28 50
1212.6 51
1212.92 52
1213.24 53
1213.49 26
1213.82 27
1213.82 29
1213.99 30
1214.18 31
1214.37 32
1214.57 33
1214.78 34
1215 35
1215.22 36
1215.44 37
1215.68 38
1215.92 39
1216.17 40
1216.43 41
1216.7 42
1216.99 21
1217.29 22
1217.29 23
1217.34 24
1217.5 25
1217.66 26
1217.82 27
1217.99 28
1218.17 29
1218.35 30
1218.54 31
1218.75 32
1218.95 33
1219.17 34
1219.39 35
1219.62 36
1219.86 37
1220.1 38
1220.28 19
1220.51 20
1220.51 22
1220.68 23
1220.82 24
1220.98 25
1221.13 26
1221.3 27
1221.47 28
1221.64 29
1221.83 30
1222.03 31
1222.23 32
1222.44 33
1222.66 34
1222.88 35
1223.11 36
1223.34 37
1223.46 18
1223.69 21
1223.88 22
1224.04 23
1224.18 24
1224.33 25
1224.49 26
1224.65 27
1224.82 28
1225 29
1225.19 30
1225.39 31
1225.59 32
1225.8 33
1226.02 34
1226.24 35
1226.46 36
1226.7 37
1226.88 18
1227.13 19
1227.13 21
1227.26 22
1227.4 23
1227.55 24
1227.7 25
1227.86 26
1228.03 27
1228.2 28
1228.39 29
1228.58 30
1228.77 31
1228.98 32
1229.19 33
1229.4 34
1229.62 35
1229.85 36
1230.09 37
1230.32 38
1230.56 39
1230.81 40
1231.06 41
1231.32 42
1231.58 43
1231.85 44
1232.13 45
1232.41 46
1232.7 47
1233 48
1233.3 49
1233.61 50
1233.93 51
1234.25 52
1234.58 53
1234.91 54
1235.25 55
1235.6 56
1235.95 57
1236.31 58
1236.68 59
1237.05 60
1237.43 61
1237.81 62
1238.2 63
1238.6 64
1239 65
1239.41 66
1239.83 67
1240.25 68
1240.68 69
1241.11 70
1241.55 71
1242 72
1242.46 73
1242.92 74
1243.38 75
1243.86 76
1244.33 77
1244.82 78
1245.31 79
1245.81 80
1246.31 81
1246.42 40
1247.09 41
1247.26 42
1247.52 43
1247.8 44
1248.07 45
1248.36 46
1248.65 47
1248.94 48
1249.25 49
1249.55 50
1249.81 25
1250.23 26
1250.3 27
1250.47 28
1250.65 29
1250.83 30
1251.02 31
1251.22 32
1251.42 33
1251.63 34
1251.84 35
1252.07 36
1252.3 37
1252.55 38
1252.8 39
1253.05 40
1253.3 41
1253.56 42
1253.82 43
1254.09 44
1254.37 45
1254.66 46
1254.95 47
1255.24 48
1255.54 49
1255.85 50
1256.17 51
1256.49 52
1256.82 53
1257.16 54
1257.5 55
1257.84 56
1258.2 57
1258.55 58
1258.92 59
1259.29 60
1259.67 61
1259.87 30
1260.28 31
1260.37 32
1260.57 33
1260.78 34
1260.99 35
1261.21 36
1261.44 37
1261.67 38
1261.91 39
1262.16 40
1262.43 41
1262.69 42
1262.97 43
1263.12 21
1263.45 22
1263.47 23
1263.62 24
1263.77 25
1263.93 26
1264.09 27
1264.26 28
1264.44 29
1264.63 30
1264.82 31
1265.03 32
1265.24 33
1265.45 34
1265.68 35
1265.9 36
1266.14 37
1266.38 38
1266.62 39
1266.86 40
1267.12 41
1267.37 42
1267.64 43
1267.91 44
1268.19 45
1268.47 46
1268.76 47
1269.06 48
1269.36 49
1269.65 24
1270.04 25
1270.08 26
1270.24 27
1270.41 28
1270.59 29
1270.77 30
1270.96 31
1271.15 32
1271.36 33
1271.57 34
1271.79 35
1272.02 36
1272.25 37
1272.49 38
1272.74 39
1272.99 40
1273.24 41
1273.5 42
1273.77 43
1274.04 44
1274.32 45
1274.6 46
1274.89 47
1275.19 48
1275.49 49
1275.8 50
1276.11 51
1276.43 52
1276.76 53
1277.1 54
1277.44 55
1277.78 56
1278.14 57
1278.49 58
1278.86 59
1279.23 60
1279.29 30
1279.95 31
1280.15 32
1280.35 33
1280.56 34
1280.77 35
1280.99 36
1281.22 37
1281.45 38
1281.69 39
1281.94 40
1282.19 41
1282.45 42
1282.72 43
1283 44
1283.03 22
1283.31 24
1283.45 25
1283.61 26
1283.77 27
1283.94 28
1284.12 29
1284.3 30
1284.49 31
1284.68 32
1284.89 33
1285.09 34
1285.31 35
1285.53 36
1285.76 37
1285.99 38
1286.23 39
1286.48 40
1286.74 41
1287 42
1287.27 43
1287.55 44
1287.83 45
1288.12 46
1288.41 47
1288.72 48
1288.89 24
1289.19 25
1289.19 27
1289.36 28
1289.54 29
1289.72 30
1289.91 31
1290.11 32
1290.31 33
1290.51 34
1290.73 35
1290.95 36
1291.18 37
1291.41 38
1291.65 39
1291.9 40
1292.15 41
1292.41 42
1292.67 43
1292.94 44
1293.22 45
1293.5 46
1293.79 47
1294.09 48
1294.39 49
1294.7 50
1295.02 51
