175.018 36
175.113 37
175.227 38
175.356 39
175.489 40
175.624 41
175.763 42
175.905 43
176.081 44
176.245 30
176.394 31
176.547 32
176.658 33
176.825 34
177.021 35
177.269 36
177.641 37
180.363 38
180.689 39
180.936 40
181.135 41
181.363 42
181.514 43
181.545 30
181.702 31
181.773 32
181.879 33
181.995 34
182.115 35
182.167 36
182.285 37
182.416 38
182.56 39
182.789 40
182.934 41
183.136 28
183.284 29
183.484 30
183.609 31
183.863 32
184.029 33
184.391 34
187.166 35
187.453 36
187.754 37
187.77 25
187.928 26
187.929 27
188.105 28
188.218 29
188.336 30
188.458 31
188.589 32
188.719 33
188.869 34
189.129 35
189.313 36
189.684 37
192.381 38
192.79 39
192.981 40
193.207 41
193.351 42
193.496 43
193.642 44
193.791 45
193.844 31
194.118 32
194.187 33
194.302 34
194.42 35
194.453 36
194.555 37
194.669 38
194.807 39
194.943 40
195.083 41
195.224 42
195.42 43
195.536 30
195.707 31
195.888 32
196.008 33
196.232 34
196.483 35
196.805 36
199.519 37
199.903 38
