175.463 27
175.905 28
175.912 29
175.918 30
175.995 31
176.101 32
176.216 33
176.346 34
176.495 35
176.661 36
176.861 37
177.141 38
177.328 26
177.602 27
177.684 28
177.715 29
177.917 30
178.16 31
178.513 32
181.161 22
181.432 23
181.498 24
181.504 25
181.561 26
181.695 27
181.837 28
182.012 29
182.197 30
182.445 31
182.824 32
182.936 22
183.208 23
183.296 24
183.303 25
183.358 26
183.468 27
183.614 28
183.804 29
183.977 30
184.226 31
184.617 32
184.685 22
184.961 23
185.026 24
185.033 25
185.092 26
185.22 27
185.366 28
185.533 29
185.728 30
185.976 31
186.33 32
186.673 22
186.949 23
187.046 24
187.053 25
187.079 26
187.21 27
187.358 28
187.558 29
187.721 30
187.966 31
188.372 32
188.503 22
188.918 23
188.925 24
188.931 25
189.087 26
189.179 27
189.349 28
189.494 29
189.694 30
189.974 31
190.133 21
190.412 22
190.537 23
190.574 24
190.823 25
191.177 26
193.894 27
194.274 28
194.547 29
194.687 30
194.858 31
195.003 32
195.132 33
195.252 34
195.356 35
195.457 36
195.551 37
195.64 38
195.725 39
195.805 40
195.88 41
195.955 42
196.027 43
196.091 44
196.188 45
196.332 46
196.426 47
196.505 48
196.577 49
196.653 50
196.704 51
196.762 52
196.828 53
196.886 54
196.936 55
196.993 56
197.053 57
197.104 58
197.155 59
197.205 60
197.256 61
197.295 42
197.68 43
197.686 44
197.693 45
197.812 46
197.913 47
198.002 48
198.102 49
198.203 50
198.304 51
198.411 52
198.519 53
198.638 54
198.781 55
198.917 56
199.099 57
199.291 39
199.748 40
199.754 41
199.905 42
