10 2.43238
10.05 1.98656
10.1 1.98656
10.15 2.73152
10.2 2.23488
10.25 1.73824
10.3 2.73152
10.35 2.73152
10.4 1.98656
10.45 2.23488
10.5 3.7248
10.55 1.98656
10.6 1.98656
10.65 2.97984
10.7 2.97984
10.75 2.23488
10.8 2.23488
10.85 3.47648
10.9 3.22816
10.95 2.23488
11 2.23488
11.05 3.22816
11.1 3.47648
11.15 2.23488
11.2 2.23488
11.25 2.73152
11.3 3.97312
11.35 2.23488
11.4 2.23488
11.45 3.97312
11.5 2.73152
11.55 2.23488
11.6 4.46976
11.65 2.23488
11.7 2.23488
11.75 3.7248
11.8 2.97984
11.85 2.23488
11.9 2.73152
11.95 3.97312
12 2.23488
12.05 2.23488
12.1 2.97984
12.15 3.7248
12.2 2.23488
12.25 2.23488
12.3 2.73152
12.35 3.97312
12.4 2.23488
12.45 2.23488
12.5 2.97984
12.55 3.7248
12.6 2.23488
12.65 2.23488
12.7 2.97984
12.75 3.7248
12.8 2.23488
12.85 2.23488
12.9 3.47648
12.95 3.22816
13 2.23488
13.05 2.23488
13.1 3.22816
13.15 3.47648
13.2 2.23488
13.25 2.23488
13.3 2.97984
13.35 3.7248
13.4 2.23488
13.45 2.23488
13.5 4.22144
13.55 3.22816
13.6 2.4832
13.65 2.97984
13.7 4.46976
13.75 2.4832
13.8 2.4832
13.85 3.22816
13.9 4.71808
13.95 2.97984
14 2.73152
14.05 3.7248
14.1 4.9664
14.15 2.97984
14.2 3.47648
14.25 5.21472
14.3 3.7248
14.35 3.22816
14.4 4.71808
14.45 5.21472
14.5 3.7248
14.55 3.47648
14.6 4.71808
14.65 5.71136
14.7 4.71808
14.75 3.97312
14.8 5.46304
14.85 6.45632
14.9 4.71808
14.95 4.46976
15 5.95968
15.05 6.70464
15.1 6.208
15.15 4.9664
15.2 5.71136
15.25 7.69792
15.3 7.20128
15.35 5.46304
15.4 5.21472
15.45 6.208
15.5 5.21472
15.55 4.46976
15.6 6.70464
15.65 5.71136
15.7 5.95968
15.75 4.71808
15.8 6.45632
15.85 6.70464
15.9 6.208
15.95 5.21472
16 6.208
16.05 7.4496
16.1 6.95296
16.15 5.21472
16.2 6.95296
16.25 6.95296
16.3 7.20128
16.35 5.46304
16.4 6.95296
16.45 7.4496
16.5 7.20128
16.55 5.71136
16.6 6.208
16.65 7.4496
16.7 6.70464
16.75 4.46976
16.8 5.95968
16.85 5.71136
16.9 6.208
16.95 4.46976
17 6.208
17.05 5.95968
17.1 6.208
17.15 5.21472
17.2 5.46304
17.25 4.46976
17.3 5.46304
17.35 3.97312
17.4 4.71808
17.45 4.46976
17.5 5.71136
17.55 4.46976
17.6 4.71808
17.65 4.71808
17.7 5.21472
17.75 5.21472
17.8 4.22144
17.85 5.46304
17.9 4.71808
17.95 6.45632
18 4.22144
18.05 5.71136
18.1 4.71808
18.15 6.208
18.2 4.22144
18.25 4.46976
18.3 2.73152
18.35 4.71808
18.4 3.47648
18.45 3.7248
18.5 3.47648
18.55 4.71808
18.6 4.46976
18.65 3.97312
18.7 3.7248
18.75 4.9664
18.8 4.9664
18.85 4.46976
18.9 3.7248
18.95 4.9664
19 5.46304
19.05 4.22144
19.1 4.46976
19.15 4.9664
19.2 5.95968
19.25 4.46976
19.3 4.46976
19.35 6.45632
19.4 5.71136
19.45 5.21472
19.5 6.70464
19.55 4.9664
19.6 5.95968
19.65 6.208
19.7 4.71808
19.75 5.95968
19.8 5.95968
19.85 4.9664
19.9 5.21472
19.95 6.45632
