10 4.45371
10.05 3.47648
10.1 4.46976
10.15 3.97312
10.2 4.71808
10.25 3.7248
10.3 4.22144
10.35 4.22144
10.4 3.97312
10.45 3.7248
10.5 3.97312
10.55 4.22144
10.6 4.22144
10.65 3.7248
10.7 3.7248
10.75 4.46976
10.8 4.22144
10.85 3.7248
10.9 4.46976
10.95 4.22144
11 3.7248
11.05 4.22144
11.1 3.97312
11.15 2.73152
11.2 2.97984
11.25 3.47648
11.3 3.22816
11.35 3.7248
11.4 3.7248
11.45 3.22816
11.5 3.47648
11.55 3.22816
11.6 1.98656
11.65 2.73152
11.7 2.4832
11.75 2.73152
11.8 2.97984
11.85 2.23488
11.9 2.97984
11.95 2.23488
12 2.4832
12.05 2.4832
12.1 2.4832
12.15 2.23488
12.2 2.4832
12.25 2.4832
12.3 2.4832
12.35 2.23488
12.4 2.23488
12.45 2.73152
12.5 2.4832
12.55 2.4832
12.6 2.4832
12.65 2.4832
12.7 2.23488
12.75 2.4832
12.8 3.22816
12.85 3.22816
12.9 2.97984
12.95 1.98656
13 2.73152
13.05 2.4832
13.1 2.23488
13.15 2.97984
13.2 2.23488
13.25 2.97984
13.3 3.22816
13.35 3.47648
13.4 3.47648
13.45 3.97312
13.5 3.7248
13.55 3.47648
13.6 3.7248
13.65 2.97984
13.7 3.7248
13.75 3.22816
13.8 3.22816
13.85 3.47648
13.9 3.22816
13.95 2.97984
14 2.97984
14.05 2.4832
14.1 3.22816
14.15 3.47648
14.2 2.97984
14.25 2.97984
14.3 3.47648
14.35 3.22816
14.4 2.97984
14.45 3.22816
14.5 2.97984
14.55 2.97984
14.6 3.47648
14.65 2.97984
14.7 3.47648
14.75 2.4832
14.8 2.23488
14.85 2.23488
14.9 2.73152
14.95 2.4832
15 2.23488
15.05 2.4832
15.1 2.4832
15.15 3.22816
15.2 2.97984
15.25 3.47648
15.3 3.22816
15.35 3.22816
15.4 2.97984
15.45 3.22816
15.5 3.22816
15.55 2.4832
15.6 2.73152
15.65 2.97984
15.7 3.97312
15.75 2.97984
15.8 3.97312
15.85 2.97984
15.9 3.7248
15.95 3.22816
16 2.97984
16.05 3.22816
16.1 3.47648
16.15 3.22816
16.2 2.97984
16.25 2.97984
16.3 3.22816
16.35 3.7248
16.4 2.97984
16.45 3.7248
16.5 2.4832
16.55 2.97984
16.6 3.7248
16.65 2.97984
16.7 3.22816
16.75 3.7248
16.8 2.97984
16.85 3.22816
16.9 3.47648
16.95 3.22816
17 2.97984
17.05 2.97984
17.1 3.47648
17.15 3.22816
17.2 2.23488
17.25 2.23488
17.3 1.73824
17.35 2.73152
17.4 2.4832
17.45 2.73152
17.5 2.23488
17.55 2.97984
17.6 2.23488
17.65 2.23488
17.7 2.73152
17.75 2.4832
17.8 2.23488
17.85 2.23488
17.9 2.23488
17.95 2.73152
18 2.4832
18.05 2.23488
18.1 2.23488
18.15 2.23488
18.2 2.73152
18.25 2.4832
18.3 2.23488
18.35 2.23488
18.4 2.23488
18.45 2.23488
18.5 2.97984
18.55 2.23488
18.6 2.23488
18.65 2.4832
18.7 2.73152
18.75 2.23488
18.8 2.23488
18.85 3.22816
18.9 3.22816
18.95 2.23488
19 2.97984
19.05 2.23488
19.1 2.97984
19.15 2.23488
19.2 2.73152
19.25 2.4832
19.3 2.4832
19.35 2.97984
19.4 2.97984
19.45 2.4832
19.5 2.23488
19.55 2.23488
19.6 2.4832
19.65 2.23488
19.7 2.4832
19.75 1.73824
19.8 1.48992
19.85 1.73824
19.9 2.73152
19.95 2.23488
