175 1.99089
175.2 2.97984
175.4 2.4832
175.6 1.61408
175.8 2.42112
176 1.92448
176.2 1.98656
176.4 2.7936
176.6 2.23488
176.8 2.11072
177 2.23488
177.2 1.73824
177.4 1.67616
177.6 2.29696
177.8 1.48992
178 1.36576
178.2 2.11072
178.4 1.8624
178.6 1.552
178.8 2.35904
179 1.98656
179.2 1.73824
179.4 2.4832
179.6 1.92448
179.8 1.80032
180 2.4832
180.2 1.73824
180.4 1.98656
180.6 2.35904
180.8 1.80032
181 1.42784
181.2 2.04864
181.4 1.61408
181.6 1.67616
181.8 1.98656
182 1.2416
182.2 1.48992
182.4 1.61408
182.6 0.86912
182.8 1.2416
183 1.48992
183.2 0.80704
183.4 1.11744
183.6 1.17952
183.8 0.74496
184 1.2416
184.2 1.30368
184.4 0.86912
184.6 1.48992
184.8 1.11744
185 0.68288
185.2 1.17952
185.4 1.05536
185.6 0.9312
185.8 1.42784
186 1.2416
186.2 0.99328
186.4 1.48992
186.6 1.2416
186.8 0.99328
187 1.48992
187.2 1.2416
187.4 0.99328
187.6 1.48992
187.8 1.2416
188 0.99328
188.2 1.48992
188.4 1.11744
188.6 1.17952
188.8 1.30368
189 1.05536
189.2 0.99328
189.4 1.48992
189.6 1.17952
189.8 1.17952
190 1.61408
190.2 1.17952
190.4 1.2416
190.6 1.552
190.8 1.17952
191 1.30368
191.2 1.552
191.4 1.05536
191.6 1.42784
191.8 1.552
192 1.11744
192.2 1.36576
192.4 1.61408
192.6 0.99328
192.8 1.48992
193 1.30368
193.2 0.9312
193.4 1.67616
193.6 1.61408
193.8 1.05536
194 1.8624
194.2 1.73824
194.4 1.05536
194.6 1.8624
194.8 1.73824
195 1.05536
195.2 1.73824
195.4 1.05536
195.6 0.99328
195.8 1.61408
196 1.30368
196.2 1.30368
196.4 1.8624
196.6 1.36576
196.8 1.42784
197 1.8624
197.2 1.11744
197.4 1.552
197.6 1.2416
197.8 1.11744
198 1.11744
198.2 1.05536
198.4 0.99328
198.6 1.11744
198.8 1.2416
199 0.86912
199.2 1.30368
199.4 1.2416
199.6 0.80704
199.8 1.36576
