175 5.08531
175.05 4.46976
175.1 4.9664
175.15 4.46976
175.2 4.71808
175.25 4.46976
175.3 4.46976
175.35 4.46976
175.4 4.71808
175.45 4.22144
175.5 4.46976
175.55 4.46976
175.6 4.46976
175.65 4.22144
175.7 4.22144
175.75 4.46976
175.8 4.22144
175.85 4.22144
175.9 4.22144
175.95 4.22144
176 3.97312
176.05 4.71808
176.1 4.9664
176.15 4.46976
176.2 4.71808
176.25 4.22144
176.3 4.46976
176.35 4.46976
176.4 4.46976
176.45 4.46976
176.5 4.46976
176.55 4.22144
176.6 4.46976
176.65 3.97312
176.7 4.22144
176.75 4.22144
176.8 4.46976
176.85 4.22144
176.9 3.97312
176.95 4.46976
177 4.46976
177.05 4.71808
177.1 4.46976
177.15 4.46976
177.2 4.71808
177.25 4.46976
177.3 4.71808
177.35 4.71808
177.4 4.71808
177.45 4.9664
177.5 4.46976
177.55 4.71808
177.6 4.71808
177.65 4.9664
177.7 5.46304
177.75 5.21472
177.8 5.71136
177.85 5.46304
177.9 5.71136
177.95 5.46304
178 5.21472
178.05 5.71136
178.1 5.95968
178.15 5.71136
178.2 5.71136
178.25 6.208
178.3 5.71136
178.35 6.208
178.4 6.208
178.45 6.208
178.5 6.70464
178.55 6.45632
178.6 5.21472
178.65 6.208
178.7 5.21472
178.75 6.45632
178.8 5.46304
178.85 5.95968
178.9 5.21472
178.95 5.71136
179 5.71136
179.05 5.95968
179.1 5.21472
179.15 6.208
179.2 5.95968
179.25 5.95968
179.3 6.95296
179.35 6.70464
179.4 7.4496
179.45 7.20128
179.5 6.95296
179.55 7.20128
179.6 7.20128
179.65 6.70464
179.7 6.95296
179.75 7.4496
179.8 7.20128
179.85 7.20128
179.9 6.70464
179.95 7.20128
180 6.95296
180.05 6.95296
180.1 6.95296
180.15 6.95296
180.2 6.70464
180.25 6.70464
180.3 7.20128
180.35 6.70464
180.4 7.20128
180.45 6.95296
180.5 6.70464
180.55 6.70464
180.6 6.95296
180.65 6.45632
180.7 6.95296
180.75 6.70464
180.8 6.70464
180.85 6.70464
180.9 6.208
180.95 5.46304
181 6.45632
181.05 5.71136
181.1 5.71136
181.15 6.45632
181.2 5.95968
181.25 6.208
181.3 5.95968
181.35 6.208
181.4 6.45632
181.45 6.45632
181.5 6.70464
181.55 5.95968
181.6 6.45632
181.65 6.208
181.7 6.70464
181.75 6.45632
181.8 6.45632
181.85 6.45632
181.9 6.45632
181.95 6.45632
182 6.45632
182.05 6.70464
182.1 6.70464
182.15 6.45632
182.2 6.45632
182.25 5.95968
182.3 5.46304
182.35 5.71136
182.4 5.95968
182.45 5.71136
182.5 6.45632
182.55 6.208
182.6 6.208
182.65 6.208
182.7 5.95968
182.75 6.70464
182.8 6.45632
182.85 6.70464
182.9 6.208
182.95 6.70464
183 6.45632
183.05 6.70464
183.1 6.45632
183.15 6.70464
183.2 6.45632
183.25 6.45632
183.3 6.45632
183.35 6.95296
183.4 6.70464
183.45 6.95296
183.5 6.70464
183.55 6.45632
183.6 6.95296
183.65 6.70464
183.7 6.95296
183.75 6.45632
183.8 6.95296
183.85 6.45632
183.9 7.20128
183.95 7.4496
184 7.4496
184.05 7.20128
184.1 7.4496
184.15 7.20128
184.2 6.95296
184.25 7.20128
184.3 6.95296
184.35 6.95296
184.4 6.95296
184.45 6.95296
184.5 6.45632
184.55 6.95296
184.6 6.208
184.65 5.71136
184.7 5.71136
184.75 4.9664
184.8 5.95968
184.85 4.9664
184.9 5.71136
184.95 5.46304
185 5.71136
185.05 5.71136
185.1 5.21472
185.15 5.46304
185.2 6.70464
185.25 6.70464
185.3 6.95296
185.35 6.70464
185.4 6.95296
185.45 6.95296
185.5 6.70464
185.55 6.70464
185.6 6.70464
185.65 6.45632
185.7 6.45632
185.75 6.45632
185.8 6.95296
185.85 6.208
185.9 7.94624
185.95 7.20128
186 7.4496
186.05 7.20128
186.1 7.20128
186.15 6.95296
186.2 7.20128
186.25 7.20128
186.3 6.95296
186.35 6.95296
186.4 7.20128
186.45 6.70464
186.5 6.70464
186.55 6.70464
186.6 6.70464
186.65 6.70464
186.7 6.70464
186.75 6.70464
186.8 6.208
186.85 5.46304
186.9 5.71136
186.95 5.21472
187 5.71136
187.05 5.46304
187.1 5.71136
187.15 4.9664
187.2 5.95968
187.25 5.46304
187.3 5.95968
187.35 5.21472
187.4 6.208
187.45 5.71136
187.5 5.71136
187.55 3.97312
187.6 4.9664
187.65 4.46976
187.7 4.71808
187.75 4.22144
187.8 4.9664
187.85 4.46976
187.9 4.71808
187.95 4.71808
188 4.71808
188.05 4.71808
188.1 4.46976
188.15 5.46304
188.2 4.71808
188.25 4.9664
188.3 5.21472
188.35 4.9664
188.4 4.9664
188.45 4.9664
188.5 4.9664
188.55 4.9664
188.6 4.9664
188.65 4.9664
188.7 4.9664
188.75 4.71808
188.8 4.9664
188.85 5.46304
188.9 5.71136
188.95 5.46304
189 5.71136
189.05 5.71136
189.1 5.46304
189.15 5.46304
189.2 5.71136
189.25 5.46304
189.3 5.46304
189.35 5.21472
189.4 5.46304
189.45 5.21472
189.5 5.21472
189.55 4.9664
189.6 5.21472
189.65 4.9664
189.7 5.21472
189.75 4.9664
189.8 4.9664
189.85 4.9664
189.9 4.71808
189.95 4.9664
190 5.21472
190.05 4.71808
190.1 4.9664
190.15 4.9664
190.2 5.71136
190.25 5.46304
190.3 6.208
190.35 5.71136
190.4 6.208
190.45 5.46304
190.5 5.71136
190.55 5.71136
190.6 5.71136
190.65 5.46304
190.7 5.46304
190.75 5.71136
190.8 5.46304
190.85 5.21472
190.9 5.46304
190.95 5.46304
191 5.21472
191.05 5.21472
191.1 5.21472
191.15 5.21472
191.2 5.71136
191.25 6.208
191.3 5.95968
191.35 5.95968
191.4 5.71136
191.45 6.208
191.5 6.208
191.55 5.95968
191.6 5.95968
191.65 6.70464
191.7 6.45632
191.75 6.208
191.8 6.70464
191.85 6.45632
191.9 6.70464
191.95 6.95296
192 6.70464
192.05 7.4496
192.1 6.95296
192.15 7.94624
192.2 7.94624
192.25 8.19456
192.3 8.44288
192.35 7.94624
192.4 8.93952
192.45 8.44288
192.5 8.93952
192.55 8.6912
192.6 9.18784
192.65 9.18784
192.7 9.43616
192.75 9.18784
192.8 7.94624
192.85 6.95296
192.9 8.44288
192.95 7.4496
193 8.19456
193.05 7.94624
193.1 8.19456
193.15 7.94624
193.2 8.6912
193.25 7.94624
193.3 8.6912
193.35 8.19456
193.4 8.6912
193.45 7.4496
193.5 6.70464
193.55 7.20128
193.6 5.95968
193.65 7.69792
193.7 6.45632
193.75 7.20128
193.8 7.4496
193.85 6.70464
193.9 7.4496
193.95 6.95296
194 7.4496
194.05 7.20128
194.1 6.95296
194.15 6.95296
194.2 7.20128
194.25 6.95296
194.3 7.20128
194.35 7.4496
194.4 6.95296
194.45 7.20128
194.5 6.95296
194.55 7.20128
194.6 6.95296
194.65 7.4496
194.7 7.20128
194.75 6.95296
194.8 6.208
194.85 5.95968
194.9 5.95968
194.95 6.45632
195 6.208
195.05 6.70464
195.1 6.45632
195.15 6.70464
195.2 6.208
195.25 6.95296
195.3 6.70464
195.35 6.70464
195.4 6.45632
195.45 6.70464
195.5 6.95296
195.55 6.70464
195.6 6.95296
195.65 6.45632
195.7 7.20128
195.75 6.70464
195.8 6.208
195.85 5.71136
195.9 6.208
195.95 5.95968
196 5.95968
196.05 5.71136
196.1 6.208
196.15 5.95968
196.2 5.95968
196.25 5.95968
196.3 5.95968
196.35 5.71136
196.4 6.208
196.45 5.95968
196.5 5.95968
196.55 6.208
196.6 6.208
196.65 5.71136
196.7 5.95968
196.75 5.95968
196.8 6.208
196.85 7.20128
196.9 6.45632
196.95 6.45632
197 6.45632
197.05 6.45632
197.1 6.208
197.15 6.45632
197.2 6.208
197.25 6.208
197.3 6.208
197.35 6.208
197.4 5.71136
197.45 5.95968
197.5 6.208
197.55 5.95968
197.6 5.71136
197.65 5.95968
197.7 5.95968
197.75 5.95968
197.8 6.95296
197.85 6.45632
197.9 6.70464
197.95 6.70464
198 6.45632
198.05 6.45632
198.1 6.45632
198.15 6.208
198.2 6.45632
198.25 6.208
198.3 6.95296
198.35 6.208
198.4 6.70464
198.45 6.45632
198.5 6.70464
198.55 6.45632
198.6 6.208
198.65 6.45632
198.7 6.45632
198.75 6.45632
198.8 6.208
198.85 6.45632
198.9 6.45632
198.95 6.208
199 6.45632
199.05 6.208
199.1 6.45632
199.15 6.208
199.2 6.208
199.25 6.45632
199.3 6.208
199.35 6.208
199.4 6.45632
199.45 6.95296
199.5 6.95296
199.55 6.95296
199.6 6.95296
199.65 6.95296
199.7 7.20128
199.75 6.95296
199.8 6.95296
199.85 7.20128
199.9 7.20128
199.95 7.20128
