175.036 37
175.161 38
175.308 39
175.473 40
175.669 41
175.702 28
175.943 29
176.061 30
176.257 31
176.426 32
176.672 33
177.068 34
179.081 35
180.109 36
180.34 37
180.536 38
180.704 39
180.848 40
180.977 41
181.097 42
181.207 43
181.306 44
181.4 45
181.491 46
181.573 47
181.653 48
181.729 49
181.802 50
181.845 35
182.119 36
182.174 37
182.249 38
182.332 39
182.463 40
182.605 41
182.73 42
182.827 43
182.973 44
183.06 45
183.218 46
183.379 47
183.543 48
183.735 49
183.87 34
184.041 35
184.147 36
184.289 37
184.463 38
184.656 39
184.909 40
185.252 41
185.795 28
185.96 29
186.018 30
186.107 31
186.2 32
186.304 33
186.412 34
186.528 35
186.658 36
186.808 37
186.969 38
187.169 39
187.416 40
187.771 41
188.456 28
188.632 29
188.689 30
188.779 31
188.873 32
188.99 33
189.085 34
189.199 35
189.33 36
189.483 37
189.669 38
189.842 39
190.105 40
190.443 41
192.622 28
192.784 29
192.841 30
192.944 31
193.028 32
193.124 33
193.233 34
193.351 35
193.491 36
193.642 37
193.795 38
193.995 39
194.238 40
194.48 28
194.642 29
194.785 30
194.926 31
195.123 32
195.371 33
195.724 34
196.077 23
196.346 24
196.425 25
196.513 26
196.626 27
196.743 28
196.875 29
197.035 30
197.195 31
197.393 32
197.477 22
197.676 23
197.816 24
198.018 25
198.265 26
198.628 27
