175 3.70884
175.01 3.7248
175.02 3.7248
175.03 1.2416
175.04 4.9664
175.05 1.2416
175.06 3.7248
175.07 4.9664
175.08 0
175.09 4.9664
175.1 3.7248
175.11 1.2416
175.12 4.9664
175.13 1.2416
175.14 3.7248
175.15 4.9664
175.16 0
175.17 4.9664
175.18 4.9664
175.19 0
175.2 4.9664
175.21 3.7248
175.22 1.2416
175.23 4.9664
175.24 2.4832
175.25 2.4832
175.26 4.9664
175.27 1.2416
175.28 3.7248
175.29 4.9664
175.3 0
175.31 4.9664
175.32 4.9664
175.33 0
175.34 4.9664
175.35 2.4832
175.36 2.4832
175.37 4.9664
175.38 2.4832
175.39 2.4832
175.4 4.9664
175.41 1.2416
175.42 3.7248
175.43 4.9664
175.44 0
175.45 4.9664
175.46 2.4832
175.47 2.4832
175.48 4.9664
175.49 1.2416
175.5 3.7248
175.51 4.9664
175.52 0
175.53 4.9664
175.54 3.7248
175.55 1.2416
175.56 4.9664
175.57 1.2416
175.58 3.7248
175.59 4.9664
175.6 0
175.61 4.9664
175.62 2.4832
175.63 2.4832
175.64 4.9664
175.65 1.2416
175.66 3.7248
175.67 4.9664
175.68 0
175.69 4.9664
175.7 3.7248
175.71 1.2416
175.72 4.9664
175.73 1.2416
175.74 3.7248
175.75 4.9664
175.76 0
175.77 4.9664
175.78 3.7248
175.79 1.2416
175.8 4.9664
175.81 1.2416
175.82 3.7248
175.83 4.9664
175.84 0
175.85 4.9664
175.86 4.9664
175.87 0
175.88 4.9664
175.89 2.4832
175.9 2.4832
175.91 4.9664
175.92 1.2416
175.93 3.7248
175.94 6.208
175.95 0
175.96 6.208
175.97 4.9664
175.98 1.2416
175.99 6.208
176 2.4832
176.01 3.7248
176.02 6.208
176.03 0
176.04 6.208
176.05 3.7248
176.06 2.4832
176.07 6.208
176.08 2.4832
176.09 3.7248
176.1 6.208
176.11 0
176.12 6.208
176.13 4.9664
176.14 1.2416
176.15 6.208
176.16 2.4832
176.17 3.7248
176.18 6.208
176.19 0
176.2 6.208
176.21 4.9664
176.22 1.2416
176.23 6.208
176.24 1.2416
176.25 4.9664
176.26 6.208
176.27 0
176.28 6.208
176.29 3.7248
176.3 2.4832
176.31 6.208
176.32 2.4832
176.33 3.7248
176.34 6.208
176.35 0
176.36 6.208
176.37 3.7248
176.38 2.4832
176.39 6.208
176.4 1.2416
176.41 4.9664
176.42 6.208
176.43 0
176.44 6.208
176.45 3.7248
176.46 2.4832
176.47 6.208
176.48 2.4832
176.49 3.7248
176.5 6.208
176.51 0
176.52 6.208
176.53 4.9664
176.54 1.2416
176.55 6.208
176.56 2.4832
176.57 3.7248
176.58 6.208
176.59 1.2416
176.6 4.9664
176.61 4.9664
176.62 1.2416
176.63 6.208
176.64 2.4832
176.65 3.7248
176.66 6.208
176.67 0
176.68 6.208
176.69 3.7248
176.7 2.4832
176.71 6.208
176.72 1.2416
176.73 4.9664
176.74 4.9664
176.75 1.2416
176.76 6.208
176.77 2.4832
176.78 2.4832
176.79 4.9664
176.8 1.2416
176.81 2.4832
176.82 3.7248
176.83 1.2416
176.84 4.9664
176.85 3.7248
176.86 1.2416
176.87 4.9664
176.88 1.2416
176.89 3.7248
176.9 3.7248
176.91 1.2416
176.92 4.9664
176.93 2.4832
176.94 2.4832
176.95 4.9664
176.96 0
176.97 4.9664
176.98 3.7248
176.99 1.2416
177 4.9664
177.01 1.2416
177.02 3.7248
177.03 4.9664
177.04 0
177.05 4.9664
177.06 3.7248
177.07 1.2416
177.08 4.9664
177.09 1.2416
177.1 3.7248
177.11 3.7248
177.12 1.2416
177.13 3.7248
177.14 1.2416
177.15 2.4832
177.16 2.4832
177.17 1.2416
177.18 4.9664
177.19 2.4832
177.2 2.4832
177.21 4.9664
177.22 2.4832
177.23 2.4832
177.24 4.9664
177.25 1.2416
177.26 3.7248
177.27 3.7248
177.28 1.2416
177.29 4.9664
177.3 2.4832
177.31 2.4832
177.32 4.9664
177.33 2.4832
177.34 2.4832
177.35 4.9664
177.36 0
177.37 4.9664
177.38 3.7248
177.39 1.2416
177.4 4.9664
177.41 2.4832
177.42 2.4832
177.43 4.9664
177.44 1.2416
177.45 3.7248
177.46 3.7248
177.47 1.2416
177.48 4.9664
177.49 2.4832
177.5 2.4832
177.51 4.9664
177.52 1.2416
177.53 2.4832
177.54 3.7248
177.55 0
177.56 3.7248
177.57 1.2416
177.58 2.4832
177.59 3.7248
177.6 1.2416
177.61 2.4832
177.62 3.7248
177.63 0
177.64 3.7248
177.65 2.4832
177.66 1.2416
177.67 3.7248
177.68 1.2416
177.69 2.4832
177.7 3.7248
177.71 0
177.72 3.7248
177.73 2.4832
177.74 1.2416
177.75 3.7248
177.76 1.2416
177.77 2.4832
177.78 3.7248
177.79 0
177.8 3.7248
177.81 2.4832
177.82 1.2416
177.83 3.7248
177.84 1.2416
177.85 2.4832
177.86 3.7248
177.87 0
177.88 3.7248
177.89 2.4832
177.9 1.2416
177.91 3.7248
177.92 1.2416
177.93 3.7248
177.94 4.9664
177.95 0
177.96 4.9664
177.97 2.4832
177.98 2.4832
177.99 4.9664
178 2.4832
178.01 2.4832
178.02 4.9664
178.03 1.2416
178.04 3.7248
178.05 3.7248
178.06 1.2416
178.07 4.9664
178.08 2.4832
178.09 2.4832
178.1 4.9664
178.11 0
178.12 4.9664
178.13 3.7248
178.14 1.2416
178.15 4.9664
178.16 1.2416
178.17 3.7248
178.18 4.9664
178.19 0
178.2 4.9664
178.21 3.7248
178.22 1.2416
178.23 4.9664
178.24 1.2416
178.25 3.7248
178.26 3.7248
178.27 1.2416
178.28 4.9664
178.29 2.4832
178.3 2.4832
178.31 4.9664
178.32 0
178.33 4.9664
178.34 3.7248
178.35 1.2416
178.36 4.9664
178.37 2.4832
178.38 2.4832
178.39 4.9664
178.4 0
178.41 4.9664
178.42 3.7248
178.43 1.2416
178.44 4.9664
178.45 2.4832
178.46 2.4832
178.47 4.9664
178.48 0
178.49 4.9664
178.5 3.7248
178.51 1.2416
178.52 4.9664
178.53 2.4832
178.54 2.4832
178.55 4.9664
178.56 1.2416
178.57 3.7248
178.58 3.7248
178.59 1.2416
178.6 4.9664
178.61 2.4832
178.62 2.4832
178.63 4.9664
178.64 1.2416
178.65 3.7248
178.66 2.4832
178.67 1.2416
178.68 3.7248
178.69 2.4832
178.7 0
178.71 3.7248
178.72 0
178.73 4.9664
178.74 4.9664
178.75 0
178.76 4.9664
178.77 2.4832
178.78 2.4832
178.79 4.9664
178.8 0
178.81 4.9664
178.82 4.9664
178.83 0
178.84 4.9664
178.85 2.4832
178.86 2.4832
178.87 4.9664
178.88 0
178.89 4.9664
178.9 4.9664
178.91 0
178.92 4.9664
178.93 2.4832
178.94 2.4832
178.95 4.9664
178.96 0
178.97 4.9664
178.98 3.7248
178.99 1.2416
179 4.9664
179.01 2.4832
179.02 2.4832
179.03 4.9664
179.04 0
179.05 4.9664
179.06 3.7248
179.07 1.2416
179.08 4.9664
179.09 2.4832
179.1 2.4832
179.11 4.9664
179.12 0
179.13 4.9664
179.14 4.9664
179.15 0
179.16 4.9664
179.17 2.4832
179.18 2.4832
179.19 4.9664
179.2 0
179.21 4.9664
179.22 3.7248
179.23 1.2416
179.24 4.9664
179.25 2.4832
179.26 2.4832
179.27 4.9664
179.28 1.2416
179.29 3.7248
179.3 4.9664
179.31 0
179.32 4.9664
179.33 3.7248
179.34 1.2416
179.35 4.9664
179.36 1.2416
179.37 3.7248
179.38 4.9664
179.39 0
179.4 4.9664
179.41 3.7248
179.42 1.2416
179.43 3.7248
179.44 1.2416
179.45 2.4832
179.46 2.4832
179.47 0
179.48 3.7248
179.49 3.7248
179.5 0
179.51 3.7248
179.52 2.4832
179.53 1.2416
179.54 3.7248
179.55 2.4832
179.56 2.4832
179.57 4.9664
179.58 0
179.59 4.9664
179.6 3.7248
179.61 1.2416
179.62 4.9664
179.63 1.2416
179.64 3.7248
179.65 4.9664
179.66 0
179.67 4.9664
179.68 2.4832
179.69 2.4832
179.7 4.9664
179.71 2.4832
179.72 2.4832
179.73 4.9664
179.74 1.2416
179.75 3.7248
179.76 4.9664
179.77 0
179.78 4.9664
179.79 3.7248
179.8 1.2416
179.81 4.9664
179.82 1.2416
179.83 3.7248
179.84 4.9664
179.85 0
179.86 4.9664
179.87 3.7248
179.88 1.2416
179.89 4.9664
179.9 1.2416
179.91 3.7248
179.92 4.9664
179.93 0
179.94 4.9664
179.95 3.7248
179.96 1.2416
179.97 4.9664
179.98 2.4832
179.99 2.4832
180 4.9664
180.01 0
180.02 4.9664
180.03 4.9664
180.04 0
180.05 4.9664
180.06 2.4832
180.07 2.4832
180.08 4.9664
180.09 2.4832
180.1 2.4832
180.11 4.9664
180.12 1.2416
180.13 3.7248
180.14 4.9664
180.15 0
180.16 4.9664
180.17 4.9664
180.18 0
180.19 4.9664
180.2 3.7248
180.21 1.2416
180.22 4.9664
180.23 2.4832
180.24 2.4832
180.25 4.9664
180.26 1.2416
180.27 3.7248
180.28 4.9664
180.29 0
180.3 4.9664
180.31 4.9664
180.32 0
180.33 4.9664
180.34 3.7248
180.35 1.2416
180.36 4.9664
180.37 1.2416
180.38 3.7248
180.39 4.9664
180.4 0
180.41 4.9664
180.42 3.7248
180.43 1.2416
180.44 4.9664
180.45 1.2416
180.46 3.7248
180.47 3.7248
180.48 0
180.49 3.7248
180.5 1.2416
180.51 2.4832
180.52 3.7248
180.53 0
180.54 3.7248
180.55 3.7248
180.56 0
180.57 3.7248
180.58 2.4832
180.59 1.2416
180.6 3.7248
180.61 1.2416
180.62 2.4832
180.63 3.7248
180.64 1.2416
180.65 2.4832
180.66 3.7248
180.67 0
180.68 3.7248
180.69 3.7248
180.7 0
180.71 3.7248
180.72 1.2416
180.73 2.4832
180.74 3.7248
180.75 0
180.76 3.7248
180.77 3.7248
180.78 0
180.79 3.7248
180.8 2.4832
180.81 1.2416
180.82 3.7248
180.83 0
180.84 4.9664
180.85 4.9664
180.86 0
180.87 4.9664
180.88 3.7248
180.89 1.2416
180.9 4.9664
180.91 1.2416
180.92 3.7248
180.93 4.9664
180.94 0
180.95 4.9664
180.96 4.9664
180.97 0
180.98 4.9664
180.99 2.4832
181 2.4832
181.01 4.9664
181.02 1.2416
181.03 3.7248
181.04 4.9664
181.05 0
181.06 4.9664
181.07 3.7248
181.08 1.2416
181.09 4.9664
181.1 1.2416
181.11 3.7248
181.12 4.9664
181.13 0
181.14 4.9664
181.15 3.7248
181.16 1.2416
181.17 4.9664
181.18 2.4832
181.19 2.4832
181.2 4.9664
181.21 0
181.22 4.9664
181.23 3.7248
181.24 1.2416
181.25 4.9664
181.26 2.4832
181.27 2.4832
181.28 4.9664
181.29 2.4832
181.3 2.4832
181.31 4.9664
181.32 1.2416
181.33 3.7248
181.34 4.9664
181.35 1.2416
181.36 3.7248
181.37 3.7248
181.38 1.2416
181.39 4.9664
181.4 2.4832
181.41 2.4832
181.42 4.9664
181.43 2.4832
181.44 2.4832
181.45 4.9664
181.46 1.2416
181.47 3.7248
181.48 3.7248
181.49 1.2416
181.5 4.9664
181.51 2.4832
181.52 2.4832
181.53 4.9664
181.54 1.2416
181.55 3.7248
181.56 3.7248
181.57 1.2416
181.58 4.9664
181.59 2.4832
181.6 2.4832
181.61 4.9664
181.62 1.2416
181.63 3.7248
181.64 2.4832
181.65 1.2416
181.66 3.7248
181.67 0
181.68 3.7248
181.69 3.7248
181.7 0
181.71 3.7248
181.72 1.2416
181.73 2.4832
181.74 3.7248
181.75 0
181.76 3.7248
181.77 3.7248
181.78 0
181.79 3.7248
181.8 1.2416
181.81 2.4832
181.82 3.7248
181.83 0
181.84 3.7248
181.85 2.4832
181.86 1.2416
181.87 3.7248
181.88 0
181.89 3.7248
181.9 3.7248
181.91 0
181.92 3.7248
181.93 2.4832
181.94 1.2416
181.95 3.7248
181.96 0
181.97 3.7248
181.98 3.7248
181.99 0
182 3.7248
182.01 2.4832
182.02 1.2416
182.03 4.9664
182.04 1.2416
182.05 3.7248
182.06 4.9664
182.07 0
182.08 4.9664
182.09 3.7248
182.1 1.2416
182.11 4.9664
182.12 1.2416
182.13 3.7248
182.14 4.9664
182.15 0
182.16 4.9664
182.17 3.7248
182.18 1.2416
182.19 4.9664
182.2 1.2416
182.21 3.7248
182.22 4.9664
182.23 0
182.24 4.9664
182.25 3.7248
182.26 1.2416
182.27 4.9664
182.28 1.2416
182.29 3.7248
182.3 3.7248
182.31 1.2416
182.32 4.9664
182.33 2.4832
182.34 2.4832
182.35 4.9664
182.36 1.2416
182.37 3.7248
182.38 3.7248
182.39 1.2416
182.4 4.9664
182.41 2.4832
182.42 2.4832
182.43 4.9664
182.44 1.2416
182.45 3.7248
182.46 4.9664
182.47 0
182.48 4.9664
182.49 3.7248
182.5 1.2416
182.51 4.9664
182.52 2.4832
182.53 2.4832
182.54 6.208
182.55 0
182.56 6.208
182.57 3.7248
182.58 2.4832
182.59 6.208
182.6 1.2416
182.61 4.9664
182.62 6.208
182.63 0
182.64 6.208
182.65 3.7248
182.66 2.4832
182.67 6.208
182.68 0
182.69 6.208
182.7 4.9664
182.71 1.2416
182.72 6.208
182.73 2.4832
182.74 3.7248
182.75 6.208
182.76 0
182.77 6.208
182.78 3.7248
182.79 2.4832
182.8 6.208
182.81 2.4832
182.82 3.7248
182.83 4.9664
182.84 1.2416
182.85 6.208
182.86 3.7248
182.87 2.4832
182.88 6.208
182.89 2.4832
182.9 3.7248
182.91 6.208
182.92 1.2416
182.93 4.9664
182.94 4.9664
182.95 1.2416
182.96 6.208
182.97 3.7248
182.98 2.4832
182.99 6.208
183 1.2416
183.01 4.9664
183.02 6.208
183.03 0
183.04 6.208
183.05 3.7248
183.06 2.4832
183.07 6.208
183.08 2.4832
183.09 3.7248
183.1 6.208
183.11 1.2416
183.12 4.9664
183.13 4.9664
183.14 1.2416
183.15 6.208
183.16 2.4832
183.17 3.7248
183.18 6.208
183.19 0
183.2 6.208
183.21 3.7248
183.22 2.4832
183.23 6.208
183.24 1.2416
183.25 4.9664
183.26 4.9664
183.27 1.2416
183.28 6.208
183.29 3.7248
183.3 2.4832
183.31 6.208
183.32 1.2416
183.33 4.9664
183.34 4.9664
183.35 1.2416
183.36 6.208
183.37 2.4832
183.38 3.7248
183.39 6.208
183.4 1.2416
183.41 4.9664
183.42 2.4832
183.43 2.4832
183.44 4.9664
183.45 0
183.46 4.9664
183.47 2.4832
183.48 2.4832
183.49 4.9664
183.5 2.4832
183.51 2.4832
183.52 4.9664
183.53 1.2416
183.54 3.7248
183.55 4.9664
183.56 0
183.57 4.9664
183.58 2.4832
183.59 2.4832
183.6 4.9664
183.61 1.2416
183.62 3.7248
183.63 4.9664
183.64 0
183.65 4.9664
183.66 2.4832
183.67 2.4832
183.68 4.9664
183.69 0
183.7 4.9664
183.71 4.9664
183.72 0
183.73 4.9664
183.74 2.4832
183.75 2.4832
183.76 4.9664
183.77 0
183.78 4.9664
183.79 3.7248
183.8 1.2416
183.81 6.208
183.82 2.4832
183.83 3.7248
183.84 6.208
183.85 0
183.86 6.208
183.87 2.4832
183.88 2.4832
183.89 4.9664
183.9 1.2416
183.91 2.4832
183.92 4.9664
183.93 2.4832
183.94 2.4832
183.95 6.208
183.96 2.4832
183.97 3.7248
183.98 4.9664
183.99 2.4832
184 4.9664
184.01 3.7248
184.02 2.4832
184.03 6.208
184.04 2.4832
184.05 3.7248
184.06 4.9664
184.07 2.4832
184.08 4.9664
184.09 3.7248
184.1 2.4832
184.11 6.208
184.12 2.4832
184.13 3.7248
184.14 6.208
184.15 2.4832
184.16 3.7248
184.17 4.9664
184.18 2.4832
184.19 4.9664
184.2 3.7248
184.21 2.4832
184.22 6.208
184.23 2.4832
184.24 3.7248
184.25 6.208
184.26 2.4832
184.27 3.7248
184.28 3.7248
184.29 3.7248
184.3 4.9664
184.31 2.4832
184.32 3.7248
184.33 6.208
184.34 2.4832
184.35 3.7248
184.36 4.9664
184.37 2.4832
184.38 4.9664
184.39 3.7248
184.4 2.4832
184.41 6.208
184.42 2.4832
184.43 3.7248
184.44 4.9664
184.45 2.4832
184.46 4.9664
184.47 3.7248
184.48 2.4832
184.49 6.208
184.5 2.4832
184.51 3.7248
184.52 4.9664
184.53 2.4832
184.54 4.9664
184.55 3.7248
184.56 3.7248
184.57 4.9664
184.58 2.4832
184.59 3.7248
184.6 6.208
184.61 2.4832
184.62 3.7248
184.63 6.208
184.64 1.2416
184.65 4.9664
184.66 3.7248
184.67 3.7248
184.68 4.9664
184.69 2.4832
184.7 3.7248
184.71 6.208
184.72 1.2416
184.73 4.9664
184.74 3.7248
184.75 2.4832
184.76 6.208
184.77 2.4832
184.78 3.7248
184.79 4.9664
184.8 2.4832
184.81 3.7248
184.82 2.4832
184.83 2.4832
184.84 3.7248
184.85 2.4832
184.86 2.4832
184.87 3.7248
184.88 3.7248
184.89 2.4832
184.9 2.4832
184.91 3.7248
184.92 3.7248
184.93 2.4832
184.94 2.4832
184.95 3.7248
184.96 3.7248
184.97 2.4832
184.98 3.7248
184.99 2.4832
185 3.7248
185.01 2.4832
185.02 2.4832
185.03 4.9664
185.04 2.4832
185.05 2.4832
185.06 4.9664
185.07 2.4832
185.08 2.4832
185.09 3.7248
185.1 2.4832
185.11 3.7248
185.12 2.4832
185.13 2.4832
185.14 4.9664
185.15 2.4832
185.16 2.4832
185.17 3.7248
185.18 2.4832
185.19 4.9664
185.2 2.4832
185.21 3.7248
185.22 6.208
185.23 2.4832
185.24 3.7248
185.25 4.9664
185.26 3.7248
185.27 3.7248
185.28 3.7248
185.29 2.4832
185.3 6.208
185.31 2.4832
185.32 3.7248
185.33 3.7248
185.34 4.9664
185.35 3.7248
185.36 2.4832
185.37 3.7248
185.38 6.208
185.39 2.4832
185.4 3.7248
185.41 4.9664
185.42 3.7248
185.43 3.7248
185.44 2.4832
185.45 3.7248
185.46 6.208
185.47 2.4832
185.48 2.4832
185.49 2.4832
185.5 3.7248
185.51 2.4832
185.52 2.4832
185.53 3.7248
185.54 2.4832
185.55 3.7248
185.56 1.2416
185.57 3.7248
185.58 4.9664
185.59 1.2416
185.6 3.7248
185.61 2.4832
185.62 2.4832
185.63 4.9664
185.64 1.2416
185.65 3.7248
185.66 3.7248
185.67 2.4832
185.68 3.7248
185.69 2.4832
185.7 2.4832
185.71 4.9664
185.72 1.2416
185.73 3.7248
185.74 4.9664
185.75 1.2416
185.76 3.7248
185.77 2.4832
185.78 3.7248
185.79 3.7248
185.8 1.2416
185.81 3.7248
185.82 4.9664
185.83 1.2416
185.84 3.7248
185.85 2.4832
185.86 3.7248
185.87 3.7248
185.88 1.2416
185.89 3.7248
185.9 4.9664
185.91 2.4832
185.92 3.7248
185.93 4.9664
185.94 3.7248
185.95 3.7248
185.96 3.7248
185.97 2.4832
185.98 6.208
185.99 2.4832
186 3.7248
186.01 6.208
186.02 2.4832
186.03 3.7248
186.04 3.7248
186.05 3.7248
186.06 4.9664
186.07 2.4832
186.08 3.7248
186.09 6.208
186.1 2.4832
186.11 3.7248
186.12 3.7248
186.13 3.7248
186.14 4.9664
186.15 2.4832
186.16 3.7248
186.17 6.208
186.18 2.4832
186.19 3.7248
186.2 4.9664
186.21 2.4832
186.22 4.9664
186.23 3.7248
186.24 2.4832
186.25 6.208
186.26 2.4832
186.27 3.7248
186.28 6.208
186.29 2.4832
186.3 3.7248
186.31 3.7248
186.32 3.7248
186.33 4.9664
186.34 2.4832
186.35 3.7248
186.36 6.208
186.37 2.4832
186.38 3.7248
186.39 4.9664
186.4 3.7248
186.41 3.7248
186.42 3.7248
186.43 2.4832
186.44 6.208
186.45 2.4832
186.46 3.7248
186.47 6.208
186.48 2.4832
186.49 3.7248
186.5 3.7248
186.51 2.4832
186.52 6.208
186.53 2.4832
186.54 3.7248
186.55 4.9664
186.56 2.4832
186.57 4.9664
186.58 3.7248
186.59 2.4832
186.6 6.208
186.61 2.4832
186.62 3.7248
186.63 4.9664
186.64 2.4832
186.65 4.9664
186.66 3.7248
186.67 2.4832
186.68 6.208
186.69 2.4832
186.7 3.7248
186.71 4.9664
186.72 2.4832
186.73 4.9664
186.74 3.7248
186.75 2.4832
186.76 6.208
186.77 2.4832
186.78 3.7248
186.79 6.208
186.8 2.4832
186.81 3.7248
186.82 4.9664
186.83 2.4832
186.84 4.9664
186.85 3.7248
186.86 2.4832
186.87 6.208
186.88 2.4832
186.89 3.7248
186.9 6.208
186.91 2.4832
186.92 3.7248
186.93 4.9664
186.94 2.4832
186.95 4.9664
186.96 3.7248
186.97 2.4832
186.98 6.208
186.99 2.4832
187 3.7248
187.01 4.9664
187.02 3.7248
187.03 3.7248
187.04 3.7248
187.05 3.7248
187.06 7.4496
187.07 2.4832
187.08 4.9664
187.09 4.9664
187.1 4.9664
187.11 4.9664
187.12 4.9664
187.13 3.7248
187.14 6.208
187.15 2.4832
187.16 4.9664
187.17 7.4496
187.18 2.4832
187.19 4.9664
187.2 4.9664
187.21 3.7248
187.22 6.208
187.23 2.4832
187.24 4.9664
187.25 6.208
187.26 1.2416
187.27 3.7248
187.28 3.7248
187.29 3.7248
187.3 4.9664
187.31 2.4832
187.32 3.7248
187.33 6.208
187.34 1.2416
187.35 4.9664
187.36 4.9664
187.37 2.4832
187.38 4.9664
187.39 2.4832
187.4 3.7248
187.41 6.208
187.42 1.2416
187.43 4.9664
187.44 3.7248
187.45 2.4832
187.46 6.208
187.47 1.2416
187.48 4.9664
187.49 4.9664
187.5 2.4832
187.51 4.9664
187.52 3.7248
187.53 2.4832
187.54 6.208
187.55 2.4832
187.56 3.7248
187.57 6.208
187.58 1.2416
187.59 4.9664
187.6 4.9664
187.61 2.4832
187.62 4.9664
187.63 3.7248
187.64 3.7248
187.65 7.4496
187.66 2.4832
187.67 4.9664
187.68 6.208
187.69 3.7248
187.7 4.9664
187.71 4.9664
187.72 3.7248
187.73 6.208
187.74 3.7248
187.75 3.7248
187.76 7.4496
187.77 2.4832
187.78 4.9664
187.79 6.208
187.8 3.7248
187.81 3.7248
187.82 3.7248
187.83 3.7248
187.84 3.7248
187.85 4.9664
187.86 1.2416
187.87 6.208
187.88 3.7248
187.89 2.4832
187.9 6.208
187.91 3.7248
187.92 2.4832
187.93 6.208
187.94 2.4832
187.95 3.7248
187.96 6.208
187.97 2.4832
187.98 3.7248
187.99 6.208
188 2.4832
188.01 3.7248
188.02 4.9664
188.03 2.4832
188.04 4.9664
188.05 4.9664
188.06 1.2416
188.07 6.208
188.08 3.7248
188.09 2.4832
188.1 6.208
188.11 2.4832
188.12 3.7248
188.13 4.9664
188.14 2.4832
188.15 4.9664
188.16 4.9664
188.17 1.2416
188.18 6.208
188.19 2.4832
188.2 4.9664
188.21 7.4496
188.22 1.2416
188.23 6.208
188.24 6.208
188.25 2.4832
188.26 6.208
188.27 6.208
188.28 1.2416
188.29 7.4496
188.3 4.9664
188.31 2.4832
188.32 7.4496
188.33 2.4832
188.34 4.9664
188.35 7.4496
188.36 2.4832
188.37 4.9664
188.38 6.208
188.39 2.4832
188.4 6.208
188.41 6.208
188.42 1.2416
188.43 7.4496
188.44 3.7248
188.45 3.7248
188.46 7.4496
188.47 3.7248
188.48 3.7248
188.49 7.4496
188.5 2.4832
188.51 4.9664
188.52 6.208
188.53 2.4832
188.54 6.208
188.55 4.9664
188.56 2.4832
188.57 7.4496
188.58 3.7248
188.59 3.7248
188.6 7.4496
188.61 1.2416
188.62 6.208
188.63 4.9664
188.64 2.4832
188.65 7.4496
188.66 3.7248
188.67 3.7248
188.68 7.4496
188.69 4.9664
188.7 2.4832
188.71 7.4496
188.72 3.7248
188.73 3.7248
188.74 7.4496
188.75 2.4832
188.76 4.9664
188.77 7.4496
188.78 1.2416
188.79 6.208
188.8 7.4496
188.81 2.4832
188.82 7.4496
188.83 6.208
188.84 2.4832
188.85 8.6912
188.86 3.7248
188.87 4.9664
188.88 8.6912
188.89 1.2416
188.9 7.4496
188.91 6.208
188.92 2.4832
188.93 8.6912
188.94 3.7248
188.95 4.9664
188.96 8.6912
188.97 1.2416
188.98 7.4496
188.99 6.208
189 2.4832
189.01 8.6912
189.02 3.7248
189.03 4.9664
189.04 8.6912
189.05 1.2416
189.06 6.208
189.07 6.208
189.08 2.4832
189.09 3.7248
189.1 4.9664
189.11 1.2416
189.12 6.208
189.13 3.7248
189.14 2.4832
189.15 6.208
189.16 2.4832
189.17 3.7248
189.18 6.208
189.19 1.2416
189.2 4.9664
189.21 4.9664
189.22 1.2416
189.23 6.208
189.24 3.7248
189.25 2.4832
189.26 6.208
189.27 1.2416
189.28 4.9664
189.29 6.208
189.3 1.2416
189.31 4.9664
189.32 3.7248
189.33 2.4832
189.34 7.4496
189.35 2.4832
189.36 4.9664
189.37 6.208
189.38 1.2416
189.39 7.4496
189.4 4.9664
189.41 2.4832
189.42 7.4496
189.43 3.7248
189.44 3.7248
189.45 7.4496
189.46 2.4832
189.47 4.9664
189.48 6.208
189.49 2.4832
189.5 6.208
189.51 4.9664
189.52 2.4832
189.53 7.4496
189.54 2.4832
189.55 4.9664
189.56 7.4496
189.57 1.2416
189.58 6.208
189.59 4.9664
189.6 3.7248
189.61 6.208
189.62 3.7248
189.63 3.7248
189.64 7.4496
189.65 1.2416
189.66 6.208
189.67 4.9664
189.68 2.4832
189.69 6.208
189.7 1.2416
189.71 3.7248
189.72 6.208
189.73 1.2416
189.74 4.9664
189.75 3.7248
189.76 2.4832
189.77 6.208
189.78 2.4832
189.79 3.7248
189.8 6.208
189.81 2.4832
189.82 3.7248
189.83 4.9664
189.84 2.4832
189.85 4.9664
189.86 4.9664
189.87 2.4832
189.88 4.9664
189.89 3.7248
189.9 2.4832
189.91 6.208
189.92 2.4832
189.93 3.7248
189.94 6.208
189.95 1.2416
189.96 6.208
189.97 4.9664
189.98 3.7248
189.99 6.208
190 3.7248
190.01 3.7248
190.02 7.4496
190.03 2.4832
190.04 4.9664
190.05 4.9664
190.06 3.7248
190.07 6.208
190.08 3.7248
190.09 3.7248
190.1 7.4496
190.11 2.4832
190.12 4.9664
190.13 6.208
190.14 2.4832
190.15 4.9664
190.16 3.7248
190.17 2.4832
190.18 4.9664
190.19 2.4832
190.2 3.7248
190.21 4.9664
190.22 2.4832
190.23 4.9664
190.24 4.9664
190.25 1.2416
190.26 7.4496
190.27 2.4832
190.28 4.9664
190.29 6.208
190.3 2.4832
190.31 6.208
190.32 3.7248
190.33 3.7248
190.34 7.4496
190.35 2.4832
190.36 4.9664
190.37 6.208
190.38 2.4832
190.39 6.208
190.4 3.7248
190.41 3.7248
190.42 7.4496
190.43 1.2416
190.44 6.208
190.45 4.9664
190.46 2.4832
190.47 4.9664
190.48 2.4832
190.49 2.4832
190.5 4.9664
190.51 2.4832
190.52 3.7248
190.53 6.208
190.54 2.4832
190.55 3.7248
190.56 4.9664
190.57 2.4832
190.58 4.9664
190.59 4.9664
190.6 2.4832
190.61 4.9664
190.62 3.7248
190.63 2.4832
190.64 6.208
190.65 2.4832
190.66 3.7248
190.67 6.208
190.68 2.4832
190.69 3.7248
190.7 4.9664
190.71 2.4832
190.72 4.9664
190.73 2.4832
190.74 3.7248
190.75 6.208
190.76 2.4832
190.77 2.4832
190.78 4.9664
190.79 1.2416
190.8 2.4832
190.81 4.9664
190.82 1.2416
190.83 3.7248
190.84 3.7248
190.85 1.2416
190.86 4.9664
190.87 2.4832
190.88 2.4832
190.89 4.9664
190.9 2.4832
190.91 2.4832
190.92 4.9664
190.93 2.4832
190.94 2.4832
190.95 4.9664
190.96 1.2416
190.97 3.7248
190.98 3.7248
190.99 1.2416
191 4.9664
191.01 2.4832
191.02 2.4832
191.03 4.9664
191.04 1.2416
191.05 3.7248
191.06 3.7248
191.07 1.2416
191.08 4.9664
191.09 2.4832
191.1 2.4832
191.11 4.9664
191.12 1.2416
191.13 2.4832
191.14 2.4832
191.15 1.2416
191.16 2.4832
191.17 2.4832
191.18 1.2416
191.19 3.7248
191.2 1.2416
191.21 2.4832
191.22 3.7248
191.23 0
191.24 3.7248
191.25 2.4832
191.26 1.2416
191.27 3.7248
191.28 1.2416
191.29 2.4832
191.3 3.7248
191.31 0
191.32 3.7248
191.33 2.4832
191.34 1.2416
191.35 3.7248
191.36 0
191.37 3.7248
191.38 3.7248
191.39 0
191.4 4.9664
191.41 1.2416
191.42 3.7248
191.43 4.9664
191.44 1.2416
191.45 3.7248
191.46 3.7248
191.47 1.2416
191.48 4.9664
191.49 2.4832
191.5 2.4832
191.51 4.9664
191.52 1.2416
191.53 3.7248
191.54 3.7248
191.55 1.2416
191.56 4.9664
191.57 1.2416
191.58 3.7248
191.59 4.9664
191.6 1.2416
191.61 3.7248
191.62 4.9664
191.63 0
191.64 4.9664
191.65 3.7248
191.66 1.2416
191.67 4.9664
191.68 2.4832
191.69 2.4832
191.7 4.9664
191.71 1.2416
191.72 3.7248
191.73 4.9664
191.74 0
191.75 4.9664
191.76 3.7248
191.77 1.2416
191.78 4.9664
191.79 1.2416
191.8 3.7248
191.81 4.9664
191.82 0
191.83 4.9664
191.84 2.4832
191.85 2.4832
191.86 4.9664
191.87 1.2416
191.88 3.7248
191.89 3.7248
191.9 1.2416
191.91 4.9664
191.92 2.4832
191.93 2.4832
191.94 4.9664
191.95 1.2416
191.96 3.7248
191.97 4.9664
191.98 0
191.99 4.9664
192 3.7248
192.01 1.2416
192.02 4.9664
192.03 1.2416
192.04 3.7248
192.05 4.9664
192.06 0
192.07 4.9664
192.08 2.4832
192.09 2.4832
192.1 4.9664
192.11 1.2416
192.12 3.7248
192.13 3.7248
192.14 1.2416
192.15 4.9664
192.16 1.2416
192.17 3.7248
192.18 4.9664
192.19 0
192.2 3.7248
192.21 2.4832
192.22 1.2416
192.23 3.7248
192.24 0
192.25 3.7248
192.26 3.7248
192.27 0
192.28 3.7248
192.29 2.4832
192.3 1.2416
192.31 3.7248
192.32 1.2416
192.33 2.4832
192.34 3.7248
192.35 0
192.36 3.7248
192.37 2.4832
192.38 1.2416
192.39 3.7248
192.4 1.2416
192.41 2.4832
192.42 3.7248
192.43 0
192.44 3.7248
192.45 2.4832
192.46 1.2416
192.47 3.7248
192.48 1.2416
192.49 2.4832
192.5 3.7248
192.51 0
192.52 3.7248
192.53 3.7248
192.54 0
192.55 3.7248
192.56 1.2416
192.57 2.4832
192.58 4.9664
192.59 1.2416
192.6 3.7248
192.61 4.9664
192.62 0
192.63 4.9664
192.64 3.7248
192.65 1.2416
192.66 4.9664
192.67 1.2416
192.68 3.7248
192.69 4.9664
192.7 0
192.71 4.9664
192.72 2.4832
192.73 2.4832
192.74 4.9664
192.75 1.2416
192.76 3.7248
192.77 4.9664
192.78 0
192.79 4.9664
192.8 3.7248
192.81 1.2416
192.82 4.9664
192.83 2.4832
192.84 2.4832
192.85 4.9664
192.86 0
192.87 4.9664
192.88 3.7248
192.89 1.2416
192.9 4.9664
192.91 2.4832
192.92 2.4832
192.93 4.9664
192.94 1.2416
192.95 3.7248
192.96 4.9664
192.97 0
192.98 4.9664
192.99 2.4832
193 2.4832
193.01 4.9664
193.02 1.2416
193.03 3.7248
193.04 3.7248
193.05 1.2416
193.06 4.9664
193.07 2.4832
193.08 2.4832
193.09 4.9664
193.1 0
193.11 3.7248
193.12 4.9664
193.13 0
193.14 3.7248
193.15 4.9664
193.16 0
193.17 4.9664
193.18 3.7248
193.19 1.2416
193.2 4.9664
193.21 2.4832
193.22 2.4832
193.23 4.9664
193.24 1.2416
193.25 3.7248
193.26 4.9664
193.27 0
193.28 4.9664
193.29 3.7248
193.3 1.2416
193.31 4.9664
193.32 1.2416
193.33 3.7248
193.34 4.9664
193.35 0
193.36 4.9664
193.37 3.7248
193.38 1.2416
193.39 4.9664
193.4 2.4832
193.41 2.4832
193.42 4.9664
193.43 0
193.44 4.9664
193.45 4.9664
193.46 0
193.47 4.9664
193.48 1.2416
193.49 3.7248
193.5 6.208
193.51 0
193.52 6.208
193.53 3.7248
193.54 2.4832
193.55 6.208
193.56 1.2416
193.57 4.9664
193.58 4.9664
193.59 1.2416
193.6 6.208
193.61 3.7248
193.62 2.4832
193.63 6.208
193.64 2.4832
193.65 3.7248
193.66 6.208
193.67 0
193.68 6.208
193.69 4.9664
193.7 1.2416
193.71 6.208
193.72 2.4832
193.73 3.7248
193.74 6.208
193.75 0
193.76 6.208
193.77 3.7248
193.78 2.4832
193.79 6.208
193.8 2.4832
193.81 3.7248
193.82 6.208
193.83 0
193.84 6.208
193.85 3.7248
193.86 2.4832
193.87 6.208
193.88 1.2416
193.89 4.9664
193.9 4.9664
193.91 1.2416
193.92 6.208
193.93 2.4832
193.94 3.7248
193.95 4.9664
193.96 0
193.97 4.9664
193.98 3.7248
193.99 0
194 4.9664
194.01 3.7248
194.02 1.2416
194.03 4.9664
194.04 1.2416
194.05 3.7248
194.06 3.7248
194.07 1.2416
194.08 3.7248
194.09 2.4832
194.1 1.2416
194.11 3.7248
194.12 0
194.13 3.7248
194.14 2.4832
194.15 1.2416
194.16 3.7248
194.17 1.2416
194.18 2.4832
194.19 3.7248
194.2 0
194.21 3.7248
194.22 2.4832
194.23 1.2416
194.24 3.7248
194.25 1.2416
194.26 2.4832
194.27 3.7248
194.28 0
194.29 3.7248
194.3 2.4832
194.31 1.2416
194.32 4.9664
194.33 1.2416
194.34 3.7248
194.35 4.9664
194.36 0
194.37 4.9664
194.38 2.4832
194.39 1.2416
194.4 3.7248
194.41 1.2416
194.42 1.2416
194.43 3.7248
194.44 1.2416
194.45 2.4832
194.46 3.7248
194.47 0
194.48 3.7248
194.49 2.4832
194.5 1.2416
194.51 3.7248
194.52 1.2416
194.53 2.4832
194.54 3.7248
194.55 1.2416
194.56 2.4832
194.57 3.7248
194.58 1.2416
194.59 2.4832
194.6 2.4832
194.61 1.2416
194.62 3.7248
194.63 2.4832
194.64 1.2416
194.65 3.7248
194.66 1.2416
194.67 2.4832
194.68 3.7248
194.69 0
194.7 3.7248
194.71 2.4832
194.72 1.2416
194.73 3.7248
194.74 1.2416
194.75 2.4832
194.76 3.7248
194.77 1.2416
194.78 3.7248
194.79 3.7248
194.8 1.2416
194.81 4.9664
194.82 2.4832
194.83 2.4832
194.84 4.9664
194.85 0
194.86 4.9664
194.87 3.7248
194.88 1.2416
194.89 4.9664
194.9 2.4832
194.91 2.4832
194.92 4.9664
194.93 1.2416
194.94 3.7248
194.95 3.7248
194.96 1.2416
194.97 4.9664
194.98 2.4832
194.99 2.4832
195 4.9664
195.01 1.2416
195.02 3.7248
195.03 3.7248
195.04 1.2416
195.05 4.9664
195.06 2.4832
195.07 2.4832
195.08 4.9664
195.09 1.2416
195.1 3.7248
195.11 3.7248
195.12 1.2416
195.13 4.9664
195.14 2.4832
195.15 2.4832
195.16 4.9664
195.17 0
195.18 4.9664
195.19 3.7248
195.2 1.2416
195.21 4.9664
195.22 2.4832
195.23 2.4832
195.24 3.7248
195.25 1.2416
195.26 4.9664
195.27 2.4832
195.28 2.4832
195.29 4.9664
195.3 2.4832
195.31 2.4832
195.32 4.9664
195.33 2.4832
195.34 2.4832
195.35 4.9664
195.36 1.2416
195.37 3.7248
195.38 3.7248
195.39 1.2416
195.4 4.9664
195.41 2.4832
195.42 2.4832
195.43 4.9664
195.44 1.2416
195.45 3.7248
195.46 3.7248
195.47 1.2416
195.48 4.9664
195.49 2.4832
195.5 2.4832
195.51 4.9664
195.52 1.2416
195.53 3.7248
195.54 3.7248
195.55 1.2416
195.56 4.9664
195.57 2.4832
195.58 2.4832
195.59 4.9664
195.6 1.2416
195.61 3.7248
195.62 3.7248
195.63 1.2416
195.64 4.9664
195.65 2.4832
195.66 2.4832
195.67 4.9664
195.68 0
195.69 4.9664
195.7 3.7248
195.71 1.2416
195.72 4.9664
195.73 2.4832
195.74 2.4832
195.75 4.9664
195.76 1.2416
195.77 3.7248
195.78 3.7248
195.79 1.2416
195.8 4.9664
195.81 2.4832
195.82 2.4832
195.83 4.9664
195.84 1.2416
195.85 3.7248
195.86 3.7248
195.87 1.2416
195.88 4.9664
195.89 2.4832
195.9 2.4832
195.91 4.9664
195.92 0
195.93 4.9664
195.94 3.7248
195.95 0
195.96 3.7248
195.97 2.4832
195.98 1.2416
195.99 3.7248
196 1.2416
196.01 3.7248
196.02 4.9664
196.03 0
196.04 4.9664
196.05 3.7248
196.06 1.2416
196.07 4.9664
196.08 2.4832
196.09 2.4832
196.1 4.9664
196.11 0
196.12 4.9664
196.13 3.7248
196.14 1.2416
196.15 4.9664
196.16 1.2416
196.17 3.7248
196.18 4.9664
196.19 0
196.2 4.9664
196.21 3.7248
196.22 1.2416
196.23 4.9664
196.24 1.2416
196.25 3.7248
196.26 4.9664
196.27 0
196.28 4.9664
196.29 2.4832
196.3 2.4832
196.31 4.9664
196.32 0
196.33 4.9664
196.34 4.9664
196.35 0
196.36 4.9664
196.37 1.2416
196.38 3.7248
196.39 4.9664
196.4 0
196.41 4.9664
196.42 3.7248
196.43 1.2416
196.44 4.9664
196.45 2.4832
196.46 2.4832
196.47 4.9664
196.48 0
196.49 4.9664
196.5 3.7248
196.51 1.2416
196.52 4.9664
196.53 1.2416
196.54 3.7248
196.55 4.9664
196.56 0
196.57 4.9664
196.58 2.4832
196.59 2.4832
196.6 4.9664
196.61 1.2416
196.62 3.7248
196.63 4.9664
196.64 0
196.65 4.9664
196.66 3.7248
196.67 1.2416
196.68 4.9664
196.69 1.2416
196.7 3.7248
196.71 4.9664
196.72 0
196.73 4.9664
196.74 4.9664
196.75 0
196.76 4.9664
196.77 2.4832
196.78 2.4832
196.79 4.9664
196.8 0
196.81 4.9664
196.82 3.7248
196.83 1.2416
196.84 4.9664
196.85 2.4832
196.86 2.4832
196.87 4.9664
196.88 0
196.89 4.9664
196.9 3.7248
196.91 1.2416
196.92 4.9664
196.93 1.2416
196.94 3.7248
196.95 4.9664
196.96 0
196.97 4.9664
196.98 3.7248
196.99 1.2416
197 4.9664
197.01 1.2416
197.02 3.7248
197.03 4.9664
197.04 0
197.05 4.9664
197.06 3.7248
197.07 1.2416
197.08 4.9664
197.09 1.2416
197.1 3.7248
197.11 4.9664
197.12 0
197.13 4.9664
197.14 3.7248
197.15 1.2416
197.16 4.9664
197.17 1.2416
197.18 3.7248
197.19 3.7248
197.2 0
197.21 3.7248
197.22 2.4832
197.23 0
197.24 3.7248
197.25 1.2416
197.26 3.7248
197.27 4.9664
197.28 0
197.29 4.9664
197.3 2.4832
197.31 2.4832
197.32 4.9664
197.33 1.2416
197.34 3.7248
197.35 4.9664
197.36 0
197.37 4.9664
197.38 3.7248
197.39 1.2416
197.4 4.9664
197.41 1.2416
197.42 3.7248
197.43 4.9664
197.44 0
197.45 4.9664
197.46 3.7248
197.47 1.2416
197.48 4.9664
197.49 1.2416
197.5 3.7248
197.51 4.9664
197.52 0
197.53 4.9664
197.54 2.4832
197.55 2.4832
197.56 4.9664
197.57 1.2416
197.58 3.7248
197.59 4.9664
197.6 0
197.61 4.9664
197.62 2.4832
197.63 2.4832
197.64 4.9664
197.65 0
197.66 4.9664
197.67 3.7248
197.68 1.2416
197.69 3.7248
197.7 0
197.71 3.7248
197.72 3.7248
197.73 0
197.74 3.7248
197.75 1.2416
197.76 2.4832
197.77 3.7248
197.78 0
197.79 3.7248
197.8 3.7248
197.81 0
197.82 3.7248
197.83 2.4832
197.84 1.2416
197.85 3.7248
197.86 1.2416
197.87 2.4832
197.88 3.7248
197.89 0
197.9 3.7248
197.91 2.4832
197.92 1.2416
197.93 3.7248
197.94 0
197.95 3.7248
197.96 3.7248
197.97 0
197.98 3.7248
197.99 2.4832
198 1.2416
198.01 3.7248
198.02 1.2416
198.03 2.4832
198.04 3.7248
198.05 0
198.06 3.7248
198.07 2.4832
198.08 2.4832
198.09 4.9664
198.1 0
198.11 4.9664
198.12 3.7248
198.13 1.2416
198.14 4.9664
198.15 1.2416
198.16 3.7248
198.17 4.9664
198.18 0
198.19 4.9664
198.2 2.4832
198.21 2.4832
198.22 4.9664
198.23 0
198.24 4.9664
198.25 4.9664
198.26 0
198.27 4.9664
198.28 1.2416
198.29 3.7248
198.3 4.9664
198.31 0
198.32 4.9664
198.33 3.7248
198.34 1.2416
198.35 4.9664
198.36 1.2416
198.37 3.7248
198.38 4.9664
198.39 0
198.4 4.9664
198.41 3.7248
198.42 1.2416
198.43 4.9664
198.44 2.4832
198.45 2.4832
198.46 4.9664
198.47 1.2416
198.48 3.7248
198.49 4.9664
198.5 0
198.51 4.9664
198.52 3.7248
198.53 1.2416
198.54 4.9664
198.55 1.2416
198.56 3.7248
198.57 4.9664
198.58 0
198.59 4.9664
198.6 3.7248
198.61 2.4832
198.62 6.208
198.63 1.2416
198.64 4.9664
198.65 4.9664
198.66 1.2416
198.67 6.208
198.68 3.7248
198.69 2.4832
198.7 6.208
198.71 0
198.72 6.208
198.73 4.9664
198.74 1.2416
198.75 6.208
198.76 3.7248
198.77 2.4832
198.78 6.208
198.79 2.4832
198.8 3.7248
198.81 6.208
198.82 1.2416
198.83 4.9664
198.84 4.9664
198.85 1.2416
198.86 6.208
198.87 3.7248
198.88 2.4832
198.89 6.208
198.9 1.2416
198.91 4.9664
198.92 4.9664
198.93 1.2416
198.94 6.208
198.95 3.7248
198.96 2.4832
198.97 6.208
198.98 1.2416
198.99 4.9664
199 4.9664
199.01 1.2416
199.02 6.208
199.03 2.4832
199.04 3.7248
199.05 6.208
199.06 1.2416
199.07 4.9664
199.08 6.208
199.09 0
199.1 6.208
199.11 3.7248
199.12 1.2416
199.13 4.9664
199.14 1.2416
199.15 2.4832
199.16 4.9664
199.17 0
199.18 4.9664
199.19 3.7248
199.2 1.2416
199.21 4.9664
199.22 2.4832
199.23 2.4832
199.24 4.9664
199.25 1.2416
199.26 3.7248
199.27 3.7248
199.28 1.2416
199.29 4.9664
199.3 2.4832
199.31 2.4832
199.32 4.9664
199.33 1.2416
199.34 3.7248
199.35 3.7248
199.36 1.2416
199.37 4.9664
199.38 1.2416
199.39 3.7248
199.4 4.9664
199.41 1.2416
199.42 3.7248
199.43 4.9664
199.44 0
199.45 4.9664
199.46 2.4832
199.47 2.4832
199.48 4.9664
199.49 1.2416
199.5 3.7248
199.51 6.208
199.52 0
199.53 6.208
199.54 3.7248
199.55 2.4832
199.56 6.208
199.57 3.7248
199.58 2.4832
199.59 6.208
199.6 1.2416
199.61 4.9664
199.62 4.9664
199.63 1.2416
199.64 6.208
199.65 3.7248
199.66 2.4832
199.67 6.208
199.68 1.2416
199.69 4.9664
199.7 4.9664
199.71 1.2416
199.72 6.208
199.73 3.7248
199.74 2.4832
199.75 6.208
199.76 1.2416
199.77 4.9664
199.78 4.9664
199.79 1.2416
199.8 6.208
199.81 2.4832
199.82 3.7248
199.83 6.208
199.84 2.4832
199.85 3.7248
199.86 4.9664
199.87 1.2416
199.88 6.208
199.89 3.7248
199.9 2.4832
199.91 6.208
199.92 2.4832
199.93 3.7248
199.94 4.9664
199.95 1.2416
199.96 6.208
199.97 3.7248
199.98 2.4832
199.99 6.208
