5 92.0104
5.01 100.57
5.02 106.778
5.03 94.3616
5.04 100.57
5.05 98.0864
5.06 99.328
5.07 95.6032
5.08 89.3952
5.09 100.57
5.1 88.1536
5.11 91.8784
5.12 95.6032
5.13 91.8784
5.14 95.6032
5.15 85.6704
5.16 99.328
5.17 98.0864
5.18 94.3616
5.19 105.536
5.2 95.6032
5.21 99.328
5.22 93.12
5.23 100.57
5.24 96.8448
5.25 91.8784
5.26 101.811
5.27 94.3616
5.28 95.6032
5.29 105.536
5.3 94.3616
5.31 105.536
5.32 93.12
5.33 96.8448
5.34 99.328
5.35 95.6032
5.36 103.053
5.37 95.6032
5.38 105.536
5.39 94.3616
5.4 95.6032
5.41 104.294
5.42 90.6368
5.43 94.3616
5.44 98.0864
5.45 96.8448
5.46 105.536
5.47 95.6032
5.48 96.8448
5.49 96.8448
5.5 100.57
5.51 95.6032
5.52 95.6032
5.53 101.811
5.54 96.8448
5.55 104.294
5.56 94.3616
5.57 89.3952
5.58 88.1536
5.59 94.3616
5.6 94.3616
5.61 90.6368
5.62 96.8448
5.63 94.3616
5.64 94.3616
5.65 100.57
5.66 93.12
5.67 94.3616
5.68 84.4288
5.69 95.6032
5.7 96.8448
5.71 94.3616
5.72 101.811
5.73 88.1536
5.74 101.811
5.75 98.0864
5.76 100.57
5.77 100.57
5.78 93.12
5.79 99.328
5.8 95.6032
5.81 100.57
5.82 103.053
5.83 98.0864
5.84 108.019
5.85 80.704
5.86 90.6368
5.87 90.6368
5.88 84.4288
5.89 85.6704
5.9 84.4288
5.91 93.12
5.92 88.1536
5.93 94.3616
5.94 95.6032
5.95 86.912
5.96 95.6032
5.97 88.1536
5.98 94.3616
5.99 101.811
6 98.0864
6.01 95.6032
6.02 99.328
6.03 99.328
6.04 104.294
6.05 101.811
6.06 103.053
6.07 96.8448
6.08 101.811
6.09 95.6032
6.1 100.57
6.11 108.019
6.12 96.8448
6.13 103.053
6.14 93.12
6.15 105.536
6.16 100.57
6.17 104.294
6.18 93.12
6.19 96.8448
6.2 93.12
6.21 90.6368
6.22 100.57
6.23 99.328
6.24 96.8448
6.25 95.6032
6.26 91.8784
6.27 96.8448
6.28 101.811
6.29 94.3616
6.3 96.8448
6.31 91.8784
6.32 98.0864
6.33 96.8448
6.34 101.811
6.35 101.811
6.36 98.0864
6.37 94.3616
6.38 93.12
6.39 100.57
6.4 104.294
6.41 98.0864
6.42 94.3616
6.43 98.0864
6.44 99.328
6.45 100.57
6.46 95.6032
6.47 99.328
6.48 96.8448
6.49 95.6032
6.5 96.8448
6.51 103.053
6.52 100.57
6.53 95.6032
6.54 94.3616
6.55 94.3616
6.56 95.6032
6.57 99.328
6.58 99.328
6.59 95.6032
6.6 85.6704
6.61 98.0864
6.62 96.8448
6.63 101.811
6.64 95.6032
6.65 93.12
6.66 95.6032
6.67 93.12
6.68 104.294
6.69 99.328
6.7 98.0864
6.71 99.328
6.72 95.6032
6.73 104.294
6.74 103.053
6.75 90.6368
6.76 94.3616
6.77 91.8784
6.78 98.0864
6.79 96.8448
6.8 101.811
6.81 95.6032
6.82 99.328
6.83 90.6368
6.84 91.8784
6.85 103.053
6.86 98.0864
6.87 99.328
6.88 93.12
6.89 93.12
6.9 99.328
6.91 91.8784
6.92 90.6368
6.93 89.3952
6.94 88.1536
6.95 96.8448
6.96 93.12
6.97 103.053
6.98 93.12
6.99 99.328
7 95.6032
7.01 96.8448
7.02 100.57
7.03 98.0864
7.04 93.12
7.05 95.6032
7.06 85.6704
7.07 100.57
7.08 90.6368
7.09 101.811
7.1 94.3616
7.11 96.8448
7.12 96.8448
7.13 85.6704
7.14 105.536
7.15 99.328
7.16 95.6032
7.17 104.294
7.18 93.12
7.19 105.536
7.2 90.6368
7.21 104.294
7.22 101.811
7.23 96.8448
7.24 104.294
7.25 85.6704
7.26 110.502
7.27 94.3616
7.28 103.053
7.29 103.053
7.3 91.8784
7.31 106.778
7.32 94.3616
7.33 95.6032
7.34 99.328
7.35 95.6032
7.36 101.811
7.37 86.912
7.38 101.811
7.39 96.8448
7.4 91.8784
7.41 98.0864
7.42 88.1536
7.43 99.328
7.44 98.0864
7.45 91.8784
7.46 103.053
7.47 91.8784
7.48 100.57
7.49 94.3616
7.5 96.8448
7.51 99.328
7.52 95.6032
7.53 103.053
7.54 86.912
7.55 103.053
7.56 100.57
7.57 94.3616
7.58 105.536
7.59 94.3616
7.6 106.778
7.61 103.053
7.62 94.3616
7.63 101.811
7.64 91.8784
7.65 95.6032
7.66 95.6032
7.67 99.328
7.68 94.3616
7.69 89.3952
7.7 103.053
7.71 88.1536
7.72 101.811
7.73 99.328
7.74 91.8784
7.75 103.053
7.76 91.8784
7.77 101.811
7.78 98.0864
7.79 91.8784
7.8 105.536
7.81 93.12
7.82 103.053
7.83 99.328
7.84 95.6032
7.85 103.053
7.86 95.6032
7.87 108.019
7.88 91.8784
7.89 98.0864
7.9 98.0864
7.91 88.1536
7.92 95.6032
7.93 90.6368
7.94 96.8448
7.95 90.6368
7.96 86.912
7.97 101.811
7.98 95.6032
7.99 96.8448
8 90.6368
8.01 104.294
8.02 95.6032
8.03 95.6032
8.04 104.294
8.05 93.12
8.06 99.328
8.07 100.57
8.08 94.3616
8.09 99.328
8.1 90.6368
8.11 93.12
8.12 94.3616
8.13 96.8448
8.14 96.8448
8.15 91.8784
8.16 96.8448
8.17 90.6368
8.18 94.3616
8.19 98.0864
8.2 90.6368
8.21 98.0864
8.22 96.8448
8.23 95.6032
8.24 99.328
8.25 99.328
8.26 103.053
8.27 99.328
8.28 101.811
8.29 99.328
8.3 99.328
8.31 104.294
8.32 99.328
8.33 105.536
8.34 98.0864
8.35 99.328
8.36 91.8784
8.37 91.8784
8.38 96.8448
8.39 95.6032
8.4 95.6032
8.41 94.3616
8.42 95.6032
8.43 101.811
8.44 96.8448
8.45 100.57
8.46 95.6032
8.47 94.3616
8.48 104.294
8.49 91.8784
8.5 108.019
8.51 95.6032
8.52 94.3616
8.53 98.0864
8.54 95.6032
8.55 100.57
8.56 96.8448
8.57 101.811
8.58 95.6032
8.59 98.0864
8.6 100.57
8.61 95.6032
8.62 101.811
8.63 95.6032
8.64 95.6032
8.65 100.57
8.66 94.3616
8.67 104.294
8.68 96.8448
8.69 96.8448
8.7 98.0864
8.71 94.3616
8.72 103.053
8.73 99.328
8.74 96.8448
8.75 96.8448
8.76 96.8448
8.77 100.57
8.78 96.8448
8.79 103.053
8.8 99.328
8.81 93.12
8.82 99.328
8.83 96.8448
8.84 103.053
8.85 93.12
8.86 98.0864
8.87 93.12
8.88 99.328
8.89 99.328
8.9 98.0864
8.91 96.8448
8.92 95.6032
8.93 96.8448
8.94 94.3616
8.95 99.328
8.96 105.536
8.97 96.8448
8.98 98.0864
8.99 89.3952
9 100.57
9.01 93.12
9.02 94.3616
9.03 96.8448
9.04 88.1536
9.05 101.811
9.06 94.3616
9.07 94.3616
9.08 100.57
9.09 88.1536
9.1 91.8784
9.11 95.6032
9.12 104.294
9.13 94.3616
9.14 100.57
9.15 94.3616
9.16 94.3616
9.17 103.053
9.18 90.6368
9.19 101.811
9.2 95.6032
9.21 93.12
9.22 103.053
9.23 94.3616
9.24 100.57
9.25 101.811
9.26 94.3616
9.27 99.328
9.28 91.8784
9.29 103.053
9.3 91.8784
9.31 100.57
9.32 100.57
9.33 94.3616
9.34 100.57
9.35 95.6032
9.36 103.053
9.37 100.57
9.38 95.6032
9.39 99.328
9.4 91.8784
9.41 105.536
9.42 93.12
9.43 93.12
9.44 98.0864
9.45 91.8784
9.46 96.8448
9.47 96.8448
9.48 99.328
9.49 96.8448
9.5 93.12
9.51 104.294
9.52 90.6368
9.53 104.294
9.54 96.8448
9.55 99.328
9.56 96.8448
9.57 98.0864
9.58 95.6032
9.59 96.8448
9.6 91.8784
9.61 101.811
9.62 94.3616
9.63 100.57
9.64 94.3616
9.65 95.6032
9.66 100.57
9.67 93.12
9.68 95.6032
9.69 93.12
9.7 104.294
9.71 96.8448
9.72 93.12
9.73 99.328
9.74 90.6368
9.75 104.294
9.76 98.0864
9.77 96.8448
9.78 103.053
9.79 89.3952
9.8 100.57
9.81 96.8448
9.82 100.57
9.83 101.811
9.84 89.3952
9.85 104.294
9.86 88.1536
9.87 96.8448
9.88 93.12
9.89 93.12
9.9 105.536
9.91 91.8784
9.92 100.57
9.93 101.811
9.94 88.1536
9.95 103.053
9.96 98.0864
9.97 96.8448
9.98 96.8448
9.99 101.811
