10 11.0876
10.1 6.58048
10.2 6.58048
10.3 6.58048
10.4 3.60064
10.5 10.9261
10.6 11.671
10.7 11.671
10.8 11.7952
10.9 11.7952
11 11.9194
11.1 11.7952
11.2 11.7952
11.3 11.7952
11.4 11.1744
11.5 11.7952
11.6 11.7952
11.7 11.9194
11.8 11.7952
11.9 11.7952
12 11.7952
12.1 11.7952
12.2 11.7952
12.3 11.9194
12.4 11.7952
12.5 11.7952
12.6 11.7952
12.7 11.7952
12.8 11.9194
12.9 11.7952
13 11.7952
13.1 11.7952
13.2 11.7952
13.3 11.7952
13.4 10.4294
13.5 11.7952
13.6 11.7952
13.7 11.7952
13.8 11.9194
13.9 11.7952
14 11.7952
14.1 11.7952
14.2 11.7952
14.3 11.9194
14.4 11.7952
14.5 11.7952
14.6 11.7952
14.7 11.7952
14.8 11.7952
14.9 11.9194
15 11.7952
15.1 11.7952
15.2 11.7952
15.3 11.7952
15.4 11.7952
15.5 11.9194
15.6 11.7952
15.7 11.7952
15.8 11.7952
15.9 11.7952
16 11.9194
16.1 11.7952
16.2 11.7952
16.3 11.7952
16.4 11.7952
16.5 11.7952
16.6 11.7952
16.7 11.9194
16.8 11.7952
16.9 11.7952
17 11.7952
17.1 11.7952
17.2 11.7952
17.3 11.9194
17.4 11.671
17.5 11.5469
17.6 11.7952
17.7 11.7952
17.8 11.7952
17.9 11.9194
18 11.7952
18.1 11.7952
18.2 11.7952
18.3 11.7952
18.4 11.9194
18.5 11.7952
18.6 11.7952
18.7 11.7952
18.8 11.7952
18.9 11.671
19 11.9194
19.1 11.7952
19.2 11.7952
19.3 11.7952
19.4 11.7952
19.5 11.5469
19.6 11.7952
19.7 11.7952
19.8 11.7952
19.9 11.7952
