10 7.95005
10.1 5.33888
10.2 5.09056
10.3 4.9664
10.4 5.33888
10.5 5.21472
10.6 5.21472
10.7 5.46304
10.8 5.21472
10.9 5.33888
11 5.33888
11.1 5.33888
11.2 5.21472
11.3 5.21472
11.4 5.09056
11.5 5.21472
11.6 5.46304
11.7 5.46304
11.8 5.83552
11.9 5.71136
12 5.33888
12.1 5.33888
12.2 5.33888
12.3 5.21472
12.4 5.21472
12.5 5.21472
12.6 4.59392
12.7 4.3456
12.8 4.3456
12.9 4.84224
13 4.84224
13.1 4.71808
13.2 4.71808
13.3 5.09056
13.4 4.9664
13.5 5.09056
13.6 4.9664
13.7 5.33888
13.8 5.83552
13.9 5.71136
14 5.83552
14.1 5.83552
14.2 5.71136
14.3 5.46304
14.4 5.5872
14.5 5.5872
14.6 5.46304
14.7 4.59392
14.8 4.71808
14.9 4.46976
15 4.9664
15.1 4.84224
15.2 4.84224
15.3 5.09056
15.4 5.09056
15.5 5.21472
15.6 5.21472
15.7 5.09056
15.8 5.33888
15.9 5.46304
16 5.33888
16.1 5.33888
16.2 5.33888
16.3 5.46304
16.4 5.21472
16.5 5.46304
16.6 5.09056
16.7 5.09056
16.8 3.97312
16.9 4.3456
17 4.84224
17.1 4.84224
17.2 4.59392
17.3 4.84224
17.4 5.21472
17.5 4.84224
17.6 5.09056
17.7 4.9664
17.8 4.3456
17.9 4.3456
18 4.09728
18.1 4.46976
18.2 4.22144
18.3 4.3456
18.4 4.09728
18.5 4.3456
18.6 4.3456
18.7 4.22144
18.8 3.97312
18.9 3.60064
19 3.60064
19.1 3.60064
19.2 3.47648
19.3 3.97312
19.4 3.7248
19.5 3.97312
19.6 4.09728
19.7 3.97312
19.8 3.84896
19.9 4.46976
