10 3.15996
10.1 3.104
10.2 3.35232
10.3 3.104
10.4 2.85568
10.5 2.23488
10.6 2.23488
10.7 2.11072
10.8 2.85568
10.9 2.85568
11 2.85568
11.1 2.73152
11.2 2.85568
11.3 2.4832
11.4 2.73152
11.5 3.60064
11.6 2.97984
11.7 3.35232
11.8 3.104
11.9 2.85568
12 2.73152
12.1 2.73152
12.2 3.7248
12.3 3.22816
12.4 3.22816
12.5 3.104
12.6 3.104
12.7 2.73152
12.8 2.85568
12.9 3.60064
13 3.22816
13.1 2.97984
13.2 2.97984
13.3 3.22816
13.4 2.97984
13.5 2.73152
13.6 3.22816
13.7 2.97984
13.8 1.8624
13.9 2.11072
14 2.85568
14.1 2.4832
14.2 2.60736
14.3 2.97984
14.4 2.85568
14.5 2.4832
14.6 2.4832
14.7 3.104
14.8 3.104
14.9 2.85568
15 2.73152
15.1 3.47648
15.2 3.35232
15.3 2.73152
15.4 2.73152
15.5 3.22816
15.6 3.47648
15.7 2.85568
15.8 3.22816
15.9 3.104
16 3.104
16.1 2.60736
16.2 2.35904
16.3 2.23488
16.4 2.73152
16.5 2.60736
16.6 2.4832
16.7 2.85568
16.8 2.35904
16.9 2.4832
17 2.97984
17.1 3.104
17.2 3.22816
17.3 2.97984
17.4 2.97984
17.5 2.85568
17.6 2.73152
17.7 2.85568
17.8 3.22816
17.9 2.4832
18 2.73152
18.1 2.60736
18.2 2.23488
18.3 2.23488
18.4 2.35904
18.5 3.47648
18.6 2.97984
18.7 2.85568
18.8 3.104
18.9 2.60736
19 2.60736
19.1 2.60736
19.2 3.60064
19.3 3.22816
19.4 3.104
19.5 2.85568
19.6 2.11072
19.7 1.98656
19.8 2.11072
19.9 2.73152
