10 2.38293
10.15 2.42319
10.3 2.47699
10.45 2.47906
10.6 2.44388
10.75 2.45837
10.9 2.3818
11.05 2.47285
11.2 2.46665
11.35 2.45216
11.5 2.45216
11.65 2.45216
11.8 2.54942
11.95 2.44802
12.1 2.43974
12.25 2.45423
12.4 2.44802
12.55 2.46251
12.7 2.42319
12.85 2.49355
13 2.46665
13.15 2.43354
13.3 2.49148
13.45 2.45009
13.6 2.47906
13.75 2.44802
13.9 2.4563
14.05 2.4563
14.2 2.45009
14.35 2.24937
14.5 2.39629
14.65 2.43974
14.8 2.46871
14.95 2.44388
15.1 2.62185
15.25 2.46871
15.4 2.45009
15.55 2.4563
15.7 2.4563
15.85 2.47078
16 2.44802
16.15 2.46044
16.3 2.44802
16.45 2.45216
16.6 2.45216
16.75 2.47699
16.9 2.4563
17.05 2.46044
17.2 2.44388
17.35 2.45216
17.5 2.4563
17.65 2.27006
17.8 2.47078
17.95 2.48941
18.1 2.42526
18.25 2.47906
18.4 2.57218
18.55 2.49355
18.7 2.48527
18.85 2.45837
19 2.44181
19.15 2.47285
19.3 2.44802
19.45 2.48113
19.6 2.43354
19.75 2.44595
19.9 2.45423
