10 1.99405
10.15 2.40043
10.3 2.23488
10.45 2.89707
10.6 2.97984
10.75 2.97984
10.9 2.73152
11.05 2.4832
11.2 2.64875
11.35 2.56597
11.5 2.97984
11.65 2.97984
11.8 2.97984
11.95 2.31765
12.1 2.73152
12.25 2.81429
12.4 2.73152
12.55 3.06261
12.7 3.14539
12.85 2.81429
13 2.89707
13.15 2.97984
13.3 2.40043
13.45 2.81429
13.6 2.81429
13.75 2.97984
13.9 2.89707
14.05 3.22816
14.2 3.14539
14.35 2.97984
14.5 3.55925
14.65 3.64203
14.8 3.39371
14.95 3.14539
15.1 3.47648
15.25 2.97984
15.4 3.39371
15.55 3.64203
15.7 3.22816
15.85 3.22816
16 3.22816
16.15 3.22816
16.3 3.47648
16.45 3.47648
16.6 2.56597
16.75 2.31765
16.9 2.73152
17.05 3.06261
17.2 2.81429
17.35 3.31093
17.5 2.81429
17.65 1.90379
17.8 2.31765
17.95 2.4832
18.1 2.64875
18.25 2.81429
18.4 2.4832
18.55 2.23488
18.7 2.56597
18.85 2.56597
19 2.81429
19.15 2.73152
19.3 2.4832
19.45 2.31765
19.6 2.56597
19.75 2.56597
19.9 2.81429
