175 2.03403
175.2 1.11744
175.4 1.30368
175.6 1.11744
175.8 1.48992
176 1.48992
176.2 1.48992
176.4 1.30368
176.6 1.30368
176.8 1.42784
177 1.2416
177.2 1.42784
177.4 1.48992
177.6 1.48992
177.8 1.36576
178 1.30368
178.2 1.36576
178.4 1.42784
178.6 1.42784
178.8 1.73824
179 1.8624
179.2 1.80032
179.4 1.92448
179.6 2.1728
179.8 2.23488
180 2.54528
180.2 3.104
180.4 3.4144
180.6 3.60064
180.8 3.66272
181 4.53184
181.2 4.59392
181.4 3.47648
181.6 3.78688
181.8 4.53184
182 4.22144
182.2 4.78016
182.4 4.71808
182.6 4.90432
182.8 4.53184
183 4.53184
183.2 5.40096
183.4 5.09056
183.6 5.33888
183.8 5.02848
184 4.9664
184.2 4.71808
184.4 3.53856
184.6 3.97312
184.8 3.91104
185 4.656
185.2 4.84224
185.4 3.7248
185.6 3.60064
185.8 3.35232
186 3.78688
186.2 3.29024
186.4 4.09728
186.6 4.15936
186.8 3.66272
187 3.91104
187.2 3.84896
187.4 3.84896
187.6 3.78688
187.8 4.15936
188 3.7248
188.2 4.09728
188.4 3.84896
188.6 3.91104
188.8 3.97312
189 3.7248
189.2 4.22144
189.4 3.97312
189.6 4.09728
189.8 4.09728
190 4.22144
190.2 4.46976
190.4 4.46976
190.6 3.29024
190.8 3.53856
191 3.78688
191.2 4.28352
191.4 4.22144
191.6 4.09728
191.8 4.28352
192 2.97984
192.2 3.4144
192.4 3.53856
192.6 3.60064
192.8 3.60064
193 3.60064
193.2 3.22816
193.4 3.60064
193.6 3.84896
193.8 3.84896
194 3.91104
194.2 3.4144
194.4 3.7248
194.6 3.7248
194.8 3.104
195 2.91776
195.2 3.35232
195.4 3.22816
195.6 3.66272
195.8 3.47648
196 3.78688
196.2 3.29024
196.4 2.60736
196.6 2.60736
196.8 2.91776
197 2.91776
197.2 3.22816
197.4 3.35232
197.6 2.66944
197.8 2.1728
198 2.4832
198.2 2.4832
198.4 2.42112
198.6 2.04864
198.8 2.23488
199 2.1728
199.2 2.23488
199.4 1.98656
199.6 2.42112
199.8 2.1728
