10 3.61314
10.01 1.2416
10.02 1.2416
10.03 1.2416
10.04 1.2416
10.05 0
10.06 1.2416
10.07 0
10.08 1.2416
10.09 2.4832
10.1 0
10.11 2.4832
10.12 0
10.13 2.4832
10.14 1.2416
10.15 1.2416
10.16 2.4832
10.17 0
10.18 2.4832
10.19 0
10.2 2.4832
10.21 2.4832
10.22 0
10.23 2.4832
10.24 1.2416
10.25 1.2416
10.26 1.2416
10.27 0
10.28 1.2416
10.29 0
10.3 1.2416
10.31 1.2416
10.32 0
10.33 2.4832
10.34 0
10.35 2.4832
10.36 2.4832
10.37 0
10.38 2.4832
10.39 0
10.4 2.4832
10.41 1.2416
10.42 1.2416
10.43 2.4832
10.44 0
10.45 2.4832
10.46 0
10.47 2.4832
10.48 2.4832
10.49 0
10.5 2.4832
10.51 0
10.52 2.4832
10.53 2.4832
10.54 0
10.55 2.4832
10.56 0
10.57 1.2416
10.58 0
10.59 1.2416
10.6 1.2416
10.61 0
10.62 2.4832
10.63 0
10.64 2.4832
10.65 2.4832
10.66 0
10.67 2.4832
10.68 0
10.69 2.4832
10.7 1.2416
10.71 1.2416
10.72 2.4832
10.73 0
10.74 2.4832
10.75 1.2416
10.76 1.2416
10.77 2.4832
10.78 0
10.79 2.4832
10.8 0
10.81 1.2416
10.82 1.2416
10.83 0
10.84 1.2416
10.85 0
10.86 2.4832
10.87 2.4832
10.88 1.2416
10.89 3.7248
10.9 0
10.91 3.7248
10.92 1.2416
10.93 2.4832
10.94 3.7248
10.95 0
10.96 3.7248
10.97 0
10.98 3.7248
10.99 2.4832
11 1.2416
11.01 3.7248
11.02 0
11.03 2.4832
11.04 1.2416
11.05 1.2416
11.06 2.4832
11.07 0
11.08 3.7248
11.09 1.2416
11.1 2.4832
11.11 3.7248
11.12 0
11.13 3.7248
11.14 2.4832
11.15 1.2416
11.16 3.7248
11.17 1.2416
11.18 2.4832
11.19 3.7248
11.2 1.2416
11.21 2.4832
11.22 2.4832
11.23 1.2416
11.24 2.4832
11.25 0
11.26 2.4832
11.27 2.4832
11.28 1.2416
11.29 2.4832
11.3 3.7248
11.31 0
11.32 3.7248
11.33 1.2416
11.34 2.4832
11.35 3.7248
11.36 0
11.37 3.7248
11.38 1.2416
11.39 2.4832
11.4 3.7248
11.41 0
11.42 3.7248
11.43 1.2416
11.44 2.4832
11.45 3.7248
11.46 1.2416
11.47 2.4832
11.48 3.7248
11.49 1.2416
11.5 2.4832
11.51 3.7248
11.52 0
11.53 3.7248
11.54 1.2416
11.55 2.4832
11.56 2.4832
11.57 1.2416
11.58 3.7248
11.59 0
11.6 2.4832
11.61 2.4832
11.62 0
11.63 2.4832
11.64 0
11.65 2.4832
11.66 1.2416
11.67 1.2416
11.68 2.4832
11.69 0
11.7 2.4832
11.71 1.2416
11.72 2.4832
11.73 3.7248
11.74 0
11.75 3.7248
11.76 1.2416
11.77 2.4832
11.78 3.7248
11.79 0
11.8 3.7248
11.81 0
11.82 3.7248
11.83 2.4832
11.84 0
11.85 2.4832
11.86 0
11.87 2.4832
11.88 2.4832
11.89 0
11.9 3.7248
11.91 1.2416
11.92 2.4832
11.93 2.4832
11.94 0
11.95 1.2416
11.96 1.2416
11.97 0
11.98 1.2416
11.99 1.2416
12 0
12.01 1.2416
12.02 0
12.03 2.4832
12.04 3.7248
12.05 0
12.06 3.7248
12.07 2.4832
12.08 1.2416
12.09 3.7248
12.1 1.2416
12.11 2.4832
12.12 3.7248
12.13 0
12.14 3.7248
12.15 1.2416
12.16 2.4832
12.17 3.7248
12.18 0
12.19 3.7248
12.2 2.4832
12.21 1.2416
12.22 3.7248
12.23 0
12.24 3.7248
12.25 0
12.26 0
12.27 0
12.28 0
12.29 0
12.3 0
12.31 0
12.32 0
12.33 0
12.34 0
12.35 0
12.36 0
12.37 0
12.38 0
12.39 0
12.4 0
12.41 0
12.42 0
12.43 0
12.44 0
12.45 0
12.46 0
12.47 0
12.48 0
12.49 0
12.5 0
12.51 0
12.52 0
12.53 0
12.54 0
12.55 0
12.56 0
12.57 0
12.58 0
12.59 0
12.6 0
12.61 0
12.62 0
12.63 0
12.64 0
12.65 0
12.66 0
12.67 0
12.68 0
12.69 0
12.7 0
12.71 0
12.72 0
12.73 0
12.74 0
12.75 0
12.76 0
12.77 0
12.78 0
12.79 0
12.8 0
12.81 0
12.82 0
12.83 0
12.84 0
12.85 0
12.86 0
12.87 0
12.88 0
12.89 0
12.9 0
12.91 0
12.92 0
12.93 0
12.94 0
12.95 0
12.96 0
12.97 0
12.98 0
12.99 0
13 0
13.01 0
13.02 0
13.03 0
13.04 0
13.05 0
13.06 0
13.07 0
13.08 0
13.09 0
13.1 0
13.11 0
13.12 0
13.13 0
13.14 0
13.15 0
13.16 0
13.17 0
13.18 0
13.19 0
13.2 0
13.21 0
13.22 0
13.23 0
13.24 0
13.25 0
13.26 1.2416
13.27 1.2416
13.28 1.2416
13.29 3.7248
13.3 0
13.31 7.4496
13.32 2.4832
13.33 11.1744
13.34 6.208
13.35 11.1744
13.36 9.9328
13.37 8.6912
13.38 11.1744
13.39 6.208
13.4 11.1744
13.41 7.4496
13.42 7.4496
13.43 9.9328
13.44 6.208
13.45 9.9328
13.46 7.4496
13.47 7.4496
13.48 3.7248
13.49 2.4832
13.5 3.7248
13.51 6.208
13.52 4.9664
13.53 7.4496
13.54 4.9664
13.55 7.4496
13.56 7.4496
13.57 4.9664
13.58 7.4496
13.59 7.4496
13.6 4.9664
13.61 7.4496
13.62 7.4496
13.63 3.7248
13.64 8.6912
13.65 6.208
13.66 3.7248
13.67 7.4496
13.68 7.4496
13.69 4.9664
13.7 7.4496
13.71 4.9664
13.72 6.208
13.73 7.4496
13.74 3.7248
13.75 7.4496
13.76 3.7248
13.77 7.4496
13.78 6.208
13.79 4.9664
13.8 6.208
13.81 2.4832
13.82 6.208
13.83 3.7248
13.84 6.208
13.85 3.7248
13.86 3.7248
13.87 4.9664
13.88 3.7248
13.89 4.9664
13.9 2.4832
13.91 3.7248
13.92 2.4832
13.93 1.2416
13.94 2.4832
13.95 3.7248
13.96 1.2416
13.97 2.4832
13.98 1.2416
13.99 2.4832
14 1.2416
14.01 1.2416
14.02 1.2416
14.03 3.7248
14.04 1.2416
14.05 1.2416
14.06 1.2416
14.07 2.4832
14.08 1.2416
14.09 1.2416
14.1 1.2416
14.11 1.2416
14.12 1.2416
14.13 2.4832
14.14 1.2416
14.15 1.2416
14.16 1.2416
14.17 1.2416
14.18 2.4832
14.19 1.2416
14.2 1.2416
14.21 2.4832
14.22 1.2416
14.23 1.2416
14.24 2.4832
14.25 1.2416
14.26 1.2416
14.27 1.2416
14.28 1.2416
14.29 2.4832
14.3 1.2416
14.31 1.2416
14.32 2.4832
14.33 1.2416
14.34 1.2416
14.35 1.2416
14.36 1.2416
14.37 2.4832
14.38 1.2416
14.39 1.2416
14.4 1.2416
14.41 1.2416
14.42 1.2416
14.43 1.2416
14.44 2.4832
14.45 1.2416
14.46 1.2416
14.47 1.2416
14.48 1.2416
14.49 2.4832
14.5 1.2416
14.51 1.2416
14.52 1.2416
14.53 1.2416
14.54 1.2416
14.55 0
14.56 1.2416
14.57 1.2416
14.58 0
14.59 1.2416
14.6 0
14.61 2.4832
14.62 1.2416
14.63 0
14.64 1.2416
14.65 0
14.66 1.2416
14.67 0
14.68 1.2416
14.69 1.2416
14.7 0
14.71 1.2416
14.72 0
14.73 1.2416
14.74 1.2416
14.75 0
14.76 1.2416
14.77 0
14.78 1.2416
14.79 1.2416
14.8 0
14.81 1.2416
14.82 0
14.83 1.2416
14.84 0
14.85 1.2416
14.86 1.2416
14.87 0
14.88 1.2416
14.89 0
14.9 1.2416
14.91 1.2416
14.92 0
14.93 1.2416
14.94 0
14.95 2.4832
14.96 2.4832
14.97 1.2416
14.98 6.208
14.99 1.2416
15 4.9664
15.01 2.4832
15.02 3.7248
15.03 4.9664
15.04 1.2416
15.05 6.208
15.06 1.2416
15.07 4.9664
15.08 3.7248
15.09 2.4832
15.1 6.208
15.11 0
15.12 6.208
15.13 2.4832
15.14 3.7248
15.15 4.9664
15.16 1.2416
15.17 6.208
15.18 2.4832
15.19 3.7248
15.2 6.208
15.21 0
15.22 6.208
15.23 3.7248
15.24 2.4832
15.25 7.4496
15.26 0
15.27 7.4496
15.28 3.7248
15.29 3.7248
15.3 6.208
15.31 1.2416
15.32 7.4496
15.33 6.208
15.34 1.2416
15.35 7.4496
15.36 3.7248
15.37 3.7248
15.38 6.208
15.39 1.2416
15.4 7.4496
15.41 4.9664
15.42 2.4832
15.43 7.4496
15.44 3.7248
15.45 3.7248
15.46 7.4496
15.47 1.2416
15.48 6.208
15.49 3.7248
15.5 3.7248
15.51 7.4496
15.52 2.4832
15.53 4.9664
15.54 6.208
15.55 1.2416
15.56 7.4496
15.57 2.4832
15.58 4.9664
15.59 6.208
15.6 1.2416
15.61 8.6912
15.62 0
15.63 7.4496
15.64 3.7248
15.65 1.2416
15.66 6.208
15.67 1.2416
15.68 4.9664
15.69 3.7248
15.7 2.4832
15.71 6.208
15.72 1.2416
15.73 4.9664
15.74 2.4832
15.75 3.7248
15.76 6.208
15.77 0
15.78 6.208
15.79 2.4832
15.8 3.7248
15.81 4.9664
15.82 1.2416
15.83 6.208
15.84 2.4832
15.85 3.7248
15.86 6.208
15.87 1.2416
15.88 4.9664
15.89 3.7248
15.9 3.7248
15.91 6.208
15.92 1.2416
15.93 6.208
15.94 1.2416
15.95 4.9664
15.96 3.7248
15.97 2.4832
15.98 4.9664
15.99 2.4832
16 3.7248
16.01 4.9664
16.02 1.2416
16.03 6.208
16.04 2.4832
16.05 3.7248
16.06 4.9664
16.07 1.2416
16.08 6.208
16.09 2.4832
16.1 3.7248
16.11 3.7248
16.12 3.7248
16.13 4.9664
16.14 2.4832
16.15 3.7248
16.16 4.9664
16.17 2.4832
16.18 4.9664
16.19 2.4832
16.2 3.7248
16.21 3.7248
16.22 3.7248
16.23 6.208
16.24 4.9664
16.25 2.4832
16.26 7.4496
16.27 1.2416
16.28 6.208
16.29 4.9664
16.3 2.4832
16.31 7.4496
16.32 1.2416
16.33 6.208
16.34 4.9664
16.35 2.4832
16.36 7.4496
16.37 1.2416
16.38 6.208
16.39 4.9664
16.4 2.4832
16.41 6.208
16.42 2.4832
16.43 6.208
16.44 3.7248
16.45 3.7248
16.46 6.208
16.47 2.4832
16.48 6.208
16.49 3.7248
16.5 3.7248
16.51 4.9664
16.52 2.4832
16.53 7.4496
16.54 2.4832
16.55 4.9664
16.56 4.9664
16.57 2.4832
16.58 7.4496
16.59 2.4832
16.6 4.9664
16.61 4.9664
16.62 2.4832
16.63 6.208
16.64 1.2416
16.65 3.7248
16.66 2.4832
16.67 2.4832
16.68 3.7248
16.69 1.2416
16.7 2.4832
16.71 1.2416
16.72 1.2416
16.73 2.4832
16.74 1.2416
16.75 1.2416
16.76 1.2416
16.77 0
16.78 1.2416
16.79 0
16.8 1.2416
16.81 1.2416
16.82 0
16.83 2.4832
16.84 0
16.85 1.2416
16.86 1.2416
16.87 0
16.88 1.2416
16.89 0
16.9 1.2416
16.91 1.2416
16.92 0
16.93 1.2416
16.94 0
16.95 1.2416
16.96 0
16.97 1.2416
16.98 1.2416
16.99 0
17 1.2416
17.01 1.2416
17.02 0
17.03 1.2416
17.04 1.2416
17.05 0
17.06 1.2416
17.07 0
17.08 1.2416
17.09 1.2416
17.1 0
17.11 1.2416
17.12 1.2416
17.13 0
17.14 1.2416
17.15 0
17.16 1.2416
17.17 1.2416
17.18 0
17.19 1.2416
17.2 0
17.21 1.2416
17.22 1.2416
17.23 0
17.24 1.2416
17.25 0
17.26 1.2416
17.27 1.2416
17.28 0
17.29 1.2416
17.3 1.2416
17.31 0
17.32 1.2416
17.33 1.2416
17.34 0
17.35 1.2416
17.36 1.2416
17.37 0
17.38 1.2416
17.39 1.2416
17.4 0
17.41 1.2416
17.42 0
17.43 1.2416
17.44 1.2416
17.45 0
17.46 1.2416
17.47 1.2416
17.48 0
17.49 1.2416
17.5 0
17.51 1.2416
17.52 1.2416
17.53 0
17.54 1.2416
17.55 1.2416
17.56 0
17.57 1.2416
17.58 1.2416
17.59 0
17.6 1.2416
17.61 0
17.62 1.2416
17.63 1.2416
17.64 0
17.65 1.2416
17.66 0
17.67 1.2416
17.68 1.2416
17.69 0
17.7 1.2416
17.71 0
17.72 2.4832
17.73 2.4832
17.74 2.4832
17.75 4.9664
17.76 2.4832
17.77 7.4496
17.78 3.7248
17.79 4.9664
17.8 6.208
17.81 3.7248
17.82 8.6912
17.83 3.7248
17.84 6.208
17.85 6.208
17.86 3.7248
17.87 9.9328
17.88 4.9664
17.89 4.9664
17.9 9.9328
17.91 3.7248
17.92 6.208
17.93 7.4496
17.94 3.7248
17.95 8.6912
17.96 4.9664
17.97 4.9664
17.98 8.6912
17.99 3.7248
18 7.4496
18.01 3.7248
18.02 4.9664
18.03 6.208
18.04 1.2416
18.05 6.208
18.06 3.7248
18.07 3.7248
18.08 7.4496
18.09 0
18.1 6.208
18.11 1.2416
18.12 3.7248
18.13 4.9664
18.14 1.2416
18.15 6.208
18.16 1.2416
18.17 4.9664
18.18 3.7248
18.19 2.4832
18.2 6.208
18.21 1.2416
18.22 4.9664
18.23 3.7248
18.24 2.4832
18.25 6.208
18.26 0
18.27 4.9664
18.28 1.2416
18.29 3.7248
18.3 4.9664
18.31 0
18.32 4.9664
18.33 3.7248
18.34 1.2416
18.35 4.9664
18.36 1.2416
18.37 3.7248
18.38 4.9664
18.39 0
18.4 4.9664
18.41 4.9664
18.42 0
18.43 4.9664
18.44 2.4832
18.45 2.4832
18.46 4.9664
18.47 0
18.48 4.9664
18.49 4.9664
18.5 0
18.51 4.9664
18.52 1.2416
18.53 3.7248
18.54 4.9664
18.55 0
18.56 4.9664
18.57 2.4832
18.58 2.4832
18.59 4.9664
18.6 0
18.61 4.9664
18.62 3.7248
18.63 1.2416
18.64 4.9664
18.65 0
18.66 4.9664
18.67 3.7248
18.68 1.2416
18.69 4.9664
18.7 0
18.71 4.9664
18.72 1.2416
18.73 3.7248
18.74 4.9664
18.75 0
18.76 4.9664
18.77 0
18.78 4.9664
18.79 3.7248
18.8 1.2416
18.81 4.9664
18.82 0
18.83 4.9664
18.84 3.7248
18.85 1.2416
18.86 4.9664
18.87 0
18.88 4.9664
18.89 2.4832
18.9 2.4832
18.91 4.9664
18.92 0
18.93 4.9664
18.94 1.2416
18.95 3.7248
18.96 3.7248
18.97 1.2416
18.98 3.7248
18.99 0
19 3.7248
19.01 3.7248
19.02 0
19.03 4.9664
19.04 1.2416
19.05 3.7248
19.06 1.2416
19.07 1.2416
19.08 2.4832
19.09 0
19.1 2.4832
19.11 2.4832
19.12 0
19.13 3.7248
19.14 0
19.15 3.7248
19.16 2.4832
19.17 1.2416
19.18 3.7248
19.19 1.2416
19.2 2.4832
19.21 3.7248
19.22 0
19.23 3.7248
19.24 1.2416
19.25 1.2416
19.26 2.4832
19.27 0
19.28 2.4832
19.29 0
19.3 2.4832
19.31 1.2416
19.32 1.2416
19.33 2.4832
19.34 0
19.35 2.4832
19.36 1.2416
19.37 1.2416
19.38 2.4832
19.39 0
19.4 2.4832
19.41 2.4832
19.42 0
19.43 2.4832
19.44 1.2416
19.45 1.2416
19.46 2.4832
19.47 0
19.48 2.4832
19.49 2.4832
19.5 0
19.51 2.4832
19.52 1.2416
19.53 1.2416
19.54 2.4832
19.55 0
19.56 2.4832
19.57 2.4832
19.58 0
19.59 2.4832
19.6 1.2416
19.61 1.2416
19.62 2.4832
19.63 0
19.64 2.4832
19.65 2.4832
19.66 0
19.67 2.4832
19.68 0
19.69 2.4832
19.7 1.2416
19.71 1.2416
19.72 2.4832
19.73 0
19.74 2.4832
19.75 2.4832
19.76 0
19.77 2.4832
19.78 0
19.79 2.4832
19.8 2.4832
19.81 0
19.82 2.4832
19.83 0
19.84 2.4832
19.85 2.4832
19.86 0
19.87 2.4832
19.88 0
19.89 2.4832
19.9 2.4832
19.91 0
19.92 2.4832
19.93 1.2416
19.94 1.2416
19.95 2.4832
19.96 0
19.97 2.4832
19.98 0
19.99 2.4832
