10 5.52024
10.01 2.4832
10.02 2.4832
10.03 2.4832
10.04 3.7248
10.05 3.7248
10.06 2.4832
10.07 3.7248
10.08 4.9664
10.09 4.9664
10.1 4.9664
10.11 2.4832
10.12 2.4832
10.13 4.9664
10.14 4.9664
10.15 3.7248
10.16 1.2416
10.17 4.9664
10.18 4.9664
10.19 2.4832
10.2 2.4832
10.21 2.4832
10.22 2.4832
10.23 3.7248
10.24 2.4832
10.25 0
10.26 2.4832
10.27 2.4832
10.28 2.4832
10.29 1.2416
10.3 1.2416
10.31 2.4832
10.32 2.4832
10.33 2.4832
10.34 0
10.35 2.4832
10.36 2.4832
10.37 2.4832
10.38 1.2416
10.39 1.2416
10.4 2.4832
10.41 2.4832
10.42 1.2416
10.43 1.2416
10.44 2.4832
10.45 2.4832
10.46 1.2416
10.47 1.2416
10.48 2.4832
10.49 2.4832
10.5 2.4832
10.51 0
10.52 2.4832
10.53 2.4832
10.54 2.4832
10.55 1.2416
10.56 1.2416
10.57 2.4832
10.58 2.4832
10.59 1.2416
10.6 1.2416
10.61 2.4832
10.62 2.4832
10.63 2.4832
10.64 1.2416
10.65 1.2416
10.66 2.4832
10.67 2.4832
10.68 2.4832
10.69 0
10.7 2.4832
10.71 2.4832
10.72 3.7248
10.73 2.4832
10.74 1.2416
10.75 2.4832
10.76 2.4832
10.77 2.4832
10.78 2.4832
10.79 0
10.8 2.4832
10.81 2.4832
10.82 2.4832
10.83 2.4832
10.84 2.4832
10.85 2.4832
10.86 1.2416
10.87 1.2416
10.88 2.4832
10.89 2.4832
10.9 2.4832
10.91 1.2416
10.92 2.4832
10.93 1.2416
10.94 2.4832
10.95 2.4832
10.96 2.4832
10.97 2.4832
10.98 0
10.99 2.4832
11 2.4832
11.01 2.4832
11.02 2.4832
11.03 1.2416
11.04 1.2416
11.05 2.4832
11.06 2.4832
11.07 2.4832
11.08 1.2416
11.09 1.2416
11.1 2.4832
11.11 2.4832
11.12 2.4832
11.13 1.2416
11.14 1.2416
11.15 3.7248
11.16 3.7248
11.17 3.7248
11.18 0
11.19 3.7248
11.2 3.7248
11.21 3.7248
11.22 3.7248
11.23 3.7248
11.24 1.2416
11.25 2.4832
11.26 3.7248
11.27 3.7248
11.28 2.4832
11.29 1.2416
11.3 3.7248
11.31 3.7248
11.32 3.7248
11.33 0
11.34 3.7248
11.35 3.7248
11.36 3.7248
11.37 2.4832
11.38 1.2416
11.39 3.7248
11.4 3.7248
11.41 2.4832
11.42 1.2416
11.43 3.7248
11.44 3.7248
11.45 2.4832
11.46 0
11.47 2.4832
11.48 2.4832
11.49 2.4832
11.5 3.7248
11.51 2.4832
11.52 1.2416
11.53 3.7248
11.54 3.7248
11.55 3.7248
11.56 0
11.57 3.7248
11.58 3.7248
11.59 3.7248
11.6 2.4832
11.61 1.2416
11.62 3.7248
11.63 3.7248
11.64 2.4832
11.65 2.4832
11.66 2.4832
11.67 3.7248
11.68 3.7248
11.69 3.7248
11.7 1.2416
11.71 2.4832
11.72 3.7248
11.73 3.7248
11.74 2.4832
11.75 1.2416
11.76 3.7248
11.77 3.7248
11.78 2.4832
11.79 0
11.8 2.4832
11.81 2.4832
11.82 2.4832
11.83 1.2416
11.84 2.4832
11.85 3.7248
11.86 3.7248
11.87 2.4832
11.88 1.2416
11.89 3.7248
11.9 3.7248
11.91 3.7248
11.92 0
11.93 3.7248
11.94 3.7248
11.95 3.7248
11.96 2.4832
11.97 1.2416
11.98 3.7248
11.99 3.7248
12 3.7248
12.01 1.2416
12.02 2.4832
12.03 3.7248
12.04 3.7248
12.05 3.7248
12.06 1.2416
12.07 2.4832
12.08 3.7248
12.09 3.7248
12.1 2.4832
12.11 1.2416
12.12 3.7248
12.13 3.7248
12.14 3.7248
12.15 1.2416
12.16 2.4832
12.17 3.7248
12.18 3.7248
12.19 2.4832
12.2 1.2416
12.21 3.7248
12.22 3.7248
12.23 2.4832
12.24 1.2416
12.25 3.7248
12.26 3.7248
12.27 2.4832
12.28 1.2416
12.29 3.7248
12.3 3.7248
12.31 3.7248
12.32 1.2416
12.33 2.4832
12.34 3.7248
12.35 3.7248
12.36 3.7248
12.37 1.2416
12.38 2.4832
12.39 3.7248
12.4 3.7248
12.41 2.4832
12.42 1.2416
12.43 3.7248
12.44 3.7248
12.45 3.7248
12.46 0
12.47 2.4832
12.48 3.7248
12.49 3.7248
12.5 0
12.51 3.7248
12.52 3.7248
12.53 2.4832
12.54 1.2416
12.55 3.7248
12.56 3.7248
12.57 3.7248
12.58 3.7248
12.59 1.2416
12.6 2.4832
12.61 3.7248
12.62 3.7248
12.63 1.2416
12.64 2.4832
12.65 3.7248
12.66 3.7248
12.67 2.4832
12.68 1.2416
12.69 3.7248
12.7 3.7248
12.71 2.4832
12.72 1.2416
12.73 3.7248
12.74 3.7248
12.75 3.7248
12.76 1.2416
12.77 2.4832
12.78 3.7248
12.79 3.7248
12.8 2.4832
12.81 1.2416
12.82 3.7248
12.83 3.7248
12.84 3.7248
12.85 0
12.86 4.9664
12.87 4.9664
12.88 3.7248
12.89 2.4832
12.9 3.7248
12.91 4.9664
12.92 4.9664
12.93 1.2416
12.94 3.7248
12.95 4.9664
12.96 4.9664
12.97 2.4832
12.98 2.4832
12.99 4.9664
13 4.9664
13.01 3.7248
13.02 1.2416
13.03 4.9664
13.04 4.9664
13.05 4.9664
13.06 2.4832
13.07 2.4832
13.08 4.9664
13.09 4.9664
13.1 4.9664
13.11 1.2416
13.12 3.7248
13.13 4.9664
13.14 4.9664
13.15 2.4832
13.16 2.4832
13.17 4.9664
13.18 4.9664
13.19 3.7248
13.2 1.2416
13.21 4.9664
13.22 4.9664
13.23 4.9664
13.24 1.2416
13.25 3.7248
13.26 4.9664
13.27 4.9664
13.28 1.2416
13.29 3.7248
13.3 4.9664
13.31 4.9664
13.32 2.4832
13.33 2.4832
13.34 4.9664
13.35 4.9664
13.36 4.9664
13.37 2.4832
13.38 2.4832
13.39 3.7248
13.4 3.7248
13.41 2.4832
13.42 0
13.43 3.7248
13.44 3.7248
13.45 3.7248
13.46 1.2416
13.47 2.4832
13.48 3.7248
13.49 3.7248
13.5 1.2416
13.51 2.4832
13.52 3.7248
13.53 3.7248
13.54 3.7248
13.55 3.7248
13.56 1.2416
13.57 2.4832
13.58 3.7248
13.59 2.4832
13.6 1.2416
13.61 1.2416
13.62 2.4832
13.63 3.7248
13.64 2.4832
13.65 2.4832
13.66 2.4832
13.67 3.7248
13.68 3.7248
13.69 1.2416
13.7 2.4832
13.71 3.7248
13.72 3.7248
13.73 1.2416
13.74 2.4832
13.75 3.7248
13.76 3.7248
13.77 2.4832
13.78 2.4832
13.79 2.4832
13.8 3.7248
13.81 3.7248
13.82 2.4832
13.83 1.2416
13.84 3.7248
13.85 3.7248
13.86 2.4832
13.87 2.4832
13.88 2.4832
13.89 3.7248
13.9 3.7248
13.91 1.2416
13.92 2.4832
13.93 3.7248
13.94 3.7248
13.95 2.4832
13.96 1.2416
13.97 3.7248
13.98 3.7248
13.99 3.7248
14 1.2416
14.01 2.4832
14.02 3.7248
14.03 3.7248
14.04 3.7248
14.05 1.2416
14.06 2.4832
14.07 3.7248
14.08 3.7248
14.09 1.2416
14.1 2.4832
14.11 3.7248
14.12 3.7248
14.13 1.2416
14.14 2.4832
14.15 3.7248
14.16 3.7248
14.17 3.7248
14.18 1.2416
14.19 2.4832
14.2 3.7248
14.21 3.7248
14.22 2.4832
14.23 2.4832
14.24 2.4832
14.25 3.7248
14.26 3.7248
14.27 1.2416
14.28 2.4832
14.29 3.7248
14.3 3.7248
14.31 1.2416
14.32 3.7248
14.33 2.4832
14.34 3.7248
14.35 3.7248
14.36 2.4832
14.37 2.4832
14.38 2.4832
14.39 3.7248
14.4 3.7248
14.41 1.2416
14.42 2.4832
14.43 3.7248
14.44 3.7248
14.45 2.4832
14.46 2.4832
14.47 2.4832
14.48 3.7248
14.49 3.7248
14.5 1.2416
14.51 3.7248
14.52 4.9664
14.53 4.9664
14.54 2.4832
14.55 3.7248
14.56 3.7248
14.57 4.9664
14.58 3.7248
14.59 2.4832
14.6 3.7248
14.61 4.9664
14.62 4.9664
14.63 2.4832
14.64 3.7248
14.65 3.7248
14.66 4.9664
14.67 3.7248
14.68 2.4832
14.69 3.7248
14.7 4.9664
14.71 3.7248
14.72 2.4832
14.73 4.9664
14.74 3.7248
14.75 4.9664
14.76 4.9664
14.77 1.2416
14.78 4.9664
14.79 3.7248
14.8 4.9664
14.81 2.4832
14.82 3.7248
14.83 3.7248
14.84 4.9664
14.85 3.7248
14.86 2.4832
14.87 3.7248
14.88 4.9664
14.89 3.7248
14.9 2.4832
14.91 4.9664
14.92 3.7248
14.93 4.9664
14.94 3.7248
14.95 2.4832
14.96 3.7248
14.97 4.9664
14.98 3.7248
14.99 2.4832
15 4.9664
15.01 3.7248
15.02 4.9664
15.03 1.2416
15.04 4.9664
15.05 3.7248
15.06 4.9664
15.07 2.4832
15.08 3.7248
15.09 3.7248
15.1 4.9664
15.11 2.4832
15.12 3.7248
15.13 4.9664
15.14 3.7248
15.15 4.9664
15.16 2.4832
15.17 3.7248
15.18 3.7248
15.19 4.9664
15.2 3.7248
15.21 2.4832
15.22 3.7248
15.23 4.9664
15.24 3.7248
15.25 2.4832
15.26 4.9664
15.27 3.7248
15.28 4.9664
15.29 2.4832
15.3 3.7248
15.31 3.7248
15.32 4.9664
15.33 2.4832
15.34 3.7248
15.35 3.7248
15.36 4.9664
15.37 4.9664
15.38 1.2416
15.39 4.9664
15.4 3.7248
15.41 4.9664
15.42 2.4832
15.43 3.7248
15.44 3.7248
15.45 4.9664
15.46 2.4832
15.47 3.7248
15.48 3.7248
15.49 4.9664
15.5 3.7248
15.51 2.4832
15.52 4.9664
15.53 3.7248
15.54 3.7248
15.55 2.4832
15.56 4.9664
15.57 3.7248
15.58 4.9664
15.59 4.9664
15.6 2.4832
15.61 4.9664
15.62 3.7248
15.63 3.7248
15.64 2.4832
15.65 3.7248
15.66 4.9664
15.67 4.9664
15.68 2.4832
15.69 3.7248
15.7 3.7248
15.71 4.9664
15.72 3.7248
15.73 2.4832
15.74 3.7248
15.75 4.9664
15.76 4.9664
15.77 2.4832
15.78 2.4832
15.79 4.9664
15.8 4.9664
15.81 3.7248
15.82 2.4832
15.83 4.9664
15.84 6.208
15.85 6.208
15.86 2.4832
15.87 3.7248
15.88 6.208
15.89 4.9664
15.9 2.4832
15.91 2.4832
15.92 4.9664
15.93 4.9664
15.94 1.2416
15.95 3.7248
15.96 4.9664
15.97 4.9664
15.98 2.4832
15.99 2.4832
16 4.9664
16.01 4.9664
16.02 3.7248
16.03 2.4832
16.04 3.7248
16.05 4.9664
16.06 4.9664
16.07 1.2416
16.08 3.7248
16.09 4.9664
16.1 4.9664
16.11 4.9664
16.12 1.2416
16.13 3.7248
16.14 4.9664
16.15 4.9664
16.16 3.7248
16.17 2.4832
16.18 3.7248
16.19 4.9664
16.2 3.7248
16.21 2.4832
16.22 3.7248
16.23 4.9664
16.24 4.9664
16.25 1.2416
16.26 3.7248
16.27 6.208
16.28 4.9664
16.29 3.7248
16.3 3.7248
16.31 6.208
16.32 6.208
16.33 2.4832
16.34 4.9664
16.35 4.9664
16.36 6.208
16.37 3.7248
16.38 3.7248
16.39 4.9664
16.4 6.208
16.41 4.9664
16.42 2.4832
16.43 4.9664
16.44 6.208
16.45 6.208
16.46 2.4832
16.47 4.9664
16.48 4.9664
16.49 6.208
16.5 4.9664
16.51 2.4832
16.52 4.9664
16.53 6.208
16.54 6.208
16.55 2.4832
16.56 4.9664
16.57 4.9664
16.58 6.208
16.59 3.7248
16.6 3.7248
16.61 4.9664
16.62 6.208
16.63 4.9664
16.64 2.4832
16.65 4.9664
16.66 6.208
16.67 4.9664
16.68 3.7248
16.69 4.9664
16.7 4.9664
16.71 6.208
16.72 2.4832
16.73 4.9664
16.74 4.9664
16.75 6.208
16.76 2.4832
16.77 4.9664
16.78 4.9664
16.79 6.208
16.8 3.7248
16.81 3.7248
16.82 4.9664
16.83 6.208
16.84 6.208
16.85 2.4832
16.86 4.9664
16.87 4.9664
16.88 4.9664
16.89 2.4832
16.9 2.4832
16.91 3.7248
16.92 4.9664
16.93 4.9664
16.94 1.2416
16.95 3.7248
16.96 4.9664
16.97 4.9664
16.98 3.7248
16.99 2.4832
17 6.208
17.01 6.208
17.02 3.7248
17.03 3.7248
17.04 4.9664
17.05 6.208
17.06 4.9664
17.07 2.4832
17.08 4.9664
17.09 6.208
17.1 4.9664
17.11 2.4832
17.12 4.9664
17.13 6.208
17.14 4.9664
17.15 4.9664
17.16 4.9664
17.17 4.9664
17.18 4.9664
17.19 6.208
17.2 4.9664
17.21 3.7248
17.22 3.7248
17.23 6.208
17.24 6.208
17.25 2.4832
17.26 3.7248
17.27 6.208
17.28 6.208
17.29 3.7248
17.3 3.7248
17.31 4.9664
17.32 6.208
17.33 4.9664
17.34 2.4832
17.35 4.9664
17.36 6.208
17.37 4.9664
17.38 3.7248
17.39 3.7248
17.4 6.208
17.41 4.9664
17.42 3.7248
17.43 3.7248
17.44 6.208
17.45 6.208
17.46 2.4832
17.47 3.7248
17.48 6.208
17.49 6.208
17.5 3.7248
17.51 2.4832
17.52 6.208
17.53 6.208
17.54 3.7248
17.55 3.7248
17.56 4.9664
17.57 6.208
17.58 3.7248
17.59 3.7248
17.6 4.9664
17.61 6.208
17.62 6.208
17.63 3.7248
17.64 3.7248
17.65 4.9664
17.66 6.208
17.67 3.7248
17.68 3.7248
17.69 4.9664
17.7 6.208
17.71 6.208
17.72 3.7248
17.73 3.7248
17.74 4.9664
17.75 6.208
17.76 4.9664
17.77 3.7248
17.78 3.7248
17.79 6.208
17.8 6.208
17.81 2.4832
17.82 3.7248
17.83 6.208
17.84 6.208
17.85 2.4832
17.86 3.7248
17.87 6.208
17.88 4.9664
17.89 1.2416
17.9 2.4832
17.91 4.9664
17.92 4.9664
17.93 3.7248
17.94 2.4832
17.95 3.7248
17.96 4.9664
17.97 4.9664
17.98 1.2416
17.99 3.7248
18 4.9664
18.01 4.9664
18.02 1.2416
18.03 3.7248
18.04 4.9664
18.05 4.9664
18.06 2.4832
18.07 2.4832
18.08 6.208
18.09 6.208
18.1 3.7248
18.11 3.7248
18.12 4.9664
18.13 6.208
18.14 4.9664
18.15 3.7248
18.16 4.9664
18.17 4.9664
18.18 6.208
18.19 3.7248
18.2 3.7248
18.21 4.9664
18.22 6.208
18.23 4.9664
18.24 3.7248
18.25 4.9664
18.26 4.9664
18.27 4.9664
18.28 4.9664
18.29 3.7248
18.3 4.9664
18.31 6.208
18.32 3.7248
18.33 3.7248
18.34 4.9664
18.35 6.208
18.36 3.7248
18.37 3.7248
18.38 4.9664
18.39 6.208
18.4 4.9664
18.41 3.7248
18.42 4.9664
18.43 4.9664
18.44 4.9664
18.45 3.7248
18.46 4.9664
18.47 4.9664
18.48 6.208
18.49 3.7248
18.5 3.7248
18.51 4.9664
18.52 6.208
18.53 3.7248
18.54 3.7248
18.55 4.9664
18.56 6.208
18.57 3.7248
18.58 4.9664
18.59 4.9664
18.6 4.9664
18.61 4.9664
18.62 3.7248
18.63 4.9664
18.64 4.9664
18.65 4.9664
18.66 4.9664
18.67 3.7248
18.68 6.208
18.69 4.9664
18.7 4.9664
18.71 3.7248
18.72 4.9664
18.73 4.9664
18.74 6.208
18.75 2.4832
18.76 4.9664
18.77 4.9664
18.78 6.208
18.79 3.7248
18.8 3.7248
18.81 4.9664
18.82 6.208
18.83 3.7248
18.84 3.7248
18.85 4.9664
18.86 6.208
18.87 4.9664
18.88 3.7248
18.89 4.9664
18.9 4.9664
18.91 4.9664
18.92 3.7248
18.93 4.9664
18.94 4.9664
18.95 6.208
18.96 3.7248
18.97 3.7248
18.98 4.9664
18.99 6.208
19 3.7248
19.01 3.7248
19.02 4.9664
19.03 6.208
19.04 3.7248
19.05 3.7248
19.06 6.208
19.07 4.9664
19.08 6.208
19.09 2.4832
19.1 4.9664
19.11 4.9664
19.12 6.208
19.13 6.208
19.14 3.7248
19.15 3.7248
19.16 4.9664
19.17 6.208
19.18 3.7248
19.19 3.7248
19.2 6.208
19.21 4.9664
19.22 3.7248
19.23 3.7248
19.24 6.208
19.25 4.9664
19.26 4.9664
19.27 3.7248
19.28 4.9664
19.29 4.9664
19.3 6.208
19.31 2.4832
19.32 4.9664
19.33 4.9664
19.34 6.208
19.35 3.7248
19.36 3.7248
19.37 4.9664
19.38 6.208
19.39 3.7248
19.4 6.208
19.41 6.208
19.42 7.4496
19.43 3.7248
19.44 4.9664
19.45 6.208
19.46 7.4496
19.47 3.7248
19.48 4.9664
19.49 7.4496
19.5 4.9664
19.51 4.9664
19.52 4.9664
19.53 2.4832
19.54 6.208
19.55 4.9664
19.56 6.208
19.57 3.7248
19.58 3.7248
19.59 4.9664
19.6 6.208
19.61 3.7248
19.62 3.7248
19.63 6.208
19.64 4.9664
19.65 3.7248
19.66 3.7248
19.67 6.208
19.68 4.9664
19.69 4.9664
19.7 4.9664
19.71 3.7248
19.72 4.9664
19.73 6.208
19.74 4.9664
19.75 2.4832
19.76 6.208
19.77 4.9664
19.78 4.9664
19.79 3.7248
19.8 4.9664
19.81 4.9664
19.82 4.9664
19.83 3.7248
19.84 4.9664
19.85 4.9664
19.86 6.208
19.87 4.9664
19.88 2.4832
19.89 7.4496
19.9 6.208
19.91 4.9664
19.92 3.7248
19.93 7.4496
19.94 6.208
19.95 6.208
19.96 3.7248
19.97 6.208
19.98 6.208
19.99 7.4496
