10 2.47832
10.01 2.4832
10.02 0
10.03 3.7248
10.04 2.4832
10.05 1.2416
10.06 3.7248
10.07 1.2416
10.08 2.4832
10.09 3.7248
10.1 0
10.11 3.7248
10.12 2.4832
10.13 1.2416
10.14 3.7248
10.15 0
10.16 3.7248
10.17 1.2416
10.18 1.2416
10.19 2.4832
10.2 0
10.21 2.4832
10.22 3.7248
10.23 0
10.24 2.4832
10.25 1.2416
10.26 1.2416
10.27 2.4832
10.28 0
10.29 2.4832
10.3 1.2416
10.31 1.2416
10.32 2.4832
10.33 0
10.34 3.7248
10.35 3.7248
10.36 0
10.37 3.7248
10.38 3.7248
10.39 0
10.4 3.7248
10.41 1.2416
10.42 2.4832
10.43 3.7248
10.44 0
10.45 3.7248
10.46 3.7248
10.47 0
10.48 3.7248
10.49 2.4832
10.5 1.2416
10.51 3.7248
10.52 1.2416
10.53 2.4832
10.54 3.7248
10.55 0
10.56 3.7248
10.57 3.7248
10.58 0
10.59 3.7248
10.6 2.4832
10.61 1.2416
10.62 3.7248
10.63 1.2416
10.64 2.4832
10.65 3.7248
10.66 0
10.67 3.7248
10.68 3.7248
10.69 0
10.7 3.7248
10.71 2.4832
10.72 1.2416
10.73 3.7248
10.74 1.2416
10.75 2.4832
10.76 3.7248
10.77 0
10.78 3.7248
10.79 2.4832
10.8 1.2416
10.81 3.7248
10.82 1.2416
10.83 2.4832
10.84 3.7248
10.85 0
10.86 3.7248
10.87 2.4832
10.88 1.2416
10.89 3.7248
10.9 1.2416
10.91 2.4832
10.92 3.7248
10.93 0
10.94 3.7248
10.95 3.7248
10.96 0
10.97 3.7248
10.98 1.2416
10.99 2.4832
11 3.7248
11.01 0
11.02 3.7248
11.03 3.7248
11.04 0
11.05 3.7248
11.06 1.2416
11.07 2.4832
11.08 3.7248
11.09 0
11.1 3.7248
11.11 2.4832
11.12 1.2416
11.13 3.7248
11.14 1.2416
11.15 2.4832
11.16 3.7248
11.17 0
11.18 3.7248
11.19 2.4832
11.2 1.2416
11.21 3.7248
11.22 0
11.23 3.7248
11.24 3.7248
11.25 0
11.26 3.7248
11.27 3.7248
11.28 0
11.29 3.7248
11.3 2.4832
11.31 1.2416
11.32 2.4832
11.33 0
11.34 2.4832
11.35 2.4832
11.36 0
11.37 2.4832
11.38 3.7248
11.39 0
11.4 2.4832
11.41 1.2416
11.42 1.2416
11.43 2.4832
11.44 0
11.45 3.7248
11.46 2.4832
11.47 1.2416
11.48 3.7248
11.49 1.2416
11.5 2.4832
11.51 3.7248
11.52 0
11.53 3.7248
11.54 1.2416
11.55 2.4832
11.56 3.7248
11.57 1.2416
11.58 2.4832
11.59 3.7248
11.6 0
11.61 3.7248
11.62 2.4832
11.63 1.2416
11.64 3.7248
11.65 1.2416
11.66 2.4832
11.67 3.7248
11.68 0
11.69 4.9664
11.7 3.7248
11.71 1.2416
11.72 4.9664
11.73 1.2416
11.74 3.7248
11.75 4.9664
11.76 0
11.77 4.9664
11.78 2.4832
11.79 2.4832
11.8 4.9664
11.81 2.4832
11.82 2.4832
11.83 4.9664
11.84 1.2416
11.85 3.7248
11.86 3.7248
11.87 1.2416
11.88 4.9664
11.89 1.2416
11.9 2.4832
11.91 3.7248
11.92 0
11.93 3.7248
11.94 3.7248
11.95 0
11.96 3.7248
11.97 2.4832
11.98 1.2416
11.99 3.7248
12 1.2416
12.01 2.4832
12.02 3.7248
12.03 1.2416
12.04 2.4832
12.05 3.7248
12.06 0
12.07 3.7248
12.08 3.7248
12.09 0
12.1 3.7248
12.11 2.4832
12.12 1.2416
12.13 3.7248
12.14 1.2416
12.15 2.4832
12.16 3.7248
12.17 0
12.18 2.4832
12.19 1.2416
12.2 1.2416
12.21 2.4832
12.22 0
12.23 0
12.24 0
12.25 0
12.26 0
12.27 0
12.28 0
12.29 0
12.3 0
12.31 0
12.32 0
12.33 0
12.34 0
12.35 0
12.36 0
12.37 0
12.38 0
12.39 0
12.4 0
12.41 0
12.42 0
12.43 0
12.44 0
12.45 0
12.46 0
12.47 0
12.48 0
12.49 0
12.5 0
12.51 0
12.52 0
12.53 0
12.54 0
12.55 0
12.56 0
12.57 0
12.58 0
12.59 0
12.6 0
12.61 0
12.62 0
12.63 0
12.64 0
12.65 0
12.66 0
12.67 0
12.68 0
12.69 0
12.7 0
12.71 0
12.72 0
12.73 0
12.74 0
12.75 0
12.76 0
12.77 0
12.78 0
12.79 0
12.8 0
12.81 0
12.82 0
12.83 0
12.84 0
12.85 0
12.86 0
12.87 0
12.88 0
12.89 0
12.9 0
12.91 0
12.92 0
12.93 0
12.94 0
12.95 0
12.96 0
12.97 0
12.98 0
12.99 0
13 0
13.01 0
13.02 0
13.03 0
13.04 0
13.05 0
13.06 0
13.07 0
13.08 0
13.09 0
13.1 0
13.11 0
13.12 0
13.13 0
13.14 0
13.15 0
13.16 0
13.17 0
13.18 0
13.19 0
13.2 0
13.21 0
13.22 0
13.23 1.2416
13.24 1.2416
13.25 1.2416
13.26 3.7248
13.27 0
13.28 3.7248
13.29 4.9664
13.3 0
13.31 4.9664
13.32 1.2416
13.33 2.4832
13.34 4.9664
13.35 1.2416
13.36 2.4832
13.37 4.9664
13.38 0
13.39 4.9664
13.4 2.4832
13.41 1.2416
13.42 3.7248
13.43 0
13.44 3.7248
13.45 3.7248
13.46 0
13.47 3.7248
13.48 2.4832
13.49 1.2416
13.5 1.2416
13.51 0
13.52 1.2416
13.53 1.2416
13.54 0
13.55 1.2416
13.56 2.4832
13.57 0
13.58 2.4832
13.59 1.2416
13.6 1.2416
13.61 2.4832
13.62 0
13.63 2.4832
13.64 2.4832
13.65 0
13.66 2.4832
13.67 1.2416
13.68 1.2416
13.69 2.4832
13.7 0
13.71 2.4832
13.72 1.2416
13.73 1.2416
13.74 2.4832
13.75 0
13.76 2.4832
13.77 2.4832
13.78 0
13.79 2.4832
13.8 1.2416
13.81 1.2416
13.82 2.4832
13.83 0
13.84 2.4832
13.85 2.4832
13.86 0
13.87 2.4832
13.88 0
13.89 2.4832
13.9 2.4832
13.91 0
13.92 2.4832
13.93 1.2416
13.94 1.2416
13.95 2.4832
13.96 0
13.97 2.4832
13.98 2.4832
13.99 0
14 2.4832
14.01 0
14.02 2.4832
14.03 2.4832
14.04 0
14.05 2.4832
14.06 2.4832
14.07 0
14.08 2.4832
14.09 0
14.1 2.4832
14.11 2.4832
14.12 0
14.13 2.4832
14.14 0
14.15 2.4832
14.16 2.4832
14.17 0
14.18 2.4832
14.19 2.4832
14.2 0
14.21 2.4832
14.22 1.2416
14.23 1.2416
14.24 2.4832
14.25 0
14.26 2.4832
14.27 2.4832
14.28 0
14.29 2.4832
14.3 1.2416
14.31 1.2416
14.32 2.4832
14.33 0
14.34 1.2416
14.35 1.2416
14.36 0
14.37 1.2416
14.38 0
14.39 2.4832
14.4 1.2416
14.41 0
14.42 1.2416
14.43 1.2416
14.44 0
14.45 1.2416
14.46 0
14.47 1.2416
14.48 1.2416
14.49 0
14.5 1.2416
14.51 1.2416
14.52 0
14.53 1.2416
14.54 0
14.55 1.2416
14.56 1.2416
14.57 0
14.58 1.2416
14.59 1.2416
14.6 0
14.61 1.2416
14.62 1.2416
14.63 0
14.64 1.2416
14.65 1.2416
14.66 0
14.67 1.2416
14.68 0
14.69 1.2416
14.7 1.2416
14.71 0
14.72 1.2416
14.73 1.2416
14.74 0
14.75 1.2416
14.76 0
14.77 1.2416
14.78 1.2416
14.79 0
14.8 1.2416
14.81 1.2416
14.82 0
14.83 1.2416
14.84 0
14.85 1.2416
14.86 1.2416
14.87 0
14.88 1.2416
14.89 1.2416
14.9 0
14.91 1.2416
14.92 0
14.93 1.2416
14.94 1.2416
14.95 0
14.96 1.2416
14.97 1.2416
14.98 0
14.99 1.2416
15 1.2416
15.01 0
15.02 1.2416
15.03 0
15.04 1.2416
15.05 1.2416
15.06 0
15.07 1.2416
15.08 1.2416
15.09 0
15.1 1.2416
15.11 0
15.12 1.2416
15.13 1.2416
15.14 0
15.15 1.2416
15.16 1.2416
15.17 0
15.18 1.2416
15.19 0
15.2 1.2416
15.21 1.2416
15.22 0
15.23 1.2416
15.24 1.2416
15.25 0
15.26 1.2416
15.27 0
15.28 1.2416
15.29 1.2416
15.3 0
15.31 1.2416
15.32 1.2416
15.33 0
15.34 1.2416
15.35 0
15.36 1.2416
15.37 1.2416
15.38 0
15.39 1.2416
15.4 1.2416
15.41 0
15.42 1.2416
15.43 0
15.44 2.4832
15.45 4.9664
15.46 0
15.47 4.9664
15.48 3.7248
15.49 6.208
15.5 7.4496
15.51 2.4832
15.52 8.6912
15.53 3.7248
15.54 4.9664
15.55 7.4496
15.56 2.4832
15.57 4.9664
15.58 2.4832
15.59 2.4832
15.6 4.9664
15.61 1.2416
15.62 4.9664
15.63 4.9664
15.64 1.2416
15.65 6.208
15.66 3.7248
15.67 2.4832
15.68 6.208
15.69 2.4832
15.7 3.7248
15.71 4.9664
15.72 2.4832
15.73 4.9664
15.74 3.7248
15.75 2.4832
15.76 6.208
15.77 2.4832
15.78 3.7248
15.79 3.7248
15.8 1.2416
15.81 3.7248
15.82 3.7248
15.83 1.2416
15.84 4.9664
15.85 2.4832
15.86 2.4832
15.87 4.9664
15.88 0
15.89 4.9664
15.9 3.7248
15.91 1.2416
15.92 4.9664
15.93 1.2416
15.94 2.4832
15.95 3.7248
15.96 0
15.97 2.4832
15.98 2.4832
15.99 1.2416
16 3.7248
16.01 1.2416
16.02 2.4832
16.03 3.7248
16.04 0
16.05 2.4832
16.06 2.4832
16.07 0
16.08 2.4832
16.09 0
16.1 2.4832
16.11 2.4832
16.12 0
16.13 2.4832
16.14 1.2416
16.15 1.2416
16.16 2.4832
16.17 0
16.18 2.4832
16.19 2.4832
16.2 0
16.21 2.4832
16.22 1.2416
16.23 1.2416
16.24 2.4832
16.25 0
16.26 2.4832
16.27 2.4832
16.28 0
16.29 2.4832
16.3 1.2416
16.31 1.2416
16.32 2.4832
16.33 0
16.34 1.2416
16.35 1.2416
16.36 0
16.37 1.2416
16.38 0
16.39 2.4832
16.4 2.4832
16.41 0
16.42 2.4832
16.43 1.2416
16.44 1.2416
16.45 2.4832
16.46 0
16.47 2.4832
16.48 2.4832
16.49 0
16.5 2.4832
16.51 2.4832
16.52 0
16.53 1.2416
16.54 0
16.55 1.2416
16.56 1.2416
16.57 0
16.58 2.4832
16.59 0
16.6 2.4832
16.61 2.4832
16.62 0
16.63 2.4832
16.64 2.4832
16.65 1.2416
16.66 3.7248
16.67 1.2416
16.68 2.4832
16.69 3.7248
16.7 0
16.71 2.4832
16.72 1.2416
16.73 1.2416
16.74 2.4832
16.75 1.2416
16.76 1.2416
16.77 2.4832
16.78 0
16.79 2.4832
16.8 1.2416
16.81 2.4832
16.82 2.4832
16.83 1.2416
16.84 1.2416
16.85 2.4832
16.86 0
16.87 1.2416
16.88 2.4832
16.89 0
16.9 2.4832
16.91 2.4832
16.92 0
16.93 3.7248
16.94 1.2416
16.95 1.2416
16.96 2.4832
16.97 0
16.98 2.4832
16.99 2.4832
17 0
17.01 2.4832
17.02 0
17.03 2.4832
17.04 2.4832
17.05 0
17.06 3.7248
17.07 1.2416
17.08 2.4832
17.09 3.7248
17.1 0
17.11 2.4832
17.12 1.2416
17.13 1.2416
17.14 2.4832
17.15 0
17.16 3.7248
17.17 3.7248
17.18 0
17.19 3.7248
17.2 3.7248
17.21 0
17.22 3.7248
17.23 1.2416
17.24 2.4832
17.25 3.7248
17.26 0
17.27 3.7248
17.28 1.2416
17.29 1.2416
17.3 2.4832
17.31 1.2416
17.32 1.2416
17.33 3.7248
17.34 0
17.35 3.7248
17.36 2.4832
17.37 1.2416
17.38 3.7248
17.39 1.2416
17.4 2.4832
17.41 3.7248
17.42 0
17.43 3.7248
17.44 2.4832
17.45 1.2416
17.46 2.4832
17.47 0
17.48 2.4832
17.49 2.4832
17.5 0
17.51 2.4832
17.52 2.4832
17.53 1.2416
17.54 3.7248
17.55 0
17.56 3.7248
17.57 3.7248
17.58 0
17.59 2.4832
17.6 1.2416
17.61 1.2416
17.62 2.4832
17.63 0
17.64 2.4832
17.65 3.7248
17.66 0
17.67 3.7248
17.68 1.2416
17.69 2.4832
17.7 3.7248
17.71 0
17.72 3.7248
17.73 2.4832
17.74 1.2416
17.75 3.7248
17.76 1.2416
17.77 2.4832
17.78 3.7248
17.79 0
17.8 3.7248
17.81 2.4832
17.82 1.2416
17.83 3.7248
17.84 1.2416
17.85 2.4832
17.86 3.7248
17.87 0
17.88 3.7248
17.89 2.4832
17.9 1.2416
17.91 3.7248
17.92 0
17.93 3.7248
17.94 3.7248
17.95 0
17.96 3.7248
17.97 3.7248
17.98 0
17.99 3.7248
18 1.2416
18.01 0
18.02 1.2416
18.03 0
18.04 1.2416
18.05 1.2416
18.06 0
18.07 2.4832
18.08 0
18.09 3.7248
18.1 3.7248
18.11 0
18.12 3.7248
18.13 1.2416
18.14 2.4832
18.15 3.7248
18.16 0
18.17 3.7248
18.18 2.4832
18.19 1.2416
18.2 3.7248
18.21 2.4832
18.22 1.2416
18.23 3.7248
18.24 0
18.25 3.7248
18.26 3.7248
18.27 1.2416
18.28 2.4832
18.29 2.4832
18.3 0
18.31 2.4832
18.32 1.2416
18.33 1.2416
18.34 3.7248
18.35 1.2416
18.36 2.4832
18.37 3.7248
18.38 0
18.39 2.4832
18.4 1.2416
18.41 1.2416
18.42 2.4832
18.43 1.2416
18.44 1.2416
18.45 3.7248
18.46 1.2416
18.47 2.4832
18.48 2.4832
18.49 1.2416
18.5 3.7248
18.51 2.4832
18.52 0
18.53 2.4832
18.54 1.2416
18.55 1.2416
18.56 2.4832
18.57 1.2416
18.58 2.4832
18.59 3.7248
18.6 0
18.61 3.7248
18.62 2.4832
18.63 1.2416
18.64 3.7248
18.65 1.2416
18.66 2.4832
18.67 4.9664
18.68 0
18.69 4.9664
18.7 3.7248
18.71 1.2416
18.72 4.9664
18.73 0
18.74 3.7248
18.75 3.7248
18.76 0
18.77 3.7248
18.78 0
18.79 3.7248
18.8 3.7248
18.81 0
18.82 3.7248
18.83 3.7248
18.84 0
18.85 3.7248
18.86 0
18.87 0
18.88 0
18.89 0
18.9 0
18.91 0
18.92 0
18.93 0
18.94 0
18.95 0
18.96 0
18.97 0
18.98 0
18.99 0
19 0
19.01 0
19.02 0
19.03 0
19.04 0
19.05 0
19.06 0
19.07 0
19.08 0
19.09 0
19.1 0
19.11 0
19.12 0
19.13 0
19.14 0
19.15 0
19.16 0
19.17 0
19.18 0
19.19 0
19.2 0
19.21 0
19.22 0
19.23 0
19.24 0
19.25 0
19.26 0
19.27 0
19.28 0
19.29 0
19.3 0
19.31 0
19.32 0
19.33 0
19.34 0
19.35 0
19.36 0
19.37 0
19.38 0
19.39 0
19.4 0
19.41 0
19.42 0
19.43 0
19.44 0
19.45 0
19.46 0
19.47 0
19.48 0
19.49 0
19.5 0
19.51 0
19.52 0
19.53 0
19.54 0
19.55 0
19.56 0
19.57 0
19.58 0
19.59 0
19.6 0
19.61 0
19.62 0
19.63 0
19.64 0
19.65 0
19.66 0
19.67 0
19.68 0
19.69 0
19.7 0
19.71 0
19.72 0
19.73 0
19.74 0
19.75 0
19.76 0
19.77 0
19.78 0
19.79 0
19.8 0
19.81 0
19.82 0
19.83 0
19.84 0
19.85 0
19.86 0
19.87 1.2416
19.88 2.4832
19.89 0
19.9 3.7248
19.91 2.4832
19.92 2.4832
19.93 3.7248
19.94 1.2416
19.95 2.4832
19.96 3.7248
19.97 0
19.98 3.7248
19.99 1.2416
