175.084 43
175.26 44
175.47 30
175.898 31
175.999 32
176.268 33
176.495 34
176.723 23
177.121 24
177.247 25
177.441 26
177.692 27
177.752 18
178.1 19
178.258 20
178.506 21
178.861 22
181.568 23
181.921 24
182.171 25
182.37 26
182.539 27
182.681 28
182.808 29
182.925 30
183.034 31
183.135 32
183.236 33
183.32 34
183.404 35
183.488 36
183.564 37
183.631 38
183.707 39
183.774 40
183.833 41
183.9 42
183.934 29
184.287 30
184.422 31
184.514 32
184.615 33
184.724 34
184.842 35
184.985 36
185.136 37
185.287 38
185.481 39
185.725 40
185.943 41
186.288 42
188.793 43
189.146 44
189.398 45
189.591 46
189.759 47
189.902 48
190.037 49
190.154 50
190.204 35
190.7 36
190.734 37
190.818 38
190.902 39
191.078 40
191.179 41
191.297 42
191.473 43
191.65 44
191.835 45
191.952 31
192.363 32
192.582 33
192.767 34
192.96 35
193.153 36
193.456 37
193.525 25
193.92 26
194.138 27
194.365 28
194.601 29
194.844 30
195.096 31
197.685 32
198.038 33
198.282 34
198.484 35
198.652 36
198.795 37
198.921 38
199.039 39
199.148 40
199.249 41
199.35 42
199.434 43
199.518 44
199.602 45
199.745 46
199.888 47
199.946 48
