175 3.73538
175.15 3.64203
175.3 3.39371
175.45 2.89707
175.6 4.22144
175.75 3.55925
175.9 3.47648
176.05 3.39371
176.2 3.14539
176.35 3.22816
176.5 3.80757
176.65 3.55925
176.8 3.55925
176.95 3.7248
177.1 3.55925
177.25 3.39371
177.4 3.39371
177.55 3.31093
177.7 3.31093
177.85 3.47648
178 3.39371
178.15 3.22816
178.3 3.22816
178.45 3.31093
178.6 3.31093
178.75 3.39371
178.9 3.31093
179.05 3.31093
179.2 3.31093
179.35 3.31093
179.5 3.22816
179.65 3.22816
179.8 3.22816
179.95 3.22816
180.1 3.22816
180.25 2.4832
180.4 3.39371
180.55 2.97984
180.7 3.39371
180.85 3.06261
181 3.31093
181.15 3.14539
181.3 2.97984
181.45 2.97984
181.6 3.14539
181.75 2.31765
181.9 2.97984
182.05 2.81429
182.2 3.80757
182.35 3.14539
182.5 3.14539
182.65 2.73152
182.8 2.73152
182.95 2.73152
183.1 2.81429
183.25 3.14539
183.4 2.89707
183.55 2.81429
183.7 2.89707
183.85 2.81429
184 2.81429
184.15 2.73152
184.3 2.81429
184.45 2.81429
184.6 2.81429
184.75 2.81429
184.9 2.64875
185.05 2.64875
185.2 2.31765
185.35 2.15211
185.5 3.47648
185.65 2.81429
185.8 2.81429
185.95 3.55925
186.1 2.81429
186.25 2.73152
186.4 2.97984
186.55 2.97984
186.7 2.97984
186.85 3.31093
187 2.89707
187.15 2.81429
187.3 2.81429
187.45 2.64875
187.6 2.23488
187.75 2.40043
187.9 2.56597
188.05 2.31765
188.2 3.31093
188.35 3.14539
188.5 2.73152
188.65 2.81429
188.8 2.56597
188.95 2.64875
189.1 2.97984
189.25 3.14539
189.4 2.97984
189.55 2.89707
189.7 2.81429
189.85 2.73152
190 2.40043
190.15 1.82101
190.3 2.97984
190.45 2.73152
190.6 2.64875
190.75 3.55925
190.9 3.06261
191.05 2.4832
191.2 2.56597
191.35 3.31093
191.5 3.06261
191.65 3.39371
191.8 2.81429
191.95 3.06261
192.1 2.73152
192.25 2.97984
192.4 2.73152
192.55 2.97984
192.7 2.97984
192.85 2.81429
193 2.89707
193.15 2.73152
193.3 2.73152
193.45 2.73152
193.6 2.73152
193.75 2.56597
193.9 2.73152
194.05 2.31765
194.2 2.31765
194.35 2.4832
194.5 2.40043
194.65 2.4832
194.8 2.89707
194.95 2.64875
195.1 2.73152
195.25 2.56597
195.4 2.64875
195.55 2.56597
195.7 2.4832
195.85 2.40043
196 2.56597
196.15 2.15211
196.3 2.40043
196.45 2.64875
196.6 2.31765
196.75 3.14539
196.9 3.06261
197.05 2.64875
197.2 2.81429
197.35 2.64875
197.5 2.64875
197.65 2.73152
197.8 2.73152
197.95 2.89707
198.1 2.73152
198.25 2.81429
198.4 2.89707
198.55 2.73152
198.7 2.81429
198.85 2.73152
199 2.81429
199.15 2.81429
199.3 2.81429
199.45 2.4832
199.6 2.4832
199.75 2.56597
199.9 3.14539
