175 2.38522
175.15 2.89707
175.3 2.97984
175.45 1.82101
175.6 2.73152
175.75 2.40043
175.9 2.31765
176.05 2.64875
176.2 2.56597
176.35 2.73152
176.5 2.81429
176.65 2.73152
176.8 2.64875
176.95 3.06261
177.1 2.64875
177.25 2.81429
177.4 2.73152
177.55 3.14539
177.7 2.89707
177.85 3.06261
178 3.14539
178.15 3.06261
178.3 2.81429
178.45 2.89707
178.6 2.81429
178.75 3.31093
178.9 2.81429
179.05 3.14539
179.2 2.81429
179.35 2.97984
179.5 3.06261
179.65 2.64875
179.8 2.89707
179.95 2.81429
180.1 2.73152
180.25 3.22816
180.4 1.73824
180.55 2.56597
180.7 2.73152
180.85 1.90379
181 3.06261
181.15 2.31765
181.3 1.82101
181.45 3.39371
181.6 2.23488
181.75 2.97984
181.9 2.15211
182.05 2.81429
182.2 1.48992
182.35 3.06261
182.5 2.40043
182.65 2.06933
182.8 2.64875
182.95 2.23488
183.1 1.90379
183.25 2.4832
183.4 2.81429
183.55 2.23488
183.7 2.40043
183.85 2.23488
184 2.97984
184.15 1.98656
184.3 1.82101
184.45 2.40043
184.6 2.81429
184.75 2.40043
184.9 2.06933
185.05 1.98656
185.2 2.06933
185.35 2.40043
185.5 1.57269
185.65 2.31765
185.8 2.56597
185.95 2.23488
186.1 1.57269
186.25 2.56597
186.4 2.64875
186.55 1.57269
186.7 2.64875
186.85 2.73152
187 1.57269
187.15 2.81429
187.3 2.4832
187.45 1.73824
187.6 2.23488
187.75 1.65547
187.9 1.98656
188.05 2.31765
188.2 1.82101
188.35 1.82101
188.5 2.64875
188.65 2.06933
188.8 1.98656
188.95 2.73152
189.1 2.15211
189.25 2.15211
189.4 2.81429
189.55 2.23488
189.7 2.23488
189.85 2.56597
190 1.73824
190.15 2.40043
190.3 1.57269
190.45 2.06933
190.6 2.40043
190.75 2.4832
190.9 1.40715
191.05 2.40043
191.2 2.73152
191.35 1.57269
191.5 2.56597
191.65 2.81429
191.8 1.73824
191.95 2.64875
192.1 2.64875
192.25 1.82101
192.4 2.64875
192.55 1.82101
192.7 2.64875
192.85 2.81429
193 1.90379
193.15 2.64875
193.3 2.40043
193.45 2.15211
193.6 2.64875
193.75 1.57269
193.9 2.64875
194.05 1.73824
194.2 2.4832
194.35 1.90379
194.5 1.15883
194.65 2.81429
194.8 1.90379
194.95 1.32437
195.1 2.97984
195.25 1.90379
195.4 1.90379
195.55 2.15211
195.7 1.82101
195.85 3.06261
196 1.90379
196.15 1.73824
196.3 2.40043
196.45 1.98656
196.6 1.15883
196.75 2.23488
196.9 2.56597
197.05 0.910507
197.2 2.40043
197.35 2.73152
197.5 0.579413
197.65 2.81429
197.8 2.23488
197.95 1.15883
198.1 2.56597
198.25 1.2416
198.4 2.4832
198.55 2.4832
198.7 0.910507
198.85 2.56597
199 1.57269
199.15 1.90379
199.3 2.56597
199.45 0.827733
199.6 2.4832
199.75 1.82101
199.9 0.99328
