175 2.20026
175.05 2.23488
175.1 4.22144
175.15 1.48992
175.2 0
175.25 5.71136
175.3 1.48992
175.35 0.99328
175.4 3.22816
175.45 3.22816
175.5 1.98656
175.55 0
175.6 5.71136
175.65 0.99328
175.7 1.73824
175.75 2.97984
175.8 3.47648
175.85 1.98656
175.9 0
175.95 3.97312
176 1.98656
176.05 0
176.1 3.7248
176.15 1.98656
176.2 0.49664
176.25 2.4832
176.3 1.98656
176.35 1.98656
176.4 1.73824
176.45 2.97984
176.5 1.98656
176.55 0
176.6 4.46976
176.65 2.23488
176.7 0
176.75 2.97984
176.8 2.73152
176.85 1.2416
176.9 1.48992
176.95 3.47648
177 1.98656
177.05 0
177.1 2.97984
177.15 3.22816
177.2 0.74496
177.25 1.98656
177.3 2.4832
177.35 0.49664
177.4 2.23488
177.45 2.97984
177.5 0
177.55 2.4832
177.6 2.73152
177.65 0.49664
177.7 1.98656
177.75 1.98656
177.8 1.98656
177.85 0.99328
177.9 2.97984
177.95 2.23488
178 0
178.05 2.97984
178.1 3.47648
178.15 0
178.2 2.97984
178.25 2.73152
178.3 0.99328
178.35 2.23488
178.4 1.98656
178.45 2.4832
178.5 0.24832
178.55 2.97984
178.6 3.7248
178.65 0
178.7 3.22816
178.75 2.23488
178.8 1.48992
178.85 1.48992
178.9 2.97984
178.95 2.73152
179 0
179.05 3.47648
179.1 3.47648
179.15 0.24832
179.2 1.98656
179.25 2.73152
179.3 2.4832
179.35 0
179.4 3.47648
179.45 3.7248
179.5 0
179.55 2.23488
179.6 2.4832
179.65 2.4832
179.7 0
179.75 3.47648
179.8 3.7248
179.85 0
179.9 1.48992
179.95 3.22816
180 2.4832
180.05 1.48992
180.1 3.22816
180.15 2.4832
180.2 0.99328
180.25 3.7248
180.3 2.4832
180.35 0
180.4 3.47648
180.45 3.7248
180.5 0
180.55 3.22816
180.6 2.4832
180.65 1.48992
180.7 1.73824
180.75 2.97984
180.8 2.4832
180.85 0
180.9 3.22816
180.95 2.23488
181 1.73824
181.05 0.74496
181.1 2.73152
181.15 3.47648
181.2 0
181.25 3.22816
181.3 1.2416
181.35 0.49664
181.4 3.22816
181.45 1.48992
181.5 0.49664
181.55 3.47648
181.6 0.99328
181.65 1.2416
181.7 2.97984
181.75 0.99328
181.8 1.98656
181.85 0.99328
181.9 3.22816
181.95 1.98656
182 0
182.05 3.47648
182.1 2.23488
182.15 0.74496
182.2 2.4832
182.25 1.98656
182.3 2.23488
182.35 0
182.4 3.47648
182.45 1.98656
182.5 1.2416
182.55 1.2416
182.6 3.47648
182.65 2.23488
182.7 2.23488
182.75 2.4832
182.8 2.23488
182.85 3.47648
182.9 1.73824
182.95 1.98656
183 3.7248
183.05 1.98656
183.1 1.48992
183.15 3.97312
183.2 0.99328
183.25 2.23488
183.3 3.7248
183.35 1.2416
183.4 2.23488
183.45 3.22816
183.5 1.73824
183.55 2.23488
183.6 0.24832
183.65 3.7248
183.7 2.4832
183.75 0.74496
183.8 3.97312
183.85 0.99328
183.9 2.23488
183.95 3.22816
184 1.73824
184.05 2.23488
184.1 0
184.15 3.97312
184.2 1.2416
184.25 1.98656
184.3 3.47648
184.35 1.48992
184.4 2.23488
184.45 0
184.5 3.97312
184.55 1.2416
184.6 1.98656
184.65 3.47648
184.7 1.48992
184.75 2.23488
184.8 0
184.85 3.97312
184.9 1.2416
184.95 1.98656
185 3.47648
185.05 1.48992
185.1 2.23488
185.15 0
185.2 3.97312
185.25 0.99328
185.3 2.23488
185.35 1.48992
185.4 3.22816
185.45 1.98656
185.5 0.24832
185.55 2.23488
185.6 1.98656
185.65 0.74496
185.7 2.4832
185.75 1.73824
185.8 1.2416
185.85 2.4832
185.9 0.74496
185.95 2.4832
186 2.4832
186.05 0.99328
186.1 2.4832
186.15 2.73152
186.2 0.99328
186.25 2.4832
186.3 0.74496
186.35 1.98656
186.4 3.22816
186.45 0.49664
186.5 2.73152
186.55 1.48992
186.6 2.4832
186.65 2.73152
186.7 1.48992
186.75 2.4832
186.8 0
186.85 2.97984
186.9 2.23488
186.95 1.73824
187 2.97984
187.05 1.48992
187.1 2.4832
187.15 0
187.2 3.22816
187.25 1.73824
187.3 1.73824
187.35 3.22816
187.4 1.48992
187.45 1.48992
187.5 1.98656
187.55 1.48992
187.6 1.48992
187.65 2.23488
187.7 1.48992
187.75 1.73824
187.8 2.23488
187.85 1.73824
187.9 1.73824
187.95 1.98656
188 2.23488
188.05 1.73824
188.1 0.49664
188.15 1.98656
188.2 3.47648
188.25 0.24832
188.3 2.73152
188.35 1.98656
188.4 1.73824
188.45 2.4832
188.5 2.4832
188.55 1.73824
188.6 0
188.65 2.73152
188.7 2.23488
188.75 1.73824
188.8 2.97984
188.85 1.98656
188.9 1.98656
188.95 0
189 2.97984
189.05 2.23488
189.1 1.73824
189.15 1.73824
189.2 3.7248
189.25 1.73824
189.3 3.22816
189.35 2.23488
189.4 1.73824
189.45 3.22816
189.5 2.23488
189.55 1.73824
189.6 3.22816
189.65 2.23488
189.7 1.73824
189.75 3.22816
189.8 2.23488
189.85 1.73824
189.9 3.22816
189.95 2.23488
190 1.73824
190.05 1.2416
190.1 2.73152
190.15 3.22816
190.2 0
190.25 3.22816
190.3 2.4832
190.35 1.48992
190.4 3.22816
190.45 2.23488
190.5 1.73824
190.55 0.24832
190.6 3.22816
190.65 3.47648
190.7 0.24832
190.75 3.22816
190.8 2.23488
190.85 1.73824
190.9 0.49664
190.95 2.73152
191 2.97984
191.05 0.99328
191.1 2.4832
191.15 2.4832
191.2 1.73824
191.25 0.74496
191.3 2.4832
191.35 1.73824
191.4 0.74496
191.45 2.73152
191.5 1.73824
191.55 0.99328
191.6 2.97984
191.65 1.73824
191.7 0.24832
191.75 2.97984
191.8 2.73152
191.85 0
191.9 1.73824
191.95 4.46976
192 0
192.05 1.73824
192.1 3.47648
192.15 1.2416
192.2 0.74496
192.25 2.4832
192.3 3.47648
192.35 0
192.4 1.73824
192.45 4.9664
192.5 0
192.55 1.73824
192.6 2.23488
192.65 2.97984
192.7 0
192.75 1.98656
192.8 4.71808
192.85 0.24832
192.9 1.48992
192.95 1.48992
193 3.97312
193.05 0
193.1 2.23488
193.15 2.73152
193.2 0
193.25 2.23488
193.3 3.22816
193.35 0
193.4 2.23488
193.45 2.97984
193.5 0.24832
193.55 2.23488
193.6 1.98656
193.65 1.73824
193.7 0.49664
193.75 1.98656
193.8 3.7248
193.85 0
193.9 2.4832
193.95 2.97984
194 0.99328
194.05 0.74496
194.1 1.73824
194.15 4.22144
194.2 0
194.25 2.4832
194.3 2.4832
194.35 1.73824
194.4 0
194.45 2.73152
194.5 4.22144
194.55 0
194.6 2.73152
194.65 4.22144
194.7 0
194.75 2.97984
194.8 4.22144
194.85 0
194.9 2.97984
194.95 4.22144
195 0
195.05 2.97984
195.1 2.73152
195.15 1.48992
195.2 2.73152
195.25 0.24832
195.3 4.22144
195.35 0
195.4 2.97984
195.45 4.22144
195.5 0
195.55 2.97984
195.6 0.24832
195.65 3.97312
195.7 0
195.75 2.73152
195.8 4.22144
195.85 0
195.9 2.23488
195.95 1.73824
196 0.99328
196.05 2.23488
196.1 0.24832
196.15 2.97984
196.2 0
196.25 2.4832
196.3 3.22816
196.35 0
196.4 2.73152
196.45 0.74496
196.5 2.4832
196.55 0.99328
196.6 1.98656
196.65 2.97984
196.7 0
196.75 3.22816
196.8 0
196.85 1.48992
196.9 0.49664
196.95 2.4832
197 1.73824
197.05 0
197.1 2.97984
197.15 0
197.2 1.98656
197.25 0
197.3 2.97984
197.35 1.98656
197.4 0
197.45 3.22816
197.5 0.74496
197.55 1.2416
197.6 3.22816
197.65 0.49664
197.7 1.48992
197.75 2.4832
197.8 0.99328
197.85 1.98656
197.9 0.49664
197.95 2.97984
198 1.98656
198.05 0
198.1 3.47648
198.15 1.98656
198.2 0
198.25 3.47648
198.3 1.98656
198.35 0
198.4 0.74496
198.45 2.73152
198.5 1.98656
198.55 0
198.6 3.47648
198.65 1.98656
198.7 0
198.75 1.48992
198.8 1.98656
198.85 1.98656
198.9 0
198.95 3.47648
199 1.73824
199.05 0.24832
199.1 0.99328
199.15 2.4832
199.2 1.98656
199.25 0
199.3 3.47648
199.35 1.48992
199.4 0.49664
199.45 1.2416
199.5 2.23488
199.55 1.98656
199.6 0
199.65 3.47648
199.7 1.98656
199.75 1.48992
199.8 2.97984
199.85 0.99328
199.9 2.73152
199.95 2.4832
