175 2.30342
175.05 1.48992
175.1 0
175.15 6.208
175.2 2.73152
175.25 0
175.3 4.71808
175.35 3.97312
175.4 0.24832
175.45 1.98656
175.5 5.95968
175.55 0.99328
175.6 0
175.65 6.70464
175.7 2.23488
175.75 0
175.8 4.46976
175.85 3.7248
175.9 0.24832
175.95 1.2416
176 6.45632
176.05 0.74496
176.1 1.2416
176.15 4.9664
176.2 0
176.25 3.97312
176.3 2.4832
176.35 0
176.4 5.46304
176.45 1.48992
176.5 0
176.55 6.208
176.6 0.99328
176.65 0
176.7 6.70464
176.75 0.74496
176.8 0
176.85 6.208
176.9 1.48992
176.95 0
177 6.208
177.05 1.73824
177.1 0
177.15 5.21472
177.2 2.97984
177.25 0
177.3 2.97984
177.35 4.71808
177.4 0.74496
177.45 0
177.5 6.95296
177.55 1.48992
177.6 0
177.65 5.21472
177.7 2.73152
177.75 0.49664
177.8 3.97312
177.85 3.7248
177.9 0.24832
177.95 2.4832
178 3.22816
178.05 0.49664
178.1 2.4832
178.15 3.47648
178.2 0.49664
178.25 1.98656
178.3 3.97312
178.35 0.49664
178.4 0.99328
178.45 4.9664
178.5 0.74496
178.55 0
178.6 5.71136
178.65 1.2416
178.7 0
178.75 4.46976
178.8 2.4832
178.85 0
178.9 1.73824
178.95 4.22144
179 0.74496
179.05 0
179.1 4.46976
179.15 0.49664
179.2 2.23488
179.25 2.97984
179.3 0
179.35 4.22144
179.4 1.2416
179.45 0
179.5 4.9664
179.55 0.74496
179.6 0
179.65 5.21472
179.7 0.74496
179.75 0
179.8 5.21472
179.85 0.99328
179.9 0
179.95 4.46976
180 1.98656
180.05 0
180.1 3.7248
180.15 2.97984
180.2 0
180.25 2.23488
180.3 3.7248
180.35 0.74496
180.4 0
180.45 6.208
180.5 0.74496
180.55 0
180.6 5.71136
180.65 1.2416
180.7 0
180.75 3.97312
180.8 3.22816
180.85 0
180.9 0
180.95 6.208
181 0.74496
181.05 0
181.1 5.46304
181.15 0
181.2 0
181.25 5.21472
181.3 0
181.35 1.98656
181.4 3.47648
181.45 0
181.5 3.97312
181.55 1.73824
181.6 0
181.65 4.71808
181.7 1.2416
181.75 0
181.8 4.46976
181.85 1.73824
181.9 0
181.95 2.73152
182 3.7248
182.05 0
182.1 1.2416
182.15 5.46304
182.2 0
182.25 0
182.3 6.70464
182.35 0
182.4 0
182.45 6.95296
182.5 0
182.55 0
182.6 4.46976
182.65 2.4832
182.7 0
182.75 0.99328
182.8 6.208
182.85 0
182.9 0
182.95 6.70464
183 0.24832
183.05 0
183.1 3.22816
183.15 3.7248
183.2 0
183.25 4.9664
183.3 0
183.35 0.49664
183.4 4.71808
183.45 0
183.5 1.2416
183.55 4.22144
183.6 0
183.65 2.4832
183.7 3.22816
183.75 0
183.8 2.73152
183.85 3.22816
183.9 0
183.95 2.4832
184 3.7248
184.05 0
184.1 1.48992
184.15 4.9664
184.2 0
184.25 0
184.3 6.70464
184.35 0
184.4 0
184.45 5.21472
184.5 1.48992
184.55 0
184.6 2.97984
184.65 3.97312
184.7 0
184.75 0.24832
184.8 6.70464
184.85 0
184.9 0
184.95 5.46304
185 1.73824
185.05 0
185.1 2.4832
185.15 4.71808
185.2 0
185.25 6.208
185.3 0.99328
185.35 0
185.4 7.20128
185.45 0
185.5 1.98656
185.55 5.21472
185.6 0
185.65 3.22816
185.7 3.97312
185.75 0
185.8 3.22816
185.85 3.97312
185.9 0
185.95 3.22816
186 3.97312
186.05 0
186.1 1.73824
186.15 5.46304
186.2 0
186.25 0
186.3 7.20128
186.35 0
186.4 0
186.45 5.95968
186.5 1.2416
186.55 0
186.6 2.97984
186.65 4.22144
186.7 0
186.75 0.49664
186.8 6.70464
186.85 0
186.9 0
186.95 5.21472
187 1.98656
187.05 0
187.1 3.47648
187.15 3.7248
187.2 0
187.25 5.46304
187.3 1.73824
187.35 0
187.4 6.208
187.45 0.99328
187.5 0
187.55 6.70464
187.6 0.74496
187.65 0
187.7 6.45632
187.75 0.99328
187.8 0
187.85 5.46304
187.9 1.98656
187.95 0
188 4.46976
188.05 3.22816
188.1 0
188.15 3.22816
188.2 4.71808
188.25 0
188.3 1.73824
188.35 6.208
188.4 0.24832
188.45 0
188.5 6.208
188.55 2.23488
188.6 0
188.65 3.97312
188.7 4.71808
188.75 0
188.8 1.48992
188.85 7.20128
188.9 0.24832
188.95 0
189 5.46304
189.05 3.97312
189.1 0
189.15 4.22144
189.2 5.46304
189.25 0
189.3 4.46976
189.35 5.71136
189.4 0
189.45 4.71808
189.5 5.95968
189.55 0
189.6 3.22816
189.65 7.94624
189.7 0
189.75 0.99328
189.8 9.18784
189.85 1.73824
189.9 0
189.95 7.94624
190 4.71808
190.05 0
190.1 5.21472
190.15 7.94624
190.2 0.24832
190.25 0.49664
190.3 8.6912
190.35 3.7248
190.4 0
190.45 5.46304
190.5 4.71808
190.55 0
190.6 6.95296
190.65 3.7248
190.7 0
190.75 7.4496
190.8 3.7248
190.85 0
190.9 6.95296
190.95 4.46976
191 0
191.05 5.95968
191.1 5.95968
191.15 0
191.2 4.22144
191.25 8.19456
191.3 0
191.35 2.97984
191.4 8.44288
191.45 1.2416
191.5 0
191.55 7.69792
191.6 4.9664
191.65 0
191.7 3.97312
191.75 8.6912
191.8 0
191.85 0.74496
191.9 8.44288
191.95 0
192 1.48992
192.05 7.94624
192.1 0
192.15 0.99328
192.2 8.44288
192.25 0.24832
192.3 0
192.35 7.69792
192.4 2.23488
192.45 0
192.5 5.46304
192.55 4.71808
192.6 0
192.65 2.97984
192.7 6.95296
192.75 0
192.8 0
192.85 6.95296
192.9 1.48992
192.95 0
193 6.45632
193.05 0.99328
193.1 0
193.15 7.4496
193.2 0.24832
193.25 0
193.3 7.20128
193.35 0.74496
193.4 0
193.45 6.45632
193.5 1.73824
193.55 0
193.6 5.95968
193.65 2.4832
193.7 0
193.75 4.9664
193.8 3.47648
193.85 0
193.9 1.73824
193.95 6.95296
194 0
194.05 0
194.1 6.45632
194.15 2.23488
194.2 0
194.25 2.97984
194.3 4.9664
194.35 0
194.4 1.2416
194.45 4.9664
194.5 0
194.55 2.73152
194.6 3.7248
194.65 0
194.7 3.22816
194.75 3.47648
194.8 0
194.85 3.22816
194.9 3.97312
194.95 0
195 2.23488
195.05 5.21472
195.1 0
195.15 0.24832
195.2 7.4496
195.25 0
195.3 0
195.35 7.94624
195.4 0
195.45 0
195.5 5.71136
195.55 2.4832
195.6 0
195.65 1.98656
195.7 6.45632
195.75 0
195.8 0
195.85 8.44288
195.9 0
195.95 0
196 4.71808
196.05 3.97312
196.1 0
196.15 0
196.2 8.6912
196.25 0
196.3 0.49664
196.35 8.44288
196.4 0
196.45 2.23488
196.5 6.70464
196.55 0
196.6 3.22816
196.65 5.71136
196.7 0
196.75 3.47648
196.8 5.46304
196.85 0
196.9 2.97984
196.95 5.95968
197 0
197.05 1.98656
197.1 6.95296
197.15 0
197.2 0
197.25 8.44288
197.3 0.49664
197.35 0
197.4 6.208
197.45 2.73152
197.5 0
197.55 2.97984
197.6 5.95968
197.65 0
197.7 0
197.75 7.4496
197.8 0.99328
197.85 0
197.9 2.97984
197.95 3.22816
198 0
198.05 4.71808
198.1 1.73824
198.15 0
198.2 5.71136
198.25 1.2416
198.3 0
198.35 4.9664
198.4 2.23488
198.45 0
198.5 3.7248
198.55 3.7248
198.6 0
198.65 2.23488
198.7 5.46304
198.75 0
198.8 0
198.85 6.208
198.9 1.73824
198.95 0
199 3.97312
199.05 3.7248
199.1 0
199.15 3.47648
199.2 2.97984
199.25 0
199.3 3.47648
199.35 2.23488
199.4 0
199.45 4.46976
199.5 1.48992
199.55 0
199.6 4.9664
199.65 1.2416
199.7 0
199.75 4.71808
199.8 1.73824
199.85 0
199.9 4.46976
199.95 1.98656
