176.998 23
177.307 24
177.389 25
177.49 26
177.597 27
177.717 28
177.844 29
177.992 30
178.154 31
178.355 32
178.576 22
178.878 23
179.029 24
179.225 25
179.475 26
179.825 27
180.533 18
180.696 19
180.788 20
180.908 21
181.046 22
181.201 23
181.357 24
181.55 25
181.773 17
181.978 18
182.162 19
182.43 20
182.762 21
185.473 22
185.831 23
186.072 24
186.274 25
186.439 26
186.584 27
186.711 28
186.834 29
186.939 30
187.042 31
187.139 32
187.223 33
187.311 34
187.387 35
187.463 36
187.538 37
187.608 38
187.677 39
187.74 40
187.803 41
187.86 42
187.923 43
187.98 44
188.03 45
188.087 46
188.137 47
188.188 48
188.238 49
188.288 50
188.333 51
188.383 52
188.427 53
188.471 54
188.515 55
188.56 56
188.597 57
188.641 58
188.679 59
188.723 60
188.761 61
188.799 62
188.837 63
188.875 64
188.913 65
188.944 66
188.982 67
189.013 68
189.083 69
189.152 70
189.247 71
189.31 72
189.373 73
189.423 74
189.48 75
189.53 76
189.574 77
189.619 78
189.663 79
189.707 80
189.745 81
189.782 82
189.82 83
189.858 84
189.896 85
189.934 86
189.965 87
189.997 88
190.028 61
190.91 62
190.961 63
191.068 64
191.188 65
191.27 66
191.371 67
191.44 68
191.516 69
191.598 70
191.686 71
191.774 72
191.863 73
191.951 74
192.039 75
192.134 76
192.228 77
192.335 78
192.443 79
192.562 80
192.631 56
193.406 57
193.577 58
193.741 59
193.904 60
194.018 42
194.391 43
194.486 44
194.681 45
194.877 46
195.047 47
195.242 48
195.412 49
195.625 34
195.927 35
196.041 36
196.186 37
196.356 38
196.564 39
196.81 40
197.151 41
198.588 28
198.891 29
198.96 30
199.048 31
199.143 32
199.244 33
199.351 34
199.471 35
199.603 36
199.748 37
199.912 38
