175.508 10
175.814 11
176.14 12
176.483 13
179.165 14
179.502 15
179.86 16
179.862 17
179.898 11
180.22 12
180.486 13
180.791 14
180.794 15
181.116 16
181.46 17
181.857 11
182.184 12
182.434 13
182.72 14
182.723 15
183.027 16
183.354 17
184.069 11
184.428 12
184.702 13
184.731 14
185.005 15
185.325 16
185.662 17
186.399 11
186.718 12
186.98 13
187.022 14
187.301 15
187.64 16
187.991 17
188.379 11
188.953 12
189.253 13
189.256 14
189.586 15
189.928 16
190.242 17
192.887 18
193.238 19
193.593 20
193.595 21
193.922 22
193.925 23
194.255 24
194.257 25
194.261 26
194.601 27
194.604 28
194.606 29
194.61 30
194.923 31
194.925 32
194.928 33
194.93 34
194.968 35
195.236 36
195.238 37
195.241 38
195.243 39
195.269 40
195.326 41
195.565 42
195.568 43
195.571 44
195.573 45
195.581 46
195.629 47
195.653 32
196.003 33
196.244 34
196.246 35
196.249 36
196.323 37
196.564 38
196.568 39
196.627 40
196.898 41
196.924 42
197.234 43
197.284 30
197.602 31
197.854 32
197.905 33
198.205 34
198.538 35
198.884 36
