175.115 10
175.525 11
175.697 12
175.886 13
176.144 14
176.382 9
176.573 10
176.921 11
179.634 12
179.995 13
180.275 14
180.459 15
180.599 16
180.743 17
180.879 18
181.023 19
181.103 20
181.211 21
181.296 22
181.388 23
181.47 24
181.568 25
181.624 26
181.702 27
181.77 28
181.833 29
181.899 30
181.979 21
182.411 22
182.518 23
182.635 24
182.765 25
182.931 26
183.074 27
183.272 28
183.518 29
183.872 30
185.342 21
185.631 22
185.758 23
185.852 24
185.984 25
186.127 26
186.296 27
186.492 28
186.614 19
186.801 20
187.039 21
187.24 22
187.596 23
187.894 16
188.083 17
188.211 18
188.357 19
188.521 20
188.72 21
188.963 22
189.317 23
190.575 16
190.762 17
190.904 18
191.034 19
191.204 20
191.397 21
191.646 22
191.997 23
192.195 16
192.451 17
192.62 18
192.724 19
192.894 20
193.088 21
193.337 22
193.705 23
194.818 16
195.01 17
195.134 18
195.284 19
195.445 20
195.646 21
195.891 22
196.243 23
196.331 16
196.627 17
196.752 18
196.913 19
197.09 20
197.268 21
197.509 22
197.86 23
199.205 16
199.522 17
199.65 18
199.824 19
