175.124 18
175.463 19
178.105 13
178.453 14
178.572 15
178.579 16
178.681 17
178.916 18
179.264 19
179.629 13
179.983 14
180.072 15
180.078 16
180.299 17
180.444 18
180.818 19
183.528 20
183.866 21
184.115 22
184.362 23
184.473 24
184.592 16
184.921 17
185.064 18
185.071 19
185.132 20
185.189 21
185.387 22
185.725 23
186.061 24
187.477 16
187.808 17
187.89 18
187.897 19
187.909 20
188.107 21
188.273 22
188.567 23
188.655 16
189.174 17
189.18 18
189.486 19
192.213 20
192.567 21
192.928 22
192.992 23
193.273 24
193.305 25
193.44 26
193.59 27
193.66 28
193.763 29
193.916 30
193.942 31
194.029 32
194.106 33
194.265 34
194.272 35
194.324 36
194.395 37
194.457 38
194.629 39
194.636 40
194.642 41
194.699 42
194.749 43
194.806 44
194.856 45
194.972 46
194.978 47
195.003 48
195.054 49
195.098 50
195.142 51
195.193 52
195.23 53
195.289 54
195.315 55
195.359 56
195.403 57
195.523 58
195.62 59
195.69 60
195.754 61
195.81 62
195.861 63
195.91 64
195.965 65
196.003 66
196.048 67
196.09 68
196.132 69
196.172 70
196.211 71
196.249 72
196.288 73
196.326 74
196.364 75
196.402 76
196.428 77
196.459 53
196.953 54
196.959 55
196.965 56
196.972 57
197.035 58
197.154 59
197.224 60
197.306 61
197.4 62
197.495 63
197.589 64
197.693 65
197.8 66
197.905 67
197.969 46
198.555 47
198.561 48
198.638 49
198.806 50
198.983 51
199.144 52
199.357 36
199.812 37
199.818 38
199.856 39
