176.952 50
177.305 51
177.551 52
177.746 53
177.916 54
178.061 55
178.187 56
178.307 57
178.414 58
178.515 59
178.61 60
178.698 61
178.786 62
178.862 63
178.937 64
179.082 65
179.215 66
179.335 67
179.404 68
179.505 69
179.568 70
179.656 49
180.114 50
180.234 51
180.366 52
180.436 53
180.536 54
180.65 55
180.751 56
180.839 57
180.934 58
181.028 59
181.142 60
181.243 61
181.369 62
181.495 63
181.627 64
181.759 65
181.898 66
182.1 67
182.308 68
182.522 69
182.957 70
185.214 71
185.567 72
185.813 73
186.008 74
186.179 75
186.324 76
186.45 77
186.494 53
187.263 54
187.282 37
187.729 38
187.861 39
188.006 40
188.158 41
188.372 42
188.548 43
188.788 30
189.053 31
189.198 32
189.362 33
189.557 34
189.803 35
190.156 36
192.873 37
193.226 38
193.421 26
193.654 27
193.743 28
193.837 29
193.938 30
194.045 31
194.165 32
194.291 33
194.436 34
194.606 35
194.802 36
195.047 37
195.4 38
198.112 39
198.194 27
198.433 28
198.522 29
198.616 30
198.717 31
198.824 32
198.944 33
199.07 34
199.215 35
199.385 36
199.581 37
199.827 38
