175.027 56
177.517 57
177.87 58
178.116 59
178.317 60
178.481 61
178.626 62
178.759 63
178.872 64
178.985 65
179.086 66
179.257 67
179.433 68
179.534 69
179.647 70
179.748 71
179.843 72
179.925 73
180.013 74
180.089 75
180.164 76
180.234 77
180.297 78
180.366 79
180.423 80
180.486 81
180.549 82
180.606 83
180.662 84
180.719 85
180.769 86
180.82 87
180.87 88
180.921 89
180.946 62
181.847 63
181.853 64
181.904 65
181.941 45
182.345 46
182.352 47
182.516 48
182.648 49
182.793 50
182.957 51
183.152 52
183.373 53
183.707 54
184.047 55
186.052 38
186.534 39
186.553 27
186.793 28
186.799 29
186.944 30
187.147 31
187.392 32
187.742 33
188.344 23
188.548 24
188.587 25
188.6 26
188.719 27
188.849 28
188.994 29
189.158 30
189.354 31
189.606 32
189.959 33
191.235 23
191.48 24
191.486 25
191.53 26
191.658 27
191.778 28
191.924 29
192.088 30
192.29 31
192.537 32
192.89 33
193.392 23
193.832 24
193.838 25
193.882 26
194.004 27
194.13 28
194.277 29
194.444 30
194.638 31
194.889 32
195.242 33
197.957 34
198.31 35
198.556 36
198.752 37
198.916 38
199.067 39
199.193 40
199.248 28
199.494 29
199.509 30
199.521 31
199.622 32
199.729 33
199.849 34
199.975 35
