175.032 56
175.088 57
175.145 58
175.303 59
175.41 60
175.486 61
175.561 62
175.637 63
175.687 64
175.75 65
175.807 66
175.864 67
175.921 68
175.971 69
176.021 70
176.072 71
176.116 72
176.166 73
176.217 74
176.255 75
176.299 76
176.343 77
176.387 78
176.431 79
176.475 80
176.513 81
176.551 82
176.589 83
176.627 84
176.664 85
176.702 86
176.74 87
176.778 88
176.816 89
176.854 90
176.885 91
176.923 92
176.961 93
176.986 94
177.017 95
177.036 66
178.026 67
178.076 68
178.177 69
178.285 70
178.379 71
178.467 72
178.556 73
178.644 74
178.726 75
178.795 76
178.877 77
178.953 78
179.041 79
179.123 80
179.224 81
179.306 82
179.407 83
179.507 84
179.608 85
179.716 86
179.747 60
180.648 61
180.837 62
180.969 63
181.095 64
181.228 65
181.36 66
181.499 67
181.638 68
181.839 69
181.997 48
182.452 49
182.547 50
182.774 51
182.906 52
183.051 53
183.215 54
183.411 55
183.644 56
183.997 57
184.356 58
186.726 59
187.079 60
187.325 61
187.527 62
187.691 63
187.836 64
187.968 65
188.082 66
188.195 67
188.296 68
188.51 69
188.655 70
188.788 71
188.87 72
188.983 73
189.072 74
189.16 75
189.235 76
189.311 77
189.387 78
189.456 79
189.525 80
189.588 81
189.652 82
189.715 83
189.771 84
189.828 85
189.885 86
189.935 87
189.986 88
190.036 89
190.086 90
190.118 62
191.044 63
191.095 64
191.202 65
191.309 66
191.378 67
191.479 68
191.561 69
191.643 70
191.731 71
191.819 72
191.908 73
191.996 74
192.084 75
192.179 76
192.273 77
192.368 78
192.462 79
192.557 80
192.658 81
192.784 82
192.91 83
193.036 84
193.187 58
193.924 59
194.088 60
194.183 61
194.372 62
194.511 63
194.643 64
194.788 65
194.952 66
195.103 67
195.311 68
195.526 69
195.744 48
196.192 49
196.293 50
196.513 51
196.646 52
196.791 53
196.955 54
197.15 55
197.402 56
197.629 57
197.989 58
199.104 40
199.551 41
199.614 42
199.683 43
199.753 44
199.828 45
199.91 46
