175.043 26
175.055 27
175.157 28
175.266 29
175.418 30
175.532 31
175.657 32
175.837 33
176.053 34
176.273 35
176.626 24
176.934 25
177.019 26
177.218 27
177.494 28
177.882 29
180.53 30
180.946 31
181.172 32
181.329 33
181.494 34
181.639 35
181.826 36
181.888 37
182.05 38
182.097 39
182.208 27
182.738 28
182.746 29
182.84 30
182.943 31
183.106 32
183.167 33
183.304 34
183.507 35
183.609 36
183.807 37
184.053 38
184.405 39
184.731 27
185.045 28
185.051 29
185.148 30
185.248 31
185.357 32
185.474 33
185.636 34
185.751 35
185.918 36
186.114 37
186.363 38
186.717 39
187.061 27
187.367 28
187.377 29
187.472 30
187.569 31
187.679 32
187.799 33
187.975 34
188.073 35
188.24 36
188.438 37
188.686 38
189.079 39
191.75 40
192.105 41
192.352 42
192.547 43
192.715 44
192.86 45
192.99 46
193.11 47
193.216 48
193.316 49
193.415 50
193.499 51
193.584 52
193.666 53
193.741 54
193.813 55
193.884 56
193.951 57
194.014 58
194.078 59
194.136 60
194.195 61
194.254 62
194.309 63
194.363 64
194.414 65
194.464 66
194.515 67
194.589 68
194.703 69
194.811 48
195.127 49
195.153 50
195.258 51
195.363 52
195.443 53
195.518 54
195.599 55
195.684 56
195.77 57
195.858 58
195.967 59
196.065 60
196.195 61
196.281 62
196.413 63
196.545 64
196.683 65
196.709 45
197.01 46
197.14 47
197.255 48
197.386 49
197.511 50
197.698 51
197.848 52
198.081 53
198.313 54
198.54 55
199.853 38
