175.053 13
176.037 1
176.111 2
176.146 3
176.15 4
176.181 5
176.185 6
176.189 7
176.193 8
176.216 9
176.22 10
176.225 11
176.229 12
176.233 13
176.237 14
176.241 15
176.246 16
176.251 17
176.255 18
176.259 19
176.264 20
176.268 21
176.272 22
176.276 23
176.28 24
176.285 25
176.289 26
176.293 27
176.298 28
176.302 29
176.306 30
176.311 31
176.315 32
176.319 33
176.324 34
176.328 35
176.333 36
176.337 37
176.341 38
176.346 39
176.383 40
176.467 41
176.552 42
176.636 43
176.72 44
176.804 45
176.889 46
176.973 47
177.057 48
177.143 49
177.228 50
177.312 51
177.396 52
177.481 53
177.565 54
177.607 37
177.83 38
177.893 39
178.006 40
178.086 41
178.17 42
178.258 43
178.355 44
178.456 45
178.561 46
178.683 47
178.796 48
178.956 49
179.103 50
179.313 51
179.477 35
179.687 36
179.762 37
179.893 38
180.036 39
180.205 40
180.402 41
180.65 42
180.73 29
180.977 30
181.082 31
181.246 32
181.444 33
181.692 34
182.045 35
184.76 36
185.109 37
185.357 38
185.563 26
185.802 27
185.848 28
185.945 29
186.046 30
186.151 31
186.268 32
186.399 33
186.546 34
186.714 35
186.907 36
187.134 25
187.282 26
187.404 27
187.601 28
187.849 29
188.055 20
188.177 21
188.332 22
188.58 23
188.799 16
188.895 17
189.101 18
189.454 19
191.463 13
191.539 14
191.543 15
191.808 16
192.006 17
192.254 18
192.607 19
195.321 20
195.674 21
195.817 14
195.901 15
195.989 16
196.132 17
196.3 18
196.498 19
196.746 20
197.099 21
197.435 14
197.519 15
197.523 16
197.75 17
197.918 18
198.116 19
198.364 20
198.717 21
