175 1.13341
175.2 0.68288
175.4 0.80704
175.6 0.18624
175.8 1.05536
176 0.9312
176.2 0.24832
176.4 1.11744
176.6 0.86912
176.8 0.37248
177 1.30368
177.2 0.3104
177.4 1.05536
177.6 0.74496
177.8 0.68288
178 1.05536
178.2 0.43456
178.4 1.36576
178.6 0.18624
178.8 1.552
179 0.12416
179.2 1.61408
179.4 0.43456
179.6 1.30368
179.8 1.67616
180 1.2416
180.2 1.17952
180.4 1.42784
180.6 1.8624
180.8 1.36576
181 1.42784
181.2 1.36576
181.4 1.8624
181.6 1.48992
181.8 1.30368
182 1.73824
182.2 1.61408
182.4 1.552
182.6 1.61408
182.8 1.67616
183 1.552
183.2 1.552
183.4 1.552
183.6 1.552
183.8 1.61408
184 1.30368
184.2 1.80032
184.4 1.17952
184.6 1.73824
184.8 1.2416
185 1.73824
185.2 1.11744
185.4 1.61408
185.6 1.11744
185.8 0.74496
186 0.86912
186.2 1.05536
186.4 1.42784
186.6 0.74496
186.8 0.9312
187 1.36576
187.2 1.17952
187.4 0.99328
187.6 1.11744
187.8 1.73824
188 1.05536
188.2 0.99328
188.4 1.61408
188.6 0.99328
188.8 1.11744
189 1.30368
189.2 1.05536
189.4 1.42784
189.6 0.99328
189.8 1.11744
190 1.2416
190.2 1.17952
190.4 1.11744
190.6 1.2416
190.8 0.99328
191 1.2416
191.2 0.80704
191.4 0.74496
191.6 0.43456
191.8 0.9312
192 1.05536
192.2 0.68288
192.4 0.55872
192.6 1.2416
192.8 0.99328
193 0.49664
193.2 1.17952
193.4 1.2416
193.6 0.9312
193.8 0.9312
194 1.36576
194.2 1.2416
194.4 0.80704
194.6 1.2416
194.8 1.17952
195 0.74496
195.2 1.61408
195.4 0.6208
195.6 1.2416
195.8 0.99328
196 0.9312
196.2 1.42784
196.4 0.68288
196.6 1.552
196.8 0.68288
197 1.48992
197.2 0.68288
197.4 1.73824
197.6 0.99328
197.8 1.552
198 1.8624
198.2 1.552
198.4 1.61408
198.6 1.92448
198.8 1.61408
199 1.73824
199.2 1.80032
199.4 1.73824
199.6 1.8624
199.8 1.92448
