175 0.715734
175.2 1.48992
175.4 0
175.6 1.552
175.8 0.18624
176 1.42784
176.2 1.67616
176.4 0.80704
176.6 0.9312
176.8 1.80032
177 0.37248
177.2 1.48992
177.4 1.36576
177.6 0.55872
177.8 1.73824
178 0.24832
178.2 1.98656
178.4 0.06208
178.6 1.98656
178.8 0.12416
179 1.8624
179.2 0.24832
179.4 1.67616
179.6 0.37248
179.8 0.99328
180 0.37248
180.2 0.68288
180.4 1.11744
180.6 0
180.8 1.17952
181 0.49664
181.2 0.74496
181.4 1.11744
181.6 0.18624
181.8 1.30368
182 0.06208
182.2 1.42784
182.4 0.24832
182.6 1.2416
182.8 1.05536
183 0.49664
183.2 1.61408
183.4 0.3104
183.6 1.36576
183.8 0.37248
184 1.36576
184.2 0.49664
184.4 1.30368
184.6 0.49664
184.8 1.30368
185 0.43456
185.2 1.42784
185.4 0.43456
185.6 1.48992
185.8 0.6208
186 1.36576
186.2 1.17952
186.4 0.86912
186.6 1.8624
186.8 0.24832
187 2.1728
187.2 0
187.4 2.23488
187.6 0.74496
187.8 1.552
188 2.23488
188.2 0.43456
188.4 2.11072
188.6 1.80032
188.8 0.68288
189 2.35904
189.2 0.37248
189.4 2.42112
189.6 0.6208
189.8 2.04864
190 0.68288
190.2 2.04864
190.4 0.37248
190.6 2.42112
190.8 0
191 2.85568
191.2 0
191.4 2.91776
191.6 0
191.8 2.97984
192 1.05536
192.2 1.98656
192.4 1.73824
192.6 1.36576
192.8 2.11072
193 1.05536
193.2 1.92448
193.4 1.11744
193.6 1.552
193.8 0.6208
194 1.11744
194.2 1.42784
194.4 0.86912
194.6 0.99328
194.8 1.552
195 0.6208
195.2 1.17952
195.4 0.86912
195.6 0.99328
195.8 1.42784
196 0.55872
196.2 1.61408
196.4 0.37248
196.6 1.552
196.8 0.49664
197 1.05536
197.2 0.99328
197.4 0.86912
197.6 1.30368
197.8 1.36576
198 1.11744
198.2 2.04864
198.4 0.6208
198.6 1.73824
198.8 0.74496
199 1.67616
199.2 0.74496
199.4 1.73824
199.6 0.86912
199.8 1.98656
