175 1.04288
175.2 0.99328
175.4 0.18624
175.6 0.99328
175.8 0.18624
176 1.05536
176.2 0.12416
176.4 1.17952
176.6 0.49664
176.8 0.86912
177 1.11744
177.2 0.3104
177.4 1.48992
177.6 0.37248
177.8 1.17952
178 0.6208
178.2 0.99328
178.4 0.74496
178.6 0.9312
178.8 0.74496
179 0.99328
179.2 0.68288
179.4 1.05536
179.6 0.6208
179.8 1.17952
180 0.49664
180.2 1.2416
180.4 0.24832
180.6 1.30368
180.8 0.37248
181 1.48992
181.2 0
181.4 0.9312
181.6 0.9312
181.8 0.06208
182 0.9312
182.2 1.05536
182.4 0.06208
182.6 1.05536
182.8 0.80704
183 0.37248
183.2 1.2416
183.4 0.18624
183.6 1.11744
183.8 0.6208
184 0.74496
184.2 0.9312
184.4 0.49664
184.6 1.05536
184.8 0.43456
185 1.11744
185.2 0.43456
185.4 1.05536
185.6 0.55872
185.8 0.9312
186 0.74496
186.2 0.74496
186.4 0.99328
186.6 0.55872
186.8 1.2416
187 0.3104
187.2 1.48992
187.4 0.12416
187.6 1.42784
187.8 0.55872
188 1.67616
188.2 0.80704
188.4 1.42784
188.6 1.17952
188.8 1.11744
189 1.61408
189.2 0.99328
189.4 1.61408
189.6 0.99328
189.8 1.2416
190 1.36576
190.2 1.11744
190.4 1.42784
190.6 1.05536
190.8 1.42784
191 0.99328
191.2 1.42784
191.4 0.99328
191.6 1.42784
191.8 0.9312
192 1.48992
192.2 0.99328
192.4 1.36576
192.6 1.11744
192.8 0.3104
193 0.9312
193.2 0.80704
193.4 0.49664
193.6 1.36576
193.8 0.06208
194 1.36576
194.2 0.43456
194.4 1.05536
194.6 0.74496
194.8 0.80704
195 0.9312
195.2 0.68288
195.4 1.11744
195.6 0.55872
195.8 1.17952
196 0.55872
196.2 1.11744
196.4 0.68288
196.6 0.99328
196.8 0.86912
197 0.74496
197.2 1.17952
197.4 0.37248
197.6 1.552
197.8 0.06208
198 1.42784
198.2 0.6208
198.4 0.9312
198.6 1.11744
198.8 0.3104
199 1.17952
199.2 0.24832
199.4 0.74496
199.6 0.99328
199.8 0.06208
