175 2.71336
175.15 1.73824
175.3 2.31765
175.45 1.73824
175.6 1.15883
175.75 2.15211
175.9 1.90379
176.05 2.31765
176.2 2.31765
176.35 1.65547
176.5 1.2416
176.65 1.73824
176.8 2.40043
176.95 2.40043
177.1 0.910507
177.25 2.23488
177.4 1.90379
177.55 2.64875
177.7 1.57269
177.85 2.06933
178 1.65547
178.15 2.06933
178.3 2.06933
178.45 2.23488
178.6 1.98656
178.75 1.82101
178.9 1.2416
179.05 2.31765
179.2 2.64875
179.35 2.23488
179.5 1.82101
179.65 1.48992
179.8 2.56597
179.95 1.98656
180.1 1.73824
180.25 1.48992
180.4 1.73824
180.55 1.48992
180.7 2.31765
180.85 2.31765
181 1.40715
181.15 1.73824
181.3 1.65547
181.45 2.40043
181.6 1.82101
181.75 1.40715
181.9 1.57269
182.05 2.40043
182.2 2.40043
182.35 1.2416
182.5 1.82101
182.65 1.73824
182.8 2.23488
182.95 0.579413
183.1 1.57269
183.25 1.2416
183.4 1.90379
183.55 1.98656
183.7 0.910507
183.85 1.98656
184 1.2416
184.15 2.15211
184.3 1.48992
184.45 1.57269
184.6 1.65547
184.75 0.99328
184.9 1.15883
185.05 1.40715
185.2 1.65547
185.35 1.82101
185.5 1.73824
185.65 0.579413
185.8 1.32437
185.95 1.82101
186.1 1.82101
186.25 0.99328
186.4 1.07605
186.55 1.57269
186.7 1.82101
186.85 1.2416
187 0.99328
187.15 1.40715
187.3 1.82101
187.45 1.82101
187.6 1.82101
187.75 0.662187
187.9 1.15883
188.05 1.90379
188.2 1.90379
188.35 1.32437
188.5 0.662187
188.65 2.06933
188.8 1.98656
188.95 1.73824
189.1 1.48992
189.25 1.65547
189.4 1.65547
189.55 1.57269
189.7 1.2416
189.85 0.99328
190 1.98656
190.15 2.06933
190.3 2.06933
190.45 1.07605
190.6 1.15883
190.75 2.23488
190.9 1.98656
191.05 0.910507
191.2 0.827733
191.35 1.40715
191.5 1.73824
191.65 1.82101
191.8 1.82101
191.95 1.15883
192.1 0.910507
192.25 2.06933
192.4 2.15211
192.55 1.32437
192.7 0.99328
192.85 2.06933
193 2.23488
193.15 1.40715
193.3 0.910507
193.45 2.15211
193.6 2.23488
193.75 2.15211
193.9 1.48992
194.05 1.48992
194.2 1.57269
194.35 2.23488
194.5 1.90379
194.65 1.07605
194.8 1.48992
194.95 2.23488
195.1 2.23488
195.25 2.23488
195.4 2.23488
195.55 0.910507
195.7 1.48992
195.85 2.40043
196 2.4832
196.15 1.82101
196.3 0.827733
196.45 2.4832
196.6 2.73152
196.75 2.89707
196.9 2.23488
197.05 2.31765
197.2 2.40043
197.35 2.64875
197.5 3.55925
197.65 3.31093
197.8 2.4832
197.95 2.15211
198.1 4.30421
198.25 4.38699
198.4 3.14539
198.55 1.98656
198.7 4.05589
198.85 3.80757
199 4.05589
199.15 4.22144
199.3 4.38699
199.45 4.55253
199.6 3.31093
199.75 2.89707
199.9 3.64203
