175 2.31357
175.15 1.98656
175.3 2.23488
175.45 2.06933
175.6 2.23488
175.75 2.15211
175.9 1.98656
176.05 2.06933
176.2 2.40043
176.35 2.4832
176.5 2.4832
176.65 1.82101
176.8 1.98656
176.95 1.90379
177.1 1.98656
177.25 2.06933
177.4 1.90379
177.55 2.06933
177.7 2.15211
177.85 2.23488
178 1.90379
178.15 2.06933
178.3 2.15211
178.45 1.65547
178.6 1.98656
178.75 2.56597
178.9 2.4832
179.05 2.06933
179.2 1.98656
179.35 1.82101
179.5 2.23488
179.65 2.64875
179.8 2.64875
179.95 2.06933
180.1 2.31765
180.25 2.06933
180.4 1.48992
180.55 2.64875
180.7 2.64875
180.85 1.98656
181 2.56597
181.15 2.73152
181.3 2.23488
181.45 2.23488
181.6 2.23488
181.75 2.40043
181.9 2.31765
182.05 2.64875
182.2 2.40043
182.35 2.4832
182.5 2.40043
182.65 2.73152
182.8 2.4832
182.95 3.06261
183.1 2.64875
183.25 3.39371
183.4 2.89707
183.55 2.81429
183.7 2.97984
183.85 2.64875
184 2.40043
184.15 2.89707
184.3 2.40043
184.45 2.15211
184.6 2.64875
184.75 2.40043
184.9 2.73152
185.05 2.56597
185.2 2.56597
185.35 2.73152
185.5 2.81429
185.65 2.81429
185.8 2.89707
185.95 2.40043
186.1 2.40043
186.25 2.31765
186.4 2.06933
186.55 2.40043
186.7 2.89707
186.85 2.56597
187 2.23488
187.15 2.4832
187.3 2.64875
187.45 2.40043
187.6 2.40043
187.75 2.64875
187.9 2.89707
188.05 2.81429
188.2 1.98656
188.35 2.56597
188.5 2.40043
188.65 1.90379
188.8 2.81429
188.95 2.73152
189.1 1.98656
189.25 1.65547
189.4 2.40043
189.55 2.15211
189.7 1.65547
189.85 2.31765
190 2.73152
190.15 2.31765
190.3 1.90379
190.45 1.98656
190.6 2.23488
190.75 2.15211
190.9 2.23488
191.05 2.31765
191.2 2.15211
191.35 2.23488
191.5 1.57269
191.65 1.73824
191.8 2.23488
191.95 2.40043
192.1 2.06933
192.25 2.23488
192.4 2.06933
192.55 1.32437
192.7 1.90379
192.85 2.40043
193 1.98656
193.15 2.06933
193.3 2.23488
193.45 1.48992
193.6 1.82101
193.75 2.40043
193.9 1.90379
194.05 2.06933
194.2 1.82101
194.35 2.15211
194.5 2.06933
194.65 1.90379
194.8 1.90379
194.95 1.90379
195.1 1.73824
195.25 1.90379
195.4 2.40043
195.55 2.40043
195.7 2.15211
195.85 1.82101
196 1.82101
196.15 1.65547
196.3 2.4832
196.45 2.4832
196.6 2.4832
196.75 2.31765
196.9 2.15211
197.05 1.40715
197.2 1.65547
197.35 1.98656
197.5 1.98656
197.65 2.15211
197.8 2.06933
197.95 2.23488
198.1 2.06933
198.25 1.98656
198.4 2.40043
198.55 1.98656
198.7 2.31765
198.85 2.4832
199 2.31765
199.15 2.40043
199.3 1.90379
199.45 2.06933
199.6 2.15211
199.75 2.06933
199.9 1.98656
