175 3.05441
175.15 3.80757
175.3 3.64203
175.45 4.38699
175.6 3.80757
175.75 3.55925
175.9 4.38699
176.05 3.7248
176.2 3.55925
176.35 4.05589
176.5 3.7248
176.65 3.89035
176.8 3.55925
176.95 3.64203
177.1 3.55925
177.25 2.4832
177.4 3.55925
177.55 3.22816
177.7 2.89707
177.85 3.55925
178 3.06261
178.15 3.22816
178.3 3.31093
178.45 3.14539
178.6 3.39371
178.75 3.22816
178.9 3.22816
179.05 3.06261
179.2 3.06261
179.35 3.06261
179.5 3.06261
179.65 3.64203
179.8 3.47648
179.95 3.14539
180.1 3.14539
180.25 3.14539
180.4 3.14539
180.55 3.06261
180.7 3.06261
180.85 2.97984
181 2.64875
181.15 2.4832
181.3 3.14539
181.45 2.89707
181.6 2.97984
181.75 2.89707
181.9 3.14539
182.05 3.06261
182.2 3.06261
182.35 2.89707
182.5 2.97984
182.65 2.97984
182.8 3.06261
182.95 3.47648
183.1 3.39371
183.25 3.22816
183.4 3.06261
183.55 3.06261
183.7 3.14539
183.85 3.39371
184 3.22816
184.15 3.31093
184.3 3.14539
184.45 2.73152
184.6 2.4832
184.75 3.64203
184.9 2.64875
185.05 3.7248
185.2 3.39371
185.35 2.64875
185.5 2.97984
185.65 3.47648
185.8 3.31093
185.95 3.47648
186.1 3.22816
186.25 3.22816
186.4 3.31093
186.55 3.14539
186.7 3.06261
186.85 3.06261
187 2.97984
187.15 2.06933
187.3 2.81429
187.45 3.39371
187.6 2.64875
187.75 2.56597
187.9 3.14539
188.05 2.81429
188.2 2.81429
188.35 2.89707
188.5 2.89707
188.65 2.97984
188.8 2.97984
188.95 3.31093
189.1 4.46976
189.25 3.39371
189.4 3.39371
189.55 3.31093
189.7 3.55925
189.85 3.06261
190 3.06261
190.15 2.97984
190.3 2.06933
190.45 3.89035
190.6 2.64875
190.75 2.81429
190.9 3.80757
191.05 3.31093
191.2 2.89707
191.35 2.97984
191.5 2.89707
191.65 3.39371
191.8 3.47648
191.95 3.39371
192.1 3.22816
192.25 3.22816
192.4 3.31093
192.55 3.14539
192.7 3.31093
192.85 3.06261
193 2.97984
193.15 2.81429
193.3 2.15211
193.45 2.31765
193.6 2.40043
193.75 2.4832
193.9 2.64875
194.05 2.73152
194.2 4.30421
194.35 4.13867
194.5 2.89707
194.65 3.7248
194.8 4.46976
194.95 3.47648
195.1 3.31093
195.25 3.06261
195.4 3.06261
195.55 3.06261
195.7 3.06261
195.85 3.06261
196 3.06261
196.15 2.97984
196.3 2.31765
196.45 3.39371
196.6 3.14539
196.75 2.73152
196.9 2.56597
197.05 2.4832
197.2 2.31765
197.35 3.06261
197.5 2.89707
197.65 2.06933
197.8 3.80757
197.95 2.73152
198.1 2.23488
198.25 2.23488
198.4 3.06261
198.55 3.22816
198.7 2.89707
198.85 2.40043
199 2.31765
199.15 2.31765
199.3 2.31765
199.45 2.81429
199.6 2.81429
199.75 2.89707
199.9 2.56597
