175 2.7162
175.15 0.99328
175.3 4.55253
175.45 2.64875
175.6 2.15211
175.75 4.38699
175.9 1.2416
176.05 3.97312
176.2 4.05589
176.35 0.74496
176.5 4.80085
176.65 2.40043
176.8 2.40043
176.95 4.22144
177.1 0.579413
177.25 4.71808
177.4 1.65547
177.55 1.73824
177.7 3.39371
177.85 0.165547
178 3.55925
178.15 2.15211
178.3 0.662187
178.45 2.89707
178.6 1.90379
178.75 1.15883
178.9 2.81429
179.05 0.331093
179.2 3.22816
179.35 2.23488
179.5 1.07605
179.65 3.06261
179.8 0.331093
179.95 3.39371
180.1 3.06261
180.25 0.331093
180.4 3.39371
180.55 2.73152
180.7 0.662187
180.85 3.39371
181 0.99328
181.15 2.40043
181.3 3.06261
181.45 0.331093
181.6 3.39371
181.75 0.165547
181.9 3.14539
182.05 1.98656
182.2 0.331093
182.35 2.56597
182.5 0.413867
182.65 2.31765
182.8 2.06933
182.95 0.827733
183.1 3.06261
183.25 1.40715
183.4 1.73824
183.55 3.06261
183.7 0.165547
183.85 3.31093
184 0.579413
184.15 2.81429
184.3 3.39371
184.45 1.2416
184.6 2.15211
184.75 3.39371
184.9 1.2416
185.05 2.15211
185.2 3.39371
185.35 0
185.5 3.39371
185.65 2.4832
185.8 0.910507
185.95 3.39371
186.1 0.579413
186.25 2.81429
186.4 2.15211
186.55 1.2416
186.7 3.22816
186.85 0.24832
187 3.47648
187.15 2.73152
187.3 0.827733
187.45 3.64203
187.6 1.82101
187.75 1.98656
187.9 3.31093
188.05 1.65547
188.2 3.14539
188.35 2.06933
188.5 2.31765
188.65 3.39371
188.8 0.910507
188.95 3.31093
189.1 2.73152
189.25 2.73152
189.4 1.82101
189.55 2.97984
189.7 2.4832
189.85 2.64875
190 3.31093
190.15 0.99328
190.3 4.46976
190.45 2.15211
190.6 2.40043
190.75 3.55925
190.9 1.07605
191.05 4.05589
191.2 3.47648
191.35 1.98656
191.5 3.7248
191.65 3.22816
191.8 2.64875
191.95 3.7248
192.1 1.07605
192.25 4.22144
192.4 3.22816
192.55 2.15211
192.7 3.7248
192.85 1.07605
193 3.7248
193.15 3.22816
193.3 2.56597
193.45 3.31093
193.6 0.827733
193.75 2.97984
193.9 2.73152
194.05 1.48992
194.2 3.31093
194.35 1.15883
194.5 3.31093
194.65 2.97984
194.8 1.57269
194.95 2.23488
195.1 1.98656
195.25 2.06933
195.4 2.31765
195.55 1.82101
195.7 2.40043
195.85 2.15211
196 1.65547
196.15 2.40043
196.3 1.90379
196.45 2.06933
196.6 2.4832
196.75 1.15883
196.9 2.15211
197.05 2.06933
197.2 1.2416
197.35 2.4832
197.5 1.2416
197.65 2.56597
197.8 2.23488
197.95 1.15883
198.1 2.73152
198.25 1.32437
198.4 2.4832
198.55 2.64875
198.7 1.48992
198.85 3.7248
199 2.64875
199.15 1.07605
199.3 3.7248
199.45 2.4832
199.6 1.2416
199.75 2.97984
199.9 2.56597
