175 1.24501
175.15 1.32437
175.3 1.32437
175.45 1.32437
175.6 0.910507
175.75 1.2416
175.9 1.65547
176.05 1.32437
176.2 1.15883
176.35 1.07605
176.5 0.910507
176.65 0.662187
176.8 0.910507
176.95 1.48992
177.1 0.99328
177.25 0.99328
177.4 1.07605
177.55 1.07605
177.7 1.40715
177.85 1.48992
178 1.65547
178.15 1.15883
178.3 1.15883
178.45 1.15883
178.6 1.48992
178.75 1.2416
178.9 1.82101
179.05 1.2416
179.2 1.07605
179.35 0.74496
179.5 0.827733
179.65 1.2416
179.8 1.32437
179.95 1.2416
180.1 0.910507
180.25 0.827733
180.4 0.827733
180.55 0.99328
180.7 1.15883
180.85 1.2416
181 1.15883
181.15 0.910507
181.3 0.910507
181.45 0.827733
181.6 1.07605
181.75 0.662187
181.9 1.07605
182.05 0.827733
182.2 0.827733
182.35 0.827733
182.5 1.07605
182.65 1.15883
182.8 1.07605
182.95 1.2416
183.1 0.827733
183.25 0.579413
183.4 0.662187
183.55 1.07605
183.7 0.910507
183.85 1.15883
184 0.827733
184.15 0.910507
184.3 0.910507
184.45 1.15883
184.6 1.2416
184.75 0.910507
184.9 0.74496
185.05 0.662187
185.2 0.74496
185.35 0.74496
185.5 1.32437
185.65 0.910507
185.8 1.15883
185.95 0.99328
186.1 0.910507
186.25 0.910507
186.4 0.910507
186.55 1.07605
186.7 0.827733
186.85 0.74496
187 0.579413
187.15 0.413867
187.3 0.49664
187.45 0.74496
187.6 0.827733
187.75 0.662187
187.9 0.662187
188.05 0.579413
188.2 0.579413
188.35 0.579413
188.5 0.331093
188.65 0.413867
188.8 0.49664
188.95 0.49664
189.1 0.49664
189.25 0.49664
189.4 0.579413
189.55 0.827733
189.7 0.910507
189.85 0.579413
190 0.579413
190.15 0.579413
190.3 0.579413
190.45 0.827733
190.6 0.827733
190.75 0.662187
190.9 0.579413
191.05 0.579413
191.2 0.579413
191.35 0.74496
191.5 0.662187
191.65 0.910507
191.8 0.579413
191.95 0.579413
192.1 0.662187
192.25 0.662187
192.4 1.07605
192.55 0.99328
192.7 0.910507
192.85 0.910507
193 0.99328
193.15 1.07605
193.3 1.57269
193.45 1.48992
193.6 2.06933
193.75 1.57269
193.9 1.65547
194.05 1.82101
194.2 2.31765
194.35 3.14539
194.5 3.14539
194.65 2.97984
194.8 1.98656
194.95 2.06933
195.1 2.15211
195.25 2.73152
195.4 2.56597
195.55 1.73824
195.7 1.73824
195.85 1.73824
196 1.2416
196.15 1.73824
196.3 1.98656
196.45 1.82101
196.6 1.48992
196.75 1.48992
196.9 1.48992
197.05 1.48992
197.2 1.98656
197.35 2.06933
197.5 1.82101
197.65 1.07605
197.8 1.07605
197.95 1.15883
198.1 1.57269
198.25 1.40715
198.4 1.15883
198.55 0.99328
198.7 0.74496
198.85 0.74496
199 0.827733
199.15 0.910507
199.3 1.32437
199.45 1.07605
199.6 0.827733
199.75 0.827733
199.9 0.827733
