175 2.5621
175.15 1.40715
175.3 1.2416
175.45 1.32437
175.6 1.57269
175.75 1.73824
175.9 1.73824
176.05 1.65547
176.2 1.57269
176.35 1.65547
176.5 1.2416
176.65 1.73824
176.8 1.82101
176.95 1.82101
177.1 1.65547
177.25 1.40715
177.4 1.2416
177.55 1.32437
177.7 1.40715
177.85 1.48992
178 1.57269
178.15 1.65547
178.3 1.65547
178.45 1.48992
178.6 1.32437
178.75 1.57269
178.9 0.910507
179.05 1.82101
179.2 1.82101
179.35 1.82101
179.5 1.82101
179.65 1.82101
179.8 1.82101
179.95 1.65547
180.1 1.48992
180.25 1.40715
180.4 0.910507
180.55 1.82101
180.7 1.82101
180.85 1.82101
181 1.82101
181.15 1.82101
181.3 1.82101
181.45 1.82101
181.6 1.90379
181.75 1.90379
181.9 1.98656
182.05 2.06933
182.2 1.65547
182.35 1.40715
182.5 1.15883
182.65 2.31765
182.8 2.40043
182.95 2.4832
183.1 2.64875
183.25 2.81429
183.4 2.97984
183.55 2.56597
183.7 2.40043
183.85 2.89707
184 3.06261
184.15 3.14539
184.3 4.13867
184.45 3.89035
184.6 3.47648
184.75 3.39371
184.9 4.38699
185.05 4.05589
185.2 4.22144
185.35 4.05589
185.5 4.05589
185.65 3.97312
185.8 3.7248
185.95 3.89035
186.1 3.89035
186.25 3.89035
186.4 3.89035
186.55 4.55253
186.7 4.63531
186.85 4.46976
187 3.7248
187.15 4.30421
187.3 4.9664
187.45 4.63531
187.6 4.38699
187.75 4.30421
187.9 4.38699
188.05 4.05589
188.2 4.38699
188.35 4.05589
188.5 4.13867
188.65 4.71808
188.8 4.46976
188.95 3.31093
189.1 3.22816
189.25 3.39371
189.4 3.55925
189.55 3.7248
189.7 3.22816
189.85 3.31093
190 3.22816
190.15 2.73152
190.3 3.39371
190.45 4.30421
190.6 3.89035
190.75 3.22816
190.9 3.31093
191.05 3.7248
191.2 3.39371
191.35 3.47648
191.5 3.14539
191.65 3.39371
191.8 2.81429
191.95 2.64875
192.1 3.06261
192.25 3.64203
192.4 3.64203
192.55 3.64203
192.7 3.64203
192.85 3.39371
193 2.73152
193.15 2.23488
193.3 3.06261
193.45 3.22816
193.6 3.55925
193.75 3.64203
193.9 3.64203
194.05 3.64203
194.2 3.64203
194.35 3.64203
194.5 3.64203
194.65 3.7248
194.8 3.7248
194.95 3.7248
195.1 3.80757
195.25 3.89035
195.4 3.97312
195.55 4.05589
195.7 3.97312
195.85 2.97984
196 3.64203
196.15 3.31093
196.3 2.81429
196.45 3.39371
196.6 3.06261
196.75 3.06261
196.9 2.64875
197.05 3.7248
197.2 3.80757
197.35 4.30421
197.5 4.9664
197.65 5.21472
197.8 4.63531
197.95 4.55253
198.1 4.46976
198.25 4.38699
198.4 4.30421
198.55 4.22144
198.7 4.22144
198.85 3.89035
199 4.22144
199.15 4.13867
199.3 3.64203
199.45 4.22144
199.6 3.97312
199.75 4.38699
199.9 4.30421
