175 3.58709
175.1 3.97312
175.2 4.22144
175.3 2.73152
175.4 3.22816
175.5 5.21472
175.6 2.73152
175.7 3.22816
175.8 4.9664
175.9 2.73152
176 5.33888
176.1 4.22144
176.2 3.97312
176.3 3.35232
176.4 3.97312
176.5 4.59392
176.6 4.59392
176.7 3.35232
176.8 5.09056
176.9 3.60064
177 3.7248
177.1 5.09056
177.2 3.47648
177.3 4.59392
177.4 3.60064
177.5 4.84224
177.6 3.47648
177.7 4.59392
177.8 3.22816
177.9 4.46976
178 4.71808
178.1 3.60064
178.2 4.3456
178.3 3.47648
178.4 5.09056
178.5 3.60064
178.6 4.84224
178.7 3.60064
178.8 4.71808
178.9 3.47648
179 4.71808
179.1 4.22144
179.2 4.09728
179.3 3.84896
179.4 3.7248
179.5 5.09056
179.6 3.60064
179.7 4.59392
179.8 3.60064
179.9 4.71808
180 3.35232
180.1 4.22144
180.2 4.3456
180.3 3.60064
180.4 4.09728
180.5 4.09728
180.6 3.7248
180.7 3.60064
180.8 4.22144
180.9 2.23488
181 3.47648
181.1 3.47648
181.2 4.46976
181.3 3.84896
181.4 3.104
181.5 2.60736
181.6 4.59392
181.7 3.7248
181.8 2.35904
181.9 4.09728
182 2.23488
182.1 2.85568
182.2 3.47648
182.3 2.85568
182.4 3.97312
182.5 3.104
182.6 3.60064
182.7 3.22816
182.8 2.60736
182.9 3.47648
183 3.35232
183.1 3.47648
183.2 2.73152
183.3 3.22816
183.4 2.85568
183.5 2.85568
183.6 3.22816
183.7 3.35232
183.8 2.35904
183.9 3.35232
184 2.85568
184.1 2.73152
184.2 1.8624
184.3 3.47648
184.4 2.73152
184.5 3.22816
184.6 2.97984
184.7 2.23488
184.8 3.47648
184.9 3.104
185 2.35904
185.1 3.22816
185.2 2.73152
185.3 4.09728
185.4 1.73824
185.5 3.35232
185.6 3.7248
185.7 1.61408
185.8 3.60064
185.9 3.47648
186 1.61408
186.1 2.11072
186.2 2.97984
186.3 3.22816
186.4 1.36576
186.5 3.104
186.6 3.47648
186.7 1.98656
186.8 2.73152
186.9 3.35232
187 1.8624
187.1 2.73152
187.2 2.11072
187.3 2.97984
187.4 2.11072
187.5 2.60736
187.6 2.35904
187.7 2.35904
187.8 3.22816
187.9 2.35904
188 1.98656
188.1 2.35904
188.2 3.35232
188.3 1.61408
188.4 2.11072
188.5 2.97984
188.6 1.2416
188.7 2.60736
188.8 2.35904
188.9 2.23488
189 2.60736
189.1 2.85568
189.2 2.97984
189.3 2.23488
189.4 3.104
189.5 1.8624
189.6 2.23488
189.7 3.22816
189.8 2.4832
189.9 2.60736
190 1.61408
190.1 3.35232
190.2 2.60736
190.3 2.85568
190.4 1.48992
190.5 3.22816
190.6 2.85568
190.7 1.98656
190.8 2.35904
190.9 2.60736
191 2.97984
191.1 1.8624
191.2 2.97984
191.3 2.60736
191.4 2.35904
191.5 1.98656
191.6 2.60736
191.7 3.47648
191.8 1.8624
191.9 2.4832
192 2.60736
192.1 2.60736
192.2 1.73824
192.3 2.60736
192.4 3.47648
192.5 1.36576
192.6 2.23488
192.7 3.104
192.8 1.11744
192.9 2.23488
193 2.35904
193.1 2.60736
193.2 2.23488
193.3 2.60736
193.4 2.35904
193.5 1.98656
193.6 2.60736
193.7 2.23488
193.8 2.35904
193.9 1.8624
194 2.73152
194.1 2.85568
194.2 1.48992
194.3 2.35904
194.4 2.85568
194.5 0.12416
194.6 1.8624
194.7 2.23488
194.8 1.98656
194.9 1.11744
195 1.11744
195.1 1.73824
195.2 1.98656
195.3 1.98656
195.4 0.12416
195.5 0
195.6 0.12416
195.7 0.24832
195.8 0
195.9 0.49664
196 0.99328
196.1 0
196.2 1.98656
196.3 3.97312
196.4 3.7248
196.5 5.95968
196.6 8.31872
196.7 9.18784
196.8 6.58048
196.9 6.45632
197 10.057
197.1 7.20128
197.2 7.82208
197.3 10.057
197.4 7.57376
197.5 5.5872
197.6 9.06368
197.7 7.69792
197.8 7.20128
197.9 6.58048
198 6.58048
198.1 6.70464
198.2 8.19456
198.3 5.95968
198.4 6.45632
198.5 2.4832
198.6 0.12416
198.7 0.24832
198.8 0.49664
198.9 0
199 0.99328
199.1 1.98656
199.2 2.11072
199.3 1.8624
199.4 6.58048
199.5 4.84224
199.6 2.23488
199.7 7.07712
199.8 6.08384
199.9 2.97984
