175 2.63156
175.1 4.9664
175.2 1.36576
175.3 4.46976
175.4 1.8624
175.5 4.09728
175.6 2.11072
175.7 4.3456
175.8 2.4832
175.9 3.84896
176 2.97984
176.1 2.97984
176.2 3.60064
176.3 1.73824
176.4 3.104
176.5 2.23488
176.6 3.7248
176.7 2.60736
176.8 2.60736
176.9 2.11072
177 2.4832
177.1 2.35904
177.2 2.23488
177.3 2.23488
177.4 1.48992
177.5 4.09728
177.6 0.86912
177.7 4.59392
177.8 1.36576
177.9 3.35232
178 2.4832
178.1 2.23488
178.2 3.22816
178.3 1.11744
178.4 4.9664
178.5 0.12416
178.6 4.3456
178.7 0.12416
178.8 4.3456
178.9 0.37248
179 4.09728
179.1 0.86912
179.2 2.85568
179.3 2.23488
179.4 1.73824
179.5 3.47648
179.6 0
179.7 4.84224
179.8 0.49664
179.9 3.97312
180 1.36576
180.1 2.35904
180.2 3.104
180.3 0
180.4 4.9664
180.5 0.6208
180.6 4.84224
180.7 0.49664
180.8 4.9664
180.9 0.49664
181 3.97312
181.1 1.48992
181.2 2.85568
181.3 2.35904
181.4 3.104
181.5 2.35904
181.6 2.73152
181.7 2.73152
181.8 1.8624
181.9 3.47648
182 1.2416
182.1 4.09728
182.2 0.49664
182.3 4.59392
182.4 0.86912
182.5 3.60064
182.6 1.8624
182.7 2.85568
182.8 2.60736
182.9 1.48992
183 3.7248
183.1 0.49664
183.2 4.84224
183.3 0.86912
183.4 3.60064
183.5 2.11072
183.6 1.98656
183.7 3.60064
183.8 0.6208
183.9 5.21472
184 1.11744
184.1 3.84896
184.2 2.23488
184.3 3.97312
184.4 2.85568
184.5 2.97984
184.6 3.84896
184.7 1.98656
184.8 5.21472
184.9 1.2416
185 4.71808
185.1 2.23488
185.2 4.46976
185.3 1.11744
185.4 4.22144
185.5 1.48992
185.6 3.84896
185.7 2.23488
185.8 3.35232
185.9 3.104
186 1.2416
186.1 5.5872
186.2 0.86912
186.3 5.83552
186.4 0.37248
186.5 5.33888
186.6 1.98656
186.7 2.4832
186.8 5.09056
186.9 1.11744
187 5.09056
187.1 1.8624
187.2 4.3456
187.3 1.11744
187.4 4.59392
187.5 1.2416
187.6 4.59392
187.7 1.36576
187.8 4.71808
187.9 1.36576
188 4.3456
188.1 0.6208
188.2 5.33888
188.3 0.86912
188.4 3.60064
188.5 2.85568
188.6 1.61408
188.7 4.84224
188.8 1.48992
188.9 4.3456
189 0.6208
189.1 4.71808
189.2 0
189.3 4.71808
189.4 0
189.5 5.09056
189.6 0
189.7 4.71808
189.8 0.74496
189.9 3.35232
190 2.35904
190.1 2.35904
190.2 3.47648
190.3 2.35904
190.4 3.7248
190.5 0.24832
190.6 5.5872
190.7 0.37248
190.8 2.97984
190.9 3.22816
191 2.73152
191.1 3.60064
191.2 1.11744
191.3 3.35232
191.4 1.48992
191.5 3.22816
191.6 1.61408
191.7 3.35232
191.8 1.2416
191.9 3.84896
192 1.2416
192.1 3.97312
192.2 1.2416
192.3 4.09728
192.4 0.37248
192.5 4.3456
192.6 0.6208
192.7 2.60736
192.8 2.85568
192.9 1.48992
193 3.97312
193.1 1.36576
193.2 4.09728
193.3 0.12416
193.4 3.35232
193.5 1.98656
193.6 1.8624
193.7 3.60064
193.8 1.36576
193.9 4.09728
194 0.37248
194.1 3.35232
194.2 1.73824
194.3 1.8624
194.4 3.60064
194.5 1.36576
194.6 4.09728
194.7 0.37248
194.8 2.23488
194.9 2.35904
195 2.11072
195.1 1.48992
195.2 2.35904
195.3 1.36576
195.4 2.73152
195.5 1.36576
195.6 2.97984
195.7 1.36576
195.8 2.60736
195.9 1.98656
196 2.11072
196.1 2.73152
196.2 2.23488
196.3 2.73152
196.4 0.74496
196.5 2.85568
196.6 1.48992
196.7 2.4832
196.8 2.60736
196.9 2.60736
197 1.11744
197.1 2.60736
197.2 1.2416
197.3 2.35904
197.4 1.73824
197.5 1.98656
197.6 2.23488
197.7 0.99328
197.8 2.4832
197.9 0.86912
198 3.104
198.1 1.2416
198.2 2.85568
198.3 1.61408
198.4 2.4832
198.5 1.98656
198.6 1.11744
198.7 2.35904
198.8 0.86912
198.9 2.97984
199 0.6208
199.1 2.35904
199.2 0.86912
199.3 2.60736
199.4 0.99328
199.5 2.73152
199.6 0.99328
199.7 2.35904
199.8 1.61408
199.9 1.61408
