175 2.76445
175.1 0.99328
175.2 1.73824
175.3 0.99328
175.4 1.98656
175.5 0.99328
175.6 2.11072
175.7 1.11744
175.8 2.23488
175.9 1.11744
176 2.35904
176.1 1.2416
176.2 1.8624
176.3 1.8624
176.4 0.99328
176.5 2.73152
176.6 0.6208
176.7 2.60736
176.8 0.49664
176.9 3.7248
177 0
177.1 2.85568
177.2 0
177.3 3.104
177.4 0
177.5 3.22816
177.6 0.12416
177.7 2.97984
177.8 0.49664
177.9 2.23488
178 1.36576
178.1 2.23488
178.2 1.48992
178.3 1.2416
178.4 2.60736
178.5 1.8624
178.6 1.98656
178.7 2.60736
178.8 1.36576
178.9 2.73152
179 1.2416
179.1 2.60736
179.2 1.36576
179.3 2.4832
179.4 1.48992
179.5 2.11072
179.6 1.8624
179.7 1.61408
179.8 2.35904
179.9 0.6208
180 3.35232
180.1 0
180.2 3.97312
180.3 0
180.4 3.22816
180.5 0.74496
180.6 3.7248
180.7 0.86912
180.8 3.104
180.9 1.2416
181 2.60736
181.1 0.37248
181.2 2.97984
181.3 0.99328
181.4 3.7248
181.5 0.49664
181.6 3.84896
181.7 1.48992
181.8 2.85568
181.9 1.73824
182 2.60736
182.1 1.73824
182.2 2.73152
182.3 1.73824
182.4 2.73152
182.5 1.48992
182.6 3.22816
182.7 0.6208
182.8 4.3456
182.9 0.37248
183 4.59392
183.1 0.74496
183.2 4.3456
183.3 1.36576
183.4 4.3456
183.5 1.73824
183.6 3.97312
183.7 2.4832
183.8 3.22816
183.9 3.47648
184 0.99328
184.1 6.08384
184.2 0.49664
184.3 5.09056
184.4 0.37248
184.5 5.33888
184.6 0.49664
184.7 5.5872
184.8 0.49664
184.9 5.71136
185 0.74496
185.1 4.22144
185.2 2.4832
185.3 5.5872
185.4 1.36576
185.5 6.33216
185.6 0.86912
185.7 6.58048
185.8 0.74496
185.9 6.58048
186 0.86912
186.1 6.33216
186.2 1.2416
186.3 5.95968
186.4 1.73824
186.5 4.71808
186.6 2.97984
186.7 3.7248
186.8 3.60064
186.9 1.48992
187 5.71136
187.1 1.48992
187.2 4.59392
187.3 3.47648
187.4 2.35904
187.5 4.84224
187.6 1.2416
187.7 5.46304
187.8 0.86912
187.9 5.83552
188 0.86912
188.1 5.95968
188.2 0.86912
188.3 6.208
188.4 0.86912
188.5 6.08384
188.6 1.2416
188.7 4.22144
188.8 3.22816
188.9 2.85568
189 4.22144
189.1 3.22816
189.2 1.98656
189.3 3.97312
189.4 1.36576
189.5 4.3456
189.6 1.2416
189.7 4.46976
189.8 1.2416
189.9 4.59392
190 1.36576
190.1 4.59392
190.2 1.48992
190.3 4.3456
190.4 1.73824
190.5 4.3456
190.6 1.8624
190.7 2.73152
190.8 3.35232
190.9 0.86912
191 4.3456
191.1 1.8624
191.2 3.47648
191.3 2.73152
191.4 1.98656
191.5 3.104
191.6 1.8624
191.7 3.60064
191.8 1.61408
191.9 3.97312
192 1.36576
192.1 4.22144
192.2 1.36576
192.3 4.3456
192.4 1.36576
192.5 4.46976
192.6 1.48992
192.7 4.09728
192.8 1.98656
192.9 3.84896
193 2.35904
193.1 3.84896
193.2 2.35904
193.3 3.104
193.4 3.22816
193.5 1.73824
193.6 4.46976
193.7 0.74496
193.8 4.9664
193.9 0.74496
194 4.9664
194.1 1.36576
194.2 4.22144
194.3 2.11072
194.4 3.97312
194.5 2.35904
194.6 2.73152
194.7 3.60064
194.8 0.37248
194.9 5.21472
195 0.99328
195.1 3.60064
195.2 2.11072
195.3 2.23488
195.4 2.85568
195.5 1.8624
195.6 3.35232
195.7 1.61408
195.8 3.60064
195.9 1.61408
196 3.7248
196.1 1.73824
196.2 3.22816
196.3 2.4832
196.4 2.97984
196.5 2.85568
196.6 2.23488
196.7 3.7248
196.8 1.48992
196.9 3.97312
197 2.23488
197.1 2.60736
197.2 1.98656
197.3 2.60736
197.4 2.23488
197.5 2.4832
197.6 2.73152
197.7 2.11072
197.8 2.60736
197.9 2.35904
198 2.23488
198.1 2.85568
198.2 2.11072
198.3 2.73152
198.4 1.8624
198.5 2.60736
198.6 1.61408
198.7 2.85568
198.8 1.73824
198.9 3.84896
199 1.73824
199.1 3.97312
199.2 1.73824
199.3 4.09728
199.4 1.73824
199.5 3.60064
199.6 1.73824
199.7 3.35232
199.8 1.61408
199.9 3.47648
