15 1.15557
15.01 0
15.02 0
15.03 0
15.04 0
15.05 0
15.06 0
15.07 0
15.08 0
15.09 0
15.1 0
15.11 0
15.12 0
15.13 1.2416
15.14 1.2416
15.15 2.4832
15.16 1.2416
15.17 1.2416
15.18 0
15.19 1.2416
15.2 1.2416
15.21 0
15.22 2.4832
15.23 1.2416
15.24 2.4832
15.25 1.2416
15.26 2.4832
15.27 1.2416
15.28 2.4832
15.29 1.2416
15.3 1.2416
15.31 0
15.32 0
15.33 0
15.34 0
15.35 0
15.36 0
15.37 0
15.38 0
15.39 0
15.4 0
15.41 1.2416
15.42 1.2416
15.43 1.2416
15.44 2.4832
15.45 1.2416
15.46 0
15.47 1.2416
15.48 1.2416
15.49 1.2416
15.5 0
15.51 0
15.52 0
15.53 1.2416
15.54 1.2416
15.55 2.4832
15.56 2.4832
15.57 1.2416
15.58 0
15.59 0
15.6 0
15.61 0
15.62 0
15.63 0
15.64 0
15.65 0
15.66 0
15.67 0
15.68 2.4832
15.69 1.2416
15.7 1.2416
15.71 1.2416
15.72 1.2416
15.73 0
15.74 2.4832
15.75 0
15.76 1.2416
15.77 0
15.78 0
15.79 1.2416
15.8 1.2416
15.81 2.4832
15.82 1.2416
15.83 2.4832
15.84 1.2416
15.85 0
15.86 0
15.87 0
15.88 0
15.89 0
15.9 0
15.91 0
15.92 0
15.93 0
15.94 1.2416
15.95 1.2416
15.96 2.4832
15.97 1.2416
15.98 2.4832
15.99 0
16 1.2416
16.01 1.2416
16.02 0
16.03 1.2416
16.04 0
16.05 0
16.06 1.2416
16.07 2.4832
16.08 1.2416
16.09 2.4832
16.1 1.2416
16.11 2.4832
16.12 0
16.13 0
16.14 0
16.15 0
16.16 0
16.17 0
16.18 0
16.19 0
16.2 0
16.21 1.2416
16.22 1.2416
16.23 2.4832
16.24 1.2416
16.25 2.4832
16.26 1.2416
16.27 1.2416
16.28 1.2416
16.29 0
16.3 1.2416
16.31 0
16.32 0
16.33 0
16.34 2.4832
16.35 1.2416
16.36 2.4832
16.37 1.2416
16.38 1.2416
16.39 0
16.4 0
16.41 0
16.42 0
16.43 0
16.44 0
16.45 0
16.46 0
16.47 0
16.48 0
16.49 1.2416
16.5 2.4832
16.51 1.2416
16.52 2.4832
16.53 1.2416
16.54 1.2416
16.55 1.2416
16.56 1.2416
16.57 0
16.58 0
16.59 0
16.6 0
16.61 1.2416
16.62 2.4832
16.63 1.2416
16.64 2.4832
16.65 0
16.66 1.2416
16.67 0
16.68 0
16.69 0
16.7 0
16.71 0
16.72 0
16.73 0
16.74 1.2416
16.75 1.2416
16.76 0
16.77 0
16.78 1.2416
16.79 1.2416
16.8 0
16.81 1.2416
16.82 0
16.83 0
16.84 0
16.85 0
16.86 2.4832
16.87 1.2416
16.88 2.4832
16.89 1.2416
16.9 2.4832
16.91 0
16.92 0
16.93 0
16.94 0
16.95 0
16.96 0
16.97 0
16.98 1.2416
16.99 1.2416
17 0
17.01 1.2416
17.02 1.2416
17.03 0
17.04 1.2416
17.05 0
17.06 0
17.07 0
17.08 0
17.09 2.4832
17.1 1.2416
17.11 2.4832
17.12 1.2416
17.13 2.4832
17.14 0
17.15 0
17.16 0
17.17 0
17.18 0
17.19 0
17.2 0
17.21 0
17.22 0
17.23 0
17.24 1.2416
17.25 0
17.26 0
17.27 1.2416
17.28 0
17.29 0
17.3 0
17.31 1.2416
17.32 1.2416
17.33 2.4832
17.34 1.2416
17.35 2.4832
17.36 1.2416
17.37 1.2416
17.38 0
17.39 0
17.4 0
17.41 0
17.42 0
17.43 0
17.44 0
17.45 0
17.46 0
17.47 1.2416
17.48 0
17.49 0
17.5 1.2416
17.51 0
17.52 0
17.53 0
17.54 0
17.55 2.4832
17.56 1.2416
17.57 2.4832
17.58 1.2416
17.59 2.4832
17.6 1.2416
17.61 0
17.62 0
17.63 0
17.64 0
17.65 0
17.66 0
17.67 0
17.68 0
17.69 0
17.7 0
17.71 2.4832
17.72 0
17.73 1.2416
17.74 0
17.75 0
17.76 0
17.77 0
17.78 1.2416
17.79 1.2416
17.8 2.4832
17.81 2.4832
17.82 1.2416
17.83 1.2416
17.84 1.2416
17.85 0
17.86 0
17.87 0
17.88 0
17.89 0
17.9 0
17.91 0
17.92 0
17.93 0
17.94 1.2416
17.95 1.2416
17.96 0
17.97 1.2416
17.98 0
17.99 0
18 0
18.01 0
18.02 1.2416
18.03 2.4832
18.04 1.2416
18.05 2.4832
18.06 1.2416
18.07 2.4832
18.08 0
18.09 0
18.1 0
18.11 0
18.12 0
18.13 0
18.14 0
18.15 0
18.16 0
18.17 0
18.18 1.2416
18.19 1.2416
18.2 0
18.21 1.2416
18.22 0
18.23 0
18.24 0
18.25 0
18.26 1.2416
18.27 2.4832
18.28 1.2416
18.29 2.4832
18.3 1.2416
18.31 2.4832
18.32 0
18.33 0
18.34 0
18.35 0
18.36 0
18.37 0
18.38 0
18.39 0
18.4 0
18.41 0
18.42 1.2416
18.43 1.2416
18.44 0
18.45 0
18.46 1.2416
18.47 0
18.48 0
18.49 0
18.5 0
18.51 2.4832
18.52 1.2416
18.53 2.4832
18.54 1.2416
18.55 2.4832
18.56 1.2416
18.57 0
18.58 0
18.59 0
18.6 0
18.61 0
18.62 0
18.63 0
18.64 0
18.65 0
18.66 0
18.67 0
18.68 1.2416
18.69 1.2416
18.7 0
18.71 1.2416
18.72 0
18.73 0
18.74 0
18.75 0
18.76 1.2416
18.77 1.2416
18.78 2.4832
18.79 1.2416
18.8 2.4832
18.81 1.2416
18.82 1.2416
18.83 0
18.84 0
18.85 0
18.86 0
18.87 0
18.88 0
18.89 0
18.9 0
18.91 0
18.92 0
18.93 0
18.94 1.2416
18.95 1.2416
18.96 0
18.97 0
18.98 1.2416
18.99 0
19 0
19.01 0
19.02 0
19.03 2.4832
19.04 1.2416
19.05 2.4832
19.06 1.2416
19.07 1.2416
19.08 2.4832
19.09 0
19.1 0
19.11 0
19.12 0
19.13 0
19.14 0
19.15 0
19.16 0
19.17 0
19.18 0
19.19 0
19.2 0
19.21 1.2416
19.22 1.2416
19.23 0
19.24 0
19.25 1.2416
19.26 0
19.27 0
19.28 0
19.29 0
19.3 2.4832
19.31 1.2416
19.32 1.2416
19.33 2.4832
19.34 1.2416
19.35 1.2416
19.36 1.2416
19.37 0
19.38 0
19.39 0
19.4 0
19.41 0
19.42 0
19.43 0
19.44 0
19.45 0
19.46 0
19.47 0
19.48 0
19.49 1.2416
19.5 1.2416
19.51 0
19.52 1.2416
19.53 0
19.54 0
19.55 0
19.56 0
19.57 1.2416
19.58 1.2416
19.59 2.4832
19.6 1.2416
19.61 1.2416
19.62 1.2416
19.63 2.4832
19.64 0
19.65 0
19.66 0
19.67 0
19.68 0
19.69 0
19.7 0
19.71 0
19.72 0
19.73 0
19.74 0
19.75 0
19.76 0
19.77 1.2416
19.78 1.2416
19.79 0
19.8 1.2416
19.81 0
19.82 0
19.83 0
19.84 0
19.85 1.2416
19.86 1.2416
19.87 2.4832
19.88 1.2416
19.89 1.2416
19.9 2.4832
19.91 1.2416
19.92 0
19.93 0
19.94 0
19.95 0
19.96 0
19.97 0
19.98 0
19.99 0
20 0
20.01 0
20.02 0
20.03 0
20.04 0
20.05 1.2416
20.06 1.2416
20.07 0
20.08 1.2416
20.09 0
20.1 0
20.11 0
20.12 0
20.13 1.2416
20.14 1.2416
20.15 2.4832
20.16 1.2416
20.17 1.2416
20.18 2.4832
20.19 1.2416
20.2 0
20.21 0
20.22 0
20.23 0
20.24 0
20.25 0
20.26 0
20.27 0
20.28 0
20.29 0
20.3 0
20.31 0
20.32 0
20.33 1.2416
20.34 1.2416
20.35 0
20.36 0
20.37 1.2416
20.38 0
20.39 0
20.4 0
20.41 1.2416
20.42 1.2416
20.43 2.4832
20.44 1.2416
20.45 1.2416
20.46 1.2416
20.47 2.4832
20.48 1.2416
20.49 0
20.5 0
20.51 0
20.52 0
20.53 0
20.54 0
20.55 0
20.56 0
20.57 0
20.58 0
20.59 0
20.6 0
20.61 1.2416
20.62 1.2416
20.63 0
20.64 0
20.65 1.2416
20.66 0
20.67 0
20.68 0
20.69 0
20.7 2.4832
20.71 1.2416
20.72 2.4832
20.73 1.2416
20.74 1.2416
20.75 1.2416
20.76 2.4832
20.77 0
20.78 0
20.79 0
20.8 0
20.81 0
20.82 0
20.83 0
20.84 0
20.85 0
20.86 0
20.87 0
20.88 0
20.89 0
20.9 2.4832
20.91 1.2416
20.92 0
20.93 0
20.94 1.2416
20.95 0
20.96 0
20.97 0
20.98 1.2416
20.99 1.2416
21 2.4832
21.01 1.2416
21.02 1.2416
21.03 1.2416
21.04 2.4832
21.05 1.2416
21.06 0
21.07 0
21.08 0
21.09 0
21.1 0
21.11 0
21.12 0
21.13 0
21.14 0
21.15 0
21.16 0
21.17 0
21.18 0
21.19 2.4832
21.2 1.2416
21.21 1.2416
21.22 0
21.23 1.2416
21.24 0
21.25 0
21.26 0
21.27 1.2416
21.28 1.2416
21.29 2.4832
21.3 2.4832
21.31 1.2416
21.32 1.2416
21.33 1.2416
21.34 2.4832
21.35 0
21.36 0
21.37 0
21.38 0
21.39 0
21.4 0
21.41 0
21.42 0
21.43 0
21.44 0
21.45 0
21.46 0
21.47 0
21.48 1.2416
21.49 1.2416
21.5 2.4832
21.51 1.2416
21.52 1.2416
21.53 0
21.54 0
21.55 0
21.56 0
21.57 1.2416
21.58 2.4832
21.59 1.2416
21.6 2.4832
21.61 1.2416
21.62 2.4832
21.63 1.2416
21.64 1.2416
21.65 0
21.66 0
21.67 0
21.68 0
21.69 0
21.7 0
21.71 0
21.72 0
21.73 0
21.74 0
21.75 0
21.76 0
21.77 1.2416
21.78 2.4832
21.79 1.2416
21.8 2.4832
21.81 1.2416
21.82 0
21.83 0
21.84 0
21.85 0
21.86 2.4832
21.87 1.2416
21.88 2.4832
21.89 2.4832
21.9 1.2416
21.91 2.4832
21.92 1.2416
21.93 1.2416
21.94 0
21.95 0
21.96 0
21.97 0
21.98 0
21.99 0
22 0
22.01 0
22.02 0
22.03 0
22.04 0
22.05 2.4832
22.06 0
22.07 0
22.08 0
22.09 0
22.1 0
22.11 0
22.12 0
22.13 2.4832
22.14 1.2416
22.15 2.4832
22.16 1.2416
22.17 2.4832
22.18 1.2416
22.19 2.4832
22.2 1.2416
22.21 0
22.22 0
22.23 0
22.24 0
22.25 0
22.26 0
22.27 0
22.28 0
22.29 0
22.3 0
22.31 0
22.32 1.2416
22.33 2.4832
22.34 0
22.35 0
22.36 0
22.37 0
22.38 0
22.39 0
22.4 1.2416
22.41 1.2416
22.42 2.4832
22.43 1.2416
22.44 2.4832
22.45 1.2416
22.46 1.2416
22.47 2.4832
22.48 1.2416
22.49 1.2416
22.5 0
22.51 0
22.52 0
22.53 0
22.54 0
22.55 0
22.56 0
22.57 0
22.58 0
22.59 0
22.6 0
22.61 2.4832
22.62 1.2416
22.63 0
22.64 0
22.65 0
22.66 0
22.67 0
22.68 0
22.69 0
22.7 2.4832
22.71 1.2416
22.72 2.4832
22.73 1.2416
22.74 2.4832
22.75 1.2416
22.76 2.4832
22.77 1.2416
22.78 2.4832
22.79 0
22.8 0
22.81 0
22.82 0
22.83 0
22.84 0
22.85 0
22.86 0
22.87 0
22.88 0
22.89 0
22.9 1.2416
22.91 1.2416
22.92 2.4832
22.93 0
22.94 0
22.95 0
22.96 0
22.97 0
22.98 0
22.99 1.2416
23 1.2416
23.01 0
23.02 1.2416
23.03 1.2416
23.04 2.4832
23.05 1.2416
23.06 2.4832
23.07 2.4832
23.08 1.2416
23.09 0
23.1 0
23.11 0
23.12 0
23.13 0
23.14 0
23.15 0
23.16 0
23.17 0
23.18 1.2416
23.19 2.4832
23.2 1.2416
23.21 1.2416
23.22 0
23.23 0
23.24 0
23.25 0
23.26 1.2416
23.27 1.2416
23.28 0
23.29 1.2416
23.3 1.2416
23.31 1.2416
23.32 0
23.33 0
23.34 2.4832
23.35 1.2416
23.36 0
23.37 0
23.38 0
23.39 0
23.4 0
23.41 0
23.42 0
23.43 0
23.44 2.4832
23.45 1.2416
23.46 2.4832
23.47 0
23.48 0
23.49 0
23.5 0
23.51 0
23.52 2.4832
23.53 0
23.54 0
23.55 2.4832
23.56 1.2416
23.57 0
23.58 0
23.59 1.2416
23.6 1.2416
23.61 2.4832
23.62 0
23.63 0
23.64 0
23.65 0
23.66 0
23.67 0
23.68 0
23.69 1.2416
23.7 2.4832
23.71 1.2416
23.72 1.2416
23.73 0
23.74 0
23.75 0
23.76 0
23.77 1.2416
23.78 1.2416
23.79 0
23.8 0
23.81 2.4832
23.82 1.2416
23.83 0
23.84 0
23.85 1.2416
23.86 1.2416
23.87 2.4832
23.88 1.2416
23.89 0
23.9 0
23.91 0
23.92 0
23.93 0
23.94 0
23.95 1.2416
23.96 1.2416
23.97 2.4832
23.98 1.2416
23.99 0
24 0
24.01 0
24.02 0
24.03 0
24.04 1.2416
24.05 1.2416
24.06 0
24.07 1.2416
24.08 1.2416
24.09 1.2416
24.1 0
24.11 0
24.12 0
24.13 2.4832
24.14 1.2416
24.15 1.2416
24.16 1.2416
24.17 0
24.18 0
24.19 0
24.2 0
24.21 0
24.22 0
24.23 2.4832
24.24 1.2416
24.25 2.4832
24.26 1.2416
24.27 0
24.28 0
24.29 0
24.3 0
24.31 0
24.32 2.4832
24.33 0
24.34 0
24.35 1.2416
24.36 1.2416
24.37 1.2416
24.38 0
24.39 0
24.4 0
24.41 1.2416
24.42 2.4832
24.43 1.2416
24.44 1.2416
24.45 0
24.46 0
24.47 0
24.48 0
24.49 0
24.5 0
24.51 1.2416
24.52 2.4832
24.53 1.2416
24.54 1.2416
24.55 1.2416
24.56 0
24.57 0
24.58 0
24.59 0
24.6 0
24.61 1.2416
24.62 1.2416
24.63 0
24.64 0
24.65 2.4832
24.66 1.2416
24.67 0
24.68 0
24.69 0
24.7 1.2416
24.71 1.2416
24.72 1.2416
24.73 2.4832
24.74 0
24.75 0
24.76 0
24.77 0
24.78 0
24.79 0
24.8 0
24.81 2.4832
24.82 1.2416
24.83 2.4832
24.84 1.2416
24.85 0
24.86 0
24.87 0
24.88 0
24.89 0
24.9 1.2416
24.91 1.2416
24.92 0
24.93 0
24.94 0
24.95 1.2416
24.96 0
24.97 0
24.98 0
24.99 0
