0.297522 1
0.297532 1
0.297542 1
0.297572 1
0.298314 1
0.298333 1
0.29834 1
0.298385 1
0.29839 1
0.298434 1
0.298573 1
0.298583 1
0.298843 1
0.298951 1
0.299435 1
0.299445 1
0.299673 1
0.299972 1
0.300171 1
0.300232 1
0.300315 1
0.300415 1
0.300455 1
0.300486 1
0.300568 1
0.300684 1
0.300691 1
0.300724 1
0.300797 1
0.300971 1
0.301735 1
0.301737 1
0.301742 1
0.301791 1
0.301817 1
0.303131 1
0.303209 1
0.303257 1
0.303329 1
0.303575 1
0.303607 1
0.30435 1
0.304386 1
0.304694 1
0.304716 1
0.305519 1
0.306001 1
0.306031 1
0.306096 1
0.306222 1
0.306224 1
0.306239 1
0.306241 1
0.306271 1
0.307478 1
0.308039 1
0.30909 1
0.309101 1
0.309119 1
0.309378 1
0.309428 1
0.309435 1
0.309485 1
0.309507 1
0.311272 1
0.311292 1
0.311297 1
0.311529 1
0.311544 1
0.311796 1
0.311806 1
0.311906 1
0.312012 1
0.312017 1
0.312041 1
0.312397 1
0.312407 1
0.312528 1
0.312533 1
0.312883 1
0.312896 1
0.313063 1
0.313141 1
0.313152 1
0.31344 1
0.313443 1
0.313934 1
0.313947 1
0.314192 1
0.315354 1
0.315394 1
0.315433 1
0.315685 1
0.315703 1
0.316048 1
0.316232 1
0.316236 1
0.316355 1
0.316444 1
0.31649 1
0.316595 1
0.317237 1
0.317287 1
0.31733 1
0.317495 1
0.317499 1
0.317596 1
0.317757 1
0.318496 1
0.318506 1
0.318548 1
0.318549 1
0.318569 1
0.318597 1
0.318599 1
0.318951 1
0.3196 1
0.319858 1
0.319886 1
0.320202 1
0.320251 1
0.320748 1
0.320763 1
0.320909 1
0.321648 1
0.321734 1
0.321751 1
0.321784 1
0.322009 1
0.327556 1
0.33496 1
0.335397 1
0.335507 1
0.336407 1
0.336451 1
0.336478 1
0.336497 1
0.3365 1
0.336508 1
0.337853 1
0.339163 1
0.339897 1
0.339939 1
0.341163 1
0.341264 1
0.342839 1
0.343098 1
0.344913 1
0.344963 1
0.345964 1
0.34625 1
0.346468 1
0.347015 1
0.348604 1
0.348619 1
0.348854 1
0.35072 1
0.351005 1
0.351217 1
0.351267 1
0.352295 1
0.352772 1
0.353828 1
0.353862 1
0.353872 1
0.353877 1
0.353912 1
0.354656 1
0.354685 1
0.355483 1
0.355504 1
0.355533 1
0.355888 1
0.355924 1
0.356885 1
0.356923 1
0.357309 1
0.357511 1
0.395366 1
0.395536 1
0.39554 1
0.395618 1
0.39564 1
0.395666 1
0.395695 1
0.395744 1
0.396668 1
0.396771 1
0.396795 1
0.397047 1
0.397769 1
0.397796 1
0.398287 1
0.39832 1
0.398361 1
0.398383 1
0.39841 1
0.39851 1
0.398518 1
0.398701 1
0.39877 1
0.398896 1
0.39988 1
0.399897 1
0.399904 1
0.399929 1
0.399947 1
0.399949 1
0.399953 1
0.400939 1
0.400948 1
0.401334 1
0.401336 1
0.401385 1
0.401387 1
0.401436 1
0.402796 1
0.402813 1
0.403024 1
0.403049 1
0.403069 1
0.403078 1
0.403099 1
0.403989 1
0.404213 1
0.404352 1
0.405723 1
0.405852 1
0.405865 1
0.405872 1
0.406001 1
0.406202 1
0.406251 1
0.406251 1
0.406825 1
0.406866 1
0.406874 1
0.406923 1
0.408327 1
0.408352 1
0.408376 1
0.408749 1
0.408752 1
0.408801 1
0.408975 1
0.409017 1
0.409024 1
0.410388 1
0.410404 1
0.41054 1
0.412405 1
0.412428 1
0.412534 1
0.412555 1
0.413808 1
0.413857 1
0.413868 1
0.413879 1
0.413918 1
0.414299 1
0.414418 1
0.41453 1
0.414607 1
0.414646 1
0.414656 1
0.415673 1
0.415696 1
0.415707 1
0.415809 1
0.415909 1
0.415959 1
0.416563 1
0.416582 1
0.416789 1
0.41681 1
0.416945 1
0.41696 1
0.417179 1
0.417732 1
0.41779 1
0.417808 1
0.41784 1
0.417861 1
0.418011 1
0.418034 1
0.418053 1
0.41806 1
0.418103 1
0.418215 1
0.418859 1
0.418883 1
0.41889 1
0.418933 1
0.419087 1
0.419111 1
0.419323 1
0.419358 1
0.419553 1
0.419734 1
0.41986 1
0.419876 1
0.419909 1
0.41991 1
0.419925 1
0.419941 1
0.419959 1
0.420112 1
0.420661 1
0.42071 1
0.42071 1
0.420727 1
0.420784 1
0.420834 1
0.420978 1
0.420992 1
0.421002 1
0.421082 1
0.421099 1
0.421128 1
0.421163 1
0.421178 1
0.421212 1
0.421761 1
0.421838 1
0.421864 1
0.421884 1
0.421961 1
0.421993 1
0.422011 1
0.422102 1
0.422113 1
0.422149 1
0.422199 1
0.422213 1
0.422228 1
0.422242 1
0.422263 1
0.422491 1
0.423272 1
0.423398 1
0.423451 1
0.423478 1
0.4235 1
0.423524 1
0.423538 1
0.423589 1
0.423638 1
0.423686 1
0.423734 1
0.423736 1
0.423755 1
0.423784 1
0.423878 1
0.424094 1
0.424112 1
0.424134 1
0.424144 1
0.424364 1
0.424372 1
0.424585 1
0.424624 1
0.424635 1
0.42512 1
0.425145 1
0.425163 1
0.425243 1
0.425265 1
0.425301 1
0.425365 1
0.425415 1
0.425555 1
0.425793 1
0.425842 1
0.425863 1
0.425891 1
0.425931 1
0.426038 1
0.426039 1
0.426151 1
0.426155 1
0.426164 1
0.426171 1
0.4262 1
0.426213 1
0.426221 1
0.426245 1
0.42652 1
0.426855 1
0.426882 1
0.426886 1
0.426891 1
0.426893 1
0.426904 1
0.427222 1
0.427246 1
0.427264 1
0.427271 1
0.427296 1
0.427516 1
0.427664 1
0.427887 1
0.427894 1
0.427913 1
0.427936 1
0.427944 1
0.428139 1
0.42814 1
0.428141 1
0.428155 1
0.428188 1
0.428189 1
0.42819 1
0.428273 1
0.428291 1
0.428294 1
0.428297 1
0.428315 1
0.428322 1
0.428567 1
0.429316 1
0.429323 1
0.429365 1
0.429373 1
0.429397 1
0.429409 1
0.429504 1
0.429552 1
0.429553 1
0.429568 1
0.429822 1
0.429881 1
0.42993 1
0.430038 1
0.430045 1
0.430088 1
0.430416 1
0.430438 1
0.430448 1
0.430458 1
0.430495 1
0.430507 1
0.430544 1
0.430555 1
0.431158 1
0.43134 1
0.431426 1
0.431449 1
0.431467 1
0.431509 1
0.431544 1
0.431558 1
0.431593 1
0.431669 1
0.431689 1
0.431719 1
0.431733 1
0.431951 1
0.432097 1
0.43215 1
0.432199 1
0.432225 1
0.432392 1
0.432404 1
0.432427 1
0.432435 1
0.432441 1
0.432454 1
0.432455 1
0.432468 1
0.432477 1
0.432549 1
0.432559 1
0.432609 1
0.43272 1
0.432769 1
0.432807 1
0.433527 1
0.43355 1
0.433568 1
0.4336 1
0.43361 1
0.433707 1
0.433809 1
0.43382 1
0.433858 1
0.434041 1
0.434052 1
0.434091 1
0.434375 1
0.434452 1
0.434469 1
0.434472 1
0.434601 1
0.434619 1
0.434945 1
0.435293 1
0.435335 1
0.435701 1
0.435719 1
0.436104 1
0.436294 1
0.436321 1
0.436336 1
0.436343 1
0.436665 1
0.436678 1
0.436702 1
0.436706 1
0.43672 1
0.436727 1
0.436769 1
0.436859 1
0.437965 1
0.438829 1
0.438853 1
0.43892 1
0.438942 1
0.438969 1
0.439054 1
0.43908 1
0.439921 1
0.440437 1
0.440467 1
0.440516 1
0.440546 1
0.440551 1
0.440581 1
0.440972 1
0.445307 1
0.445529 1
0.446183 1
0.448327 1
0.448333 1
0.449456 1
0.44996 1
0.450428 1
0.451571 1
0.452054 1
0.452091 1
0.452104 1
0.452529 1
0.452543 1
0.452571 1
0.45262 1
0.452655 1
0.452697 1
0.453538 1
0.453611 1
0.454098 1
0.454133 1
0.454137 1
0.454155 1
0.454205 1
0.454235 1
0.455255 1
0.455639 1
0.455681 1
0.455693 1
0.455711 1
0.455742 1
0.45576 1
0.456215 1
0.456252 1
0.456256 1
0.456257 1
0.456264 1
0.456872 1
0.457262 1
0.457357 1
0.457596 1
0.457633 1
0.457645 1
0.457783 1
0.458407 1
0.458791 1
0.459607 1
0.459646 1
0.459657 1
0.460529 1
0.461559 1
0.462015 1
0.462064 1
0.462064 1
0.462682 1
0.462694 1
0.463061 1
0.463685 1
0.993423 1
0.993426 1
0.993713 1
0.994573 1
0.994596 1
0.994613 1
0.995098 1
1.04286 1
1.04288 1
1.0438 1
1.04391 1
1.04399 1
1.04449 1
1.04869 1
1.04872 1
1.05018 1
1.0502 1
1.05021 1
1.05076 1
1.05081 1
1.05082 1
1.05187 1
1.05297 1
1.05299 1
1.06252 1
1.06256 1
1.06257 1
1.06345 1
1.06448 1
1.06453 1
1.06456 1
1.06461 1
1.06468 1
1.06599 1
1.06662 1
1.06662 1
1.06671 1
1.06724 1
1.06797 1
1.06824 1
1.06889 1
1.06927 1
1.06933 1
1.06934 1
1.06935 1
1.07067 1
1.07073 1
1.69821 1
1.69824 1
1.69862 1
1.69871 1
1.69872 1
1.6991 1
1.69972 1
1.69977 1
1.69987 1
1.69989 1
1.7016 1
1.70163 1
1.70177 1
2.19946 1
2.19946 1
2.19972 1
2.20023 1
2.20031 1
2.20037 1
2.2006 1
2.20111 1
2.20118 1
2.2012 1
2.20122 1
2.20123 1
2.20126 1
2.20131 1
2.20131 1
2.20133 1
2.20136 1
2.20238 1
2.2027 1
2.20271 1
2.20272 1
2.20286 1
2.20287 1
2.20289 1
2.2029 1
2.20345 1
2.2035 1
2.3582 1
2.35946 1
2.35951 1
2.35953 1
2.35954 1
2.35955 1
2.35958 1
2.35958 1
2.35959 1
2.36043 1
2.36045 1
2.36056 1
2.36249 1
2.36249 1
2.36273 1
2.36297 1
2.36298 1
2.36451 1
2.36456 1
2.36666 1
2.36774 1
2.36777 1
2.36778 1
2.36841 1
4.16713 1
4.16718 1
4.16877 1
4.16879 1
4.16887 1
4.16888 1
4.16892 1
4.16967 1
4.16992 1
4.17115 1
4.17117 1
4.17146 1
4.17169 1
5.05234 1
5.05239 1
5.0526 1
5.06783 1
5.06858 1
5.25323 1
5.25325 1
5.25444 1
5.25482 1
5.25881 1
5.25882 1
5.25892 1
5.25893 1
5.25896 1
5.25917 1
5.25921 1
5.25945 1
5.25957 1
5.2616 1
5.2616 1
5.26161 1
5.26174 1
5.26438 1
5.26478 1
5.26484 1
5.26487 1
5.26489 1
5.2664 1
5.26651 1
5.26654 1
5.26699 1
5.267 1
5.26704 1
5.26737 1
5.26739 1
5.26739 1
5.2674 1
5.26742 1
5.26742 1
5.26754 1
5.26759 1
5.26761 1
5.26864 1
5.26865 1
5.2728 1
5.27294 1
5.27735 1
5.27986 1
5.2799 1
5.27991 1
5.28002 1
5.28012 1
5.28012 1
5.28105 1
5.28123 1
5.28126 1
5.28164 1
5.28369 1
5.28402 1
5.28403 1
5.28403 1
5.28407 1
6.78383 1
6.7843 1
6.78435 1
6.78441 1
6.78441 1
6.78443 1
6.78446 1
6.78446 1
6.78448 1
6.78535 1
6.78545 1
6.78546 1
6.7856 1
6.7856 1
6.78565 1
6.7857 1
6.98716 1
6.98718 1
6.98721 1
6.98756 1
6.98758 1
6.9877 1
6.98773 1
6.98833 1
6.98906 1
6.9891 1
6.98931 1
6.98979 1
6.98981 1
6.98981 1
6.98982 1
6.98984 1
6.98984 1
6.98986 1
6.98992 1
6.98997 1
6.99158 1
6.99187 1
6.99259 1
6.99263 1
8.85085 1
8.85096 1
8.85382 1
8.85384 1
8.85472 1
8.85482 1
8.85484 1
8.85486 1
8.85487 1
9.03939 1
9.03957 1
9.04144 1
9.0421 1
9.04221 1
9.04254 1
9.04256 1
9.04259 1
9.04424 1
9.04424 1
9.04443 1
9.04447 1
9.04546 1
9.04551 1
9.04551 1
9.04671 1
9.04676 1
9.04676 1
10.0003 1
10.0003 1
10.0004 1
10.0007 1
10.0007 1
10.0032 1
10.0032 1
10.0032 1
10.0032 1
10.0064 1
10.0066 1
10.0067 1
10.007 1
10.0073 1
10.0081 1
10.0421 1
10.0422 1
10.0422 1
10.043 1
10.0432 1
10.0433 1
10.0434 1
10.0434 1
10.0434 1
10.0436 1
10.0437 1
10.0437 1
10.0438 1
10.0439 1
10.0441 1
10.0441 1
10.0445 1
10.0447 1
10.0447 1
10.0447 1
10.047 1
10.047 1
10.047 1
10.047 1
10.0471 1
10.0472 1
10.0481 1
10.0504 1
10.0505 1
10.0505 1
10.0894 1
10.0897 1
10.0897 1
10.0897 1
10.0897 1
10.0897 1
10.0909 1
10.091 1
10.091 1
10.091 1
10.0911 1
10.0911 1
10.0911 1
10.0913 1
10.0922 1
10.0923 1
10.0925 1
10.0925 1
10.0925 1
10.0933 1
10.0943 1
10.0944 1
10.095 1
10.095 1
10.0953 1
10.0953 1
10.0953 1
10.0953 1
10.0957 1
10.0959 1
10.0963 1
10.0963 1
10.0964 1
10.0964 1
10.0968 1
10.0968 1
10.0969 1
10.0969 1
10.0969 1
10.0969 1
10.0969 1
10.097 1
10.0971 1
10.0973 1
10.0976 1
10.0977 1
10.1015 1
10.1016 1
10.1021 1
10.1022 1
10.1022 1
10.1022 1
10.1026 1
10.1026 1
10.1028 1
10.1034 1
10.1049 1
10.1049 1
10.111 1
10.111 1
10.1112 1
10.1112 1
10.1121 1
10.1121 1
10.1123 1
10.1123 1
10.1124 1
10.1124 1
10.1124 1
10.1189 1
10.12 1
10.1202 1
10.1202 1
10.1205 1
10.1205 1
10.1205 1
10.1209 1
10.1224 1
10.1224 1
10.1433 1
10.1433 1
10.1444 1
10.1445 1
10.1452 1
10.1452 1
10.1453 1
10.1453 1
10.1453 1
10.1453 1
10.1454 1
10.1454 1
10.1522 1
10.1522 1
10.1536 1
10.1536 1
10.1536 1
10.1537 1
10.1538 1
10.1539 1
10.1539 1
10.1539 1
10.1539 1
10.1544 1
10.1551 1
10.1551 1
10.1553 1
10.1554 1
10.1564 1
10.1564 1
10.1564 1
10.1564 1
10.1567 1
10.1574 1
10.1575 1
10.1575 1
10.1576 1
10.1576 1
10.1577 1
10.1577 1
10.1577 1
10.1577 1
10.1581 1
10.1581 1
10.1582 1
10.1582 1
10.1583 1
10.1591 1
10.1591 1
10.1591 1
10.1593 1
10.1597 1
10.1597 1
10.1598 1
10.1598 1
10.1599 1
10.16 1
10.1601 1
10.1602 1
10.1602 1
10.1614 1
10.1615 1
10.1615 1
10.1615 1
10.1615 1
10.1616 1
10.1616 1
10.1616 1
10.1616 1
10.1617 1
10.1617 1
10.1631 1
10.1631 1
10.1634 1
10.1634 1
10.1635 1
10.1639 1
10.1648 1
10.1648 1
10.1649 1
10.1667 1
10.1669 1
10.169 1
10.169 1
10.169 1
10.1691 1
10.1691 1
10.1705 1
10.1705 1
10.1708 1
10.1751 1
10.1753 1
10.1762 1
10.1762 1
10.1763 1
10.1763 1
10.1763 1
10.1763 1
10.1765 1
10.1765 1
10.1797 1
10.1806 1
10.1815 1
10.1816 1
10.1816 1
10.1816 1
10.1817 1
10.1817 1
10.1817 1
10.1817 1
10.1821 1
10.1821 1
10.1822 1
10.1826 1
10.1826 1
10.1893 1
10.1911 1
10.1933 1
10.1934 1
10.1935 1
10.1935 1
10.1935 1
10.1946 1
10.1946 1
10.1948 1
10.1949 1
10.1959 1
10.196 1
10.1971 1
10.1974 1
10.1977 1
10.1979 1
10.1979 1
10.1981 1
10.1982 1
10.1992 1
10.1992 1
10.1993 1
10.1993 1
10.1994 1
10.1994 1
10.1995 1
10.1995 1
10.2011 1
10.2012 1
10.2033 1
10.2033 1
10.2033 1
10.2033 1
10.2049 1
10.2049 1
10.2053 1
10.2059 1
10.206 1
10.2061 1
10.2061 1
10.2063 1
10.2063 1
10.2064 1
10.2079 1
10.2079 1
10.2079 1
10.2086 1
10.21 1
10.21 1
10.21 1
10.21 1
10.2117 1
10.212 1
10.212 1
10.2182 1
10.2184 1
10.2185 1
10.2186 1
10.2192 1
10.2192 1
10.2192 1
10.2193 1
10.2193 1
10.2196 1
10.2198 1
10.2198 1
10.2199 1
10.2212 1
10.222 1
10.2221 1
10.2221 1
12.0937 1
12.0937 1
12.0943 1
12.0943 1
12.0943 1
12.0944 1
12.0951 1
12.0951 1
12.0955 1
12.096 1
12.096 1
12.0965 1
12.0978 1
12.0978 1
12.0978 1
12.0979 1
12.0979 1
12.0985 1
12.0985 1
12.1161 1
12.1162 1
12.1163 1
12.1164 1
12.1167 1
12.1168 1
12.1168 1
12.1172 1
12.1172 1
12.1173 1
12.1173 1
12.1173 1
12.1174 1
12.1175 1
12.1178 1
12.1179 1
12.1179 1
12.1179 1
12.1179 1
12.118 1
12.1186 1
12.1186 1
12.1186 1
12.1187 1
12.1187 1
12.1191 1
12.1191 1
12.1193 1
12.1193 1
12.1193 1
12.1193 1
12.1194 1
12.1194 1
12.1194 1
12.1196 1
12.1196 1
12.1196 1
12.1197 1
12.121 1
12.121 1
12.1215 1
12.1217 1
12.1223 1
12.1224 1
12.1224 1
12.1225 1
12.1226 1
12.1226 1
12.1226 1
12.1227 1
12.1227 1
12.1228 1
12.1228 1
12.1228 1
12.1229 1
12.1242 1
12.1242 1
12.1247 1
12.125 1
12.1252 1
12.1253 1
12.1263 1
12.1263 1
12.1275 1
12.1275 1
12.1275 1
12.1276 1
12.1277 1
12.1278 1
12.1279 1
12.128 1
12.1285 1
12.1289 1
12.1294 1
12.1294 1
12.1294 1
12.1296 1
12.1309 1
12.1316 1
12.1317 1
12.1317 1
12.1317 1
12.1318 1
12.1331 1
12.1331 1
12.1344 1
12.1357 1
12.1357 1
12.1366 1
12.137 1
12.1371 1
12.1375 1
12.1382 1
12.1382 1
12.1382 1
12.1382 1
12.1383 1
12.1404 1
12.1404 1
12.1406 1
12.1406 1
12.141 1
12.141 1
12.141 1
12.141 1
12.1415 1
12.1418 1
12.1419 1
12.1419 1
12.1419 1
12.142 1
12.142 1
12.1423 1
12.1424 1
12.1424 1
12.1425 1
12.1425 1
12.1425 1
12.1445 1
12.1445 1
12.1445 1
12.1446 1
12.1456 1
12.1457 1
12.1482 1
12.1482 1
12.1483 1
12.1489 1
12.1495 1
12.1495 1
12.1496 1
12.1496 1
12.1496 1
12.1496 1
12.1496 1
12.1497 1
12.1497 1
12.1501 1
12.1519 1
12.152 1
12.1524 1
12.1524 1
12.1526 1
12.1526 1
12.1527 1
12.153 1
12.1531 1
12.154 1
12.1543 1
12.1548 1
12.1548 1
12.1549 1
12.1549 1
12.1551 1
12.1551 1
12.1551 1
12.1557 1
12.1557 1
12.1569 1
12.1572 1
12.1573 1
12.1574 1
12.1576 1
12.158 1
12.158 1
12.1585 1
12.1592 1
12.1594 1
12.1595 1
12.1595 1
12.1599 1
12.1599 1
12.1599 1
12.16 1
12.16 1
12.16 1
12.1608 1
12.1608 1
12.1609 1
12.1609 1
12.1609 1
12.1609 1
12.1609 1
12.1609 1
12.161 1
12.161 1
12.162 1
12.162 1
12.162 1
12.1621 1
12.1621 1
12.1621 1
12.1622 1
12.1629 1
12.163 1
12.163 1
12.1631 1
12.1631 1
12.1631 1
12.1633 1
12.1642 1
12.1652 1
12.1652 1
12.1652 1
12.1652 1
12.1652 1
12.1652 1
12.1653 1
12.1653 1
12.1653 1
12.1654 1
12.1655 1
12.1657 1
12.1662 1
12.1662 1
12.1663 1
12.1684 1
12.1685 1
12.1685 1
12.1715 1
14.1321 1
14.1321 1
14.1333 1
14.1333 1
14.1333 1
14.1333 1
14.1354 1
14.1354 1
14.1355 1
14.1361 1
14.1364 1
14.1372 1
14.1374 1
14.1375 1
14.1375 1
14.1376 1
14.1406 1
14.1409 1
14.1655 1
14.166 1
14.1661 1
14.1686 1
14.1704 1
14.1704 1
14.1719 1
14.1719 1
17.0412 1
17.0413 1
17.0413 1
17.0414 1
17.0475 1
17.0476 1
17.0482 1
17.0486 1
17.0492 1
17.0492 1
17.0492 1
17.0493 1
17.0493 1
17.0508 1
17.0533 1
17.0546 1
17.0546 1
17.0546 1
17.0571 1
17.0579 1
17.058 1
17.0588 1
17.0588 1
17.0588 1
17.059 1
17.059 1
17.0591 1
17.0591 1
17.0591 1
17.0591 1
17.0604 1
17.0604 1
17.0604 1
17.0623 1
17.0623 1
17.0627 1
17.0633 1
17.9367 1
17.9367 1
17.9367 1
17.9368 1
17.9368 1
17.937 1
17.938 1
17.938 1
17.9381 1
17.9381 1
17.9397 1
17.94 1
17.9404 1
17.9404 1
17.9404 1
17.9406 1
17.9412 1
17.9412 1
17.9412 1
17.9412 1
17.9413 1
17.9416 1
17.9422 1
17.9423 1
17.9425 1
17.9425 1
17.943 1
17.9431 1
17.9431 1
17.9432 1
17.9432 1
17.9434 1
17.9435 1
17.9435 1
17.9442 1
17.9444 1
17.9448 1
17.9448 1
17.9448 1
17.9477 1
17.9597 1
17.9597 1
17.9598 1
17.9598 1
17.9598 1
17.9614 1
17.9616 1
17.9621 1
17.9621 1
17.9622 1
17.9623 1
17.9623 1
17.9624 1
17.9624 1
17.9624 1
17.9624 1
17.9625 1
17.9625 1
17.9625 1
17.9626 1
17.9626 1
17.9635 1
17.964 1
17.9646 1
17.9646 1
17.9648 1
17.9648 1
17.965 1
17.965 1
17.965 1
17.9656 1
17.9658 1
17.9658 1
17.9659 1
17.9661 1
17.9661 1
17.9661 1
17.9665 1
17.9667 1
17.9667 1
17.9668 1
17.967 1
17.9675 1
17.9795 1
17.9798 1
17.9798 1
17.9798 1
17.9809 1
20.5655 1
20.5655 1
20.5655 1
20.5655 1
20.5655 1
20.566 1
20.5661 1
20.567 1
20.567 1
20.5671 1
20.5676 1
20.5686 1
20.5722 1
21.3907 1
21.3908 1
21.391 1
21.3912 1
21.3918 1
21.3918 1
21.3918 1
21.3918 1
21.3919 1
21.3919 1
21.392 1
21.3921 1
21.3923 1
21.3942 1
21.5458 1
21.5458 1
21.5458 1
21.5464 1
21.5468 1
21.549 1
21.5492 1
21.5492 1
21.5492 1
21.5493 1
21.5496 1
21.55 1
21.5501 1
21.5501 1
21.5504 1
21.5505 1
21.5534 1
21.5536 1
21.5543 1
23.0838 1
23.0849 1
23.0849 1
23.0856 1
23.0876 1
23.0879 1
23.0879 1
23.0879 1
23.0882 1
23.0884 1
23.0886 1
23.0886 1
23.0899 1
23.0899 1
23.0899 1
23.0941 1
23.0941 1
23.0941 1
23.0943 1
23.0943 1
23.0943 1
23.0943 1
23.0964 1
23.0964 1
23.0965 1
23.0967 1
23.0967 1
23.0971 1
23.0971 1
23.0971 1
23.0972 1
23.0976 1
23.0976 1
23.0977 1
23.0977 1
23.0998 1
23.0999 1
23.0999 1
23.101 1
23.1013 1
23.1088 1
23.1088 1
23.1108 1
23.1109 1
23.1245 1
23.1245 1
23.1246 1
23.1246 1
23.1249 1
23.1253 1
23.1257 1
23.1257 1
23.1259 1
23.126 1
23.1278 1
23.1278 1
23.1278 1
23.2728 1
23.2757 1
23.2757 1
23.2757 1
23.2757 1
23.2759 1
24.8883 1
24.8892 1
24.9292 1
24.9292 1
24.9302 1
24.9302 1
24.9303 1
24.9303 1
24.9303 1
24.9313 1
24.9313 1
24.9323 1
24.9323 1
24.9323 1
24.9348 1
24.9349 1
24.9351 1
24.9351 1
24.9352 1
24.9354 1
24.9354 1
24.9364 1
24.9364 1
24.9364 1
24.938 1
24.938 1
24.938 1
24.9381 1
24.9381 1
24.9382 1
24.9382 1
24.9383 1
24.9406 1
24.9408 1
24.9409 1
24.941 1
24.941 1
24.9411 1
24.9422 1
24.9423 1
24.9423 1
24.9439 1
24.9563 1
24.9564 1
24.9564 1
24.9564 1
24.9564 1
24.9564 1
24.9564 1
24.9574 1
24.9574 1
24.9575 1
24.9606 1
24.9606 1
24.9606 1
24.9617 1
24.9617 1
24.9619 1
24.9627 1
24.9627 1
24.9711 1
24.9723 1
24.9723 1
24.9723 1
24.9724 1
24.9725 1
26.5923 1
26.5923 1
26.5923 1
26.5923 1
26.5924 1
26.5924 1
26.5943 1
26.5944 1
26.5945 1
26.5947 1
26.5947 1
26.5948 1
26.5948 1
26.5991 1
26.5991 1
26.5992 1
26.5992 1
26.5992 1
26.5993 1
26.5993 1
26.601 1
26.6013 1
26.6013 1
26.6018 1
26.6018 1
26.6025 1
26.6025 1
26.6057 1
26.6057 1
26.6059 1
26.606 1
26.6076 1
26.6079 1
26.6079 1
26.608 1
26.6199 1
26.6199 1
26.6199 1
26.6208 1
26.6221 1
26.6221 1
26.6223 1
26.7019 1
26.7019 1
26.7032 1
26.7397 1
26.7397 1
26.7397 1
26.7398 1
26.7398 1
26.7404 1
26.7404 1
26.7414 1
26.7414 1
26.7414 1
26.7414 1
26.7415 1
28.4769 1
28.4776 1
28.4779 1
28.4779 1
28.4779 1
28.478 1
28.478 1
28.478 1
28.478 1
28.479 1
28.479 1
28.479 1
28.479 1
28.479 1
28.479 1
28.4795 1
28.4795 1
28.4799 1
28.4799 1
28.4799 1
28.4817 1
28.4861 1
28.4864 1
28.4865 1
28.5323 1
28.5323 1
28.533 1
28.5332 1
28.5336 1
28.5344 1
28.5344 1
28.5349 1
28.5355 1
28.5359 1
28.536 1
28.536 1
28.5361 1
28.5361 1
28.5362 1
28.5381 1
28.5381 1
28.5381 1
28.5382 1
