0.731037 1
0.732088 1
0.732093 1
0.732137 1
0.732143 1
0.732156 1
0.732982 1
0.733006 1
0.733031 1
0.733055 1
0.733139 1
0.734054 1
0.734155 1
0.734189 1
0.734259 1
0.734308 1
0.734542 1
0.734571 1
0.735009 1
0.735188 1
0.73524 1
0.73525 1
0.735289 1
0.735443 1
0.735572 1
0.736207 1
0.736415 1
0.736449 1
0.736635 1
0.736655 1
0.736672 1
0.736704 1
0.737665 1
0.737673 1
0.737687 1
0.737705 1
0.737714 1
0.737723 1
0.737952 1
0.738441 1
0.738805 1
0.73881 1
0.739207 1
0.739211 1
0.739359 1
0.739443 1
0.739581 1
0.73984 1
0.739856 1
0.740493 1
0.740494 1
0.740739 1
0.740875 1
0.741353 1
0.741363 1
0.741428 1
0.74146 1
0.741576 1
0.741593 1
0.741629 1
0.741971 1
0.742479 1
0.742511 1
0.742564 1
0.742578 1
0.742595 1
0.742613 1
0.742627 1
0.742729 1
0.743648 1
0.743697 1
0.74373 1
0.743843 1
0.743892 1
0.744126 1
0.74424 1
0.74464 1
0.744679 1
0.744683 1
0.744689 1
0.744696 1
0.744728 1
0.744745 1
0.744781 1
0.746288 1
0.74715 1
0.747265 1
0.74727 1
0.747295 1
0.747319 1
0.747579 1
0.747593 1
0.747617 1
0.747628 1
0.748538 1
0.748549 1
0.748557 1
0.748667 1
0.748899 1
0.748983 1
0.749033 1
0.750009 1
0.750034 1
0.750056 1
0.750058 1
0.750072 1
0.750276 1
0.750281 1
0.750318 1
0.750331 1
0.751058 1
0.751079 1
0.751085 1
0.752144 1
0.752158 1
0.752197 1
0.752219 1
0.752266 1
0.752269 1
0.752315 1
0.752602 1
0.752821 1
0.753078 1
0.753101 1
0.753207 1
0.753208 1
0.753433 1
0.753608 1
0.753657 1
0.753702 1
0.753716 1
0.753968 1
0.754068 1
0.754204 1
0.75421 1
0.755199 1
0.755203 1
0.755215 1
0.75531 1
0.755343 1
0.755453 1
0.75548 1
0.755502 1
0.755603 1
0.755613 1
0.756022 1
0.756301 1
0.756303 1
0.756305 1
0.756311 1
0.756325 1
0.756339 1
0.75635 1
0.75636 1
0.756374 1
0.758135 1
0.758736 1
0.758755 1
0.75877 1
0.759025 1
0.759136 1
0.759146 1
0.761275 1
0.761285 1
0.761635 1
0.76168 1
0.761875 1
0.761888 1
0.76192 1
0.763377 1
0.763383 1
0.763406 1
0.763408 1
0.76342 1
0.763433 1
0.763736 1
0.763774 1
0.763786 1
0.764543 1
0.764775 1
0.764787 1
0.764824 1
0.764917 1
0.76504 1
0.765188 1
0.765795 1
0.765826 1
0.765828 1
0.765838 1
0.765907 1
0.765917 1
0.765956 1
0.765967 1
0.766162 1
0.766182 1
0.766189 1
0.766938 1
0.767292 1
0.767341 1
0.767711 1
0.767721 1
0.767726 1
0.767939 1
0.767959 1
0.768192 1
0.768233 1
0.768427 1
0.768466 1
0.768473 1
0.768476 1
0.768947 1
0.768978 1
0.768992 1
0.769193 1
0.769243 1
0.769734 1
0.769737 1
0.770356 1
0.770465 1
0.770609 1
0.770617 1
0.770884 1
0.770985 1
0.770999 1
0.771124 1
0.771385 1
0.772395 1
0.772583 1
0.772626 1
0.772631 1
0.772633 1
0.772879 1
0.772901 1
0.773749 1
0.773895 1
0.774459 1
0.774468 1
0.774496 1
0.774503 1
0.774518 1
0.775612 1
0.77566 1
0.77567 1
0.775764 1
0.775783 1
0.775985 1
0.776177 1
0.776274 1
0.776604 1
0.776619 1
0.776649 1
0.776809 1
0.776844 1
0.776864 1
0.777269 1
0.777299 1
0.777425 1
0.777755 1
0.777796 1
0.778383 1
0.778432 1
0.778444 1
0.77865 1
0.778699 1
0.778699 1
0.779551 1
0.779583 1
0.7797 1
0.779749 1
0.779772 1
0.779815 1
0.77996 1
0.780585 1
0.781467 1
0.781473 1
0.781583 1
0.781586 1
0.781635 1
0.781635 1
0.781685 1
0.782845 1
0.782852 1
0.783274 1
0.78329 1
0.783309 1
0.783339 1
0.783915 1
0.783952 1
0.784317 1
0.784341 1
0.784359 1
0.784994 1
0.785 1
0.785003 1
0.785441 1
0.786216 1
0.786261 1
0.786265 1
0.786461 1
0.786483 1
0.786491 1
0.788126 1
0.788146 1
0.788155 1
0.788248 1
0.789643 1
0.789655 1
0.789899 1
0.790158 1
0.790298 1
0.7903 1
0.79273 1
0.8039 1
0.803909 1
0.805296 1
0.805304 1
0.80538 1
0.805387 1
0.805499 1
0.805773 1
0.805896 1
0.806308 1
0.806357 1
0.806381 1
0.806431 1
0.808468 1
0.812661 1
0.813289 1
0.813338 1
0.815355 1
0.815368 1
0.816165 1
0.819547 1
0.819575 1
0.819585 1
0.819596 1
0.821656 1
0.821669 1
0.821676 1
0.824831 1
2.01188 1
2.01196 1
2.01201 1
2.01272 1
2.01275 1
2.01289 1
2.01302 1
2.01307 1
2.01331 1
2.01336 1
2.015 1
2.01603 1
2.01604 1
2.01604 1
2.01608 1
2.01609 1
2.01609 1
2.01799 1
2.01816 1
2.02485 1
2.15566 1
2.15671 1
2.15674 1
2.15676 1
2.15679 1
2.1568 1
2.15781 1
2.15784 1
2.15885 1
2.15889 1
2.1589 1
2.15894 1
2.16436 1
2.16438 1
2.16598 1
2.16599 1
2.16603 1
2.16866 1
2.16867 1
2.16869 1
2.16892 1
2.17079 1
2.17082 1
2.17128 1
2.17132 1
2.17236 1
2.17241 1
2.17243 1
2.17246 1
2.17293 1
2.17293 1
2.17348 1
2.17353 1
2.17535 1
2.17548 1
2.17612 1
2.17613 1
2.17617 1
2.17618 1
8.06752 1
8.06828 1
8.06828 1
8.06829 1
8.0683 1
8.06841 1
8.0685 1
8.06852 1
8.06853 1
8.06928 1
8.06952 1
8.06967 1
8.06975 1
8.06975 1
8.0698 1
8.0698 1
8.06991 1
8.07069 1
8.07079 1
8.07144 1
8.07155 1
8.07168 1
8.07191 1
8.07195 1
8.07353 1
8.07371 1
8.07378 1
8.07379 1
8.07381 1
8.07406 1
8.07472 1
8.07484 1
8.07584 1
8.07611 1
8.07697 1
8.07702 1
8.07705 1
8.0771 1
8.07722 1
8.07725 1
8.07727 1
8.07728 1
8.07732 1
8.07912 1
8.07924 1
8.08338 1
8.0834 1
8.08342 1
8.08393 1
8.08399 1
8.08401 1
8.08402 1
8.08404 1
8.08442 1
8.08447 1
8.0845 1
8.08451 1
8.08455 1
8.08893 1
8.08908 1
8.09085 1
8.09219 1
8.0922 1
8.09222 1
8.09224 1
8.09449 1
8.0956 1
8.09561 1
8.09563 1
8.09599 1
8.09599 1
8.09601 1
8.09612 1
8.09688 1
8.09699 1
8.097 1
8.097 1
8.0971 1
8.09713 1
8.09715 1
8.10333 1
8.1034 1
8.10345 1
8.10359 1
8.10367 1
8.10471 1
8.10477 1
8.10482 1
8.10761 1
8.10813 1
8.1092 1
8.10922 1
8.10922 1
8.10924 1
8.10925 1
8.10934 1
8.10938 1
8.1128 1
8.11285 1
8.11289 1
8.11316 1
8.11323 1
8.11328 1
8.11352 1
8.11354 1
8.11359 1
8.11567 1
8.11568 1
8.11569 1
8.11579 1
8.11668 1
8.11669 1
8.11683 1
8.11775 1
8.11776 1
8.11778 1
8.11779 1
8.11784 1
8.11972 1
8.11973 1
8.12098 1
8.12099 1
8.12108 1
8.12163 1
8.12183 1
8.12184 1
8.12188 1
8.12214 1
8.12313 1
8.12544 1
8.12548 1
8.13751 1
8.13762 1
8.13763 1
8.13872 1
8.14386 1
8.14389 1
8.14957 1
8.14958 1
8.14962 1
8.15107 1
8.18012 1
8.181 1
8.18105 1
8.18109 1
10.0265 1
10.0275 1
10.0275 1
10.0275 1
10.0276 1
10.0276 1
10.028 1
10.028 1
10.0281 1
10.0281 1
10.0302 1
10.0303 1
10.0307 1
10.0307 1
10.0307 1
10.0311 1
10.0322 1
10.0329 1
10.0332 1
10.0332 1
10.0333 1
10.0333 1
10.0333 1
10.0334 1
10.0334 1
10.0334 1
10.0335 1
10.0335 1
10.0335 1
10.0347 1
10.0359 1
10.0359 1
10.036 1
10.036 1
10.036 1
10.036 1
10.0361 1
10.0371 1
10.0371 1
10.0371 1
10.0371 1
10.0372 1
10.0372 1
10.0372 1
10.0372 1
10.0374 1
10.0374 1
10.0384 1
10.0388 1
10.039 1
10.0392 1
10.0392 1
10.0392 1
10.0393 1
10.0394 1
10.0394 1
10.0394 1
10.0394 1
10.0394 1
10.0395 1
10.0397 1
10.0397 1
10.0409 1
10.041 1
10.041 1
10.0418 1
10.0418 1
10.0419 1
10.0419 1
10.042 1
10.0431 1
10.0435 1
10.0436 1
10.0436 1
10.0436 1
10.0436 1
10.0442 1
10.0442 1
10.0448 1
10.0448 1
10.046 1
10.0467 1
10.0467 1
10.0467 1
10.0467 1
10.0467 1
10.0467 1
10.0491 1
10.0492 1
10.0511 1
10.0594 1
10.0594 1
10.0619 1
10.0621 1
10.0622 1
16.8397 1
16.8397 1
16.8397 1
16.84 1
16.8401 1
16.8406 1
16.8411 1
16.8421 1
16.8422 1
16.8422 1
16.8422 1
16.8444 1
16.8444 1
16.8446 1
16.8446 1
16.8448 1
16.8449 1
16.8449 1
16.8449 1
16.8449 1
16.8449 1
16.8449 1
16.845 1
16.8464 1
16.8465 1
16.8465 1
16.8476 1
16.8476 1
16.8481 1
16.8482 1
16.8533 1
16.8546 1
16.8548 1
16.8548 1
16.8549 1
16.8643 1
16.8651 1
16.8652 1
16.8652 1
16.8654 1
16.8654 1
16.8654 1
16.8664 1
16.8664 1
16.8665 1
16.8666 1
16.8678 1
16.8679 1
16.868 1
16.8696 1
16.8697 1
16.8697 1
16.8697 1
16.8701 1
16.8701 1
16.8701 1
16.9005 1
16.9021 1
16.9021 1
16.9022 1
16.9024 1
16.9024 1
16.9025 1
16.9025 1
16.9025 1
16.9025 1
16.9029 1
16.9029 1
16.9032 1
16.9035 1
16.9035 1
16.9037 1
16.906 1
16.906 1
16.906 1
16.9061 1
16.9062 1
16.9062 1
16.9063 1
16.9063 1
16.9157 1
16.9158 1
16.9158 1
16.9159 1
16.916 1
16.916 1
16.9242 1
16.9242 1
16.9634 1
16.9634 1
16.9635 1
16.9636 1
16.9636 1
16.9637 1
16.9637 1
18.805 1
18.8061 1
18.8067 1
18.8067 1
18.8067 1
18.8088 1
18.8094 1
18.8105 1
18.8118 1
18.8119 1
18.8119 1
18.8147 1
18.9764 1
18.9781 1
18.9788 1
18.9792 1
18.9793 1
20.9349 1
20.9349 1
20.935 1
20.9352 1
20.9352 1
20.9352 1
20.9352 1
20.9353 1
20.9363 1
20.9364 1
20.9372 1
20.9375 1
20.9375 1
20.9376 1
20.9376 1
20.9376 1
20.9377 1
20.9377 1
20.9378 1
20.9389 1
20.939 1
20.9402 1
20.9403 1
20.9403 1
20.9405 1
20.9405 1
20.9416 1
20.9416 1
20.943 1
20.9431 1
20.9431 1
20.9431 1
20.9436 1
20.9436 1
20.9437 1
20.9437 1
20.9447 1
20.9449 1
20.9543 1
20.9543 1
20.9543 1
20.9557 1
20.9557 1
20.9557 1
20.9577 1
20.9577 1
20.9578 1
20.9579 1
20.9589 1
20.9589 1
20.959 1
23.2435 1
23.2437 1
23.2438 1
23.2456 1
23.2457 1
25.1399 1
25.14 1
25.14 1
25.142 1
25.1421 1
25.1422 1
25.1433 1
25.1452 1
25.1473 1
25.1474 1
25.1474 1
25.1474 1
25.1475 1
25.1497 1
25.1498 1
25.1498 1
25.1499 1
25.1509 1
25.151 1
25.151 1
25.1512 1
25.1512 1
25.1517 1
25.1518 1
25.1518 1
25.1521 1
25.1521 1
25.1521 1
25.1522 1
25.1522 1
25.1534 1
25.1534 1
25.1534 1
25.1535 1
25.1546 1
25.1546 1
25.1546 1
25.1547 1
25.1547 1
25.1562 1
25.1563 1
25.1564 1
25.1564 1
25.1564 1
25.1565 1
25.157 1
25.1572 1
25.1572 1
25.1573 1
25.1574 1
25.1574 1
25.1574 1
25.1581 1
25.1582 1
25.1582 1
25.1583 1
25.1583 1
25.1588 1
25.1588 1
25.1588 1
25.1593 1
25.1624 1
25.2032 1
25.2033 1
25.2253 1
25.2254 1
25.2255 1
25.2255 1
25.2255 1
25.2255 1
25.2255 1
25.2256 1
25.2256 1
25.226 1
25.2278 1
25.2282 1
25.2287 1
25.2287 1
25.2287 1
25.2288 1
25.2288 1
25.2311 1
25.2313 1
25.2313 1
25.2313 1
25.2314 1
25.2325 1
25.2329 1
25.234 1
25.234 1
25.2347 1
25.2354 1
25.2354 1
25.2355 1
25.2357 1
25.2365 1
25.2365 1
25.2365 1
25.2366 1
25.2366 1
25.2367 1
25.2369 1
25.238 1
25.2381 1
25.2381 1
25.2382 1
25.2382 1
25.2383 1
25.2383 1
25.2383 1
25.2393 1
25.2394 1
25.2394 1
25.2395 1
25.2395 1
25.2396 1
25.2396 1
25.2396 1
25.2403 1
25.2425 1
25.2425 1
25.2434 1
25.2434 1
25.2434 1
25.2434 1
25.2487 1
25.2493 1
25.2494 1
25.2495 1
25.2496 1
25.2497 1
25.2497 1
25.2508 1
25.2508 1
25.2508 1
25.2508 1
25.2512 1
25.2512 1
25.2513 1
29.1227 1
29.1228 1
29.1295 1
29.1295 1
29.1295 1
29.1296 1
29.1308 1
29.1312 1
29.1312 1
30.9682 1
31.9135 1
31.9151 1
31.9151 1
31.9152 1
31.9153 1
31.9153 1
31.9154 1
31.9154 1
31.9214 1
31.9214 1
31.9214 1
31.9214 1
31.9215 1
31.9215 1
31.9216 1
31.9226 1
31.9226 1
31.9227 1
31.9227 1
31.9252 1
31.9268 1
31.9268 1
31.9269 1
31.9269 1
31.9269 1
31.927 1
31.927 1
31.9274 1
31.9274 1
31.9287 1
31.9295 1
31.9295 1
31.9298 1
31.9298 1
31.9299 1
31.9299 1
31.9309 1
31.931 1
31.9314 1
31.9314 1
31.9314 1
31.9314 1
31.933 1
31.933 1
31.933 1
31.9331 1
31.9331 1
34.6433 1
34.6433 1
34.6434 1
34.6434 1
34.6434 1
34.6437 1
34.6437 1
34.6441 1
34.6441 1
34.6441 1
34.6443 1
34.6443 1
34.6443 1
34.6443 1
34.6446 1
34.645 1
34.6451 1
34.6451 1
34.6451 1
34.6451 1
34.6451 1
34.6453 1
34.6454 1
34.6455 1
34.6455 1
34.6456 1
34.6458 1
34.6458 1
34.6458 1
34.6462 1
34.6462 1
34.6462 1
34.6463 1
34.6463 1
34.6463 1
34.6463 1
34.6464 1
34.6465 1
34.6465 1
34.6487 1
34.6488 1
34.6489 1
34.6489 1
34.649 1
34.6503 1
34.6504 1
34.6505 1
34.6508 1
34.6508 1
34.6514 1
34.6514 1
34.6514 1
34.6515 1
34.6515 1
34.6524 1
34.6524 1
34.6525 1
34.6529 1
34.6529 1
34.6529 1
34.6529 1
34.6535 1
34.6539 1
34.6539 1
34.654 1
34.654 1
34.6545 1
34.6545 1
34.6545 1
34.6545 1
34.6546 1
34.6547 1
34.6555 1
34.6558 1
34.6558 1
34.6558 1
34.6559 1
34.6563 1
34.6564 1
34.6568 1
34.6569 1
34.6569 1
34.657 1
34.6574 1
34.6574 1
34.6574 1
34.6574 1
34.6584 1
34.6595 1
34.6595 1
34.6596 1
34.6596 1
34.6607 1
34.7441 1
34.7441 1
34.7441 1
34.7441 1
34.7452 1
34.7452 1
34.7452 1
34.7481 1
34.7481 1
34.7481 1
34.7484 1
34.7485 1
34.7486 1
34.7499 1
34.7499 1
34.75 1
34.75 1
34.7503 1
34.7503 1
34.7504 1
34.7505 1
34.7505 1
34.7505 1
34.7505 1
34.7506 1
34.7506 1
34.7511 1
34.7513 1
34.7513 1
34.7514 1
34.7515 1
34.7515 1
34.7515 1
34.7525 1
34.7525 1
34.7525 1
34.7525 1
34.7525 1
34.7526 1
34.7526 1
34.7534 1
34.7535 1
34.7535 1
34.7536 1
34.7536 1
34.7536 1
34.7543 1
34.7543 1
34.7549 1
34.7556 1
34.7556 1
34.7557 1
34.7557 1
34.7557 1
34.7558 1
34.7558 1
34.7558 1
34.7567 1
34.7567 1
34.7568 1
34.7568 1
34.7568 1
34.7575 1
34.7578 1
34.7578 1
34.7578 1
34.7578 1
34.7578 1
34.7579 1
34.7579 1
34.7579 1
34.7581 1
34.7581 1
34.7581 1
34.7582 1
34.759 1
34.7599 1
34.76 1
34.7604 1
34.7608 1
34.7608 1
34.7608 1
34.7608 1
34.7615 1
34.7615 1
34.7631 1
34.7632 1
34.7633 1
34.7633 1
34.7651 1
34.7658 1
34.7674 1
34.7674 1
34.7675 1
34.7675 1
34.768 1
34.768 1
34.7682 1
34.7682 1
34.7683 1
34.7688 1
34.7709 1
34.771 1
34.771 1
34.771 1
34.772 1
34.772 1
34.772 1
34.772 1
34.7721 1
34.7721 1
34.7733 1
34.7733 1
34.7738 1
34.7738 1
34.7742 1
34.7745 1
34.7746 1
34.7746 1
34.7747 1
34.7754 1
34.7755 1
34.7757 1
34.7819 1
34.782 1
34.782 1
34.783 1
34.783 1
34.7831 1
34.7831 1
34.7847 1
34.8039 1
34.8039 1
34.8048 1
34.8049 1
38.6038 1
38.6048 1
38.6048 1
38.6048 1
38.6048 1
38.6048 1
38.6067 1
38.6069 1
38.6069 1
38.607 1
38.6076 1
38.6077 1
38.6077 1
38.6078 1
38.6079 1
38.6081 1
38.6089 1
38.6089 1
38.6089 1
38.609 1
38.609 1
38.609 1
38.6093 1
38.6093 1
38.6095 1
38.6123 1
38.6143 1
38.6143 1
38.6144 1
41.4575 1
41.4613 1
41.4618 1
41.4618 1
41.4627 1
41.4628 1
41.4629 1
41.4629 1
41.464 1
41.464 1
41.4659 1
41.4687 1
41.5025 1
41.5025 1
43.1622 1
43.1622 1
43.1666 1
43.1667 1
43.1668 1
43.167 1
43.1671 1
43.1671 1
43.168 1
43.1682 1
43.1682 1
43.1683 1
43.1683 1
43.169 1
43.169 1
43.1704 1
43.1705 1
43.1705 1
43.1723 1
43.1724 1
43.1726 1
43.1728 1
43.1731 1
43.1736 1
43.1737 1
43.1737 1
43.1737 1
43.1738 1
43.176 1
43.1761 1
43.1762 1
43.179 1
43.1793 1
43.1793 1
43.1793 1
43.1794 1
43.1794 1
43.1811 1
43.1821 1
43.1821 1
43.1821 1
43.1828 1
43.1835 1
43.1835 1
43.1835 1
43.1867 1
43.1871 1
43.1872 1
43.1872 1
48.0619 1
48.0619 1
48.062 1
48.062 1
48.0634 1
48.0635 1
48.0646 1
48.0646 1
48.0647 1
48.0649 1
48.0651 1
48.0665 1
48.0666 1
48.0674 1
48.0675 1
48.0677 1
48.0678 1
48.0678 1
48.0679 1
48.0679 1
48.0689 1
48.0689 1
48.069 1
48.0699 1
48.0703 1
48.0703 1
48.0703 1
48.0704 1
48.0716 1
48.0719 1
48.0719 1
48.0723 1
48.0757 1
48.0757 1
48.0757 1
48.0758 1
48.0758 1
48.076 1
48.076 1
48.0761 1
48.0761 1
48.0761 1
48.0761 1
48.0779 1
48.0779 1
48.0814 1
48.0817 1
48.0818 1
48.0819 1
48.0827 1
48.0827 1
48.0827 1
48.0827 1
48.0828 1
48.0828 1
48.0834 1
48.0834 1
48.0834 1
48.0835 1
48.0838 1
48.084 1
48.084 1
48.0866 1
48.0866 1
48.0867 1
48.0877 1
48.0878 1
48.0893 1
48.0893 1
48.0894 1
48.0894 1
48.0895 1
48.0895 1
48.0934 1
48.0936 1
48.0936 1
48.0936 1
48.0936 1
48.0954 1
48.0959 1
48.0959 1
48.0959 1
51.8017 1
51.8017 1
51.8018 1
51.8019 1
51.8209 1
51.821 1
51.8218 1
51.8218 1
51.8228 1
51.823 1
51.8231 1
51.8232 1
51.8241 1
51.8241 1
51.8262 1
51.8262 1
51.8262 1
51.8272 1
51.8273 1
51.8274 1
51.8302 1
51.8306 1
51.8306 1
51.8306 1
51.831 1
51.8313 1
51.832 1
51.8322 1
51.8322 1
51.8322 1
51.8322 1
51.8323 1
51.8323 1
51.8331 1
51.8331 1
51.8332 1
51.8334 1
51.8335 1
51.8339 1
51.8339 1
51.8339 1
51.834 1
51.834 1
51.834 1
51.8341 1
51.8341 1
51.842 1
51.8425 1
51.8426 1
51.8426 1
51.8426 1
51.846 1
51.8463 1
51.8467 1
51.8469 1
51.8478 1
51.8479 1
51.859 1
51.8597 1
51.86 1
51.86 1
51.86 1
51.8611 1
51.8611 1
51.8611 1
51.8611 1
51.8611 1
51.8613 1
51.9035 1
51.9035 1
51.9096 1
51.9097 1
51.9097 1
51.9109 1
51.911 1
51.9111 1
51.9112 1
51.9127 1
51.9154 1
51.9156 1
51.9156 1
55.383 1
55.383 1
55.383 1
55.3831 1
55.3832 1
55.385 1
55.3851 1
55.3854 1
55.3855 1
55.3855 1
55.3864 1
55.3865 1
55.3869 1
55.3877 1
55.3878 1
55.3879 1
55.3879 1
55.388 1
55.388 1
55.3887 1
55.3888 1
55.3888 1
55.3889 1
55.3889 1
57.5364 1
57.5365 1
57.5369 1
57.5369 1
57.5369 1
57.537 1
57.5374 1
57.5374 1
57.5375 1
57.5385 1
57.539 1
57.539 1
57.539 1
57.5395 1
57.5396 1
57.5401 1
57.5401 1
57.5406 1
57.5407 1
57.5407 1
57.5416 1
57.5416 1
57.542 1
57.542 1
57.542 1
57.542 1
57.5422 1
57.5422 1
57.5422 1
57.5422 1
57.5422 1
57.5425 1
57.5425 1
57.5426 1
57.5437 1
57.5437 1
57.5437 1
57.5437 1
57.5438 1
57.551 1
57.5512 1
57.5513 1
57.5523 1
57.5523 1
57.5544 1
57.5554 1
57.5554 1
57.556 1
57.5566 1
57.5567 1
57.5567 1
57.5574 1
57.5574 1
57.5575 1
57.5611 1
57.5611 1
57.5612 1
57.5666 1
57.5687 1
57.5709 1
57.5709 1
57.5709 1
57.5709 1
57.5737 1
57.583 1
57.5879 1
57.5881 1
57.5881 1
57.5881 1
57.5881 1
57.5882 1
57.5904 1
57.5905 1
57.5906 1
57.5962 1
57.5981 1
57.5981 1
57.5981 1
57.5981 1
57.5981 1
57.5981 1
57.6016 1
57.6022 1
57.6022 1
57.6022 1
57.6046 1
57.6057 1
57.6058 1
57.6058 1
57.6058 1
57.6099 1
57.6117 1
57.6156 1
63.3519 1
63.3519 1
63.352 1
63.3527 1
63.3527 1
63.3529 1
63.3529 1
63.3529 1
63.3529 1
63.3529 1
63.3529 1
63.354 1
63.354 1
63.354 1
63.354 1
63.3545 1
63.3546 1
63.3551 1
63.3551 1
63.3575 1
63.3575 1
63.3584 1
63.3585 1
63.3589 1
63.3593 1
63.3604 1
63.3605 1
63.3605 1
63.3619 1
63.3619 1
63.362 1
63.362 1
63.362 1
63.362 1
63.3629 1
63.3629 1
63.363 1
63.3656 1
63.3668 1
63.3668 1
63.3669 1
63.367 1
63.3673 1
63.37 1
63.372 1
63.3721 1
63.3721 1
63.3722 1
63.3728 1
63.3728 1
63.3728 1
63.3728 1
63.3728 1
63.3729 1
63.3738 1
63.3739 1
63.3739 1
63.375 1
63.3751 1
63.3751 1
63.3751 1
63.3753 1
63.3753 1
63.3753 1
63.3754 1
63.3759 1
63.3759 1
63.376 1
63.376 1
63.3767 1
63.3776 1
63.381 1
63.3811 1
63.3811 1
63.382 1
63.3821 1
63.3821 1
63.3821 1
63.3842 1
63.3842 1
63.3842 1
63.3985 1
63.3985 1
66.4743 1
66.4743 1
66.4743 1
67.1948 1
67.1987 1
67.1989 1
67.2109 1
67.2249 1
67.225 1
67.225 1
67.225 1
67.225 1
67.226 1
67.2282 1
67.2283 1
67.2296 1
67.2296 1
67.2298 1
67.2299 1
67.23 1
67.2307 1
67.2308 1
67.2308 1
67.2318 1
67.2318 1
67.2319 1
67.2319 1
67.232 1
67.2326 1
67.2326 1
70.53 1
70.5301 1
70.5317 1
70.5317 1
70.5318 1
70.5318 1
70.5345 1
70.5345 1
70.5381 1
70.5382 1
70.5382 1
70.5387 1
70.5387 1
70.5388 1
70.539 1
70.539 1
70.5449 1
70.5451 1
72.3939 1
72.3939 1
72.394 1
72.394 1
72.3941 1
72.3943 1
72.3944 1
72.3961 1
72.4007 1
72.465 1
72.4651 1
72.4651 1
72.4651 1
72.4656 1
72.4656 1
72.4656 1
72.4666 1
72.4666 1
72.4667 1
72.4667 1
72.4667 1
72.4668 1
72.4679 1
72.468 1
72.468 1
72.4683 1
72.4683 1
72.4684 1
72.4685 1
72.4685 1
72.4685 1
72.4686 1
72.4686 1
72.469 1
72.4696 1
72.4697 1
72.4707 1
72.4708 1
72.4708 1
72.4711 1
72.4711 1
72.4711 1
72.4711 1
72.4711 1
72.4711 1
72.4712 1
72.4735 1
72.4736 1
72.4743 1
72.4747 1
72.4756 1
72.4757 1
72.4758 1
72.4758 1
72.4759 1
72.4759 1
72.4761 1
72.4762 1
72.4763 1
72.4764 1
72.4764 1
72.4774 1
72.4775 1
72.4778 1
72.4781 1
72.4783 1
72.4783 1
72.4783 1
72.4785 1
72.4785 1
72.4796 1
72.4797 1
72.4799 1
72.48 1
72.48 1
72.48 1
72.4806 1
72.4806 1
72.4816 1
72.4817 1
72.4817 1
72.4819 1
72.482 1
72.4822 1
72.4822 1
72.4822 1
72.484 1
72.484 1
72.4841 1
72.4863 1
72.4866 1
72.4875 1
72.4877 1
72.4878 1
72.4878 1
72.4879 1
72.488 1
72.4921 1
72.4921 1
72.4921 1
72.4921 1
72.4922 1
72.5017 1
72.5018 1
78.5771 1
78.5771 1
78.5771 1
78.5772 1
78.5796 1
78.5796 1
78.5796 1
78.5835 1
78.5837 1
78.5837 1
78.5838 1
78.5839 1
78.5839 1
78.584 1
78.5856 1
78.5857 1
78.5857 1
78.5883 1
78.5883 1
78.5884 1
78.5885 1
78.589 1
78.5891 1
78.5891 1
78.5892 1
78.5934 1
78.5934 1
78.5935 1
78.5935 1
78.5938 1
78.594 1
78.595 1
78.5951 1
78.5951 1
78.5958 1
78.5958 1
78.5984 1
78.5991 1
78.5991 1
78.5992 1
78.5992 1
78.5992 1
78.5993 1
78.5994 1
78.6006 1
78.6012 1
78.6014 1
78.6035 1
78.6035 1
78.6036 1
78.6037 1
78.6037 1
78.6063 1
78.6063 1
78.6063 1
78.6063 1
78.6064 1
78.6064 1
78.607 1
78.6077 1
78.6078 1
78.6105 1
78.6116 1
78.6117 1
78.6117 1
78.6117 1
78.6118 1
78.6118 1
78.6124 1
78.613 1
78.6131 1
78.6131 1
78.6132 1
78.6132 1
78.6162 1
78.6162 1
78.6162 1
78.6162 1
78.6163 1
78.6172 1
78.6182 1
78.6182 1
78.6182 1
78.6215 1
78.6215 1
78.6215 1
78.6216 1
78.6218 1
78.6218 1
78.6219 1
78.6219 1
78.6234 1
78.6251 1
78.6274 1
78.6275 1
78.6275 1
78.6275 1
78.6276 1
78.6276 1
78.6285 1
78.6287 1
78.6297 1
78.6308 1
78.6308 1
78.631 1
78.6311 1
78.6319 1
78.6319 1
78.632 1
78.6334 1
78.6336 1
78.6337 1
78.6339 1
78.6339 1
78.634 1
78.634 1
78.634 1
78.6341 1
78.6351 1
78.6351 1
78.6365 1
78.6367 1
78.6383 1
78.639 1
78.6433 1
78.6444 1
78.6444 1
78.6445 1
78.6448 1
78.6462 1
78.6481 1
78.6482 1
78.6574 1
78.6574 1
78.6576 1
78.6603 1
78.6604 1
78.6717 1
78.6718 1
78.6722 1
78.6909 1
78.6917 1
78.6919 1
78.6919 1
78.692 1
78.6921 1
78.693 1
78.693 1
78.6953 1
78.7158 1
78.7158 1
78.716 1
78.7161 1
78.7171 1
78.7172 1
78.7183 1
78.7183 1
78.7202 1
78.7203 1
78.721 1
78.7211 1
78.7212 1
78.7212 1
78.7212 1
78.7213 1
78.7213 1
78.7238 1
78.7239 1
78.7243 1
78.7243 1
78.7243 1
78.7243 1
80.5888 1
80.5889 1
80.5893 1
80.5893 1
80.5897 1
80.5899 1
80.5899 1
80.59 1
80.59 1
80.5901 1
80.5904 1
80.5917 1
80.5917 1
80.5926 1
80.5927 1
80.5927 1
80.5927 1
80.5928 1
86.2085 1
86.2085 1
86.2085 1
86.2086 1
86.2114 1
86.214 1
86.214 1
86.2144 1
86.2144 1
86.2144 1
86.2144 1
86.2146 1
86.2159 1
86.2159 1
86.2169 1
86.2176 1
86.2177 1
86.2189 1
86.219 1
86.219 1
86.2196 1
86.2196 1
86.2196 1
86.2207 1
86.2207 1
86.221 1
86.2223 1
86.2224 1
86.2243 1
86.2244 1
86.225 1
86.2253 1
86.2253 1
86.2257 1
86.2257 1
86.2258 1
86.2277 1
86.229 1
86.2292 1
86.2292 1
86.2292 1
86.2293 1
86.2308 1
86.2309 1
86.2317 1
86.2318 1
86.2319 1
86.2319 1
86.232 1
86.234 1
86.234 1
86.234 1
86.234 1
86.2343 1
86.2343 1
86.2373 1
86.2374 1
86.238 1
86.238 1
86.2385 1
86.2385 1
86.2386 1
86.2408 1
86.2417 1
86.2417 1
86.2424 1
86.2424 1
86.2425 1
86.2464 1
86.2559 1
86.2574 1
86.2574 1
86.2575 1
86.2576 1
86.2586 1
86.2588 1
86.2588 1
86.2588 1
86.2588 1
86.2596 1
86.2596 1
86.2597 1
86.2597 1
86.2598 1
86.2598 1
86.2618 1
86.2619 1
86.2619 1
86.262 1
86.2621 1
86.2623 1
86.2623 1
86.2623 1
86.2626 1
86.2626 1
86.2626 1
86.2627 1
86.2637 1
86.2637 1
86.2638 1
86.2638 1
86.2643 1
86.2648 1
86.2648 1
86.265 1
86.265 1
86.2651 1
86.2651 1
86.2661 1
86.2661 1
86.2696 1
88.7091 1
88.7092 1
88.7092 1
88.7098 1
88.71 1
88.7102 1
88.7106 1
88.7106 1
88.7107 1
88.7107 1
88.7111 1
88.7112 1
88.7116 1
88.7116 1
88.7122 1
88.7123 1
88.7123 1
88.7123 1
88.7136 1
88.7136 1
88.7138 1
88.7139 1
88.7139 1
88.7139 1
88.7139 1
88.7146 1
88.7155 1
88.7155 1
88.7156 1
88.7158 1
88.716 1
88.7161 1
88.7161 1
88.7162 1
88.7162 1
88.7165 1
88.7166 1
88.7173 1
88.7174 1
88.7174 1
88.7207 1
88.7211 1
95.0127 1
95.0128 1
95.1436 1
95.1437 1
95.1437 1
95.1438 1
95.1438 1
95.1458 1
95.1459 1
95.1459 1
95.1504 1
95.1505 1
95.1599 1
95.1602 1
95.1632 1
95.1666 1
95.1667 1
95.1667 1
95.1667 1
95.1737 1
95.175 1
95.175 1
95.1754 1
96.161 1
96.161 1
96.161 1
96.161 1
96.161 1
96.161 1
96.1612 1
96.1632 1
96.1633 1
96.1652 1
96.1653 1
96.1654 1
96.1654 1
96.1655 1
96.1666 1
96.1667 1
96.1667 1
96.2476 1
96.2476 1
97.2632 1
97.2633 1
97.2639 1
97.2642 1
97.2642 1
97.3029 1
97.303 1
97.3031 1
97.3032 1
97.3041 1
97.3041 1
97.3042 1
97.3042 1
97.305 1
97.305 1
97.3126 1
97.3128 1
97.3172 1
97.3181 1
97.3181 1
97.3181 1
97.3181 1
97.3182 1
97.3182 1
97.3182 1
97.3204 1
97.3204 1
97.3204 1
97.3204 1
97.3204 1
97.3204 1
97.3205 1
97.3205 1
97.3205 1
97.3219 1
97.3225 1
97.3225 1
97.3226 1
97.3226 1
97.3235 1
97.3236 1
97.3236 1
97.3236 1
97.3239 1
97.3252 1
97.3257 1
97.3257 1
97.3257 1
97.3259 1
97.326 1
97.3261 1
97.3268 1
97.327 1
97.327 1
97.327 1
97.3271 1
97.3272 1
97.3273 1
97.3279 1
97.3282 1
97.3283 1
97.3283 1
97.3284 1
97.3368 1
97.3368 1
97.3379 1
97.338 1
97.3383 1
97.3395 1
97.3421 1
97.3426 1
97.3443 1
97.3443 1
97.3467 1
97.3468 1
97.439 1
97.439 1
97.4391 1
97.4427 1
97.4428 1
97.4431 1
97.4436 1
97.4436 1
97.4437 1
97.4443 1
97.4444 1
97.4445 1
97.4456 1
97.4465 1
97.4476 1
97.4477 1
97.4487 1
101.401 1
101.401 1
101.401 1
101.402 1
101.402 1
101.402 1
101.403 1
101.403 1
101.403 1
101.403 1
101.403 1
101.403 1
101.403 1
101.405 1
101.405 1
101.405 1
101.405 1
101.405 1
101.406 1
101.407 1
101.407 1
101.407 1
101.407 1
101.408 1
101.408 1
101.408 1
101.408 1
101.409 1
101.409 1
101.409 1
101.41 1
101.41 1
101.41 1
101.41 1
101.41 1
101.411 1
101.411 1
101.412 1
101.414 1
101.414 1
101.414 1
101.414 1
101.416 1
101.416 1
101.417 1
101.417 1
101.417 1
101.417 1
101.417 1
101.418 1
101.418 1
101.418 1
101.418 1
101.419 1
101.422 1
101.422 1
101.422 1
101.423 1
101.423 1
101.456 1
101.456 1
101.457 1
101.457 1
101.457 1
101.457 1
101.458 1
101.458 1
101.459 1
101.459 1
101.459 1
101.459 1
101.459 1
101.459 1
101.46 1
101.46 1
101.46 1
101.46 1
101.46 1
101.461 1
101.461 1
101.461 1
101.461 1
101.464 1
101.464 1
101.464 1
101.472 1
101.481 1
101.481 1
101.481 1
101.482 1
101.482 1
101.482 1
101.482 1
101.482 1
101.482 1
101.483 1
101.483 1
101.483 1
101.483 1
101.483 1
101.483 1
101.485 1
101.485 1
101.485 1
101.485 1
101.488 1
101.49 1
101.49 1
101.49 1
101.49 1
101.5 1
101.503 1
101.504 1
101.506 1
101.506 1
105.178 1
105.178 1
105.178 1
105.179 1
105.179 1
105.179 1
105.179 1
105.179 1
105.182 1
105.183 1
105.183 1
105.183 1
105.183 1
105.183 1
105.183 1
105.183 1
105.184 1
105.184 1
105.184 1
105.184 1
105.185 1
105.185 1
105.186 1
105.186 1
105.187 1
105.187 1
105.187 1
105.187 1
105.187 1
105.189 1
105.191 1
105.191 1
105.191 1
105.191 1
105.191 1
105.191 1
105.191 1
105.194 1
105.194 1
105.194 1
105.195 1
105.195 1
105.195 1
105.196 1
105.197 1
105.197 1
105.197 1
105.199 1
105.204 1
105.206 1
105.206 1
105.206 1
105.206 1
105.206 1
105.207 1
105.207 1
105.207 1
105.209 1
105.209 1
105.21 1
105.21 1
105.21 1
105.21 1
105.21 1
105.21 1
105.21 1
105.212 1
105.212 1
105.212 1
105.213 1
105.213 1
105.213 1
105.213 1
105.213 1
105.213 1
105.219 1
105.219 1
105.219 1
105.219 1
105.219 1
105.219 1
105.219 1
105.219 1
105.221 1
105.221 1
105.221 1
105.221 1
105.221 1
105.223 1
105.223 1
105.223 1
105.223 1
105.223 1
105.223 1
105.223 1
105.223 1
105.223 1
105.223 1
105.223 1
105.223 1
105.225 1
105.225 1
105.225 1
105.226 1
105.226 1
105.226 1
105.226 1
105.227 1
105.227 1
105.227 1
105.227 1
105.227 1
105.227 1
105.227 1
105.228 1
105.228 1
105.228 1
105.228 1
105.229 1
105.229 1
105.229 1
105.229 1
105.229 1
105.229 1
105.229 1
105.229 1
105.238 1
105.238 1
105.239 1
105.239 1
105.239 1
105.239 1
105.239 1
105.239 1
105.239 1
105.24 1
105.24 1
105.24 1
105.24 1
105.24 1
105.241 1
105.241 1
105.242 1
105.242 1
105.243 1
105.243 1
105.243 1
105.243 1
105.243 1
105.243 1
105.244 1
105.244 1
105.244 1
105.244 1
105.244 1
105.245 1
105.246 1
105.246 1
105.246 1
105.247 1
105.247 1
105.247 1
105.248 1
105.248 1
105.249 1
105.249 1
105.249 1
105.249 1
105.249 1
105.249 1
105.251 1
105.251 1
105.252 1
105.252 1
105.252 1
105.252 1
105.253 1
105.256 1
105.257 1
105.257 1
105.257 1
105.257 1
105.257 1
105.257 1
105.257 1
105.258 1
105.258 1
105.258 1
105.258 1
105.258 1
105.26 1
105.26 1
105.26 1
105.262 1
105.263 1
105.263 1
105.263 1
105.27 1
105.27 1
105.27 1
105.27 1
105.272 1
105.273 1
105.273 1
105.273 1
105.273 1
105.273 1
105.274 1
105.274 1
105.274 1
105.275 1
105.276 1
105.276 1
105.276 1
105.276 1
105.279 1
105.28 1
105.281 1
105.282 1
105.282 1
105.282 1
105.339 1
105.339 1
105.339 1
105.339 1
105.34 1
105.34 1
105.34 1
105.34 1
105.34 1
105.341 1
105.341 1
105.346 1
105.346 1
105.346 1
105.346 1
108.958 1
108.959 1
108.959 1
108.959 1
108.959 1
108.959 1
108.959 1
108.959 1
108.964 1
108.968 1
108.97 1
108.97 1
108.97 1
108.971 1
108.971 1
108.971 1
108.971 1
108.972 1
108.972 1
108.972 1
108.972 1
108.974 1
108.974 1
108.974 1
108.974 1
108.974 1
108.974 1
108.974 1
108.978 1
108.978 1
108.979 1
108.979 1
108.98 1
108.981 1
108.981 1
108.982 1
108.982 1
108.982 1
108.982 1
108.982 1
109.021 1
109.021 1
109.021 1
109.022 1
109.022 1
109.022 1
109.022 1
109.022 1
109.022 1
109.023 1
109.024 1
109.024 1
109.024 1
109.024 1
109.024 1
109.024 1
109.024 1
109.024 1
109.029 1
109.029 1
109.029 1
109.029 1
109.029 1
109.029 1
109.04 1
109.04 1
109.04 1
109.042 1
109.042 1
109.05 1
109.05 1
109.05 1
109.055 1
109.055 1
109.056 1
109.056 1
109.056 1
109.056 1
109.057 1
109.057 1
109.057 1
109.057 1
109.06 1
109.061 1
109.061 1
109.061 1
109.061 1
109.062 1
109.062 1
109.062 1
109.062 1
109.062 1
109.063 1
109.067 1
109.068 1
109.068 1
109.07 1
109.07 1
109.07 1
109.07 1
109.07 1
109.071 1
109.073 1
109.075 1
109.075 1
109.075 1
109.076 1
109.076 1
109.077 1
109.077 1
109.077 1
109.077 1
109.077 1
109.077 1
109.078 1
109.078 1
109.078 1
109.079 1
109.079 1
109.079 1
109.079 1
109.085 1
109.086 1
109.086 1
109.087 1
109.087 1
109.091 1
109.091 1
112.735 1
113.076 1
113.076 1
113.078 1
113.078 1
113.078 1
113.078 1
113.078 1
113.078 1
113.079 1
113.079 1
113.081 1
113.081 1
113.081 1
113.082 1
113.082 1
113.082 1
113.083 1
113.083 1
113.083 1
113.083 1
113.083 1
113.084 1
113.085 1
113.085 1
113.086 1
113.086 1
113.086 1
113.101 1
113.101 1
113.101 1
113.101 1
113.101 1
113.101 1
113.107 1
113.107 1
113.107 1
116.811 1
116.811 1
116.814 1
116.816 1
116.816 1
116.816 1
116.816 1
116.816 1
116.818 1
116.818 1
116.818 1
116.819 1
116.819 1
116.819 1
116.82 1
116.82 1
116.823 1
116.823 1
116.823 1
116.825 1
116.826 1
116.828 1
116.828 1
116.829 1
116.829 1
116.829 1
116.832 1
116.832 1
116.832 1
116.833 1
116.834 1
116.834 1
116.835 1
116.837 1
116.838 1
116.84 1
116.84 1
116.842 1
116.842 1
116.842 1
116.842 1
116.842 1
116.85 1
116.85 1
116.85 1
116.85 1
116.852 1
116.857 1
116.857 1
116.857 1
116.857 1
116.857 1
116.862 1
116.862 1
116.862 1
116.862 1
116.862 1
116.862 1
116.866 1
116.866 1
116.866 1
116.866 1
116.868 1
116.868 1
116.868 1
116.869 1
116.869 1
116.87 1
116.87 1
116.87 1
116.87 1
116.87 1
116.87 1
116.87 1
116.87 1
116.87 1
116.87 1
116.876 1
116.876 1
116.877 1
116.877 1
116.878 1
116.878 1
116.878 1
116.878 1
116.878 1
116.878 1
116.879 1
116.879 1
116.879 1
116.879 1
116.879 1
116.879 1
116.88 1
116.88 1
116.88 1
116.88 1
116.88 1
116.88 1
116.88 1
116.88 1
116.881 1
116.881 1
116.881 1
116.881 1
116.881 1
116.881 1
116.881 1
116.881 1
116.882 1
116.882 1
116.882 1
116.882 1
116.882 1
116.883 1
116.883 1
116.885 1
116.885 1
116.885 1
116.888 1
116.891 1
116.891 1
116.891 1
116.892 1
116.892 1
116.893 1
116.893 1
116.893 1
116.896 1
116.896 1
116.896 1
116.897 1
116.898 1
116.899 1
116.9 1
116.9 1
116.9 1
116.9 1
116.9 1
116.9 1
116.9 1
116.901 1
116.901 1
116.901 1
116.901 1
116.901 1
116.901 1
116.901 1
116.903 1
116.904 1
116.904 1
116.904 1
116.904 1
116.908 1
116.908 1
116.908 1
116.908 1
116.908 1
116.908 1
116.909 1
116.911 1
116.911 1
116.911 1
116.912 1
116.912 1
116.912 1
116.912 1
116.915 1
116.915 1
116.915 1
116.915 1
116.917 1
116.921 1
116.921 1
116.921 1
116.922 1
116.923 1
116.923 1
116.927 1
116.927 1
116.931 1
116.931 1
116.931 1
116.931 1
116.932 1
116.932 1
116.933 1
116.933 1
116.933 1
116.934 1
116.934 1
116.934 1
116.934 1
116.934 1
116.934 1
116.935 1
116.935 1
116.935 1
116.935 1
116.936 1
116.936 1
116.936 1
116.936 1
116.936 1
116.938 1
116.938 1
116.94 1
116.94 1
116.94 1
116.94 1
116.941 1
116.941 1
116.941 1
116.942 1
116.942 1
116.942 1
116.942 1
116.942 1
116.943 1
116.945 1
116.945 1
116.946 1
116.946 1
116.953 1
119.772 1
119.772 1
119.772 1
122.212 1
122.214 1
122.214 1
122.214 1
122.215 1
122.215 1
122.215 1
122.215 1
122.215 1
123.672 1
123.673 1
123.673 1
123.673 1
123.673 1
123.675 1
123.675 1
123.675 1
123.675 1
123.675 1
123.676 1
123.676 1
123.676 1
123.679 1
123.68 1
125.251 1
125.255 1
125.255 1
125.255 1
125.255 1
125.255 1
125.255 1
125.256 1
125.257 1
125.257 1
125.257 1
125.257 1
125.257 1
125.259 1
125.259 1
125.259 1
125.26 1
125.26 1
125.26 1
125.26 1
125.26 1
125.26 1
125.262 1
125.263 1
125.263 1
125.263 1
125.263 1
125.263 1
125.263 1
125.263 1
125.263 1
125.263 1
125.266 1
125.268 1
125.268 1
125.269 1
125.269 1
125.269 1
125.27 1
125.27 1
125.27 1
125.27 1
125.27 1
125.27 1
125.271 1
125.271 1
125.271 1
125.271 1
125.271 1
125.271 1
125.271 1
125.272 1
125.272 1
125.273 1
125.273 1
125.273 1
125.273 1
125.273 1
125.274 1
125.274 1
125.274 1
125.274 1
125.275 1
125.275 1
125.275 1
125.276 1
125.276 1
125.276 1
125.276 1
125.276 1
125.276 1
125.277 1
125.277 1
125.277 1
125.277 1
125.277 1
125.278 1
125.278 1
125.278 1
125.278 1
125.282 1
125.283 1
125.284 1
125.284 1
125.408 1
125.408 1
125.408 1
125.408 1
125.41 1
125.41 1
125.41 1
125.41 1
125.41 1
125.41 1
128.393 1
128.393 1
128.394 1
128.394 1
128.458 1
128.458 1
128.458 1
128.463 1
128.463 1
128.464 1
128.465 1
128.466 1
128.466 1
128.466 1
128.466 1
128.466 1
128.466 1
128.475 1
128.475 1
128.476 1
128.477 1
128.477 1
128.477 1
128.478 1
128.478 1
128.48 1
128.48 1
128.481 1
128.481 1
128.482 1
128.482 1
128.482 1
128.482 1
128.482 1
128.482 1
128.486 1
128.486 1
128.489 1
128.49 1
128.493 1
128.495 1
132.257 1
132.259 1
132.26 1
132.273 1
132.273 1
132.273 1
132.274 1
132.274 1
132.275 1
132.275 1
132.276 1
132.276 1
132.277 1
132.278 1
132.279 1
132.279 1
132.279 1
132.279 1
132.279 1
132.28 1
132.28 1
132.28 1
132.28 1
132.28 1
132.28 1
132.28 1
132.28 1
132.283 1
132.283 1
132.283 1
132.283 1
132.283 1
132.283 1
132.284 1
132.284 1
132.284 1
132.284 1
132.284 1
132.284 1
132.286 1
132.286 1
132.286 1
132.286 1
132.286 1
132.286 1
132.286 1
132.286 1
132.286 1
132.287 1
132.288 1
132.288 1
132.288 1
132.289 1
132.289 1
132.289 1
132.289 1
132.289 1
132.29 1
132.29 1
132.292 1
132.292 1
132.292 1
132.293 1
132.293 1
132.294 1
132.294 1
132.294 1
132.295 1
132.295 1
132.3 1
132.3 1
132.3 1
132.3 1
132.301 1
132.301 1
132.301 1
132.302 1
132.306 1
132.307 1
132.308 1
132.308 1
132.322 1
132.322 1
132.322 1
132.322 1
132.323 1
132.323 1
132.323 1
132.323 1
132.323 1
132.324 1
132.324 1
132.324 1
132.324 1
132.325 1
132.325 1
132.325 1
132.325 1
132.325 1
132.325 1
132.325 1
132.325 1
132.328 1
132.329 1
132.329 1
132.329 1
132.329 1
132.33 1
132.33 1
132.331 1
132.331 1
132.331 1
132.331 1
132.331 1
132.332 1
132.332 1
132.332 1
132.332 1
132.334 1
132.334 1
132.334 1
132.336 1
132.336 1
132.337 1
132.337 1
132.337 1
132.337 1
132.337 1
132.337 1
132.338 1
132.338 1
132.339 1
132.339 1
132.339 1
132.34 1
132.34 1
132.341 1
132.341 1
132.341 1
132.341 1
132.341 1
132.341 1
132.342 1
132.342 1
132.342 1
132.342 1
132.342 1
132.342 1
132.342 1
132.343 1
132.343 1
132.343 1
132.343 1
132.343 1
132.345 1
132.345 1
132.346 1
132.347 1
132.348 1
132.351 1
132.351 1
132.351 1
132.351 1
132.352 1
132.358 1
132.359 1
132.359 1
132.36 1
132.36 1
132.36 1
132.361 1
132.361 1
132.361 1
132.361 1
132.365 1
132.369 1
132.37 1
132.37 1
132.373 1
132.373 1
132.373 1
132.373 1
132.374 1
132.374 1
132.374 1
132.374 1
132.374 1
132.375 1
132.375 1
132.375 1
132.376 1
132.376 1
132.376 1
132.376 1
132.376 1
132.376 1
132.376 1
132.382 1
132.384 1
132.384 1
132.384 1
132.387 1
132.387 1
132.389 1
132.389 1
132.393 1
132.393 1
132.393 1
132.393 1
132.393 1
135.822 1
135.822 1
135.822 1
135.823 1
135.823 1
135.824 1
135.824 1
135.824 1
135.824 1
135.825 1
135.825 1
135.825 1
135.825 1
135.825 1
135.825 1
135.825 1
135.825 1
135.825 1
135.832 1
135.832 1
135.836 1
135.836 1
135.847 1
138.937 1
138.937 1
138.937 1
138.941 1
138.941 1
138.941 1
138.941 1
138.941 1
138.941 1
138.944 1
138.944 1
138.944 1
138.944 1
138.945 1
138.951 1
138.952 1
138.952 1
139.089 1
139.089 1
139.09 1
139.09 1
139.09 1
139.091 1
139.091 1
139.093 1
139.094 1
141.708 1
141.708 1
141.708 1
141.708 1
141.708 1
141.708 1
141.708 1
141.708 1
141.708 1
141.709 1
141.709 1
141.71 1
141.71 1
141.71 1
141.71 1
141.712 1
141.712 1
141.712 1
141.713 1
141.713 1
141.713 1
141.716 1
143.934 1
143.934 1
143.934 1
143.934 1
143.934 1
143.934 1
143.935 1
143.935 1
143.935 1
143.935 1
143.935 1
143.935 1
143.935 1
143.936 1
143.936 1
143.936 1
143.937 1
143.937 1
143.937 1
143.937 1
143.937 1
143.937 1
143.937 1
143.937 1
143.937 1
143.937 1
143.937 1
143.937 1
143.939 1
143.939 1
143.939 1
143.939 1
143.939 1
143.939 1
143.941 1
143.941 1
143.941 1
143.941 1
143.942 1
143.942 1
143.943 1
143.944 1
143.944 1
143.944 1
143.945 1
143.945 1
143.945 1
143.945 1
143.945 1
143.945 1
143.946 1
143.946 1
143.946 1
143.946 1
143.947 1
143.948 1
143.948 1
143.948 1
143.948 1
143.949 1
143.95 1
143.95 1
143.95 1
143.952 1
143.952 1
143.952 1
143.952 1
143.965 1
143.967 1
143.967 1
143.967 1
143.967 1
143.995 1
143.995 1
143.995 1
143.995 1
143.995 1
143.997 1
143.998 1
143.999 1
143.999 1
143.999 1
144.005 1
144.005 1
144.005 1
144.005 1
144.005 1
144.005 1
144.007 1
144.007 1
144.014 1
144.014 1
144.014 1
144.015 1
144.015 1
144.015 1
144.016 1
144.016 1
144.017 1
144.017 1
144.017 1
144.018 1
144.018 1
144.018 1
144.019 1
144.019 1
144.02 1
144.02 1
144.02 1
144.02 1
144.02 1
144.02 1
144.02 1
144.025 1
149.634 1
149.634 1
149.634 1
149.635 1
149.635 1
149.635 1
149.635 1
149.635 1
149.635 1
149.635 1
149.636 1
149.636 1
149.637 1
149.637 1
149.64 1
149.64 1
149.64 1
149.641 1
149.641 1
149.641 1
149.641 1
149.641 1
149.641 1
149.642 1
149.642 1
149.642 1
149.642 1
149.645 1
149.645 1
149.645 1
149.645 1
149.647 1
149.689 1
149.689 1
149.69 1
149.69 1
149.693 1
149.693 1
149.693 1
149.693 1
149.693 1
149.693 1
149.693 1
149.694 1
149.694 1
149.694 1
149.695 1
149.695 1
149.695 1
149.695 1
149.696 1
149.696 1
149.697 1
149.697 1
149.698 1
149.698 1
149.699 1
149.699 1
149.699 1
149.7 1
149.7 1
149.7 1
149.701 1
149.701 1
149.701 1
149.701 1
149.702 1
149.702 1
149.703 1
149.703 1
149.703 1
149.703 1
149.707 1
149.707 1
149.708 1
149.709 1
149.709 1
149.709 1
149.709 1
149.71 1
149.71 1
149.711 1
149.711 1
149.711 1
149.712 1
149.712 1
149.712 1
149.772 1
149.773 1
149.773 1
149.773 1
149.773 1
149.773 1
149.774 1
149.774 1
149.774 1
149.775 1
149.776 1
149.776 1
149.776 1
149.779 1
149.779 1
149.779 1
149.779 1
149.779 1
149.779 1
149.784 1
149.784 1
149.784 1
149.784 1
149.784 1
149.784 1
149.787 1
149.787 1
149.787 1
149.787 1
149.787 1
149.788 1
149.789 1
149.792 1
149.795 1
149.797 1
149.797 1
153.433 1
153.433 1
153.435 1
153.435 1
153.435 1
153.435 1
153.447 1
153.447 1
153.45 1
153.556 1
153.558 1
153.558 1
153.558 1
153.558 1
153.558 1
153.558 1
153.558 1
153.558 1
153.563 1
153.563 1
153.563 1
153.564 1
153.57 1
153.572 1
153.574 1
153.574 1
153.575 1
153.575 1
153.575 1
153.611 1
153.611 1
157.096 1
157.096 1
157.097 1
157.116 1
157.119 1
157.267 1
157.267 1
157.267 1
157.267 1
157.267 1
157.27 1
158.92 1
158.92 1
158.92 1
158.92 1
158.92 1
158.921 1
158.921 1
158.922 1
158.922 1
158.923 1
158.923 1
158.923 1
158.924 1
158.924 1
158.925 1
158.925 1
158.925 1
158.926 1
158.926 1
158.927 1
158.928 1
158.929 1
158.929 1
158.929 1
158.929 1
158.929 1
158.929 1
158.929 1
158.929 1
158.941 1
158.942 1
158.942 1
158.944 1
158.944 1
158.944 1
161.138 1
161.138 1
161.139 1
161.141 1
161.144 1
161.145 1
161.146 1
161.146 1
161.146 1
161.146 1
161.146 1
161.146 1
161.147 1
161.147 1
161.147 1
161.148 1
161.148 1
161.148 1
161.148 1
161.149 1
161.149 1
161.149 1
161.149 1
161.149 1
161.149 1
161.15 1
161.15 1
161.15 1
161.15 1
161.152 1
161.152 1
161.152 1
161.152 1
161.152 1
161.152 1
161.153 1
161.154 1
161.154 1
161.154 1
161.154 1
161.155 1
161.155 1
161.155 1
161.156 1
161.156 1
161.156 1
161.156 1
161.156 1
161.156 1
161.156 1
161.157 1
161.157 1
161.157 1
161.157 1
161.157 1
161.16 1
161.16 1
161.16 1
161.16 1
161.16 1
161.16 1
161.161 1
161.161 1
161.161 1
161.161 1
161.161 1
161.161 1
161.163 1
161.163 1
161.164 1
161.164 1
161.165 1
161.165 1
161.165 1
161.166 1
161.168 1
161.168 1
161.195 1
161.195 1
161.197 1
161.197 1
161.197 1
161.197 1
161.197 1
161.197 1
161.197 1
161.197 1
161.197 1
161.197 1
161.199 1
161.199 1
161.199 1
161.199 1
161.2 1
161.2 1
161.2 1
161.2 1
161.201 1
161.201 1
161.201 1
161.201 1
161.203 1
161.203 1
161.205 1
161.206 1
161.206 1
161.206 1
161.206 1
161.206 1
161.206 1
161.206 1
161.21 1
161.23 1
161.231 1
161.231 1
161.232 1
161.232 1
161.232 1
161.233 1
161.233 1
161.233 1
161.234 1
161.235 1
161.235 1
161.239 1
161.239 1
166.874 1
166.874 1
166.874 1
166.874 1
166.875 1
166.88 1
166.884 1
166.884 1
166.887 1
166.887 1
166.887 1
166.887 1
166.889 1
166.889 1
166.889 1
166.889 1
166.89 1
166.891 1
166.943 1
166.945 1
166.959 1
166.961 1
166.961 1
166.966 1
166.966 1
168.718 1
168.718 1
168.718 1
168.718 1
168.718 1
168.718 1
168.721 1
168.721 1
168.721 1
168.721 1
168.721 1
168.721 1
168.721 1
168.721 1
168.722 1
168.722 1
168.722 1
168.722 1
168.723 1
168.723 1
168.723 1
168.724 1
168.724 1
168.724 1
168.724 1
168.735 1
168.74 1
168.74 1
168.74 1
168.741 1
168.741 1
168.741 1
168.741 1
168.741 1
168.741 1
168.742 1
168.757 1
168.757 1
168.757 1
168.757 1
168.757 1
168.757 1
168.757 1
168.762 1
168.762 1
168.763 1
168.763 1
168.763 1
168.763 1
168.764 1
168.764 1
168.765 1
168.765 1
168.765 1
168.765 1
168.765 1
168.766 1
168.767 1
168.767 1
168.767 1
168.767 1
168.767 1
168.768 1
168.768 1
168.769 1
168.769 1
168.77 1
168.77 1
168.77 1
168.77 1
168.77 1
168.77 1
168.77 1
168.77 1
168.771 1
168.776 1
168.776 1
168.776 1
168.776 1
168.777 1
168.777 1
168.778 1
168.778 1
168.778 1
168.778 1
168.778 1
168.778 1
168.778 1
168.779 1
168.779 1
168.779 1
168.779 1
168.779 1
168.78 1
168.78 1
168.78 1
168.78 1
168.78 1
168.781 1
168.781 1
168.781 1
168.781 1
168.781 1
168.781 1
168.782 1
168.782 1
168.782 1
168.782 1
168.782 1
168.783 1
168.784 1
168.784 1
168.784 1
168.784 1
168.784 1
168.784 1
168.784 1
168.784 1
168.785 1
168.785 1
168.785 1
168.786 1
168.786 1
168.786 1
168.786 1
168.786 1
168.787 1
168.787 1
168.787 1
168.788 1
168.788 1
168.788 1
168.788 1
168.788 1
168.788 1
168.788 1
168.788 1
168.789 1
168.789 1
168.789 1
168.789 1
168.789 1
168.789 1
168.79 1
168.79 1
168.79 1
168.79 1
168.79 1
168.79 1
168.79 1
168.79 1
168.792 1
168.792 1
168.792 1
168.793 1
168.793 1
168.793 1
168.793 1
168.793 1
168.793 1
168.793 1
168.793 1
168.793 1
168.793 1
168.793 1
168.795 1
168.795 1
168.795 1
168.795 1
168.795 1
168.795 1
168.796 1
168.797 1
168.797 1
168.797 1
168.797 1
168.798 1
168.798 1
168.798 1
168.798 1
168.798 1
168.798 1
168.798 1
168.798 1
168.798 1
168.799 1
168.8 1
168.8 1
168.803 1
168.803 1
168.803 1
168.803 1
168.804 1
168.804 1
168.807 1
168.807 1
168.807 1
168.807 1
168.807 1
168.807 1
168.807 1
168.809 1
168.809 1
168.809 1
168.809 1
168.809 1
168.809 1
168.821 1
168.821 1
174.505 1
174.505 1
174.506 1
174.506 1
174.506 1
174.506 1
174.506 1
174.506 1
174.507 1
174.507 1
174.507 1
174.507 1
174.507 1
174.508 1
174.508 1
174.509 1
174.509 1
174.509 1
174.509 1
174.51 1
174.51 1
174.51 1
174.51 1
174.51 1
174.51 1
174.511 1
174.511 1
174.511 1
174.511 1
174.511 1
174.511 1
174.511 1
174.511 1
174.511 1
174.512 1
174.512 1
174.512 1
174.512 1
174.512 1
174.515 1
174.516 1
174.516 1
174.516 1
174.516 1
174.516 1
174.516 1
174.516 1
174.516 1
174.516 1
174.516 1
174.516 1
174.516 1
174.516 1
174.519 1
174.52 1
174.521 1
174.522 1
174.522 1
174.523 1
174.523 1
174.523 1
174.523 1
174.523 1
174.523 1
174.524 1
174.524 1
174.526 1
174.526 1
174.526 1
174.526 1
174.527 1
174.527 1
174.527 1
174.527 1
174.53 1
174.53 1
174.53 1
174.53 1
174.53 1
174.53 1
174.533 1
174.533 1
174.533 1
174.533 1
174.533 1
174.533 1
174.534 1
174.534 1
174.534 1
174.534 1
174.534 1
174.534 1
174.536 1
174.536 1
174.536 1
174.536 1
174.537 1
174.537 1
174.539 1
174.539 1
174.539 1
174.539 1
174.54 1
174.54 1
174.54 1
174.541 1
174.542 1
174.542 1
174.543 1
174.543 1
174.543 1
174.543 1
174.543 1
174.543 1
174.544 1
174.544 1
174.544 1
174.544 1
174.547 1
174.549 1
180.214 1
180.214 1
180.214 1
180.216 1
180.216 1
180.216 1
180.216 1
180.216 1
180.216 1
180.216 1
180.216 1
180.218 1
180.218 1
180.219 1
180.22 1
180.221 1
180.223 1
180.225 1
180.225 1
180.225 1
180.227 1
180.227 1
180.227 1
180.228 1
180.228 1
180.228 1
180.228 1
180.231 1
180.232 1
180.232 1
180.234 1
180.235 1
180.235 1
180.236 1
180.236 1
180.236 1
180.236 1
180.237 1
180.239 1
180.239 1
180.239 1
180.239 1
180.239 1
180.239 1
180.239 1
180.241 1
180.241 1
180.241 1
180.242 1
180.242 1
180.242 1
180.242 1
180.242 1
180.242 1
180.242 1
180.243 1
180.245 1
180.245 1
180.245 1
180.247 1
180.247 1
180.247 1
180.247 1
182.235 1
182.235 1
182.236 1
182.236 1
182.236 1
182.237 1
182.237 1
182.239 1
182.245 1
182.245 1
182.245 1
182.245 1
182.258 1
182.258 1
182.258 1
182.258 1
182.263 1
182.263 1
182.263 1
182.264 1
182.264 1
182.264 1
182.265 1
182.265 1
182.265 1
182.267 1
182.268 1
182.268 1
182.268 1
182.268 1
182.268 1
182.27 1
182.27 1
182.27 1
182.27 1
182.271 1
182.271 1
182.271 1
182.272 1
182.272 1
182.272 1
182.273 1
182.273 1
182.273 1
182.273 1
182.273 1
182.274 1
182.274 1
182.274 1
182.274 1
182.274 1
182.274 1
182.274 1
182.274 1
182.274 1
182.274 1
182.275 1
182.275 1
182.275 1
182.275 1
182.275 1
182.276 1
182.276 1
182.276 1
182.276 1
182.276 1
182.276 1
182.276 1
182.276 1
182.278 1
182.282 1
182.283 1
182.283 1
182.283 1
182.283 1
182.283 1
182.283 1
187.896 1
187.896 1
187.896 1
187.896 1
187.897 1
187.897 1
187.897 1
187.897 1
187.897 1
187.898 1
187.898 1
187.899 1
187.899 1
187.899 1
187.899 1
187.899 1
187.899 1
187.899 1
187.9 1
187.9 1
187.9 1
187.9 1
187.901 1
187.901 1
187.901 1
187.902 1
187.903 1
187.903 1
187.903 1
187.904 1
187.905 1
187.905 1
187.905 1
187.905 1
187.905 1
187.907 1
187.907 1
187.907 1
187.907 1
187.909 1
187.909 1
187.911 1
187.911 1
187.912 1
187.912 1
187.914 1
187.914 1
187.914 1
187.914 1
187.915 1
187.915 1
187.915 1
187.915 1
187.916 1
187.92 1
187.92 1
187.92 1
187.92 1
187.92 1
187.922 1
187.924 1
187.924 1
187.926 1
187.926 1
187.927 1
187.927 1
187.927 1
187.927 1
187.927 1
187.93 1
187.93 1
187.93 1
187.932 1
187.932 1
187.932 1
187.932 1
187.932 1
187.932 1
187.932 1
190.567 1
190.568 1
190.568 1
190.568 1
190.569 1
190.569 1
190.569 1
190.569 1
190.57 1
190.57 1
190.57 1
190.571 1
190.571 1
190.572 1
190.572 1
190.572 1
190.572 1
190.572 1
190.572 1
190.575 1
190.575 1
190.575 1
190.575 1
190.578 1
190.58 1
190.58 1
190.583 1
190.583 1
190.589 1
190.589 1
190.589 1
190.589 1
190.591 1
190.591 1
190.591 1
190.591 1
190.591 1
190.591 1
190.591 1
190.591 1
190.726 1
190.726 1
190.726 1
190.726 1
190.726 1
190.726 1
195.448 1
195.448 1
195.448 1
195.448 1
195.448 1
195.448 1
195.449 1
195.449 1
195.449 1
195.45 1
195.45 1
195.45 1
195.45 1
195.45 1
195.45 1
195.45 1
195.45 1
195.451 1
195.451 1
195.451 1
195.451 1
195.452 1
195.452 1
195.452 1
195.452 1
195.452 1
195.453 1
195.453 1
195.453 1
195.453 1
195.454 1
195.454 1
195.456 1
195.456 1
195.457 1
195.457 1
195.457 1
195.457 1
195.458 1
195.458 1
195.458 1
195.459 1
195.459 1
195.459 1
195.459 1
195.461 1
195.462 1
195.463 1
195.463 1
195.463 1
195.463 1
195.463 1
195.464 1
195.464 1
195.464 1
195.464 1
195.466 1
195.466 1
195.466 1
195.467 1
195.467 1
195.467 1
195.467 1
195.467 1
195.467 1
195.467 1
195.467 1
195.467 1
195.467 1
195.468 1
195.469 1
195.469 1
195.469 1
195.47 1
195.47 1
195.47 1
195.471 1
195.471 1
195.472 1
195.472 1
195.472 1
195.472 1
195.473 1
195.473 1
195.473 1
195.473 1
195.473 1
195.473 1
195.473 1
195.474 1
195.474 1
195.474 1
195.474 1
195.475 1
195.476 1
195.476 1
195.476 1
195.476 1
195.476 1
195.476 1
195.476 1
195.476 1
199.045 1
199.225 1
199.225 1
199.225 1
199.225 1
199.225 1
199.225 1
199.225 1
199.225 1
199.225 1
199.226 1
199.226 1
199.227 1
199.227 1
199.228 1
199.228 1
199.228 1
199.229 1
199.229 1
199.229 1
199.23 1
199.231 1
199.231 1
199.231 1
199.231 1
199.231 1
199.231 1
199.231 1
199.232 1
199.233 1
199.235 1
199.235 1
199.235 1
199.235 1
199.235 1
199.236 1
199.236 1
199.236 1
199.237 1
199.237 1
199.238 1
199.238 1
199.238 1
199.238 1
199.238 1
199.238 1
199.238 1
199.238 1
199.238 1
199.239 1
199.239 1
199.239 1
199.239 1
199.239 1
199.239 1
199.239 1
199.239 1
199.239 1
199.239 1
199.239 1
199.239 1
199.242 1
199.242 1
199.242 1
199.242 1
199.242 1
199.242 1
199.242 1
199.243 1
199.243 1
199.244 1
199.244 1
199.244 1
199.244 1
199.244 1
199.244 1
199.245 1
199.245 1
199.246 1
199.246 1
199.246 1
199.246 1
199.246 1
199.246 1
199.246 1
199.247 1
199.247 1
199.247 1
199.248 1
199.248 1
199.248 1
199.248 1
199.248 1
199.248 1
199.248 1
199.253 1
199.253 1
199.253 1
199.254 1
199.254 1
199.254 1
199.254 1
199.254 1
199.255 1
199.255 1
199.255 1
199.256 1
199.285 1
199.286 1
199.287 1
199.287 1
199.287 1
199.287 1
199.287 1
199.288 1
199.288 1
199.288 1
199.288 1
199.288 1
199.288 1
199.288 1
199.289 1
199.289 1
199.289 1
199.289 1
199.29 1
199.29 1
199.29 1
199.292 1
199.292 1
199.294 1
199.297 1
199.297 1
199.297 1
199.297 1
199.301 1
199.301 1
