175.178 28
175.531 29
175.631 20
175.959 21
176.068 22
176.186 23
176.312 24
176.455 25
176.623 26
176.825 27
177.068 28
177.421 29
180.136 30
180.489 31
180.733 32
180.935 33
181.103 34
181.246 35
181.372 36
181.49 37
181.599 38
181.7 39
181.801 40
181.885 41
181.969 42
182.053 43
182.128 44
182.196 45
182.271 46
182.338 47
182.465 48
182.531 33
182.985 34
183.086 35
183.229 36
183.38 37
183.506 38
183.615 39
183.733 40
183.859 41
183.969 42
184.145 43
184.322 44
184.507 45
184.692 46
184.969 47
185.104 32
185.491 33
185.617 34
185.76 35
186.02 36
186.323 37
186.625 25
186.928 26
187.071 27
187.239 28
187.432 29
187.684 30
187.835 21
188.079 22
188.272 23
188.525 24
188.878 25
191.584 26
191.937 27
192.189 28
192.383 29
192.551 30
192.694 31
192.828 32
192.946 33
193.055 34
193.13 23
193.408 24
193.5 25
193.601 26
193.71 27
193.828 28
193.954 29
194.105 30
194.265 31
194.467 32
194.711 33
195.064 34
197.779 35
198.132 36
198.384 37
198.578 38
198.746 39
198.889 40
199.023 41
199.141 42
199.25 43
199.351 44
199.443 45
199.527 46
199.568 32
199.946 33
