175.036 43
175.117 44
175.211 45
175.293 46
175.455 47
175.529 48
175.683 49
175.741 50
175.844 51
175.972 52
176.076 53
176.225 54
176.424 55
176.612 56
176.856 57
177.101 58
177.246 40
177.499 41
177.602 42
177.604 43
177.609 44
177.743 45
177.851 46
177.927 47
177.966 32
178.308 33
178.4 34
178.628 35
178.83 36
179.034 37
179.279 38
179.532 39
179.766 27
179.996 28
180.029 29
180.06 30
180.259 31
180.43 32
180.516 33
180.665 34
180.903 35
180.977 36
181.226 37
181.477 38
181.728 39
184.148 27
184.375 28
184.378 29
184.439 30
184.564 31
184.647 32
184.788 33
184.953 34
185.042 35
185.209 36
185.417 37
185.655 38
186.014 39
188.716 27
189.048 28
189.049 29
189.114 30
189.236 31
189.325 32
189.446 33
189.578 34
189.717 35
189.894 36
190.095 37
190.338 38
190.68 39
193.418 40
193.779 41
194.016 42
194.202 43
194.373 44
194.51 45
194.632 46
194.765 47
194.837 32
195.055 33
195.095 34
195.097 35
195.207 36
195.272 37
195.38 38
195.458 39
195.574 40
195.686 41
195.816 42
195.979 43
196.155 44
196.324 45
196.54 31
196.768 32
196.836 33
196.945 34
197.101 35
197.295 36
197.534 37
197.905 38
198.54 26
198.749 27
198.781 28
198.813 29
198.955 30
199.024 31
199.171 32
199.269 33
199.442 34
199.62 35
199.804 36
