10 3.25184
10.1 4.22144
10.2 4.22144
10.3 4.22144
10.4 4.22144
10.5 4.22144
10.6 4.3456
10.7 4.09728
10.8 3.47648
10.9 3.7248
11 3.7248
11.1 3.7248
11.2 3.84896
11.3 4.09728
11.4 3.97312
11.5 3.84896
11.6 4.22144
11.7 4.22144
11.8 4.22144
11.9 3.47648
12 3.35232
12.1 3.47648
12.2 3.35232
12.3 3.47648
12.4 3.84896
12.5 3.35232
12.6 2.73152
12.7 2.85568
12.8 3.22816
12.9 3.22816
13 2.85568
13.1 2.60736
13.2 2.60736
13.3 2.85568
13.4 2.97984
13.5 2.97984
13.6 2.85568
13.7 3.22816
13.8 2.97984
13.9 2.4832
14 2.60736
14.1 2.60736
14.2 2.73152
14.3 2.73152
14.4 2.97984
14.5 2.97984
14.6 3.104
14.7 3.22816
14.8 3.22816
14.9 3.104
15 3.22816
15.1 3.35232
15.2 3.104
15.3 3.35232
15.4 3.22816
15.5 3.104
15.6 3.35232
15.7 2.97984
15.8 2.60736
15.9 2.73152
16 2.85568
16.1 2.73152
16.2 2.35904
16.3 1.8624
16.4 1.73824
16.5 1.8624
16.6 1.73824
16.7 1.8624
16.8 2.11072
16.9 2.11072
17 2.11072
17.1 2.23488
17.2 1.98656
17.3 2.23488
17.4 2.11072
17.5 2.23488
17.6 2.11072
17.7 2.11072
17.8 2.11072
17.9 2.11072
18 1.98656
18.1 1.73824
18.2 1.8624
18.3 1.73824
18.4 1.98656
18.5 2.23488
18.6 2.11072
18.7 1.98656
18.8 1.73824
18.9 1.8624
19 2.11072
19.1 2.11072
19.2 2.23488
19.3 1.98656
19.4 2.23488
19.5 1.98656
19.6 2.11072
19.7 2.23488
19.8 2.23488
19.9 2.11072
