175 2.47192
175.1 1.61408
175.2 1.61408
175.3 2.11072
175.4 1.8624
175.5 1.98656
175.6 1.73824
175.7 1.73824
175.8 1.48992
175.9 1.61408
176 1.98656
176.1 1.48992
176.2 1.61408
176.3 2.23488
176.4 1.48992
176.5 1.73824
176.6 1.8624
176.7 1.61408
176.8 2.11072
176.9 1.36576
177 1.73824
177.1 1.73824
177.2 1.2416
177.3 2.60736
177.4 1.2416
177.5 2.11072
177.6 1.11744
177.7 1.8624
177.8 1.73824
177.9 1.2416
178 1.8624
178.1 1.11744
178.2 2.60736
178.3 0.99328
178.4 2.35904
178.5 0.99328
178.6 1.98656
178.7 1.48992
178.8 1.48992
178.9 1.98656
179 0.99328
179.1 2.4832
179.2 1.11744
179.3 2.11072
179.4 1.2416
179.5 1.98656
179.6 1.2416
179.7 1.8624
179.8 1.8624
179.9 1.2416
180 2.23488
180.1 1.36576
180.2 2.11072
180.3 1.48992
180.4 2.23488
180.5 1.48992
180.6 2.35904
180.7 1.36576
180.8 2.4832
180.9 1.36576
181 2.85568
181.1 2.73152
181.2 2.23488
181.3 3.104
181.4 1.98656
181.5 2.97984
181.6 2.4832
181.7 2.4832
181.8 2.85568
181.9 1.98656
182 2.97984
182.1 1.73824
182.2 2.73152
182.3 2.73152
182.4 1.48992
182.5 4.09728
182.6 1.73824
182.7 2.85568
182.8 2.23488
182.9 2.73152
183 3.35232
183.1 1.61408
183.2 3.84896
183.3 1.73824
183.4 3.84896
183.5 2.11072
183.6 3.7248
183.7 1.8624
183.8 3.47648
183.9 2.11072
184 3.104
184.1 2.23488
184.2 1.73824
184.3 3.35232
184.4 0.86912
184.5 3.60064
184.6 1.36576
184.7 3.104
184.8 1.98656
184.9 2.4832
185 2.97984
185.1 1.61408
185.2 3.47648
185.3 0.99328
185.4 3.84896
185.5 0.99328
185.6 3.60064
185.7 1.36576
185.8 3.104
185.9 1.61408
186 2.4832
186.1 1.61408
186.2 1.61408
186.3 1.98656
186.4 1.48992
186.5 2.85568
186.6 0.86912
186.7 3.47648
186.8 1.11744
186.9 3.35232
187 0.86912
187.1 3.22816
187.2 1.11744
187.3 1.73824
187.4 1.73824
187.5 1.36576
187.6 2.97984
187.7 1.48992
187.8 1.73824
187.9 1.98656
188 1.36576
188.1 2.11072
188.2 1.2416
188.3 2.73152
188.4 0.74496
188.5 2.85568
188.6 1.73824
188.7 2.35904
188.8 2.4832
188.9 2.4832
189 1.98656
189.1 2.11072
189.2 2.4832
189.3 2.35904
189.4 1.98656
189.5 1.48992
189.6 2.35904
189.7 2.11072
189.8 2.23488
189.9 1.98656
190 1.73824
190.1 1.98656
190.2 1.48992
190.3 2.4832
190.4 1.8624
190.5 1.8624
190.6 1.73824
190.7 2.11072
190.8 1.8624
190.9 1.98656
191 1.98656
191.1 1.61408
191.2 1.98656
191.3 1.98656
191.4 2.23488
191.5 2.11072
191.6 2.11072
191.7 1.98656
191.8 2.11072
191.9 2.35904
192 2.23488
192.1 2.11072
192.2 2.11072
192.3 2.23488
192.4 2.11072
192.5 3.104
192.6 1.8624
192.7 2.73152
192.8 2.23488
192.9 2.23488
193 2.11072
193.1 2.85568
193.2 2.23488
193.3 1.73824
193.4 3.22816
193.5 1.8624
193.6 2.35904
193.7 2.97984
193.8 2.4832
193.9 2.23488
194 2.35904
194.1 2.4832
194.2 2.23488
194.3 2.60736
194.4 2.23488
194.5 2.35904
194.6 2.60736
194.7 1.61408
194.8 2.35904
194.9 2.23488
195 1.48992
195.1 2.60736
195.2 1.98656
195.3 2.60736
195.4 1.36576
195.5 2.73152
195.6 1.8624
195.7 2.11072
195.8 2.23488
195.9 1.73824
196 2.4832
196.1 1.48992
196.2 2.4832
196.3 1.8624
196.4 1.73824
196.5 1.36576
196.6 2.4832
196.7 1.73824
196.8 1.61408
196.9 1.8624
197 1.98656
197.1 1.73824
197.2 2.23488
197.3 1.61408
197.4 1.98656
197.5 2.11072
197.6 0.37248
197.7 2.60736
197.8 1.61408
197.9 1.11744
198 2.85568
198.1 0.49664
198.2 2.4832
198.3 1.8624
198.4 1.11744
198.5 2.73152
198.6 0.37248
198.7 3.104
198.8 2.11072
198.9 1.11744
199 2.85568
199.1 0.49664
199.2 3.104
199.3 0.99328
199.4 2.23488
199.5 1.61408
199.6 1.61408
199.7 1.8624
199.8 1.36576
199.9 2.11072
