10 0.848058
10.1 0.74496
10.2 0.74496
10.3 0.74496
10.4 0.86912
10.5 0.86912
10.6 0.86912
10.7 0.86912
10.8 1.11744
10.9 0.86912
11 0.99328
11.1 1.11744
11.2 0.86912
11.3 0.86912
11.4 0.86912
11.5 0.86912
11.6 0.86912
11.7 0.86912
11.8 1.11744
11.9 0.86912
12 0.86912
12.1 0.86912
12.2 0.86912
12.3 0.86912
12.4 0.86912
12.5 0.86912
12.6 0.86912
12.7 0.86912
12.8 0.99328
12.9 0.86912
13 0.99328
13.1 0.86912
13.2 0.86912
13.3 0.86912
13.4 0.86912
13.5 0.86912
13.6 0.86912
13.7 0.86912
13.8 0.86912
13.9 0.99328
14 0.6208
14.1 0.74496
14.2 0.74496
14.3 0.86912
14.4 0.86912
14.5 0.86912
14.6 0.99328
14.7 0.99328
14.8 0.99328
14.9 1.11744
15 1.2416
15.1 1.2416
15.2 1.11744
15.3 0.99328
15.4 0.99328
15.5 0.99328
15.6 1.11744
15.7 1.11744
15.8 0.99328
15.9 0.99328
16 0.99328
16.1 0.99328
16.2 0.99328
16.3 0.99328
16.4 0.99328
16.5 0.99328
16.6 0.99328
16.7 1.2416
16.8 1.11744
16.9 1.2416
17 0.99328
17.1 1.11744
17.2 0.99328
17.3 1.11744
17.4 1.11744
17.5 1.11744
17.6 1.11744
17.7 1.36576
17.8 1.36576
17.9 1.36576
18 1.36576
18.1 1.48992
18.2 1.48992
18.3 1.48992
18.4 1.11744
18.5 1.2416
18.6 1.61408
18.7 1.48992
18.8 1.73824
18.9 1.48992
19 1.61408
19.1 1.48992
19.2 1.48992
19.3 1.36576
19.4 1.2416
19.5 1.73824
19.6 1.36576
19.7 1.36576
19.8 1.48992
19.9 1.48992
