175 3.00014
175.01 8.6912
175.02 7.4496
175.03 8.6912
175.04 7.4496
175.05 0
175.06 0
175.07 0
175.08 0
175.09 0
175.1 0
175.11 0
175.12 0
175.13 0
175.14 0
175.15 4.9664
175.16 7.4496
175.17 7.4496
175.18 8.6912
175.19 2.4832
175.2 0
175.21 0
175.22 0
175.23 0
175.24 0
175.25 0
175.26 0
175.27 0
175.28 0
175.29 4.9664
175.3 12.416
175.31 6.208
175.32 0
175.33 0
175.34 0
175.35 0
175.36 0
175.37 0
175.38 0
175.39 0
175.4 1.2416
175.41 9.9328
175.42 11.1744
175.43 2.4832
175.44 0
175.45 0
175.46 0
175.47 0
175.48 0
175.49 0
175.5 0
175.51 0
175.52 2.4832
175.53 9.9328
175.54 9.9328
175.55 3.7248
175.56 0
175.57 0
175.58 0
175.59 0
175.6 0
175.61 0
175.62 0
175.63 0
175.64 0
175.65 9.9328
175.66 9.9328
175.67 7.4496
175.68 0
175.69 0
175.7 0
175.71 0
175.72 0
175.73 0
175.74 0
175.75 0
175.76 0
175.77 3.7248
175.78 9.9328
175.79 9.9328
175.8 4.9664
175.81 0
175.82 0
175.83 0
175.84 0
175.85 0
175.86 0
175.87 0
175.88 0
175.89 0
175.9 3.7248
175.91 8.6912
175.92 9.9328
175.93 7.4496
175.94 0
175.95 0
175.96 0
175.97 0
175.98 0
175.99 0
176 0
176.01 0
176.02 0
176.03 1.2416
176.04 8.6912
176.05 9.9328
176.06 8.6912
176.07 1.2416
176.08 0
176.09 0
176.1 0
176.11 0
176.12 0
176.13 0
176.14 0
176.15 0
176.16 0
176.17 4.9664
176.18 9.9328
176.19 8.6912
176.2 7.4496
176.21 0
176.22 0
176.23 0
176.24 0
176.25 0
176.26 0
176.27 0
176.28 0
176.29 0
176.3 0
176.31 7.4496
176.32 8.6912
176.33 9.9328
176.34 6.208
176.35 0
176.36 0
176.37 0
176.38 0
176.39 0
176.4 0
176.41 0
176.42 0
176.43 0
176.44 0
176.45 6.208
176.46 8.6912
176.47 8.6912
176.48 8.6912
176.49 0
176.5 0
176.51 0
176.52 0
176.53 0
176.54 0
176.55 0
176.56 0
176.57 0
176.58 0
176.59 1.2416
176.6 11.1744
176.61 8.6912
176.62 8.6912
176.63 3.7248
176.64 0
176.65 0
176.66 0
176.67 0
176.68 0
176.69 0
176.7 0
176.71 0
176.72 0
176.73 1.2416
176.74 12.416
176.75 11.1744
176.76 8.6912
176.77 0
176.78 0
176.79 0
176.8 0
176.81 0
176.82 0
176.83 0
176.84 0
176.85 0
176.86 9.9328
176.87 11.1744
176.88 11.1744
176.89 2.4832
176.9 0
176.91 0
176.92 0
176.93 0
176.94 0
176.95 0
176.96 0
176.97 0
176.98 6.208
176.99 11.1744
177 11.1744
177.01 6.208
177.02 0
177.03 0
177.04 0
177.05 0
177.06 0
177.07 0
177.08 0
177.09 0
177.1 0
177.11 9.9328
177.12 11.1744
177.13 8.6912
177.14 4.9664
177.15 0
177.16 0
177.17 0
177.18 0
177.19 0
177.2 0
177.21 0
177.22 0
177.23 1.2416
177.24 8.6912
177.25 11.1744
177.26 8.6912
177.27 4.9664
177.28 0
177.29 0
177.3 0
177.31 0
177.32 0
177.33 0
177.34 0
177.35 0
177.36 0
177.37 8.6912
177.38 9.9328
177.39 9.9328
177.4 6.208
177.41 0
177.42 0
177.43 0
177.44 0
177.45 0
177.46 0
177.47 0
177.48 0
177.49 0
177.5 4.9664
177.51 8.6912
177.52 9.9328
177.53 8.6912
177.54 2.4832
177.55 0
177.56 0
177.57 0
177.58 0
177.59 0
177.6 0
177.61 0
177.62 0
177.63 0
177.64 7.4496
177.65 8.6912
177.66 9.9328
177.67 8.6912
177.68 0
177.69 0
177.7 0
177.71 0
177.72 0
177.73 0
177.74 0
177.75 0
177.76 0
177.77 1.2416
177.78 7.4496
177.79 8.6912
177.8 8.6912
177.81 7.4496
177.82 1.2416
177.83 0
177.84 0
177.85 0
177.86 0
177.87 0
177.88 0
177.89 0
177.9 0
177.91 1.2416
177.92 7.4496
177.93 7.4496
177.94 8.6912
177.95 8.6912
177.96 1.2416
177.97 0
177.98 0
177.99 0
178 0
178.01 0
178.02 0
178.03 0
178.04 0
178.05 0
178.06 4.9664
178.07 8.6912
178.08 8.6912
178.09 7.4496
178.1 4.9664
178.11 0
178.12 0
178.13 0
178.14 0
178.15 0
178.16 0
178.17 0
178.18 0
178.19 0
178.2 2.4832
178.21 7.4496
178.22 8.6912
178.23 8.6912
178.24 7.4496
178.25 0
178.26 0
178.27 0
178.28 0
178.29 0
178.3 0
178.31 0
178.32 0
178.33 1.2416
178.34 7.4496
178.35 8.6912
178.36 8.6912
178.37 8.6912
178.38 0
178.39 0
178.4 0
178.41 0
178.42 0
178.43 0
178.44 0
178.45 0
178.46 1.2416
178.47 7.4496
178.48 8.6912
178.49 8.6912
178.5 8.6912
178.51 0
178.52 0
178.53 0
178.54 0
178.55 0
178.56 0
178.57 0
178.58 0
178.59 1.2416
178.6 7.4496
178.61 7.4496
178.62 8.6912
178.63 8.6912
178.64 1.2416
178.65 0
178.66 0
178.67 0
178.68 0
178.69 0
178.7 0
178.71 0
178.72 0
178.73 7.4496
178.74 6.208
178.75 8.6912
178.76 7.4496
178.77 4.9664
178.78 0
178.79 0
178.8 0
178.81 0
178.82 0
178.83 0
178.84 0
178.85 0
178.86 2.4832
178.87 7.4496
178.88 7.4496
178.89 7.4496
178.9 7.4496
178.91 2.4832
178.92 0
178.93 0
178.94 0
178.95 0
178.96 0
178.97 0
178.98 0
178.99 0
179 3.7248
179.01 8.6912
179.02 7.4496
179.03 7.4496
179.04 6.208
179.05 1.2416
179.06 0
179.07 0
179.08 0
179.09 0
179.1 0
179.11 0
179.12 0
179.13 0
179.14 3.7248
179.15 7.4496
179.16 8.6912
179.17 7.4496
179.18 6.208
179.19 1.2416
179.2 0
179.21 0
179.22 0
179.23 0
179.24 0
179.25 0
179.26 0
179.27 0
179.28 1.2416
179.29 8.6912
179.3 8.6912
179.31 6.208
179.32 7.4496
179.33 2.4832
179.34 0
179.35 0
179.36 0
179.37 0
179.38 0
179.39 0
179.4 0
179.41 0
179.42 0
179.43 7.4496
179.44 8.6912
179.45 7.4496
179.46 6.208
179.47 4.9664
179.48 0
179.49 0
179.5 0
179.51 0
179.52 0
179.53 0
179.54 0
179.55 0
179.56 0
179.57 6.208
179.58 8.6912
179.59 8.6912
179.6 6.208
179.61 4.9664
179.62 0
179.63 0
179.64 0
179.65 0
179.66 0
179.67 0
179.68 0
179.69 9.9328
179.7 8.6912
179.71 7.4496
179.72 6.208
179.73 3.7248
179.74 0
179.75 0
179.76 0
179.77 0
179.78 0
179.79 0
179.8 1.2416
179.81 9.9328
179.82 8.6912
179.83 7.4496
179.84 6.208
179.85 2.4832
179.86 0
179.87 0
179.88 0
179.89 0
179.9 0
179.91 0
179.92 0
179.93 8.6912
179.94 9.9328
179.95 8.6912
179.96 6.208
179.97 3.7248
179.98 0
179.99 0
180 0
180.01 0
180.02 0
180.03 0
180.04 0
180.05 3.7248
180.06 8.6912
180.07 9.9328
180.08 7.4496
180.09 6.208
180.1 1.2416
180.11 0
180.12 0
180.13 0
180.14 0
180.15 0
180.16 0
180.17 0
180.18 4.9664
180.19 8.6912
180.2 9.9328
180.21 8.6912
180.22 6.208
180.23 0
180.24 0
180.25 0
180.26 0
180.27 0
180.28 0
180.29 0
180.3 0
180.31 2.4832
180.32 8.6912
180.33 9.9328
180.34 8.6912
180.35 6.208
180.36 2.4832
180.37 0
180.38 0
180.39 0
180.4 0
180.41 0
180.42 0
180.43 0
180.44 0
180.45 7.4496
180.46 9.9328
180.47 9.9328
180.48 7.4496
180.49 4.9664
180.5 0
180.51 0
180.52 0
180.53 0
180.54 0
180.55 0
180.56 0
180.57 0
180.58 0
180.59 9.9328
180.6 9.9328
180.61 9.9328
180.62 7.4496
180.63 3.7248
180.64 0
180.65 0
180.66 0
180.67 0
180.68 0
180.69 0
180.7 0
180.71 0
180.72 0
180.73 8.6912
180.74 11.1744
180.75 9.9328
180.76 7.4496
180.77 4.9664
180.78 0
180.79 0
180.8 0
180.81 0
180.82 0
180.83 0
180.84 0
180.85 0
180.86 0
180.87 4.9664
180.88 9.9328
180.89 11.1744
180.9 8.6912
180.91 6.208
180.92 1.2416
180.93 0
180.94 0
180.95 0
180.96 0
180.97 0
180.98 0
180.99 0
181 0
181.01 0
181.02 11.1744
181.03 7.4496
181.04 7.4496
181.05 4.9664
181.06 0
181.07 0
181.08 0
181.09 0
181.1 0
181.11 0
181.12 0
181.13 0
181.14 6.208
181.15 11.1744
181.16 7.4496
181.17 7.4496
181.18 0
181.19 0
181.2 0
181.21 0
181.22 0
181.23 0
181.24 0
181.25 0
181.26 6.208
181.27 11.1744
181.28 9.9328
181.29 6.208
181.3 0
181.31 0
181.32 0
181.33 0
181.34 0
181.35 0
181.36 0
181.37 0
181.38 1.2416
181.39 11.1744
181.4 11.1744
181.41 8.6912
181.42 2.4832
181.43 0
181.44 0
181.45 0
181.46 0
181.47 0
181.48 0
181.49 0
181.5 0
181.51 6.208
181.52 11.1744
181.53 11.1744
181.54 6.208
181.55 1.2416
181.56 0
181.57 0
181.58 0
181.59 0
181.6 0
181.61 0
181.62 0
181.63 0
181.64 7.4496
181.65 9.9328
181.66 12.416
181.67 7.4496
181.68 0
181.69 0
181.7 0
181.71 0
181.72 0
181.73 0
181.74 0
181.75 0
181.76 0
181.77 3.7248
181.78 11.1744
181.79 11.1744
181.8 9.9328
181.81 2.4832
181.82 0
181.83 0
181.84 0
181.85 0
181.86 0
181.87 0
181.88 0
181.89 0
181.9 0
181.91 9.9328
181.92 11.1744
181.93 11.1744
181.94 7.4496
181.95 0
181.96 0
181.97 0
181.98 0
181.99 0
182 0
182.01 0
182.02 0
182.03 0
182.04 1.2416
182.05 11.1744
182.06 11.1744
182.07 11.1744
182.08 6.208
182.09 0
182.1 0
182.11 0
182.12 0
182.13 0
182.14 0
182.15 0
182.16 0
182.17 0
182.18 1.2416
182.19 9.9328
182.2 11.1744
182.21 9.9328
182.22 7.4496
182.23 1.2416
182.24 0
182.25 0
182.26 0
182.27 0
182.28 0
182.29 0
182.3 0
182.31 0
182.32 0
182.33 11.1744
182.34 8.6912
182.35 9.9328
182.36 9.9328
182.37 2.4832
182.38 0
182.39 0
182.4 0
182.41 0
182.42 0
182.43 0
182.44 0
182.45 0
182.46 0
182.47 4.9664
182.48 12.416
182.49 9.9328
182.5 8.6912
182.51 6.208
182.52 0
182.53 0
182.54 0
182.55 0
182.56 0
182.57 0
182.58 0
182.59 0
182.6 0
182.61 4.9664
182.62 11.1744
182.63 12.416
182.64 2.4832
182.65 0
182.66 0
182.67 0
182.68 0
182.69 0
182.7 0
182.71 0
182.72 0
182.73 1.2416
182.74 12.416
182.75 11.1744
182.76 6.208
182.77 0
182.78 0
182.79 0
182.8 0
182.81 0
182.82 0
182.83 0
182.84 0
182.85 0
182.86 6.208
182.87 12.416
182.88 9.9328
182.89 2.4832
182.9 0
182.91 0
182.92 0
182.93 0
182.94 0
182.95 0
182.96 0
182.97 0
182.98 0
182.99 8.6912
183 12.416
183.01 11.1744
183.02 0
183.03 0
183.04 0
183.05 0
183.06 0
183.07 0
183.08 0
183.09 0
183.1 0
183.11 0
183.12 9.9328
183.13 11.1744
183.14 12.416
183.15 0
183.16 0
183.17 0
183.18 0
183.19 0
183.2 0
183.21 0
183.22 0
183.23 0
183.24 0
183.25 6.208
183.26 12.416
183.27 11.1744
183.28 3.7248
183.29 0
183.3 0
183.31 0
183.32 0
183.33 0
183.34 0
183.35 0
183.36 0
183.37 0
183.38 3.7248
183.39 11.1744
183.4 11.1744
183.41 8.6912
183.42 0
183.43 0
183.44 0
183.45 0
183.46 0
183.47 0
183.48 0
183.49 0
183.5 0
183.51 0
183.52 7.4496
183.53 11.1744
183.54 11.1744
183.55 4.9664
183.56 0
183.57 0
183.58 0
183.59 0
183.6 0
183.61 0
183.62 0
183.63 0
183.64 0
183.65 0
183.66 8.6912
183.67 11.1744
183.68 11.1744
183.69 3.7248
183.7 0
183.71 0
183.72 0
183.73 0
183.74 0
183.75 0
183.76 0
183.77 0
183.78 0
183.79 1.2416
183.8 9.9328
183.81 11.1744
183.82 9.9328
183.83 3.7248
183.84 0
183.85 0
183.86 0
183.87 0
183.88 0
183.89 0
183.9 0
183.91 0
183.92 0
183.93 0
183.94 8.6912
183.95 11.1744
183.96 11.1744
183.97 4.9664
183.98 0
183.99 0
184 0
184.01 0
184.02 0
184.03 0
184.04 0
184.05 0
184.06 0
184.07 0
184.08 6.208
184.09 9.9328
184.1 9.9328
184.11 9.9328
184.12 0
184.13 0
184.14 0
184.15 0
184.16 0
184.17 0
184.18 0
184.19 0
184.2 0
184.21 0
184.22 3.7248
184.23 8.6912
184.24 11.1744
184.25 11.1744
184.26 1.2416
184.27 0
184.28 0
184.29 0
184.3 0
184.31 0
184.32 0
184.33 0
184.34 0
184.35 2.4832
184.36 9.9328
184.37 9.9328
184.38 12.416
184.39 1.2416
184.4 0
184.41 0
184.42 0
184.43 0
184.44 0
184.45 0
184.46 0
184.47 0
184.48 1.2416
184.49 9.9328
184.5 9.9328
184.51 11.1744
184.52 3.7248
184.53 0
184.54 0
184.55 0
184.56 0
184.57 0
184.58 0
184.59 0
184.6 0
184.61 0
184.62 7.4496
184.63 9.9328
184.64 9.9328
184.65 8.6912
184.66 0
184.67 0
184.68 0
184.69 0
184.7 0
184.71 0
184.72 0
184.73 0
184.74 0
184.75 1.2416
184.76 8.6912
184.77 9.9328
184.78 9.9328
184.79 6.208
184.8 0
184.81 0
184.82 0
184.83 0
184.84 0
184.85 0
184.86 0
184.87 0
184.88 0
184.89 1.2416
184.9 8.6912
184.91 9.9328
184.92 9.9328
184.93 6.208
184.94 0
184.95 0
184.96 0
184.97 0
184.98 0
184.99 0
185 0
185.01 0
185.02 0
185.03 0
185.04 7.4496
185.05 9.9328
185.06 8.6912
185.07 9.9328
185.08 0
185.09 0
185.1 0
185.11 0
185.12 0
185.13 0
185.14 0
185.15 0
185.16 0
185.17 0
185.18 3.7248
185.19 8.6912
185.2 8.6912
185.21 9.9328
185.22 3.7248
185.23 0
185.24 0
185.25 0
185.26 0
185.27 0
185.28 0
185.29 0
185.3 0
185.31 1.2416
185.32 4.9664
185.33 3.7248
185.34 9.9328
185.35 4.9664
185.36 0
185.37 0
185.38 0
185.39 0
185.4 0
185.41 0
185.42 0
185.43 1.2416
185.44 6.208
185.45 3.7248
185.46 11.1744
185.47 4.9664
185.48 0
185.49 0
185.5 0
185.51 0
185.52 0
185.53 0
185.54 0
185.55 0
185.56 6.208
185.57 4.9664
185.58 6.208
185.59 9.9328
185.6 0
185.61 0
185.62 0
185.63 0
185.64 0
185.65 0
185.66 0
185.67 0
185.68 4.9664
185.69 6.208
185.7 2.4832
185.71 8.6912
185.72 6.208
185.73 0
185.74 0
185.75 0
185.76 0
185.77 0
185.78 0
185.79 0
185.8 0
185.81 7.4496
185.82 6.208
185.83 1.2416
185.84 8.6912
185.85 6.208
185.86 0
185.87 0
185.88 0
185.89 0
185.9 0
185.91 0
185.92 0
185.93 0
185.94 6.208
185.95 6.208
185.96 1.2416
185.97 8.6912
185.98 8.6912
185.99 0
186 0
186.01 0
186.02 0
186.03 0
186.04 0
186.05 0
186.06 0
186.07 3.7248
186.08 6.208
186.09 3.7248
186.1 4.9664
186.11 8.6912
186.12 3.7248
186.13 0
186.14 0
186.15 0
186.16 0
186.17 0
186.18 0
186.19 0
186.2 0
186.21 7.4496
186.22 6.208
186.23 1.2416
186.24 6.208
186.25 8.6912
186.26 2.4832
186.27 0
186.28 0
186.29 0
186.3 0
186.31 0
186.32 0
186.33 0
186.34 0
186.35 8.6912
186.36 7.4496
186.37 0
186.38 6.208
186.39 7.4496
186.4 3.7248
186.41 0
186.42 0
186.43 0
186.44 0
186.45 0
186.46 0
186.47 0
186.48 0
186.49 6.208
186.5 8.6912
186.51 1.2416
186.52 6.208
186.53 7.4496
186.54 3.7248
186.55 0
186.56 0
186.57 0
186.58 0
186.59 0
186.6 0
186.61 0
186.62 0
186.63 2.4832
186.64 11.1744
186.65 3.7248
186.66 3.7248
186.67 6.208
186.68 6.208
186.69 0
186.7 0
186.71 0
186.72 0
186.73 0
186.74 0
186.75 0
186.76 0
186.77 0
186.78 8.6912
186.79 8.6912
186.8 4.9664
186.81 6.208
186.82 3.7248
186.83 0
186.84 0
186.85 0
186.86 0
186.87 0
186.88 0
186.89 0
186.9 0
186.91 3.7248
186.92 6.208
186.93 7.4496
186.94 4.9664
186.95 2.4832
186.96 0
186.97 0
186.98 0
186.99 0
187 0
187.01 0
187.02 0
187.03 0
187.04 6.208
187.05 4.9664
187.06 6.208
187.07 6.208
187.08 1.2416
187.09 0
187.1 0
187.11 0
187.12 0
187.13 0
187.14 0
187.15 0
187.16 0
187.17 4.9664
187.18 8.6912
187.19 4.9664
187.2 4.9664
187.21 2.4832
187.22 0
187.23 0
187.24 0
187.25 0
187.26 0
187.27 0
187.28 0
187.29 0
187.3 1.2416
187.31 8.6912
187.32 7.4496
187.33 4.9664
187.34 3.7248
187.35 0
187.36 0
187.37 0
187.38 0
187.39 0
187.4 0
187.41 0
187.42 0
187.43 0
187.44 4.9664
187.45 9.9328
187.46 6.208
187.47 4.9664
187.48 1.2416
187.49 0
187.5 0
187.51 0
187.52 0
187.53 0
187.54 0
187.55 0
187.56 0
187.57 0
187.58 7.4496
187.59 9.9328
187.6 4.9664
187.61 4.9664
187.62 0
187.63 0
187.64 0
187.65 0
187.66 0
187.67 0
187.68 0
187.69 0
187.7 0
187.71 0
187.72 6.208
187.73 9.9328
187.74 6.208
187.75 4.9664
187.76 0
187.77 0
187.78 0
187.79 0
187.8 0
187.81 0
187.82 0
187.83 0
187.84 0
187.85 0
187.86 4.9664
187.87 9.9328
187.88 7.4496
187.89 4.9664
187.9 1.2416
187.91 0
187.92 0
187.93 0
187.94 0
187.95 0
187.96 0
187.97 0
187.98 0
187.99 0
188 0
188.01 11.1744
188.02 8.6912
188.03 4.9664
188.04 3.7248
188.05 0
188.06 0
188.07 0
188.08 0
188.09 0
188.1 0
188.11 0
188.12 0
188.13 0
188.14 6.208
188.15 11.1744
188.16 6.208
188.17 4.9664
188.18 0
188.19 0
188.2 0
188.21 0
188.22 0
188.23 0
188.24 0
188.25 0
188.26 0
188.27 2.4832
188.28 9.9328
188.29 8.6912
188.3 4.9664
188.31 2.4832
188.32 0
188.33 0
188.34 0
188.35 0
188.36 0
188.37 0
188.38 0
188.39 0
188.4 0
188.41 6.208
188.42 9.9328
188.43 7.4496
188.44 4.9664
188.45 0
188.46 0
188.47 0
188.48 0
188.49 0
188.5 0
188.51 0
188.52 0
188.53 0
188.54 0
188.55 6.208
188.56 11.1744
188.57 6.208
188.58 4.9664
188.59 0
188.6 0
188.61 0
188.62 0
188.63 0
188.64 0
188.65 0
188.66 0
188.67 0
188.68 0
188.69 6.208
188.7 9.9328
188.71 7.4496
188.72 4.9664
188.73 0
188.74 0
188.75 0
188.76 0
188.77 0
188.78 0
188.79 0
188.8 0
188.81 0
188.82 0
188.83 2.4832
188.84 8.6912
188.85 9.9328
188.86 6.208
188.87 1.2416
188.88 0
188.89 0
188.9 0
188.91 0
188.92 0
188.93 0
188.94 0
188.95 0
188.96 0
188.97 1.2416
188.98 8.6912
188.99 11.1744
189 6.208
189.01 1.2416
189.02 0
189.03 0
189.04 0
189.05 0
189.06 0
189.07 0
189.08 0
189.09 0
189.1 4.9664
189.11 9.9328
189.12 8.6912
189.13 4.9664
189.14 0
189.15 0
189.16 0
189.17 0
189.18 0
189.19 0
189.2 0
189.21 0
189.22 0
189.23 6.208
189.24 11.1744
189.25 7.4496
189.26 3.7248
189.27 0
189.28 0
189.29 0
189.3 0
189.31 0
189.32 0
189.33 0
189.34 0
189.35 0
189.36 6.208
189.37 9.9328
189.38 7.4496
189.39 4.9664
189.4 0
189.41 0
189.42 0
189.43 0
189.44 0
189.45 0
189.46 0
189.47 0
189.48 0
189.49 4.9664
189.5 8.6912
189.51 8.6912
189.52 6.208
189.53 0
189.54 0
189.55 0
189.56 0
189.57 0
189.58 0
189.59 0
189.6 0
189.61 0
189.62 0
189.63 7.4496
189.64 9.9328
189.65 7.4496
189.66 3.7248
189.67 0
189.68 0
189.69 0
189.7 0
189.71 0
189.72 0
189.73 0
189.74 0
189.75 0
189.76 2.4832
189.77 7.4496
189.78 9.9328
189.79 4.9664
189.8 3.7248
189.81 0
189.82 0
189.83 0
189.84 0
189.85 0
189.86 0
189.87 0
189.88 0
189.89 0
189.9 2.4832
189.91 7.4496
189.92 9.9328
189.93 4.9664
189.94 3.7248
189.95 0
189.96 0
189.97 0
189.98 0
189.99 0
190 0
190.01 0
190.02 0
190.03 0
190.04 0
190.05 7.4496
190.06 8.6912
190.07 7.4496
190.08 4.9664
190.09 0
190.1 0
190.11 0
190.12 0
190.13 0
190.14 0
190.15 0
190.16 0
190.17 0
190.18 0
190.19 4.9664
190.2 7.4496
190.21 7.4496
190.22 6.208
190.23 2.4832
190.24 0
190.25 0
190.26 0
190.27 0
190.28 0
190.29 0
190.3 0
190.31 0
190.32 6.208
190.33 9.9328
190.34 7.4496
190.35 4.9664
190.36 0
190.37 0
190.38 0
190.39 0
190.4 0
190.41 0
190.42 0
190.43 0
190.44 1.2416
190.45 9.9328
190.46 11.1744
190.47 4.9664
190.48 2.4832
190.49 0
190.5 0
190.51 0
190.52 0
190.53 0
190.54 0
190.55 0
190.56 0
190.57 3.7248
190.58 9.9328
190.59 9.9328
190.6 4.9664
190.61 1.2416
190.62 0
190.63 0
190.64 0
190.65 0
190.66 0
190.67 0
190.68 0
190.69 0
190.7 1.2416
190.71 9.9328
190.72 11.1744
190.73 6.208
190.74 1.2416
190.75 0
190.76 0
190.77 0
190.78 0
190.79 0
190.8 0
190.81 0
190.82 0
190.83 0
190.84 6.208
190.85 11.1744
190.86 9.9328
190.87 3.7248
190.88 0
190.89 0
190.9 0
190.91 0
190.92 0
190.93 0
190.94 0
190.95 0
190.96 0
190.97 0
190.98 7.4496
190.99 11.1744
191 9.9328
191.01 2.4832
191.02 0
191.03 0
191.04 0
191.05 0
191.06 0
191.07 0
191.08 0
191.09 0
191.1 0
191.11 0
191.12 6.208
191.13 11.1744
191.14 11.1744
191.15 3.7248
191.16 0
191.17 0
191.18 0
191.19 0
191.2 0
191.21 0
191.22 0
191.23 0
191.24 0
191.25 0
191.26 1.2416
191.27 11.1744
191.28 11.1744
191.29 9.9328
191.3 0
191.31 0
191.32 0
191.33 0
191.34 0
191.35 0
191.36 0
191.37 0
191.38 0
191.39 0
191.4 0
191.41 8.6912
191.42 12.416
191.43 12.416
191.44 1.2416
191.45 0
191.46 0
191.47 0
191.48 0
191.49 0
191.5 0
191.51 0
191.52 0
191.53 12.416
191.54 11.1744
191.55 11.1744
191.56 0
191.57 0
191.58 0
191.59 0
191.6 0
191.61 0
191.62 0
191.63 0
191.64 1.2416
191.65 9.9328
191.66 11.1744
191.67 11.1744
191.68 2.4832
191.69 0
191.7 0
191.71 0
191.72 0
191.73 0
191.74 0
191.75 0
191.76 0
191.77 9.9328
191.78 9.9328
191.79 11.1744
191.8 6.208
191.81 0
191.82 0
191.83 0
191.84 0
191.85 0
191.86 0
191.87 0
191.88 0
191.89 3.7248
191.9 11.1744
191.91 9.9328
191.92 12.416
191.93 2.4832
191.94 0
191.95 0
191.96 0
191.97 0
191.98 0
191.99 0
192 0
192.01 0
192.02 6.208
192.03 11.1744
192.04 9.9328
192.05 11.1744
192.06 2.4832
192.07 0
192.08 0
192.09 0
192.1 0
192.11 0
192.12 0
192.13 0
192.14 0
192.15 4.9664
192.16 11.1744
192.17 9.9328
192.18 12.416
192.19 3.7248
192.2 0
192.21 0
192.22 0
192.23 0
192.24 0
192.25 0
192.26 0
192.27 0
192.28 1.2416
192.29 11.1744
192.3 11.1744
192.31 11.1744
192.32 9.9328
192.33 0
192.34 0
192.35 0
192.36 0
192.37 0
192.38 0
192.39 0
192.4 0
192.41 0
192.42 6.208
192.43 11.1744
192.44 11.1744
192.45 9.9328
192.46 8.6912
192.47 0
192.48 0
192.49 0
192.5 0
192.51 0
192.52 0
192.53 0
192.54 0
192.55 0
192.56 7.4496
192.57 11.1744
192.58 11.1744
192.59 11.1744
192.6 7.4496
192.61 0
192.62 0
192.63 0
192.64 0
192.65 0
192.66 0
192.67 0
192.68 0
192.69 0
192.7 6.208
192.71 11.1744
192.72 11.1744
192.73 12.416
192.74 11.1744
192.75 0
192.76 0
192.77 0
192.78 0
192.79 0
192.8 0
192.81 0
192.82 0
192.83 0
192.84 3.7248
192.85 11.1744
192.86 12.416
192.87 11.1744
192.88 11.1744
192.89 4.9664
192.9 0
192.91 0
192.92 0
192.93 0
192.94 0
192.95 0
192.96 0
192.97 0
192.98 0
192.99 8.6912
193 11.1744
193.01 9.9328
193.02 8.6912
193.03 9.9328
193.04 2.4832
193.05 0
193.06 0
193.07 0
193.08 0
193.09 0
193.1 0
193.11 0
193.12 1.2416
193.13 7.4496
193.14 8.6912
193.15 11.1744
193.16 12.416
193.17 0
193.18 0
193.19 0
193.2 0
193.21 0
193.22 0
193.23 0
193.24 3.7248
193.25 4.9664
193.26 9.9328
193.27 12.416
193.28 11.1744
193.29 0
193.3 0
193.31 0
193.32 0
193.33 0
193.34 0
193.35 0
193.36 1.2416
193.37 8.6912
193.38 7.4496
193.39 11.1744
193.4 11.1744
193.41 3.7248
193.42 0
193.43 0
193.44 0
193.45 0
193.46 0
193.47 0
193.48 0
193.49 8.6912
193.5 4.9664
193.51 9.9328
193.52 12.416
193.53 9.9328
193.54 0
193.55 0
193.56 0
193.57 0
193.58 0
193.59 0
193.6 0
193.61 0
193.62 11.1744
193.63 4.9664
193.64 11.1744
193.65 11.1744
193.66 8.6912
193.67 0
193.68 0
193.69 0
193.7 0
193.71 0
193.72 0
193.73 0
193.74 0
193.75 11.1744
193.76 4.9664
193.77 9.9328
193.78 11.1744
193.79 11.1744
193.8 0
193.81 0
193.82 0
193.83 0
193.84 0
193.85 0
193.86 0
193.87 0
193.88 8.6912
193.89 7.4496
193.9 6.208
193.91 12.416
193.92 9.9328
193.93 6.208
193.94 0
193.95 0
193.96 0
193.97 0
193.98 0
193.99 0
194 0
194.01 1.2416
194.02 11.1744
194.03 4.9664
194.04 8.6912
194.05 12.416
194.06 11.1744
194.07 2.4832
194.08 0
194.09 0
194.1 0
194.11 0
194.12 0
194.13 0
194.14 0
194.15 3.7248
194.16 11.1744
194.17 3.7248
194.18 9.9328
194.19 11.1744
194.2 11.1744
194.21 2.4832
194.22 0
194.23 0
194.24 0
194.25 0
194.26 0
194.27 0
194.28 0
194.29 2.4832
194.3 12.416
194.31 2.4832
194.32 9.9328
194.33 11.1744
194.34 11.1744
194.35 4.9664
194.36 0
194.37 0
194.38 0
194.39 0
194.4 0
194.41 0
194.42 0
194.43 0
194.44 9.9328
194.45 6.208
194.46 6.208
194.47 12.416
194.48 11.1744
194.49 9.9328
194.5 0
194.51 0
194.52 0
194.53 0
194.54 0
194.55 0
194.56 0
194.57 0
194.58 4.9664
194.59 9.9328
194.6 3.7248
194.61 9.9328
194.62 11.1744
194.63 11.1744
194.64 4.9664
194.65 0
194.66 0
194.67 0
194.68 0
194.69 0
194.7 0
194.71 0
194.72 11.1744
194.73 8.6912
194.74 11.1744
194.75 11.1744
194.76 12.416
194.77 2.4832
194.78 0
194.79 0
194.8 0
194.81 0
194.82 0
194.83 0
194.84 8.6912
194.85 8.6912
194.86 11.1744
194.87 8.6912
194.88 12.416
194.89 7.4496
194.9 0
194.91 0
194.92 0
194.93 0
194.94 0
194.95 0
194.96 2.4832
194.97 12.416
194.98 6.208
194.99 11.1744
195 9.9328
195.01 11.1744
195.02 4.9664
195.03 0
195.04 0
195.05 0
195.06 0
195.07 0
195.08 0
195.09 3.7248
195.1 11.1744
195.11 6.208
195.12 11.1744
195.13 8.6912
195.14 11.1744
195.15 6.208
195.16 0
195.17 0
195.18 0
195.19 0
195.2 0
195.21 0
195.22 1.2416
195.23 11.1744
195.24 7.4496
195.25 8.6912
195.26 8.6912
195.27 9.9328
195.28 11.1744
195.29 1.2416
195.3 0
195.31 0
195.32 0
195.33 0
195.34 0
195.35 0
195.36 6.208
195.37 11.1744
195.38 4.9664
195.39 9.9328
195.4 7.4496
195.41 11.1744
195.42 8.6912
195.43 0
195.44 0
195.45 0
195.46 0
195.47 0
195.48 0
195.49 0
195.5 7.4496
195.51 11.1744
195.52 3.7248
195.53 11.1744
195.54 6.208
195.55 11.1744
195.56 8.6912
195.57 0
195.58 0
195.59 0
195.6 0
195.61 0
195.62 0
195.63 0
195.64 7.4496
195.65 9.9328
195.66 4.9664
195.67 9.9328
195.68 6.208
195.69 8.6912
195.7 12.416
195.71 0
195.72 0
195.73 0
195.74 0
195.75 0
195.76 0
195.77 0
195.78 3.7248
195.79 9.9328
195.8 6.208
195.81 8.6912
195.82 6.208
195.83 7.4496
195.84 8.6912
195.85 6.208
195.86 0
195.87 0
195.88 0
195.89 0
195.9 0
195.91 0
195.92 0
195.93 8.6912
195.94 9.9328
195.95 3.7248
195.96 11.1744
195.97 4.9664
195.98 0
195.99 2.4832
196 0
196.01 0
196.02 0
196.03 0
196.04 0
196.05 7.4496
196.06 11.1744
196.07 4.9664
196.08 11.1744
196.09 3.7248
196.1 2.4832
196.11 1.2416
196.12 0
196.13 0
196.14 0
196.15 0
196.16 0
196.17 11.1744
196.18 8.6912
196.19 6.208
196.2 9.9328
196.21 3.7248
196.22 1.2416
196.23 2.4832
196.24 0
196.25 0
196.26 0
196.27 0
196.28 0
196.29 9.9328
196.3 11.1744
196.31 3.7248
196.32 9.9328
196.33 6.208
196.34 0
196.35 4.9664
196.36 0
196.37 0
196.38 0
196.39 0
196.4 0
196.41 4.9664
196.42 8.6912
196.43 7.4496
196.44 8.6912
196.45 8.6912
196.46 3.7248
196.47 1.2416
196.48 3.7248
196.49 0
196.5 0
196.51 0
196.52 0
196.53 0
196.54 7.4496
196.55 8.6912
196.56 7.4496
196.57 7.4496
196.58 8.6912
196.59 3.7248
196.6 1.2416
196.61 3.7248
196.62 0
196.63 0
196.64 0
196.65 0
196.66 0
196.67 6.208
196.68 9.9328
196.69 7.4496
196.7 6.208
196.71 9.9328
196.72 4.9664
196.73 0
196.74 4.9664
196.75 0
196.76 0
196.77 0
196.78 0
196.79 0
196.8 1.2416
196.81 11.1744
196.82 9.9328
196.83 6.208
196.84 6.208
196.85 7.4496
196.86 3.7248
196.87 0
196.88 6.208
196.89 0
196.9 0
196.91 0
196.92 0
196.93 0
196.94 2.4832
196.95 12.416
196.96 8.6912
196.97 6.208
196.98 6.208
196.99 6.208
197 3.7248
197.01 0
197.02 7.4496
197.03 0
197.04 0
197.05 0
197.06 0
197.07 0
197.08 1.2416
197.09 12.416
197.1 9.9328
197.11 4.9664
197.12 7.4496
197.13 6.208
197.14 3.7248
197.15 0
197.16 8.6912
197.17 0
197.18 0
197.19 0
197.2 0
197.21 0
197.22 0
197.23 9.9328
197.24 11.1744
197.25 4.9664
197.26 7.4496
197.27 7.4496
197.28 4.9664
197.29 0
197.3 2.4832
197.31 4.9664
197.32 0
197.33 0
197.34 0
197.35 0
197.36 0
197.37 4.9664
197.38 12.416
197.39 8.6912
197.4 6.208
197.41 7.4496
197.42 6.208
197.43 1.2416
197.44 3.7248
197.45 0
197.46 0
197.47 0
197.48 0
197.49 0
197.5 0
197.51 7.4496
197.52 6.208
197.53 8.6912
197.54 8.6912
197.55 3.7248
197.56 0
197.57 4.9664
197.58 0
197.59 0
197.6 0
197.61 0
197.62 0
197.63 0
197.64 11.1744
197.65 6.208
197.66 7.4496
197.67 7.4496
197.68 2.4832
197.69 1.2416
197.7 4.9664
197.71 0
197.72 0
197.73 0
197.74 0
197.75 0
197.76 0
197.77 11.1744
197.78 6.208
197.79 7.4496
197.8 6.208
197.81 3.7248
197.82 1.2416
197.83 4.9664
197.84 0
197.85 0
197.86 0
197.87 0
197.88 0
197.89 0
197.9 8.6912
197.91 7.4496
197.92 7.4496
197.93 8.6912
197.94 3.7248
197.95 0
197.96 6.208
197.97 0
197.98 0
197.99 0
198 0
198.01 0
198.02 0
198.03 2.4832
198.04 11.1744
198.05 7.4496
198.06 7.4496
198.07 7.4496
198.08 1.2416
198.09 1.2416
198.1 4.9664
198.11 0
198.12 0
198.13 0
198.14 0
198.15 0
198.16 0
198.17 4.9664
198.18 11.1744
198.19 6.208
198.2 7.4496
198.21 6.208
198.22 1.2416
198.23 2.4832
198.24 4.9664
198.25 0
198.26 0
198.27 0
198.28 0
198.29 0
198.3 0
198.31 3.7248
198.32 11.1744
198.33 6.208
198.34 7.4496
198.35 7.4496
198.36 1.2416
198.37 1.2416
198.38 6.208
198.39 0
198.4 0
198.41 0
198.42 0
198.43 0
198.44 0
198.45 1.2416
198.46 9.9328
198.47 9.9328
198.48 7.4496
198.49 6.208
198.5 3.7248
198.51 0
198.52 6.208
198.53 1.2416
198.54 0
198.55 0
198.56 0
198.57 0
198.58 0
198.59 0
198.6 6.208
198.61 9.9328
198.62 7.4496
198.63 7.4496
198.64 6.208
198.65 0
198.66 2.4832
198.67 4.9664
198.68 0
198.69 0
198.7 0
198.71 0
198.72 0
198.73 3.7248
198.74 8.6912
198.75 1.2416
198.76 7.4496
198.77 2.4832
198.78 4.9664
198.79 2.4832
198.8 0
198.81 0
198.82 0
198.83 0
198.84 0
198.85 7.4496
198.86 6.208
198.87 4.9664
198.88 6.208
198.89 0
198.9 7.4496
198.91 0
198.92 0
198.93 0
198.94 0
198.95 0
198.96 0
198.97 8.6912
198.98 4.9664
198.99 4.9664
199 7.4496
199.01 0
199.02 6.208
199.03 1.2416
199.04 0
199.05 0
199.06 0
199.07 0
199.08 0
199.09 6.208
199.1 7.4496
199.11 2.4832
199.12 7.4496
199.13 2.4832
199.14 3.7248
199.15 3.7248
199.16 0
199.17 0
199.18 0
199.19 0
199.2 0
199.21 1.2416
199.22 11.1744
199.23 2.4832
199.24 6.208
199.25 6.208
199.26 0
199.27 7.4496
199.28 0
199.29 0
199.3 0
199.31 0
199.32 0
199.33 0
199.34 3.7248
199.35 11.1744
199.36 0
199.37 6.208
199.38 7.4496
199.39 0
199.4 7.4496
199.41 0
199.42 0
199.43 0
199.44 0
199.45 0
199.46 0
199.47 1.2416
199.48 12.416
199.49 1.2416
199.5 6.208
199.51 7.4496
199.52 0
199.53 6.208
199.54 1.2416
199.55 0
199.56 0
199.57 0
199.58 0
199.59 0
199.6 0
199.61 9.9328
199.62 4.9664
199.63 2.4832
199.64 7.4496
199.65 4.9664
199.66 2.4832
199.67 4.9664
199.68 0
199.69 0
199.7 0
199.71 0
199.72 0
199.73 0
199.74 3.7248
199.75 11.1744
199.76 0
199.77 6.208
199.78 7.4496
199.79 1.2416
199.8 4.9664
199.81 2.4832
199.82 0
199.83 0
199.84 0
199.85 0
199.86 0
199.87 0
199.88 4.9664
199.89 9.9328
199.9 0
199.91 7.4496
199.92 7.4496
199.93 0
199.94 6.208
199.95 1.2416
199.96 0
199.97 0
199.98 0
199.99 0
