950.088 20
950.215 21
950.347 22
950.486 23
950.631 24
950.782 25
950.939 26
951.103 27
951.274 28
951.45 29
951.633 30
951.822 31
952.017 32
952.22 33
952.383 16
952.585 17
952.585 19
952.692 20
952.818 21
952.951 22
953.089 23
953.234 24
953.317 12
953.474 14
953.531 15
953.625 16
953.726 17
953.827 8
953.953 9
953.953 10
954.016 11
954.085 12
954.161 6
954.23 7
954.23 9
954.275 10
954.338 11
954.407 12
954.502 6
954.577 7
954.577 8
954.627 9
954.684 10
954.747 11
954.817 12
954.848 6
954.917 8
954.949 9
955.006 10
955.069 11
955.138 12
955.214 13
955.296 14
955.384 15
955.478 16
955.579 17
955.687 18
955.8 19
955.92 20
956.046 21
956.178 22
956.317 23
956.462 24
956.613 25
956.771 26
956.935 27
957.105 28
957.281 29
957.344 14
957.521 16
957.565 17
957.672 18
957.786 19
957.836 9
957.95 11
957.975 12
958.044 6
958.114 7
958.114 9
958.17 4
958.231 5
958.231 6
958.25 7
958.299 8
958.349 9
958.406 10
958.475 5
959.526 1
959.556 2
959.586 3
959.689 2
959.724 4
959.759 5
959.793 6
959.831 7
959.876 8
959.927 9
959.984 10
960.047 11
960.117 12
960.192 13
960.274 14
960.362 15
960.457 16
960.558 17
960.665 18
960.709 9
960.816 11
960.854 12
960.93 13
961.012 14
961.1 15
961.195 16
961.296 17
961.403 18
961.516 19
961.636 20
961.762 21
961.894 22
962.033 23
962.178 24
962.329 25
962.487 26
962.651 27
962.821 28
962.998 29
963.181 30
963.37 31
963.565 32
963.767 33
963.975 34
964.189 35
964.41 36
964.637 37
964.87 38
965.11 39
965.204 19
966.437 1
966.49 5
966.526 6
966.532 7
966.539 8
966.545 9
966.551 9
966.558 10
966.615 11
966.685 12
966.76 13
966.842 14
966.93 15
967.025 16
967.126 17
967.233 18
967.346 19
967.466 20
967.592 21
967.725 22
967.863 23
968.008 24
968.16 25
968.317 26
968.481 27
968.563 13
968.827 14
968.865 15
968.96 16
969.061 17
969.168 18
969.269 9
969.42 10
969.446 11
969.515 12
969.591 13
969.634 6
969.728 7
969.759 3
969.809 6
969.857 7
969.901 8
969.952 9
970.009 10
970.072 11
970.142 12
970.217 13
970.299 14
970.388 15
970.483 16
970.583 17
970.691 18
970.741 9
970.848 11
970.88 12
970.955 13
971.037 14
971.125 15
971.22 16
971.321 17
971.428 18
971.542 19
971.661 20
971.787 21
971.913 10
972.039 11
972.039 13
972.102 14
972.191 15
972.285 16
972.386 17
972.493 18
972.607 19
972.726 20
972.852 21
972.985 22
973.124 23
973.281 11
973.47 12
973.489 13
973.571 14
973.685 7
973.767 8
973.767 10
973.824 11
973.893 12
973.969 13
974.05 14
974.139 15
974.233 16
974.334 17
974.391 8
974.492 11
974.561 12
974.637 13
974.719 14
974.807 15
974.902 16
974.94 8
975.04 10
975.103 11
975.173 12
975.248 13
975.33 14
975.418 15
975.513 16
975.614 17
975.721 18
975.834 19
975.916 9
976.042 10
976.042 11
976.112 12
976.187 13
976.269 14
976.358 15
976.452 16
976.553 17
976.66 18
976.774 19
976.894 20
977.02 21
977.152 22
977.291 23
977.436 24
977.587 25
977.745 26
977.908 27
978.079 28
978.116 14
978.287 16
978.356 8
979.45 1
979.48 4
979.51 5
979.54 6
979.578 7
979.622 8
979.673 9
979.729 10
979.792 11
979.862 12
979.937 13
980.019 14
980.108 15
980.202 16
980.303 17
980.41 18
980.524 19
980.644 20
980.77 21
980.902 22
981.041 23
981.186 24
981.337 25
981.495 26
981.659 27
981.797 13
981.961 14
981.961 15
981.98 16
982.081 17
982.112 8
983.087 1
983.146 2
983.176 3
983.182 4
983.206 4
983.224 5
983.261 6
983.298 7
983.356 3
983.415 5
983.445 6
983.483 7
983.527 8
983.578 9
983.634 10
983.697 11
983.767 12
983.842 13
983.924 14
984.013 15
984.107 16
984.208 17
984.315 18
984.429 19
984.548 20
984.675 21
984.807 22
984.946 23
985.09 11
985.229 12
985.229 14
985.299 15
985.393 16
985.45 8
985.544 9
985.658 4
985.736 5
985.766 2
986.736 1
986.796 2
986.825 3
986.855 4
986.891 5
986.926 6
986.964 7
987.009 8
987.059 9
987.116 10
987.179 11
987.249 12
987.324 13
987.406 14
987.495 15
987.589 16
987.69 17
987.797 18
987.911 19
988.03 20
988.157 21
988.289 22
988.428 23
988.573 24
988.724 25
988.882 26
989.046 27
989.216 28
989.392 29
989.575 30
989.764 31
989.96 32
990.162 33
990.268 16
990.59 17
990.615 18
990.729 19
990.849 20
990.975 21
991.107 22
991.246 23
991.366 11
991.572 12
991.623 13
991.705 14
991.793 15
991.888 16
991.988 17
992.096 18
992.209 19
992.329 20
992.455 21
992.543 10
992.669 11
992.669 13
992.732 14
992.821 15
992.915 16
993.016 17
993.123 18
993.237 19
993.357 20
993.483 21
993.596 10
993.728 11
993.728 12
993.779 13
993.861 14
993.949 15
994.044 16
994.145 17
994.252 18
994.365 19
994.485 20
994.611 21
994.75 10
994.882 11
994.882 12
994.907 13
994.989 14
995.077 15
995.172 16
995.273 17
995.38 18
995.494 19
995.613 20
995.739 21
995.803 10
996.765 1
996.787 5
996.811 6
996.845 7
997.88 1
997.902 2
997.927 3
997.933 3
997.953 4
998.073 2
998.983 1
999.007 2
999.032 3
999.065 4
999.139 2
1000.17 1
1000.19 2
1000.22 3
1000.25 4
1000.29 5
1000.33 6
1000.37 7
1000.41 8
1000.46 9
1000.52 10
1000.58 11
1000.65 12
1000.72 13
1000.81 14
1000.9 15
1000.99 16
1001.09 17
1001.2 18
1001.31 19
1001.43 20
1001.56 21
1001.69 22
1001.83 23
1001.97 24
1002.12 25
1002.28 26
1002.45 27
1002.5 13
1002.74 14
1002.8 15
1002.89 16
1002.99 17
1003.1 18
1003.22 19
1003.33 20
1003.46 21
1003.52 10
1004.49 1
1004.52 5
1004.55 6
1004.57 7
1004.62 3
1004.66 4
1004.66 7
1004.72 8
1004.77 9
1004.82 10
1004.89 11
1004.96 12
1005.03 13
1005.11 14
1005.2 15
1005.31 7
1005.4 8
1005.4 10
1005.44 11
1005.48 5
1005.56 6
1005.58 7
1005.62 8
1005.67 9
1005.73 10
1005.81 5
1005.87 6
1005.87 8
1005.91 9
1005.97 10
1006.03 11
1006.1 12
1006.17 13
1006.26 14
1006.34 15
1006.44 16
1006.54 17
1006.65 18
1006.76 19
1006.88 20
1007.01 21
1007.14 22
1007.28 23
1007.42 24
1007.57 25
1007.62 12
1008.77 1
1008.84 2
1008.87 3
1008.87 4
1008.96 2
1009.06 3
1009.06 5
1009.11 2
1010.08 1
1010.14 2
1010.17 3
1010.21 4
1010.24 5
1010.28 6
1010.32 7
1010.36 8
1010.41 9
1010.47 10
1010.52 5
1011.57 1
1011.6 2
1011.63 3
1011.66 4
1011.7 5
1011.74 6
1011.77 7
1011.8 3
1011.84 6
1011.89 7
1011.93 8
1011.98 9
1012.04 10
1012.1 11
1012.17 12
1012.25 13
1012.33 14
1012.42 15
1012.51 16
1012.61 17
1012.72 18
1012.83 19
1012.95 20
1013.08 21
1013.21 22
1013.35 23
1013.49 24
1013.65 25
1013.8 26
1013.97 27
1014.14 28
1014.31 29
1014.5 30
1014.53 15
1014.72 16
1014.74 17
1014.85 18
1014.96 19
1015.08 20
1015.21 21
1015.34 22
1015.48 23
1015.61 11
1015.75 12
1015.75 13
1015.8 14
1015.89 15
1015.98 16
1016.09 17
1016.19 18
1016.31 19
1016.43 20
1016.55 21
1016.68 22
1016.82 23
1016.97 24
1017.12 25
1017.28 26
1017.44 27
1017.61 28
1017.79 29
1017.97 30
1018.16 31
1018.35 32
1018.41 16
1018.61 18
1018.71 19
1018.77 9
1019.73 1
1019.77 4
1020.77 1
1020.8 2
1020.83 3
1020.86 4
1020.9 5
1020.94 6
1020.97 7
1021.02 8
1021.07 9
1021.13 10
1021.19 11
1021.26 12
1021.33 13
1021.42 14
1021.5 15
1021.6 16
1021.7 17
1021.81 18
1021.92 19
1021.99 9
1022.1 12
1022.17 13
1022.25 14
1022.34 15
1022.44 16
1022.54 17
1022.64 18
1022.76 19
1022.88 20
1023 21
1023.14 10
1023.27 11
1023.27 13
1023.31 6
1023.38 9
1023.44 10
1023.5 11
1023.57 12
1023.65 13
1023.73 14
1023.82 15
1023.91 16
1024.01 17
1024.12 18
1024.23 19
1024.35 20
1024.48 21
1024.61 22
1024.75 23
1024.9 24
1024.95 12
1025.93 1
1027.02 2
1027.05 3
1027.08 4
1027.11 5
1027.16 2
1027.19 3
1027.19 6
1027.23 7
1027.28 8
1027.33 9
1027.39 10
1027.45 11
1027.52 12
1027.59 13
1027.68 14
1027.76 15
1027.86 16
1027.96 17
1028.07 18
1028.12 9
1029.23 1
1029.31 2
1029.34 3
1029.34 4
1029.37 4
1029.37 5
1029.4 6
1029.44 7
1029.49 8
1029.54 9
1029.59 10
1029.66 11
1029.73 12
1029.8 13
1029.88 14
1029.97 15
1030.07 16
1030.17 17
1030.29 8
1030.41 9
1030.41 10
1030.44 11
1030.51 12
1030.56 6
1030.64 7
1030.69 3
1031.67 1
1031.7 2
1031.73 3
1031.76 4
1031.8 5
1031.84 6
1031.86 3
1031.89 5
1031.92 6
1031.96 7
1032 8
1032.05 9
1032.11 10
1032.17 11
1032.24 12
1032.32 13
1032.4 14
1032.48 7
1033.56 1
1033.63 2
1033.66 3
1033.66 3
1033.69 4
1033.78 2
1033.88 3
1033.88 5
1033.93 6
1033.96 7
1034.01 8
1034.06 9
1034.12 4
1034.17 5
1034.17 7
1034.2 8
1034.25 9
1034.31 10
1034.35 5
1034.41 7
1034.44 8
1034.5 4
1034.55 5
1034.55 6
1034.57 7
1034.61 8
1034.67 9
1034.72 10
1034.79 11
1034.86 12
1034.91 6
1034.98 9
1035.01 4
1035.06 7
1035.11 8
1035.16 9
1035.21 10
1035.28 5
1035.34 6
1035.36 7
1035.41 8
1035.46 9
1035.51 10
1035.58 11
1035.65 12
1035.72 13
1035.8 14
1035.89 15
1035.99 16
1036.07 8
1036.16 9
1036.16 11
1036.22 12
1036.3 6
1036.37 7
1036.37 9
1036.41 10
1036.47 11
1036.5 5
1036.57 6
1036.59 7
1036.63 8
1036.68 9
1036.74 10
1036.8 11
1036.87 12
1036.95 13
1037.03 14
1037.12 15
1037.21 16
1037.31 17
1037.42 18
1037.53 19
1037.65 20
1037.78 21
1037.84 10
1037.97 12
1037.99 13
1038.04 6
1038.12 8
1038.14 9
1038.19 10
1038.26 5
1038.33 6
1038.33 7
1038.36 8
1038.44 4
1038.52 5
1038.52 6
1038.56 7
1038.61 8
1038.66 9
1038.72 10
1038.78 11
1038.84 5
1039.81 1
1039.87 2
1039.9 2
1039.9 3
1039.93 4
1039.97 5
1040 6
1040.04 7
1040.09 8
1040.14 9
1040.19 10
1040.26 11
1040.33 12
1040.4 13
1040.48 14
1040.57 15
1040.67 16
1040.77 17
1040.87 18
1040.99 19
1041.11 20
1041.23 21
1041.37 22
1041.51 11
1042.64 1
1042.71 2
1042.73 3
1042.74 4
1042.76 5
1042.76 5
1042.77 6
1042.8 7
1042.84 8
1042.89 9
1042.95 10
1043.02 11
1043.08 5
1043.14 6
1043.14 8
1043.17 9
1043.23 10
1043.29 11
1043.36 12
1043.44 13
1043.49 6
1043.73 7
1043.74 8
1043.79 9
1043.85 10
1043.91 11
1043.98 12
1044.06 13
1044.14 14
1044.23 15
1044.32 16
1044.42 17
1044.53 18
1044.64 19
1044.76 20
1044.89 21
1045.02 22
1045.16 23
1045.31 24
1045.46 25
1045.62 26
1045.78 27
1045.95 28
1046.13 29
1046.31 30
1046.5 31
1046.69 32
1046.9 33
1047.11 16
1048.31 1
1048.39 2
1048.42 3
1048.43 4
1048.45 5
1048.45 6
1048.46 7
1048.46 8
1048.47 8
1048.48 9
1048.53 10
1048.59 11
1048.66 12
1048.74 13
1048.82 14
1048.91 15
1049 16
1049.11 17
1049.16 8
1049.26 10
1049.28 11
1049.35 12
1049.42 13
1049.5 14
1049.59 15
1049.69 16
1049.79 17
1049.89 18
1050.01 19
1050.13 20
1050.24 10
1050.43 11
1050.44 5
1050.5 6
1050.54 7
1050.58 8
1050.64 4
1050.71 5
1050.71 6
1050.75 7
1050.79 8
1050.84 9
1050.9 10
1050.96 11
1051.03 12
1051.11 13
1051.19 14
1051.28 15
1051.37 16
1051.47 17
1051.51 8
1051.62 9
1051.63 10
1051.69 11
1051.76 12
1051.84 13
1051.92 14
1052.01 15
1052.1 16
1052.2 17
1052.31 8
1053.41 1
1053.48 2
1053.51 3
1053.52 4
1053.54 4
1053.55 5
1053.58 6
1053.62 7
1053.66 8
1053.71 9
1053.77 10
1053.83 11
1053.9 12
1053.98 13
1054.06 14
1054.15 15
1054.24 16
1054.34 17
1054.45 18
1054.56 19
1054.68 20
1054.81 21
1054.86 10
1054.99 11
1055.02 12
1055.07 6
1055.14 8
1055.17 9
1055.23 10
1055.29 11
1055.39 5
1056.33 1
1056.36 2
1056.39 3
1056.42 4
1056.46 5
1056.51 2
1056.57 3
1056.57 6
1056.62 7
1056.67 8
1056.72 9
1056.78 10
1056.84 11
1056.91 12
1056.98 13
1057.05 6
1057.13 7
1057.13 9
1057.17 4
1057.22 5
1057.22 7
1057.25 8
1057.3 9
1057.35 10
1057.42 11
1057.49 12
1057.56 13
1057.64 14
1057.73 15
1057.83 16
1057.93 17
1058.03 18
1058.08 9
1058.21 10
1058.26 11
1058.33 12
1058.41 13
1058.49 14
1058.58 15
1058.67 16
1058.78 8
1058.89 9
1058.89 10
1058.96 5
1059.02 6
1059.02 8
1059.06 9
1059.12 10
1059.18 11
1059.25 12
1059.33 13
1059.41 14
1059.5 15
1059.59 16
1059.69 17
1059.8 18
1059.91 19
1060.03 20
1060.1 10
1060.29 11
1060.32 5
1060.39 6
1060.39 8
1060.42 9
1060.48 10
1060.54 11
1060.61 12
1060.69 13
1060.77 14
1060.86 15
1060.97 7
1061.92 1
1061.95 3
1061.98 4
1061.99 5
1062.01 6
1063.02 1
1063.05 2
1063.08 3
1063.08 3
1063.11 4
1063.15 5
1063.19 6
1063.22 7
1063.27 8
1063.32 4
1063.51 5
1063.53 6
1063.57 7
1063.62 8
1063.67 9
1063.72 10
1063.79 11
1063.86 12
1063.93 13
1064.01 14
1064.1 15
1064.2 16
1064.3 17
1064.4 18
1064.52 19
1064.64 20
1064.76 21
1064.9 22
1065.03 23
1065.18 24
1065.33 25
1065.41 12
1065.56 14
1065.6 15
1065.7 16
1065.8 8
1065.9 9
1065.9 10
1065.96 11
1066.02 12
1066.1 13
1066.18 14
1066.27 15
1066.37 16
1066.47 17
1066.57 18
1066.69 19
1066.81 20
1066.93 21
1067.06 22
1067.2 23
1067.35 24
1067.5 25
1067.66 26
1067.82 27
1067.99 28
1068.17 29
1068.35 30
1068.54 31
1068.74 32
1068.86 16
1069.06 18
1069.11 19
1069.23 20
1069.35 21
1069.49 22
1069.62 23
1069.77 24
1069.83 12
1069.97 14
1070.03 15
1070.12 16
1070.22 17
1070.33 18
1070.44 19
1070.56 20
1070.69 21
1070.82 22
1070.86 11
1070.99 13
1071.07 14
1071.16 15
1071.26 16
1071.31 8
1071.4 10
1071.43 11
1071.5 12
1071.57 13
1071.65 14
1071.74 15
1071.82 7
1072.9 1
1072.93 3
1072.96 4
1072.97 5
1073.97 1
1074 2
1074.04 2
1074.07 3
1074.13 2
1074.16 5
1074.21 6
1074.25 7
1074.29 8
1074.34 9
1074.39 4
1074.44 5
1074.44 7
1074.47 8
1074.52 9
1074.55 4
1074.6 6
1074.62 7
1074.67 8
1074.72 9
1074.77 10
1074.84 11
1074.91 12
1074.98 13
1075.06 14
1075.15 15
1075.25 16
1075.35 17
1075.46 18
1075.57 19
1075.69 20
1075.82 21
1075.95 22
1076.09 23
1076.23 24
1076.39 12
1076.53 13
1076.53 14
1076.57 15
1076.67 16
1076.77 17
1076.87 18
1076.99 19
1077.11 20
1077.23 21
1077.39 10
1078.36 1
1078.38 5
1078.4 6
1078.4 8
1078.45 9
1078.51 10
1078.56 5
1079.53 1
1079.55 2
1079.58 3
1079.58 4
1079.62 5
1079.65 2
1079.68 5
1079.72 2
1079.75 6
1079.81 7
1079.85 8
1079.9 9
1079.96 10
1080.02 11
1080.09 12
1080.17 13
1080.25 14
1080.34 15
1080.43 16
1080.53 17
1080.64 18
1080.75 19
1080.87 20
1080.93 10
1081.04 12
1081.08 13
1081.16 14
1081.25 15
1081.35 16
1081.45 17
1081.56 18
1081.67 19
1081.79 20
1081.82 10
1081.94 12
1082 13
1082.08 14
1082.17 15
1082.26 16
1082.29 8
1082.39 10
1082.43 11
1082.5 12
1082.58 13
1082.66 14
1082.75 15
1082.84 16
1082.93 8
1084.02 1
1084.08 2
1084.11 3
1084.12 4
1084.14 4
1084.15 5
1084.18 6
1084.22 7
1084.26 8
1084.31 9
1084.37 10
1084.43 11
1084.5 12
1084.58 13
1084.66 14
1084.75 15
1084.84 16
1084.94 17
1085.05 18
1085.12 9
1085.23 11
1085.26 5
1085.33 7
1085.34 8
1085.4 9
1085.45 10
1085.51 11
1085.58 12
1085.66 13
1085.74 14
1085.83 15
1085.92 16
1086.03 17
1086.13 18
1086.25 9
1086.42 10
1086.42 11
1086.47 12
1086.55 13
1086.63 14
1086.72 15
1086.81 16
1086.91 17
1087.02 18
1087.15 9
1087.26 10
1087.26 12
1087.32 6
1087.4 7
1087.4 8
1087.44 9
1087.5 10
1087.56 11
1087.6 5
1088.57 1
1088.6 2
1088.64 3
1088.75 2
1089.66 1
1089.72 2
1089.75 3
1089.82 2
1089.85 3
1089.85 5
1089.89 6
1089.93 7
1089.98 8
1090.03 9
1090.08 10
1090.15 11
1090.22 12
1090.29 13
1090.37 14
1090.46 15
1090.56 16
1090.66 17
1090.76 18
1090.88 19
1091 20
1091.09 10
1091.21 11
1091.21 12
1091.23 13
1091.31 14
1091.4 15
1091.5 16
1091.55 8
1091.65 10
1091.68 11
1091.75 12
1091.82 13
1091.91 14
1091.99 15
1092.09 16
1092.19 17
1092.3 18
1092.41 19
1092.53 20
1092.66 21
1092.79 22
1092.93 23
1093.07 24
1093.23 12
1093.37 13
1093.37 15
1093.46 16
1093.56 17
1093.66 18
1093.78 19
1093.9 20
1094.02 21
1094.16 22
1094.29 23
1094.38 11
1094.51 14
1094.6 15
1094.69 16
1094.79 17
1094.88 8
1094.99 9
1094.99 10
1095.03 5
1095.11 6
1095.11 7
1095.15 8
1095.21 4
1095.27 5
1095.27 6
1095.3 7
1095.35 8
1095.4 9
1095.45 10
1095.52 11
1095.59 12
1095.66 13
1095.74 14
1095.83 15
1095.93 16
1096.03 17
1096.14 18
1096.2 9
1096.33 10
1096.35 11
1096.42 12
1096.5 13
1096.58 14
1096.67 15
1096.76 16
1096.86 17
1097.95 1
1097.97 2
1098 3
1098 4
1098.02 5
1098.03 6
1098.04 7
1098.04 8
1098.05 8
1098.06 9
1098.11 10
1098.18 11
1098.25 12
1098.32 13
1098.41 14
1098.49 15
1098.59 16
1098.69 17
1098.8 18
1098.91 19
1099.03 20
1099.16 21
1099.29 22
1099.36 11
1099.54 12
1099.57 13
1099.65 14
1099.74 15
1099.84 16
1099.94 17
1100.05 18
1100.16 19
1100.28 20
1100.4 21
1100.5 10
1101.61 1
1101.65 5
1101.68 6
1101.68 36
1101.86 37
1102.09 38
1102.33 39
1102.58 40
1102.62 20
1102.9 21
1103.01 22
1103.15 23
1103.3 24
1103.45 25
1103.61 26
1103.77 27
1103.94 28
1104.12 29
1104.3 30
1104.49 31
1104.68 32
1104.89 33
1104.94 16
1105.16 17
1105.2 18
1105.25 9
1105.37 10
1105.39 11
1105.46 12
1105.53 13
1105.62 14
1105.7 15
1105.8 16
1105.83 8
1106.93 1
1106.96 4
1107.02 2
1108.05 1
1108.08 2
1109.08 1
1109.14 2
1110.14 1
1110.17 2
1110.2 3
1110.26 2
1110.41 4
1110.46 5
1110.49 6
1110.53 7
1110.57 8
1110.63 9
1110.68 10
1110.75 11
1110.81 12
1110.89 13
1110.97 14
1111.06 15
1111.15 16
1111.26 17
1111.37 8
1112.33 1
1112.35 4
1112.38 5
1112.42 6
1112.45 7
1112.5 8
1112.55 9
1112.61 10
1112.67 11
1112.74 12
1112.81 13
1112.9 14
1112.98 15
1113.08 16
1113.18 17
1113.29 18
1113.4 19
1113.52 9
1113.64 10
1113.64 11
1113.7 12
1113.78 13
1113.86 14
1113.95 15
1114.04 16
1114.14 17
1114.25 18
1114.37 19
1114.48 20
1114.61 21
1114.74 22
1114.88 23
1115.03 24
1115.18 25
1115.34 26
1115.5 27
1115.67 28
1115.85 29
1116.03 30
1116.22 31
1116.41 32
1116.62 33
1116.82 34
1116.9 17
1117.23 18
1117.25 9
1117.4 10
1117.47 11
1117.53 5
1117.59 6
1117.59 8
1117.64 4
1117.7 5
1117.7 6
1117.74 7
1117.78 8
1117.83 9
1117.89 10
1117.95 11
1118.02 12
1118.1 13
1118.18 14
1118.27 15
1118.36 16
1118.47 17
1118.57 18
1118.69 19
1118.81 20
1118.93 21
1119.06 22
1119.2 23
1119.35 24
1119.5 25
1119.66 26
1119.82 27
1120.01 13
1120.22 14
1120.22 15
1120.27 7
1120.43 8
1120.45 4
1120.5 5
1120.53 6
1120.57 7
1120.6 3
1120.64 6
1120.68 7
1120.73 8
1120.78 9
1120.83 10
1120.9 11
1120.97 12
1121.04 13
1121.12 14
1121.21 15
1121.24 7
1121.33 8
1121.35 9
1121.4 4
1122.38 1
1122.41 2
1122.44 3
1122.47 4
1122.51 5
1122.54 6
1122.58 7
1122.63 8
1122.68 9
1122.73 10
1122.8 11
1122.87 12
1122.93 6
1123.02 7
1123.02 8
1123.07 9
1123.12 10
1123.19 11
1123.26 12
1123.33 13
1123.41 14
1123.5 15
1123.55 7
1124.63 1
1124.69 2
1124.72 3
1124.72 3
1124.75 4
1124.78 5
1124.82 6
1124.87 3
1124.92 5
1124.96 6
1125 7
1125.04 8
1125.09 9
1125.15 10
1125.21 11
1125.28 12
1125.36 13
1125.44 14
1125.53 15
1125.62 16
1125.72 17
1125.83 18
1125.94 19
1126.06 20
1126.19 21
1126.32 22
1126.46 23
1126.61 24
1126.76 25
1126.91 26
1126.98 13
1127.15 14
1127.2 15
1127.3 16
1127.4 17
1127.51 18
1127.62 19
1127.74 20
1127.87 21
1128 22
1128.12 11
1128.27 12
1128.27 13
1128.33 14
1128.36 7
1128.44 9
1128.48 10
1128.5 5
1128.56 7
1128.59 8
1128.64 4
1128.68 6
1128.72 7
1128.76 8
1128.81 9
1128.87 10
1128.93 11
1129 12
1129.04 6
1129.12 7
1129.16 8
1129.21 4
1130.19 1
1130.22 2
1130.25 3
1130.28 4
1130.32 5
1130.35 6
1130.39 7
1130.44 8
1130.49 9
1130.54 10
1130.61 11
1130.68 12
1130.75 13
1130.83 14
1130.92 15
1131.02 16
1131.12 17
1131.18 8
1131.31 9
1131.32 10
1131.38 11
1131.45 12
1131.53 13
1131.61 14
1131.7 15
1131.79 16
1131.89 17
1132 18
1132.11 19
1132.23 20
1132.36 21
1132.49 22
1132.63 23
1132.78 24
1132.93 25
1133.09 26
1133.25 27
1133.28 13
1133.48 14
1133.57 15
1133.66 16
1133.77 17
1133.87 18
1133.99 19
1134.11 20
1134.23 21
1134.36 22
1134.5 23
1134.65 24
1134.8 25
1134.96 12
1135.11 13
1135.11 14
1135.16 15
1135.25 16
1135.35 17
1135.46 18
1135.58 19
1135.69 20
1135.81 10
1136.02 11
1136.04 5
1136.1 6
1136.13 7
1136.17 8
1136.22 9
1136.28 4
1136.33 5
1136.33 7
1136.36 8
1136.41 9
1136.47 10
1136.53 11
1136.6 12
1136.68 13
1136.76 14
1136.85 15
1136.97 7
1137.06 8
1137.06 9
1137.11 10
1137.17 11
1137.24 12
1137.31 13
1137.4 14
1137.48 15
1137.56 7
1137.65 8
1137.65 10
1137.69 11
1137.76 12
1137.84 13
1137.92 14
1138.01 7
1138.09 8
1138.09 10
1138.14 11
1138.21 12
1138.28 13
1138.37 14
1138.45 15
1138.55 16
1138.65 17
1138.76 18
1138.87 19
1138.99 20
1139.03 10
1139.22 11
1139.24 5
1139.31 6
1139.35 7
1139.39 3
1139.44 5
1139.47 6
1139.5 7
1139.55 8
1139.6 9
1139.66 10
1139.72 11
1139.79 12
1139.86 13
1139.95 14
1140.03 15
1140.13 16
1140.23 17
1140.34 18
1140.45 19
1140.57 20
1140.7 21
1140.83 22
1140.97 23
1141.11 24
1141.26 25
1141.42 26
1141.58 27
1141.75 28
1141.93 29
1142.11 30
1142.3 31
1142.5 32
1142.7 33
1142.77 16
1143 17
1143.04 18
1143.15 19
1143.27 20
1143.4 21
1143.46 10
1143.6 11
1143.67 12
1143.77 6
1143.84 7
1143.84 9
1143.88 10
1143.94 11
1144.01 12
1144.09 13
1144.17 14
1144.26 15
1144.35 16
1144.45 17
1144.56 18
1144.67 19
1144.71 9
1144.84 10
1144.91 11
1144.98 12
1145.05 13
1145.13 14
1145.22 15
1145.32 16
1145.37 8
1145.49 9
1145.5 10
1145.56 11
1145.63 12
1145.67 6
1145.74 8
1145.76 9
1145.82 10
1145.88 11
1145.93 5
1146 7
1146.07 3
1146.13 4
1146.13 5
1146.16 6
1146.2 7
1146.24 8
1146.29 9
1146.35 10
1146.41 11
1146.48 12
1146.56 13
1146.64 14
1146.73 15
1146.82 16
1146.92 17
1147.01 8
1147.11 9
1147.11 11
1147.15 5
1148.12 1
1150.18 2
1150.21 3
1150.24 4
1150.27 5
1150.31 6
1150.35 7
1150.39 8
1150.44 9
1150.5 10
1150.56 11
1150.63 12
1150.71 13
1150.76 6
1150.84 7
1150.85 8
1150.9 9
1150.96 10
1151.07 5
1151.19 6
1151.19 7
1151.25 3
1152.28 1
1152.31 2
1152.34 3
1152.34 4
1152.39 5
1152.43 6
1152.46 7
1152.51 8
1152.56 9
1152.62 10
1152.68 11
1152.75 12
1152.82 13
1152.87 6
1152.94 9
1153 10
1153.06 11
1153.13 12
1153.21 13
1153.29 14
1153.38 15
1153.47 16
1153.57 17
1153.68 18
1153.79 19
1153.92 9
1154.06 10
1154.07 11
1154.14 12
1154.22 13
1154.3 14
1154.39 15
1154.48 16
1154.56 8
1155.64 1
1155.67 2
1155.7 3
1155.72 4
1155.73 4
1155.74 5
1155.79 2
1155.88 3
1155.88 5
1155.93 6
1155.97 7
1156.01 8
1156.06 9
1156.12 10
1156.18 11
1156.25 12
1156.33 13
1156.41 14
1156.5 15
1156.59 7
1156.69 8
1156.69 9
1156.73 10
1156.79 11
1156.86 12
1156.91 6
1156.98 8
1157 9
1157.07 4
1157.21 6
1157.24 7
1157.29 8
1157.32 4
1158.29 1
1158.32 2
1158.35 2
1158.35 4
1159.38 1
1159.41 2
1159.44 3
1159.48 4
1159.53 2
1159.56 3
1159.56 6
1159.62 7
1159.66 8
1159.71 9
1159.77 10
1159.83 11
1159.9 12
1159.97 13
1160.06 14
1160.14 15
1160.24 16
1160.34 17
1160.45 18
1160.56 19
1160.68 20
1160.74 10
1160.86 12
1160.9 13
1160.98 14
1161.07 15
1161.17 16
1161.27 17
1161.36 8
1162.31 1
1162.34 4
1162.36 5
1162.37 6
1162.39 7
1162.44 3
1162.48 6
1163.48 1
1163.5 2
1163.53 3
1163.54 3
1163.56 4
1163.6 5
1163.64 6
1163.67 3
1163.7 6
1163.75 7
1163.8 8
1163.85 9
1163.9 10
1163.97 11
1164.04 12
1164.11 13
1164.19 14
1164.28 15
1164.38 16
1164.48 17
1164.59 18
1164.69 9
1165.66 1
1165.71 2
1165.73 3
1165.74 4
1165.76 4
1165.76 5
1165.79 6
1165.83 7
1165.88 8
1165.93 9
1165.99 10
1166.05 11
1166.12 12
1166.19 13
1166.28 14
1166.36 15
1166.46 16
1166.56 17
1166.67 18
1166.78 19
1166.9 20
1167.03 21
1167.16 22
1167.3 23
1167.44 24
1167.59 25
1167.75 26
1167.91 27
1168.08 28
1168.26 29
1168.44 30
1168.61 15
1168.84 16
1168.84 17
1168.91 8
1169.01 9
1169.06 4
1169.2 5
1169.2 6
1169.23 7
1169.28 8
1169.33 9
1169.38 10
1169.45 11
1169.52 12
1169.59 13
1169.67 14
1169.76 15
1169.86 16
1169.96 17
1170.06 18
1170.18 19
1170.24 9
1170.39 10
1170.42 11
1170.49 12
1170.56 13
1170.64 14
1170.73 15
1170.83 16
1170.93 17
1171.04 18
1171.15 19
1171.27 20
1171.39 21
1171.53 22
1171.67 23
1171.73 11
1171.87 13
1171.89 14
1171.98 15
1172.06 7
1172.14 8
1172.14 10
1172.2 11
1172.24 5
1172.3 8
1172.35 9
1172.4 10
1172.47 11
1172.54 12
1172.61 13
1172.69 14
1172.78 15
1172.88 16
1172.98 17
1173.08 18
1173.2 19
1173.32 20
1173.44 21
1173.58 22
1173.75 11
1174.71 1
1174.74 4
1174.77 5
1174.77 6
1174.8 3
1174.84 5
1174.87 6
1174.9 7
1174.97 3
1175.03 4
1175.03 5
1175.07 6
1175.11 7
1175.15 8
1175.2 9
1175.26 10
1175.32 11
1175.39 12
1175.47 13
1175.55 14
1175.64 15
1175.73 16
1175.83 17
1175.94 18
1176.05 19
1176.17 20
1176.29 10
1176.42 11
1176.42 12
1176.45 13
1176.53 14
1176.62 15
1176.72 16
1176.82 17
1176.92 18
1177.04 19
1177.16 20
1177.28 21
1177.42 22
1177.55 23
1177.7 24
1177.85 25
1178.01 26
1178.17 27
1178.34 28
1178.52 29
1178.7 30
1178.89 31
1179.09 32
1179.29 33
1179.5 34
1179.71 35
1179.95 17
1180.16 18
1180.16 20
1180.25 10
1180.37 11
1180.37 13
1180.44 14
1180.53 15
1180.62 16
1180.73 17
1180.83 18
1180.95 19
1181.07 20
1181.12 10
1181.24 12
1181.27 13
1181.36 14
1181.44 15
1181.54 16
1181.64 17
1181.75 18
1181.86 19
1181.98 20
1182.11 21
1182.24 22
1182.38 23
1182.52 24
1182.67 25
1182.83 26
1182.99 27
1183.16 28
1183.34 29
1183.52 30
1183.71 31
1183.91 32
1184.11 33
1184.32 34
1184.41 17
1184.63 18
1184.65 19
1184.77 20
1184.87 10
1184.99 12
1185.07 13
1185.15 14
1185.24 15
1185.33 16
1185.43 17
1185.54 18
1185.58 9
1185.69 11
1185.73 12
1185.81 13
1185.89 14
1185.98 15
1186.07 16
1186.17 17
1186.28 18
1186.39 19
1186.51 20
1186.58 10
1186.69 12
1186.73 13
1186.81 14
1186.9 15
1187 16
1187.04 8
1187.15 9
1187.18 10
1187.24 11
1187.31 12
1187.39 13
1187.47 14
1187.56 15
1187.65 16
1187.75 17
1187.86 18
1187.97 19
1188.09 20
1188.22 21
1188.35 22
1188.49 23
1188.64 24
1188.79 25
1188.87 12
1189.02 14
1189.05 15
1189.08 7
1189.25 8
1189.29 9
1189.35 10
1189.41 11
1189.48 12
1189.56 13
1189.59 6
1189.67 7
1189.7 8
1189.75 9
1189.81 10
1189.85 5
1190.9 1
1190.93 2
1190.96 3
1191 4
1191.03 5
1191.07 6
1191.11 7
1191.15 8
1191.2 9
1191.26 10
1191.32 11
1191.39 12
1191.47 13
1191.55 14
1191.64 15
1191.73 16
1191.83 17
1191.94 18
1192.06 19
1192.18 20
1192.3 21
1192.43 22
1192.57 23
1192.72 24
1192.87 25
1193.03 26
1193.19 27
1193.36 28
1193.54 29
1193.69 14
1193.88 15
1193.88 16
1193.92 8
1194.05 9
1194.08 10
1194.11 5
1194.17 7
1194.19 8
1194.24 9
1194.3 10
1194.36 11
1194.43 12
1194.51 13
1194.59 14
1194.68 15
1194.77 16
1194.87 17
1194.98 18
1195.09 19
1195.21 20
1195.34 21
1195.47 22
1195.61 23
1195.76 24
1195.91 25
1196.06 26
1196.23 27
1196.4 13
1196.56 14
1196.56 16
1196.64 17
1196.75 18
1196.86 19
1196.98 20
1197.11 21
1197.24 22
1197.38 23
1197.53 24
1197.68 25
1197.84 26
1198 27
1198.17 28
1198.21 14
1198.38 15
1198.41 16
1198.51 17
1198.62 18
1198.73 19
1198.85 20
1198.98 21
1199.11 22
1199.25 23
1199.39 24
1199.54 25
1199.7 26
1199.87 27
1200.07 13
1200.33 14
1200.33 15
1200.35 7
1200.46 8
1200.5 4
1200.54 7
1200.59 8
1200.64 9
1200.7 10
1200.76 11
1200.83 12
1200.9 13
1200.99 14
1201.07 15
1201.17 16
1201.27 17
1201.39 8
1202.49 1
1203.57 2
1203.6 3
1203.63 4
1203.69 2
1203.72 4
1203.76 5
1203.79 6
1203.83 7
1203.88 8
1203.93 9
1203.98 10
1204.05 11
1204.12 12
1204.19 13
1204.27 14
1204.36 15
1204.46 16
1204.56 17
1204.66 18
1204.78 19
1204.9 20
1204.93 10
1205.05 12
1205.1 6
1205.17 8
1205.19 9
1205.25 10
1205.31 11
1205.38 12
1205.45 13
1205.54 14
1205.62 15
1205.72 16
1205.82 17
1205.89 8
1206 10
1206.05 11
1206.12 5
1206.18 6
1206.18 8
1206.22 9
1206.27 10
1206.34 11
1206.4 12
1206.48 13
1206.56 14
1206.65 15
1206.75 16
1206.85 17
1206.95 18
1206.98 9
1208.09 1
1208.11 4
1208.17 5
1208.21 6
1208.24 7
1208.29 8
1208.34 9
1208.4 10
1208.46 11
1208.53 12
1208.57 6
1208.64 8
1208.66 9
1208.72 10
1208.79 5
1208.84 6
1208.84 8
1208.88 9
1208.92 4
1208.97 6
1208.99 7
1209.04 8
1209.09 9
1209.14 4
1209.19 6
1209.21 7
1209.26 8
1209.31 9
1209.37 10
1209.43 11
1209.5 12
1209.58 13
1209.66 14
1209.75 15
1209.84 16
1209.94 17
1210.05 18
1210.16 19
1210.28 20
1210.41 21
1210.54 22
1210.68 23
1210.82 24
1210.97 25
1211.13 26
1211.3 27
1211.47 28
1211.64 29
1211.81 14
1211.99 15
1211.99 17
1212.08 18
1212.19 19
1212.31 20
1212.44 21
1212.49 10
1212.63 11
1212.66 12
1212.73 13
1212.82 14
1212.9 15
1213 16
1213.1 17
1213.21 18
1213.32 19
1213.34 9
1213.46 11
1213.51 12
1213.58 13
1213.67 14
1213.75 15
1213.85 16
1213.95 17
1214.06 18
1214.17 19
1214.26 9
1215.37 1
1215.4 4
1215.43 4
1215.44 5
1215.48 6
1215.51 7
1215.56 8
1215.61 9
1215.66 10
1215.73 11
1215.77 5
1215.84 7
1215.87 3
1215.9 6
1215.95 7
1215.99 8
1216.04 9
1216.1 10
1216.16 11
1216.23 12
1216.31 13
1216.39 14
1216.48 7
1216.57 8
1216.57 10
1216.62 11
1216.68 12
1216.76 13
1216.84 14
1216.93 15
1217.03 16
1217.12 8
1217.21 10
1217.27 11
1217.34 12
1217.42 13
1217.52 6
1218.55 1
1218.58 2
1218.62 3
1218.64 3
1218.65 4
1218.68 5
1218.72 6
1218.76 3
1218.81 5
1218.85 2
1218.88 6
1218.94 7
1218.98 3
1219.02 4
1219.02 7
1219.11 3
1219.17 4
1219.17 5
1219.2 6
1219.23 7
1219.28 8
1219.33 9
1219.39 10
1219.45 11
1219.52 12
1219.59 13
1219.68 14
1219.73 7
1219.88 9
1219.93 10
1220 11
1220.07 12
1220.14 13
1220.22 14
1220.31 15
1220.41 16
1220.51 17
1220.62 18
1220.73 19
1220.85 20
1220.97 21
1221.11 22
1221.25 23
1221.39 24
1221.54 12
1221.69 13
1221.69 15
1221.77 16
1221.87 17
1221.98 18
1222.09 19
1222.21 20
1222.34 21
1222.47 22
1222.61 23
1222.65 11
1222.78 13
1222.85 6
1223.82 1
1223.85 3
1223.88 4
1223.88 5
1223.93 6
1223.97 7
1224.01 8
1224.06 9
1224.12 10
1224.18 11
1224.26 5
1224.33 6
1224.33 8
1224.36 9
1224.42 10
1224.48 11
1224.56 5
1224.63 6
1224.66 7
1224.7 8
1224.75 9
1224.8 4
1224.92 5
1224.94 6
1224.98 7
1225.02 8
1225.07 9
1225.13 10
1225.19 11
1225.26 12
1225.34 13
1225.42 14
1225.51 15
1225.6 16
1225.7 8
1225.79 9
1225.79 10
1225.82 11
1225.89 12
1225.96 13
1226.04 14
1226.1 7
1226.2 8
1226.21 9
1226.27 10
1226.33 11
1226.4 12
1226.47 13
1226.56 14
1226.64 15
1226.74 16
1226.84 17
1226.95 18
1227.06 19
1227.18 20
1227.31 21
1227.41 10
1227.54 11
1227.54 13
1227.6 14
1227.69 15
1227.78 16
1227.89 17
1227.99 18
1228.11 19
1228.23 20
1228.35 21
1228.4 10
1228.52 12
1228.58 6
1228.65 7
1228.65 8
1228.69 4
1228.74 5
1228.74 7
1228.78 8
1228.83 9
1228.89 10
1228.95 11
1229.02 12
1229.1 13
1229.18 14
1229.27 15
1229.36 16
1229.46 17
1229.57 18
1229.69 19
1229.8 20
1229.93 21
1230.06 22
1230.2 23
1230.35 24
1230.43 12
1230.57 14
1230.59 15
1230.69 16
1230.79 17
1230.83 8
1231.02 9
1231.04 10
1231.1 11
1231.17 12
1231.25 13
1231.33 14
1231.43 7
1231.51 8
1231.51 10
1231.56 11
1231.63 12
1231.71 13
1231.79 14
1231.88 15
1231.97 16
1232.07 8
1232.16 9
1232.16 11
1232.22 12
1232.3 13
1232.38 14
1232.47 15
1232.56 16
1232.66 17
1232.77 18
1232.82 9
1232.93 11
1232.96 12
1233.03 13
1233.11 14
1233.2 15
1233.39 7
1233.66 8
1233.66 9
1233.7 10
1233.77 11
1233.84 12
1233.91 13
1234 14
1234.08 15
1234.18 16
1234.28 17
1234.39 18
1234.5 19
1234.6 9
1234.71 10
1234.71 12
1234.78 13
1234.87 14
1234.95 15
1235.04 7
1235.13 9
1235.18 10
1235.24 11
1235.31 12
1235.39 13
1235.47 14
1235.56 15
1235.65 16
1235.77 8
1235.96 9
1235.96 10
1236.01 11
1236.08 12
1236.16 13
1236.24 14
1236.26 7
1236.35 9
1236.39 10
1236.45 11
1236.52 12
1236.6 13
1236.7 6
1236.78 7
1236.78 9
1236.84 4
1236.89 5
1236.89 7
1236.94 8
1236.99 9
1237.05 10
1237.11 11
1237.18 12
1237.25 6
1237.32 7
1237.32 8
1237.35 9
1237.42 4
1237.48 6
1237.52 7
1237.56 8
1237.61 9
1237.67 10
1237.73 11
1237.8 12
1237.88 13
1237.96 14
1238.05 15
1238.14 16
1238.24 17
1238.35 18
1238.45 9
1238.58 10
1238.58 11
1238.62 12
1238.69 13
1238.77 14
1238.81 7
1238.89 9
1238.93 4
1238.99 5
1238.99 6
1239.01 7
1239.06 8
1239.11 9
1239.17 10
1239.23 11
1239.3 12
1239.37 13
1239.46 14
1239.55 15
1239.64 16
1239.74 17
1239.85 18
1239.93 9
1240.04 10
1240.04 12
1240.1 13
1240.18 14
1240.27 15
1240.38 7
1240.48 8
1240.5 9
1240.55 10
1240.62 11
1240.69 12
1240.76 13
1240.87 6
1240.94 7
1240.94 9
1240.99 10
1241.05 11
1241.12 12
1241.22 6
1241.29 7
1241.29 9
1241.35 10
1241.41 11
1241.48 12
1241.56 13
1241.64 14
1241.67 7
1241.76 8
1241.79 9
1241.85 10
1241.91 11
1241.98 12
1242.05 13
1242.09 6
1242.17 7
1242.2 8
1243.21 1
1243.24 2
1244.24 1
1244.27 2
1244.3 3
1244.33 4
1244.37 5
1244.41 6
1244.45 7
1244.49 8
1244.54 9
1244.6 10
1244.66 11
1244.73 12
1244.81 13
1244.89 14
1244.98 15
1245.07 16
1245.17 17
1245.28 18
1245.39 19
1245.51 20
1245.64 21
1245.77 22
1245.91 23
1246.06 24
1246.21 25
1246.35 12
1247.32 1
1247.35 6
1247.38 7
1247.39 8
1247.41 9
1247.47 10
1247.53 11
1247.6 12
1247.68 13
1247.76 14
1247.85 15
1247.94 16
1248.04 17
1248.15 18
1248.26 19
1248.38 20
1248.51 21
1248.64 22
1248.78 23
1248.93 24
1249.08 25
1249.23 26
1249.4 27
1249.57 28
1249.69 14
1250.85 1
1250.88 3
1250.91 7
1250.91 8
1250.91 11
1250.97 12
1251.05 13
1251.13 14
1251.22 15
1251.31 16
1251.42 17
1251.52 18
1251.64 19
1251.76 20
1251.88 21
1252.01 22
1252.15 23
1252.3 24
1252.45 25
1252.61 26
1252.77 27
1252.94 28
1252.99 14
1253.17 15
1253.22 16
1253.32 17
1253.43 18
1253.54 19
1253.66 20
1253.79 21
1253.92 22
1254.06 23
1254.2 24
1254.35 25
1254.51 26
1254.68 27
1254.85 28
1255.02 29
1255.2 30
1255.39 31
1255.59 32
1255.79 33
1256 34
1256.21 35
1256.36 17
1256.58 18
1256.58 20
1256.69 21
1256.82 22
1256.96 23
1257.1 24
1257.25 25
1257.41 26
1257.57 27
1257.75 28
1257.92 29
1258.1 30
1258.29 31
1258.49 32
1258.69 33
1258.9 34
1259.11 35
1259.33 36
1259.59 18
1260.76 1
1260.8 3
1260.83 4
1260.83 9
1260.84 9
1260.86 10
1260.91 11
1260.97 5
1261.04 7
1261.08 8
1261.13 9
1261.19 10
1261.25 11
1261.32 12
1261.4 13
1261.48 14
1261.57 15
1261.66 16
1261.76 17
1261.8 8
1262.89 1
1262.95 2
1262.98 3
1262.99 4
1263.01 4
1263.05 2
1263.08 3
1263.08 6
1263.14 7
1263.18 8
1263.23 9
1263.29 10
1263.35 11
1263.42 12
1263.5 13
1263.58 14
1263.67 15
1263.76 16
1263.86 17
1263.97 18
1264.08 19
1264.2 20
1264.33 21
1264.46 22
1264.6 23
1264.75 24
1264.9 25
1265.05 12
1265.26 13
1265.32 14
1265.41 15
1265.5 16
1265.6 17
1265.71 18
1265.82 19
1265.94 20
1266.06 10
1266.18 11
1266.18 12
1266.24 13
1266.32 14
1266.41 15
1266.5 16
1266.61 17
1266.71 18
1266.83 19
1266.95 20
1267.07 21
1267.2 22
1267.34 23
1267.49 24
1267.64 25
1267.8 26
1267.96 27
1268.13 28
1268.31 14
1268.49 15
1268.49 16
1268.58 17
1268.69 18
1268.81 19
1268.93 20
1269.05 21
1269.18 22
1269.31 11
1270.44 1
1270.48 4
1270.51 5
1270.51 6
1270.52 28
1270.66 14
1270.83 15
1270.83 17
1270.93 18
1271.04 19
1271.16 20
1271.29 21
1271.42 22
1271.56 23
1271.7 24
1271.85 25
1272.01 26
1272.18 27
1272.35 28
1272.52 29
1272.71 30
1272.88 15
1273.07 16
1273.07 18
1273.17 19
1273.29 20
1273.39 10
1273.59 11
1273.61 12
1273.69 13
1273.77 14
1273.86 15
1273.95 16
1274.05 17
1274.16 18
1274.28 19
1274.4 20
1274.52 21
1274.65 22
1274.79 23
1274.94 24
1275.09 25
1275.18 12
1276.29 1
1276.32 2
1276.34 3
1276.35 6
1277.37 1
1277.4 3
1277.43 4
1277.44 5
1277.49 6
1277.53 7
1277.57 8
1277.6 4
1277.7 5
1277.71 6
1277.75 7
1277.8 8
1277.85 9
1277.88 4
1277.93 6
1277.95 7
1278 8
1278.05 4
1278.09 5
1278.09 7
1278.13 8
1278.18 9
1278.23 10
1278.3 11
1278.37 12
1278.44 13
1278.52 14
1278.61 15
1278.71 16
1278.81 17
1278.91 18
1279.03 19
1279.15 20
1279.27 21
1279.41 22
1279.55 23
1279.69 24
1279.84 25
1280 26
1280.16 27
1280.33 28
1280.51 29
1280.69 30
1280.88 31
1281.08 32
1281.28 33
1281.49 34
1281.7 35
1281.92 36
1282.15 37
1282.38 38
1282.5 19
1282.74 21
1282.76 22
1282.9 23
1283.04 24
1283.08 12
1283.23 14
1283.29 15
1283.38 16
1283.49 17
1283.59 18
1283.71 19
1283.83 20
1283.95 21
1284.08 22
1284.22 23
1284.28 11
1284.43 12
1284.47 13
1284.55 14
1284.64 15
1284.73 16
1284.83 17
1284.94 18
1285.06 19
1285.17 20
1285.3 21
1285.43 22
1285.57 23
1285.72 24
1285.87 25
1285.91 12
1286.88 1
1286.94 2
1286.97 3
1286.98 4
1287 5
1287.01 6
1287.02 6
1287.05 7
1287.09 3
1287.14 6
1287.18 7
1287.23 8
1287.28 9
1287.33 10
1287.4 11
1287.47 12
1287.54 13
1287.62 14
1287.71 15
1287.81 16
1287.91 17
1288.01 18
1288.13 19
1288.16 9
1288.28 10
1288.3 11
1288.37 12
1288.45 13
1288.53 14
1288.62 15
1288.71 16
1288.81 17
1288.92 18
1289.04 19
1289.16 20
1289.28 21
1289.41 22
1289.55 23
1289.7 24
1289.86 12
1290 13
1290 14
1290.03 15
1290.12 16
1290.22 17
1290.33 18
1290.44 19
1290.56 20
1290.69 21
1290.82 22
1290.96 23
1291.1 24
1291.25 25
1291.41 26
1291.58 27
1291.75 28
1291.92 29
1292.11 30
1292.26 15
1292.44 16
1292.44 18
1292.54 19
1292.66 20
1292.79 21
1292.92 22
1293.06 23
1293.2 24
1293.35 25
1293.51 26
1293.68 27
1293.85 28
1294.02 29
1294.21 30
1294.39 31
1294.59 32
1294.61 16
1294.81 18
1294.9 9
1295.05 10
1295.07 11
1295.1 5
1295.16 7
1295.19 8
1295.27 4
1295.38 5
1295.38 6
1295.4 7
1295.45 8
1295.5 9
1295.56 10
1295.62 11
1295.69 12
1295.77 6
1295.84 7
1295.84 9
1295.88 10
1295.94 11
1295.99 5
1296.05 7
1296.08 8
1296.13 9
1296.19 10
1296.23 5
1296.3 6
1296.33 7
1296.37 8
1296.42 9
1296.48 10
1296.54 11
1296.61 12
1296.69 13
1296.77 14
1296.86 15
1296.95 16
1297.05 17
1297.16 18
1297.25 9
1297.36 10
1297.36 12
1297.42 13
1297.51 14
1297.59 15
1297.69 16
1297.79 17
1297.88 8
1298.97 1
1300.06 2
1300.09 3
1300.12 4
1300.16 2
1300.19 5
1300.24 6
1300.27 7
1300.32 8
1300.39 4
1300.45 5
1300.45 6
1300.49 7
1300.53 8
1300.58 9
1300.64 10
1300.7 11
1300.77 12
1300.85 13
1300.93 14
1301.02 15
1301.11 16
1301.21 17
1301.32 18
1301.43 19
1301.55 20
1301.68 21
1301.81 22
1301.95 23
1302.1 24
1302.25 25
1302.33 12
1302.48 15
1302.58 16
1302.68 17
1302.78 18
1302.9 19
1303.02 20
1303.14 21
1303.27 22
1303.41 23
1303.56 24
1303.68 12
1303.83 13
1303.83 14
1303.86 15
1303.96 16
1304.06 17
1304.16 18
1304.28 19
1304.4 20
1304.52 21
1304.66 22
1304.81 11
1304.95 12
1304.95 13
1305.01 14
1305.1 15
1305.19 16
1305.29 17
1305.4 18
1305.51 19
1305.63 20
1305.74 10
1305.88 11
1305.88 12
1305.95 13
1306.04 14
1306.12 15
1306.22 16
1306.32 17
1306.43 18
1306.54 19
1306.66 20
1306.79 21
1306.92 22
1307.06 23
1307.2 24
1307.35 25
1307.51 26
1307.68 27
1307.76 13
1307.92 15
1307.94 16
1308.04 17
1308.15 18
1308.26 19
1308.38 20
1308.51 21
1308.64 22
1308.78 23
1308.92 24
1309.07 25
1309.23 26
1309.4 27
1309.57 28
1309.74 29
1309.93 30
1310 15
1311.18 1
1311.26 2
1311.29 3
1311.3 4
1311.32 5
1311.33 6
1311.33 7
1311.34 7
1311.35 8
1311.39 9
1311.45 10
1311.51 11
1311.58 12
1311.66 13
1311.74 14
1311.83 15
1311.92 16
1312.02 17
1312.13 18
1312.24 19
1312.36 20
1312.49 21
1312.62 22
1312.76 23
1312.91 24
1313.06 25
1313.22 26
1313.38 27
1313.55 28
1313.73 29
1313.91 30
1314.1 31
1314.3 15
1315.46 1
1315.49 2
1316.49 1
1316.55 2
1316.58 3
1316.61 4
1316.65 5
1316.69 6
1316.72 7
1316.77 8
1316.82 9
1316.88 10
1316.94 11
1317.01 12
1317.08 13
1317.17 14
1317.25 15
1317.35 16
1317.45 17
1317.56 18
1317.67 19
1317.79 20
1317.92 21
1318.05 22
1318.19 23
1318.33 24
1318.48 25
1318.64 26
1318.8 27
1318.97 28
1319.15 29
1319.33 30
1319.52 31
1319.72 32
1319.92 33
1320.13 34
1320.34 35
1320.56 36
1320.79 37
1321.02 38
1321.12 19
1321.35 21
1321.39 10
1321.55 11
1321.57 5
1321.63 6
1321.66 7
1321.7 8
1321.75 9
1321.81 10
1321.87 11
1321.94 12
1322.02 13
1322.1 14
1323.12 1
1323.15 2
1323.18 4
1323.19 5
1323.21 6
1323.22 7
1323.22 7
1323.25 8
1323.3 9
1323.36 10
1323.42 11
1323.49 12
1323.57 13
1323.65 14
1323.74 15
1323.83 16
1323.94 17
1324.04 18
1324.16 19
1324.28 20
1324.4 21
1324.5 10
1324.63 11
1324.63 12
1324.65 13
1324.74 14
1324.82 15
1324.92 16
1325.02 17
1325.13 18
1325.24 19
1325.36 20
1325.49 21
1325.62 22
1325.76 23
1325.9 24
1326.05 25
1326.21 26
1326.37 27
1326.53 13
1326.7 14
1326.7 16
1326.78 17
1326.89 18
1327 19
1327.12 20
1327.24 21
1327.38 22
1327.52 23
1327.66 24
1327.81 25
1327.97 26
1328.13 27
1328.3 28
1328.48 29
1328.66 30
1328.85 31
1329.05 32
1329.25 33
1329.46 34
1329.67 35
1329.89 36
1330.12 37
1330.35 38
1330.59 39
1330.84 40
1331.01 20
1331.98 1
1334.01 2
1334.04 3
1334.06 4
1334.09 5
1334.13 6
1334.16 7
1334.21 8
1334.26 9
1334.32 10
1334.38 11
1334.45 5
1334.51 6
1334.51 8
1334.55 9
1334.6 10
1334.67 5
1334.73 6
1334.73 7
1334.76 8
1334.81 9
1334.87 10
1334.93 11
1335 12
1335.08 13
1335.16 14
1335.25 15
1335.34 16
1335.44 17
1335.55 18
1335.66 19
1335.78 20
1335.91 21
1336.04 22
1336.18 23
1336.32 24
1336.48 25
1336.63 26
1336.8 27
1336.97 28
1337.17 14
1337.35 15
1337.35 16
1337.4 17
1337.51 18
1337.62 19
1337.7 9
1337.81 12
1337.88 13
1337.96 14
1338.05 7
1338.19 8
1338.21 9
1338.27 10
1338.3 5
1338.36 7
1338.38 8
1338.44 9
1338.49 10
1338.55 11
1338.62 12
1338.7 13
1338.78 6
1339.85 1
1339.91 2
1339.94 3
1339.95 3
1339.97 4
1340 5
1340.04 6
1340.08 7
1340.12 8
1340.16 4
1340.26 6
1340.32 3
1340.35 4
1340.35 6
1340.39 7
1340.45 3
1340.5 4
1340.5 6
1340.55 7
1340.59 8
1340.64 9
1340.7 10
1340.76 11
1340.83 12
1340.91 13
1340.99 14
1341.08 15
1341.17 16
1341.28 17
1341.38 18
1341.5 19
1341.62 20
1341.74 21
1341.87 22
1342.01 23
1342.16 24
1342.31 25
1342.47 26
1342.58 13
1342.74 14
1342.74 16
1342.83 17
1342.93 18
1343.05 19
1343.17 20
1343.29 21
1343.43 22
1343.56 23
1343.71 24
1343.86 25
1344.02 26
1344.16 13
1344.33 14
1344.33 15
1344.36 16
1344.47 17
1344.57 18
1344.69 19
1344.79 9
1345.89 1
1345.95 2
1345.98 3
1345.98 4
1346.01 4
1346.01 5
1346.04 6
1346.08 7
1346.13 8
1346.18 9
1346.23 10
1346.3 11
1346.37 12
1346.44 13
1346.52 14
1346.61 15
1346.71 16
1346.81 17
1346.91 18
1347.03 19
1347.15 20
1347.27 21
1347.41 22
1347.52 11
1347.65 12
1347.65 14
1347.73 15
1347.82 16
1347.92 17
1348.03 18
1348.11 9
1348.22 12
1348.3 13
1348.39 6
1348.5 7
1348.5 8
1348.55 9
1348.61 10
1348.67 11
1348.74 12
1348.82 13
1348.87 6
1348.94 9
1348.99 10
1349.06 11
1349.09 5
1349.16 7
1349.2 8
1349.26 4
1349.3 5
1349.3 7
1349.34 8
1349.39 9
1349.45 10
1349.51 11
1349.58 12
1349.65 13
1349.74 14
1349.82 15
1349.92 16
1350.02 17
1350.13 18
1350.24 19
1350.36 20
1350.49 21
1350.62 22
1350.76 23
1350.9 24
1351.05 25
1351.2 12
1351.35 13
1351.35 15
1351.43 16
1351.53 17
1351.63 18
1351.75 19
1351.86 9
1351.97 10
1351.97 12
1352.02 6
1352.13 8
1352.18 9
1352.24 10
1352.3 11
1352.37 12
1352.45 13
1352.53 14
1352.62 15
1352.71 16
1352.81 17
1352.92 18
1353.03 19
1353.15 20
1353.28 21
1353.41 22
1353.55 23
1353.7 24
1353.85 25
1354 26
1354.17 27
1354.34 28
1354.52 29
1354.7 30
1354.89 31
1355.08 32
1355.28 33
1355.49 34
1355.65 17
1355.86 18
1355.86 20
1355.97 21
1356.1 22
1356.24 23
1356.39 24
1356.54 25
1356.7 26
1356.86 27
1357.03 28
1357.21 29
1357.39 30
1357.58 31
1357.77 32
1357.98 33
1358.18 34
1358.4 35
1358.62 36
1358.74 18
1359.72 1
1359.75 9
1359.78 10
1359.8 11
1359.82 12
1359.9 13
1359.98 14
1360.07 15
1360.16 16
1360.26 17
1360.37 18
1360.49 19
1360.61 20
1360.73 21
1360.86 22
1360.97 11
1361.1 12
1361.1 14
1361.18 15
1361.27 16
1361.37 17
1361.48 18
1361.6 19
1361.68 9
1361.8 10
1361.8 12
1361.85 6
1362.89 1
1363.98 2
1364.01 3
1364.04 4
1364.09 2
1364.12 5
1364.16 6
1364.18 3
1364.28 4
1364.31 5
1364.34 6
1364.38 7
1364.42 8
1364.47 9
1364.53 10
1364.59 11
1364.66 12
1364.74 13
1364.82 14
1364.91 15
1365 16
1365.1 17
1365.21 18
1365.33 19
1365.45 20
1365.57 21
1365.7 22
1365.84 23
1365.99 24
1366.14 25
1366.3 26
1366.46 27
1366.52 13
1366.69 14
1366.73 15
1366.83 7
1366.92 8
1366.92 10
1366.96 11
1367.03 12
1367.11 13
1367.17 6
1367.24 9
1367.29 4
1368.33 1
1368.36 2
1368.39 2
1368.4 3
1368.51 2
1368.55 4
1368.58 5
1368.62 6
1368.66 7
1368.69 3
1368.73 6
1368.77 7
1368.8 3
1369.77 1
1369.8 2
1369.86 3
1369.89 4
1369.93 5
1369.96 6
1370 7
1370.05 8
1370.1 9
1370.15 10
1370.22 11
1370.29 12
1370.36 13
1370.44 14
1370.53 15
1370.63 16
1370.73 17
1370.84 18
1370.87 9
1371.98 1
1374.01 2
1374.04 3
1374.08 4
1375.08 1
1375.11 2
1375.14 3
1375.21 2
1375.24 5
1375.29 6
1375.33 7
1375.38 8
1375.43 9
1375.48 10
1375.52 5
1375.58 7
1375.6 8
1375.65 9
1375.7 10
1375.73 5
1375.79 7
1375.85 3
1375.97 4
1375.97 5
1376 6
1376.04 7
1376.1 3
1376.15 4
1376.15 6
1376.19 7
1376.24 8
1376.29 9
1376.35 10
1376.41 11
1376.48 12
1376.55 13
1376.64 14
1376.73 15
1376.84 7
1376.93 8
1376.93 10
1376.99 11
1377.01 5
1377.08 7
1377.1 8
1377.15 9
1377.21 10
1377.27 11
1377.34 12
1377.42 13
1377.5 14
1377.59 15
1377.68 16
1377.78 8
1377.88 9
1377.88 10
1377.91 11
1377.98 12
1378.06 13
1378.14 14
1378.23 15
1378.32 16
1378.42 17
1378.53 18
1378.64 19
1378.76 20
1378.86 10
1378.98 11
1378.98 12
1379.05 13
1379.13 14
1379.22 15
1379.32 16
1379.42 17
1379.45 8
1379.56 10
1379.59 11
1379.66 12
1379.73 13
1379.81 14
1379.9 15
1379.93 7
1380.06 8
1380.11 9
1380.17 10
1380.23 11
1380.3 12
1380.37 13
1380.41 6
1380.49 8
1380.51 9
1380.56 10
1380.63 11
1380.7 12
1380.76 6
1380.85 7
1380.87 8
1380.92 9
1380.98 10
1381.04 11
1381.15 5
1381.22 6
1381.22 7
1381.25 8
1381.3 9
1381.36 10
1381.42 11
1381.49 12
1381.57 13
1381.65 14
1381.74 15
1381.83 16
1381.94 17
1382.05 8
1382.15 9
1382.15 11
1382.2 12
1382.28 13
1382.36 14
1382.45 15
1382.54 16
1382.64 17
1382.75 18
1382.86 19
1382.98 20
1383.11 21
1383.24 22
1383.31 11
1383.44 13
1383.47 14
1383.57 7
1383.65 8
1383.65 10
1383.7 11
1383.77 12
1383.86 6
1383.93 7
1383.93 8
1383.96 9
1384.02 10
1384.08 11
1384.15 12
1384.22 13
1384.31 14
1384.39 15
1384.49 16
1384.59 17
1384.7 18
1384.81 19
1384.93 20
1385.06 21
1385.19 22
1385.33 23
1385.47 24
1385.62 25
1385.78 26
1385.96 13
1386.13 14
1386.15 15
1386.28 7
1386.38 8
1386.38 9
1386.42 10
1386.49 11
1386.56 12
1386.63 13
1386.71 14
1386.8 15
1386.9 16
1386.93 8
1387.03 10
1387.07 11
1387.14 12
1387.21 13
1387.29 14
1387.38 15
1387.48 16
1387.58 17
1387.68 18
1387.8 19
1387.86 9
1387.97 12
1388.05 13
1388.13 14
1388.22 15
1388.31 16
1388.43 8
1388.52 9
1388.52 11
1388.58 12
1388.66 13
1388.74 14
1388.83 15
1388.92 16
1389.02 17
1389.14 8
1389.31 9
1389.31 10
1389.37 11
1389.44 5
1389.56 6
1389.58 7
1389.62 3
1389.66 4
1389.66 7
1389.73 3
1389.78 4
1389.78 6
1389.82 7
1389.86 8
1389.91 9
1389.97 10
1390.03 11
1390.1 12
1390.18 13
1390.26 14
1390.35 15
1390.44 16
1390.55 17
1390.65 18
1390.77 19
1390.89 20
1390.97 10
1391.09 12
1391.11 13
1391.19 14
1391.28 15
1391.37 16
1391.47 17
1391.59 8
1391.69 9
1391.69 11
1391.74 12
1391.81 13
1391.89 6
1391.98 7
1391.98 8
1392.03 4
1392.14 5
1392.14 6
1392.17 3
1393.14 1
1393.17 2
1393.2 3
1393.23 4
1393.3 2
1393.34 3
1393.34 5
1393.38 6
1393.42 7
1393.47 8
1393.52 9
1393.57 10
1393.64 11
1393.71 12
1393.78 13
1393.82 6
1393.9 8
1393.92 9
1393.97 10
1394.03 11
1394.09 5
1395.05 1
1395.08 2
1395.1 3
1395.11 4
1395.14 5
1395.18 6
1395.21 7
1395.26 8
1395.31 9
1395.37 10
1395.43 11
1395.5 12
1395.57 13
1395.65 14
1395.74 15
1395.84 16
1395.94 17
1396.05 18
1396.16 19
1396.27 9
1396.41 10
1396.41 11
1396.44 12
1396.56 6
1397.5 1
1397.53 3
1397.56 4
1397.57 5
1397.6 6
1397.64 7
1397.68 8
1397.74 9
1397.79 10
1397.86 11
1397.92 12
1398 13
1398.03 6
1398.11 8
1398.13 9
1398.19 10
1398.25 11
1398.32 12
1398.4 13
1398.48 14
1398.54 7
1398.67 9
1398.73 10
1398.79 11
1398.86 12
1398.89 6
1398.96 8
1399 9
1399.05 10
1399.12 11
1399.19 12
1399.26 13
1399.34 14
1399.43 15
1399.53 16
1399.63 17
1399.73 18
1399.85 19
1399.97 20
1400.09 21
1400.18 10
1400.31 11
1400.31 13
1400.37 14
1400.46 15
1400.55 16
1400.65 17
1400.76 18
1400.92 9
1402 1
1402.03 4
1402.06 5
1402.09 6
1402.13 7
1402.19 3
1402.24 4
1402.24 6
1402.28 7
1402.32 8
1402.37 9
1402.43 10
1402.49 11
1402.56 12
1402.64 13
1402.72 14
1402.79 7
1402.87 9
1402.91 10
1402.98 11
1403.1 5
1404.12 1
1404.19 2
1404.22 2
1404.22 3
1404.25 4
1404.29 5
1404.32 6
1404.36 7
1404.41 3
1404.59 4
1404.59 5
1404.63 6
1404.67 7
1404.71 8
1404.76 9
1404.82 10
1404.88 11
1404.95 12
1405.03 13
1405.11 14
1405.2 15
1405.29 16
1405.39 17
1405.5 18
1405.61 19
1405.73 20
1405.86 21
1405.99 22
1406.13 23
1406.27 24
1406.43 25
1406.58 26
1406.75 27
1406.92 28
1407.09 29
1407.28 30
1407.38 15
1407.6 16
1407.63 17
1407.74 18
1407.85 19
1407.97 20
1408.1 21
1408.23 22
1408.37 23
1408.51 24
1408.66 25
1408.82 26
1408.97 13
1409.12 14
1409.12 16
1409.21 17
1409.32 18
1409.43 19
1409.55 20
1409.65 10
1409.77 11
1409.77 13
1409.84 14
1409.92 15
1410.02 16
1410.12 17
1410.23 18
1410.34 19
1410.46 20
1410.59 21
1410.72 22
1410.83 11
1410.96 12
1410.96 13
1410.98 14
1411.07 15
1411.16 16
1411.26 17
1411.37 18
1411.48 19
1411.6 20
1411.73 21
1411.87 10
1412 11
1412 13
1412.07 14
1412.16 15
1412.25 16
1412.35 17
1412.46 18
1412.57 19
1412.69 20
1412.82 21
1412.92 10
1413.87 1
1413.9 4
1413.93 5
1413.93 6
1413.93 8
1414 9
1414.05 10
1414.12 11
1414.19 12
1414.26 13
1414.34 14
1414.43 15
1414.53 16
1414.63 17
1414.73 18
1414.85 19
1414.97 20
1415.09 21
1415.23 22
1415.38 11
1415.51 12
1415.51 13
1415.53 14
1415.62 15
1415.71 16
1415.81 17
1415.92 18
1416.03 19
1416.15 20
1416.28 21
1416.41 22
1416.55 23
1416.7 24
1416.85 25
1417 26
1417.17 27
1417.34 28
1417.52 29
1417.7 30
1417.89 31
1418.08 32
1418.28 33
1418.49 34
1418.71 35
1418.93 36
1419.15 37
1419.39 38
1419.63 39
1419.87 40
1419.97 20
1420.32 21
1420.46 10
1421.56 1
1421.59 2
1421.62 3
1421.65 4
1421.65 5
1421.66 5
1421.68 6
1421.71 7
1421.75 8
1421.8 9
1421.86 10
1421.92 11
1421.99 12
1422.07 13
1422.15 14
1422.24 15
1422.33 16
1422.44 17
1422.54 18
1422.66 19
1422.78 20
1422.9 21
1422.94 10
1423.07 12
1423.11 13
1423.19 14
1423.28 15
1423.37 16
1423.48 17
1423.58 18
1423.7 19
1423.82 20
1423.94 21
1424.07 22
1424.21 23
1424.36 24
1424.51 25
1424.67 26
1424.83 27
1425 28
1425.18 29
1425.36 30
1425.55 31
1425.74 32
1425.95 33
1426.15 34
1426.37 35
1426.59 36
1426.82 37
1427.05 38
1427.29 39
1427.54 40
1427.62 20
1427.88 22
1428 23
1428.09 11
1428.23 12
1428.23 14
1428.3 15
1428.39 16
1428.49 17
1428.6 18
1428.71 19
1428.83 20
1428.96 21
1429.09 22
1429.23 23
1429.38 24
1429.53 25
1429.68 26
1429.85 27
1430.02 28
1430.15 14
1430.32 15
1430.32 17
1430.42 18
1430.54 19
1430.66 20
1430.78 21
1430.91 22
1431.05 23
1431.12 11
1432.09 1
1432.16 2
1432.18 3
1432.19 4
1432.21 5
1432.22 5
1432.23 6
1432.26 7
1432.3 3
1432.34 6
1432.38 7
1432.42 8
1432.47 9
1432.53 10
1432.59 11
1432.66 12
1432.73 13
1432.82 14
1432.9 15
1433 16
1433.1 17
1433.21 18
1433.3 9
1434.41 1
1434.44 4
1434.47 5
1434.47 6
1434.5 7
1434.56 3
1434.59 4
1434.59 7
1434.65 8
1434.7 9
1434.76 10
1434.82 11
1434.89 12
1434.96 13
1435.05 14
1435.13 15
1435.23 16
1435.33 17
1435.39 8
1435.49 11
1435.56 12
1435.63 13
1435.71 14
1435.8 15
1435.9 16
1436 17
1436.11 18
1436.22 19
1436.34 20
1436.47 21
1436.6 22
1436.7 11
1436.84 12
1436.84 14
1436.92 15
1437.01 16
1437.11 17
1437.22 18
1437.33 19
1437.45 20
1437.58 21
1437.71 22
1437.85 23
1438 24
1438.15 25
1438.31 26
1438.47 27
1438.64 28
1438.82 29
1439 30
1439.19 31
1439.38 32
1439.59 33
1439.79 34
1440.01 35
1440.23 36
1440.46 37
1440.69 38
1440.93 39
1441.17 40
1441.43 41
1441.68 42
1441.93 21
1442.37 22
1442.37 23
1442.5 24
1442.66 25
1442.81 26
1442.98 27
1443.15 28
1443.32 29
1443.51 30
1443.7 31
1443.89 32
1444.09 33
1444.32 16
1444.52 17
1444.52 19
1444.62 20
1444.75 21
1444.88 22
1445.02 23
1445.16 24
1445.32 12
1445.5 13
1445.5 14
1445.59 15
1445.68 16
1445.78 17
1445.89 18
1446 19
1446.12 20
1446.26 10
1446.42 11
1446.46 12
1446.51 6
1446.58 8
1446.63 9
1446.68 10
1446.75 11
1446.82 12
1446.89 13
1446.97 14
1447.06 15
1447.16 16
1447.26 17
1447.36 18
1447.48 19
1447.6 9
1447.75 10
1447.75 11
1447.81 12
1447.89 13
1447.97 14
1448.06 15
1448.15 16
1448.25 17
1448.36 18
1448.47 19
1448.59 20
1448.62 10
1448.74 12
1448.8 13
1448.88 14
1448.92 7
1449 9
1449.03 10
1449.1 11
1449.17 12
1449.24 13
1449.32 14
1449.41 15
1449.56 7
1449.7 8
1449.7 9
1449.75 10
1449.81 11
1449.88 12
1449.96 6
1450.03 7
1450.03 9
1450.09 4
1450.15 5
1450.15 7
1450.18 8
1450.23 9
1450.29 10
1450.35 11
1450.42 12
1450.5 13
1450.58 14
1450.63 7
1450.72 8
1450.74 9
1450.8 10
1450.86 11
1450.93 12
1451.01 13
1451.09 14
1451.18 15
1451.22 7
1452.2 1
1452.23 3
1452.26 4
1452.29 5
1452.33 6
1452.37 7
1452.41 8
1452.46 9
1452.52 10
1452.58 11
1452.65 12
1452.75 6
1452.82 7
1452.82 8
1452.87 9
1452.92 10
1452.99 11
1453.06 12
1453.13 13
1453.19 6
1453.27 7
1453.27 9
1453.31 10
1453.34 5
1453.4 7
1453.44 8
1453.49 9
1453.52 4
1453.64 5
1453.67 2
1453.79 3
1453.79 5
1453.84 6
1453.88 7
1453.92 8
1453.97 9
1454.03 10
1454.09 11
1454.16 12
1454.24 13
1454.32 14
1454.41 15
1454.5 16
1454.6 17
1454.71 18
1454.82 19
1454.87 9
1454.99 10
1455.03 11
1455.1 12
1455.15 6
1455.26 8
1455.31 9
1455.36 4
1455.49 5
1455.5 6
1455.54 7
1455.59 8
1455.64 9
1455.68 4
1455.74 7
1456.75 1
1458.78 2
1458.81 3
1458.81 4
1458.85 5
1458.9 6
1458.94 7
1458.98 8
1459.03 9
1459.09 10
1459.15 11
1459.24 5
1459.32 6
1459.32 7
1459.36 8
1459.41 9
1459.47 10
1459.53 11
1459.6 12
1459.68 13
1459.76 14
1459.85 15
1459.94 16
1460.04 17
1460.16 8
1461.13 1
1461.19 2
1461.22 3
1461.23 4
1461.25 4
1461.26 5
1461.29 6
1461.32 7
1461.37 8
1461.42 9
1461.48 10
1461.54 11
1461.61 12
1461.68 13
1461.77 14
1461.85 15
1461.95 16
1462.05 17
1462.16 18
1462.27 19
1462.39 20
1462.52 10
1462.64 11
1462.64 13
1462.71 14
1462.8 15
1462.89 16
1463 17
1463.1 18
1463.22 19
1463.27 9
1463.39 10
1463.41 11
1463.45 5
1463.51 8
1463.56 4
1463.71 5
1463.74 6
1463.82 3
1463.93 4
1463.95 5
1463.99 6
1464.02 7
1464.07 8
1464.12 9
1464.18 10
1464.24 11
1464.31 12
1464.37 6
1464.44 7
1464.44 9
1464.49 10
1464.55 11
1464.62 12
1464.69 13
1464.78 14
1464.86 15
1464.96 16
1465.06 17
1465.17 18
1465.28 19
1465.4 20
1465.53 21
1465.66 22
1465.8 23
1465.83 11
1465.97 13
1466.04 14
1466.12 15
1466.22 16
1466.32 17
1466.43 18
1466.54 19
1466.58 9
1466.76 10
1466.79 11
1466.88 5
1466.95 6
1466.95 7
1466.99 8
1467.04 9
1467.1 10
1467.16 11
1467.23 12
1467.31 6
1467.38 7
1467.38 9
1467.43 10
1467.5 5
1467.55 6
1467.55 8
1467.59 9
1467.64 4
1467.69 5
1467.69 7
1467.72 8
1467.8 4
1468.84 1
1468.87 2
1469.87 1
1469.9 2
1469.93 3
1470 2
1470.03 3
1470.03 5
1470.07 2
1470.16 4
1470.23 2
1471.26 1
1471.29 2
1471.31 3
1471.35 4
1471.38 5
1471.41 6
1471.45 7
1471.49 8
1471.54 9
1471.6 10
1471.66 11
1471.73 12
1471.81 13
1471.89 14
1471.98 15
1472.07 16
1472.18 17
1472.23 8
1472.35 10
1472.42 11
1472.48 12
1472.56 13
1472.64 14
1472.73 15
1472.83 16
1472.93 17
1473.03 18
1473.15 19
1473.26 9
1474.22 1
1474.24 3
1474.27 4
1474.27 5
1474.29 6
1474.31 7
1474.36 8
1474.41 9
1474.47 10
1474.54 11
1474.61 12
1474.68 13
1474.76 14
1474.85 15
1474.95 16
1475.05 17
1475.15 18
1475.27 19
1475.39 20
1475.51 21
1475.65 22
1475.78 23
1475.93 24
1476.08 25
1476.24 26
1476.4 27
1476.57 28
1476.75 29
1476.93 30
1477.12 31
1477.32 32
1477.52 33
1477.73 34
1477.94 35
1478.16 36
1478.39 37
1478.62 38
1478.86 39
1479.11 40
1479.36 41
1479.62 42
1479.88 43
1480.03 21
1480.3 24
1480.44 25
1480.54 12
1480.71 13
1480.71 14
1480.8 15
1480.9 16
1481 17
1481.1 18
1481.16 9
1481.27 11
1481.29 12
1481.37 13
1481.45 14
1481.54 15
1481.63 16
1481.74 17
1481.84 18
1481.96 19
1482.08 20
1482.2 21
1482.33 22
1482.37 11
1482.5 13
1482.56 14
1482.65 15
1482.74 16
1482.79 8
1482.89 10
1482.91 11
1482.98 12
1483.05 6
1483.12 7
1483.12 9
1483.17 10
1483.23 11
1483.3 12
1483.34 6
1483.41 8
1483.43 9
1483.49 10
1483.55 11
1483.62 12
1483.7 13
1483.78 14
1483.87 15
1483.96 16
1484.05 8
1484.15 9
1484.15 10
1484.17 11
1484.24 12
1484.32 13
1484.41 6
1485.48 1
1485.54 2
1485.57 3
1485.58 3
1485.6 4
1485.63 5
1485.67 2
1485.7 3
1485.7 6
1485.75 7
1485.8 8
1485.85 9
1485.9 10
1485.97 11
1486.04 12
1486.11 13
1486.19 14
1486.28 15
1486.38 16
1486.48 8
1486.63 9
1486.63 10
1486.68 11
1486.75 12
1486.82 13
1486.91 14
1486.99 15
1487.09 16
1487.19 17
1487.3 18
1487.41 19
1487.53 20
1487.66 21
1487.79 22
1487.93 23
1488.07 24
1488.22 25
1488.38 26
1488.54 27
1488.71 28
1488.89 29
1489.07 30
1489.26 31
1489.46 32
1489.66 33
1489.87 34
1490.08 35
1490.3 36
1490.53 37
1490.76 38
1491 39
1491.25 40
1491.5 41
1491.76 42
1492.02 43
1492.3 44
1492.57 45
1492.86 46
1493.15 47
1493.44 48
1493.75 49
1494.05 50
1494.37 51
1494.69 52
1495.02 53
1495.35 54
1495.71 27
1496.2 28
1496.2 29
1496.37 30
1496.56 31
1496.76 32
1496.96 33
1497.17 34
1497.38 35
1497.6 36
1497.83 37
1498.06 38
1498.3 39
1498.55 40
1498.8 41
1499.06 42
1499.32 43
1499.59 44
1499.87 45
1500.16 46
1500.45 47
1500.74 48
1501.04 49
1501.35 50
1501.67 51
1501.99 52
1502.32 53
1502.65 54
1503.01 27
1503.5 28
1503.5 29
1503.67 30
1503.86 31
1504.06 32
1504.26 33
1504.47 34
1504.68 35
1504.9 36
1505.13 37
1505.36 38
1505.6 39
1505.85 40
1506.1 41
1506.36 42
1506.62 43
1506.89 44
1507.17 45
1507.46 46
1507.75 47
1508.04 48
1508.34 49
1508.65 50
1508.97 51
1509.29 52
1509.62 53
1509.95 54
1510.31 27
1510.8 28
1510.8 29
1510.97 30
1511.16 31
1511.36 32
1511.56 33
1511.77 34
1511.98 35
1512.2 36
1512.43 37
1512.66 38
1512.9 39
1513.15 40
1513.4 41
1513.66 42
1513.92 43
1514.19 44
1514.47 45
1514.75 46
1515.04 47
1515.34 48
1515.64 49
1515.95 50
1516.27 51
1516.59 52
1516.92 53
1517.25 54
1517.61 27
1518.1 28
1518.1 29
1518.27 30
1518.46 31
1518.66 32
1518.86 33
1519.07 34
1519.28 35
1519.5 36
1519.73 37
1519.96 38
1520.2 39
1520.45 40
1520.7 41
1520.96 42
1521.22 43
1521.49 44
1521.77 45
1522.05 46
1522.34 47
1522.64 48
1522.94 49
1523.25 50
1523.57 51
1523.89 52
1524.22 53
1524.55 54
1524.91 27
1525.39 28
1525.39 29
1525.57 30
1525.76 31
1525.96 32
1526.16 33
1526.37 34
1526.58 35
1526.8 36
1527.03 37
1527.26 38
1527.5 39
1527.75 40
1528 41
1528.26 42
1528.52 43
1528.79 44
1529.07 45
1529.35 46
1529.64 47
1529.94 48
1530.24 49
1530.55 50
1530.87 51
1531.19 52
1531.52 53
1531.85 54
1532.21 27
1532.69 28
1532.69 29
1532.87 30
1533.06 31
1533.26 32
1533.46 33
1533.66 34
1533.88 35
1534.1 36
1534.33 37
1534.56 38
1534.8 39
1535.05 40
1535.3 41
1535.56 42
1535.82 43
1536.09 44
1536.37 45
1536.65 46
1536.94 47
1537.24 48
1537.54 49
1537.85 50
1538.17 51
1538.49 52
1538.82 53
1539.15 54
1539.51 27
1539.99 28
1539.99 29
1540.17 30
1540.36 31
1540.55 32
1540.76 33
1540.96 34
1541.18 35
1541.4 36
1541.63 37
1541.86 38
1542.1 39
1542.34 40
1542.6 41
1542.86 42
1543.12 43
1543.39 44
1543.67 45
1543.95 46
1544.24 47
1544.54 48
1544.84 49
1545.15 50
1545.47 51
1545.79 52
1546.11 53
1546.45 54
1546.81 27
1547.29 28
1547.29 29
1547.47 30
1547.66 31
1547.85 32
1548.06 33
1548.26 34
