175 2.40332
175.1 1.73824
175.2 2.60736
175.3 2.11072
175.4 2.4832
175.5 1.8624
175.6 2.11072
175.7 2.11072
175.8 2.73152
175.9 1.73824
176 2.97984
176.1 1.98656
176.2 2.85568
176.3 2.11072
176.4 2.97984
176.5 1.98656
176.6 2.97984
176.7 1.8624
176.8 3.22816
176.9 1.48992
177 3.60064
177.1 1.36576
177.2 3.104
177.3 1.8624
177.4 3.22816
177.5 2.85568
177.6 0.86912
177.7 3.97312
177.8 1.8624
177.9 2.35904
178 3.47648
178.1 0.99328
178.2 4.09728
178.3 0.6208
178.4 4.46976
178.5 1.2416
178.6 3.7248
178.7 1.48992
178.8 3.47648
178.9 2.11072
179 2.97984
179.1 2.4832
179.2 2.73152
179.3 2.73152
179.4 2.4832
179.5 2.85568
179.6 2.4832
179.7 2.97984
179.8 2.35904
179.9 3.104
180 2.23488
180.1 3.104
180.2 2.23488
180.3 3.104
180.4 2.23488
180.5 4.3456
180.6 0.99328
180.7 5.09056
180.8 1.11744
180.9 4.46976
181 1.8624
181.1 3.47648
181.2 2.4832
181.3 2.85568
181.4 2.73152
181.5 2.60736
181.6 2.73152
181.7 2.60736
181.8 2.73152
181.9 2.60736
182 2.73152
182.1 2.60736
182.2 2.85568
182.3 2.60736
182.4 2.60736
182.5 2.60736
182.6 2.60736
182.7 2.11072
182.8 2.60736
182.9 1.2416
183 3.7248
183.1 1.2416
183.2 3.47648
183.3 1.73824
183.4 2.85568
183.5 2.4832
183.6 2.35904
183.7 2.73152
183.8 2.23488
183.9 2.85568
184 2.23488
184.1 2.4832
184.2 2.35904
184.3 2.60736
184.4 1.11744
184.5 3.104
184.6 2.4832
184.7 2.23488
184.8 2.97984
184.9 1.11744
185 3.47648
185.1 2.23488
185.2 2.73152
185.3 2.11072
185.4 2.23488
185.5 2.73152
185.6 1.61408
185.7 3.22816
185.8 1.2416
185.9 3.35232
186 1.11744
186.1 3.7248
186.2 0.99328
186.3 3.47648
186.4 1.73824
186.5 3.104
186.6 1.98656
186.7 2.85568
186.8 1.73824
186.9 2.73152
187 1.98656
187.1 2.4832
187.2 1.73824
187.3 2.73152
187.4 2.23488
187.5 2.23488
187.6 2.60736
187.7 1.8624
187.8 2.85568
187.9 1.61408
188 2.97984
188.1 1.48992
188.2 3.104
188.3 1.36576
188.4 3.35232
188.5 1.2416
188.6 2.73152
188.7 1.61408
188.8 2.60736
188.9 2.4832
189 1.61408
189.1 2.60736
189.2 2.60736
189.3 1.36576
189.4 3.22816
189.5 1.48992
189.6 2.97984
189.7 1.98656
189.8 2.23488
189.9 2.11072
190 2.23488
190.1 2.23488
190.2 2.23488
190.3 2.60736
190.4 1.98656
190.5 2.60736
190.6 1.98656
190.7 2.60736
190.8 2.11072
190.9 2.35904
191 2.35904
191.1 2.11072
191.2 2.4832
191.3 1.73824
191.4 2.4832
191.5 2.4832
191.6 1.11744
191.7 3.104
191.8 1.8624
191.9 1.98656
192 3.104
192.1 1.2416
192.2 3.22816
192.3 1.11744
192.4 2.97984
192.5 2.4832
192.6 2.11072
192.7 2.60736
192.8 1.98656
192.9 2.4832
193 2.11072
193.1 2.73152
193.2 1.8624
193.3 2.73152
193.4 1.98656
193.5 2.73152
193.6 1.98656
193.7 2.73152
193.8 1.98656
193.9 2.73152
194 1.98656
194.1 2.73152
194.2 1.98656
194.3 2.35904
194.4 2.73152
194.5 1.98656
194.6 2.4832
194.7 1.98656
194.8 2.35904
194.9 2.23488
195 2.23488
195.1 2.23488
195.2 2.35904
195.3 2.4832
195.4 2.35904
195.5 2.35904
195.6 2.23488
195.7 2.11072
195.8 2.60736
195.9 1.8624
196 3.104
196.1 1.48992
196.2 3.104
196.3 1.73824
196.4 3.104
196.5 1.98656
196.6 2.85568
196.7 1.98656
196.8 2.73152
196.9 1.61408
197 2.85568
197.1 1.61408
197.2 2.97984
197.3 2.35904
197.4 2.73152
197.5 3.104
197.6 2.4832
197.7 2.85568
197.8 2.23488
197.9 3.22816
198 2.23488
198.1 2.73152
198.2 2.11072
198.3 2.60736
198.4 2.73152
198.5 1.98656
198.6 3.104
198.7 2.11072
198.8 2.97984
198.9 1.98656
199 2.97984
199.1 1.98656
199.2 2.97984
199.3 1.8624
199.4 2.97984
199.5 2.11072
199.6 2.85568
199.7 2.35904
199.8 2.4832
199.9 2.60736
