10 4.60518
10.1 2.35904
10.2 2.60736
10.3 2.85568
10.4 2.85568
10.5 2.85568
10.6 2.85568
10.7 2.4832
10.8 2.97984
10.9 2.73152
11 2.85568
11.1 2.23488
11.2 2.23488
11.3 2.11072
11.4 2.23488
11.5 2.60736
11.6 2.35904
11.7 2.73152
11.8 2.97984
11.9 2.35904
12 2.97984
12.1 2.85568
12.2 2.73152
12.3 2.73152
12.4 2.60736
12.5 2.97984
12.6 3.104
12.7 3.104
12.8 3.22816
12.9 3.104
13 2.85568
13.1 3.35232
13.2 3.104
13.3 3.22816
13.4 3.22816
13.5 2.85568
13.6 3.22816
13.7 3.35232
13.8 3.104
13.9 3.22816
14 3.22816
14.1 2.85568
14.2 3.22816
14.3 2.73152
14.4 2.35904
14.5 2.60736
14.6 2.35904
14.7 2.85568
14.8 2.97984
14.9 3.104
15 2.73152
15.1 2.60736
15.2 2.60736
15.3 2.85568
15.4 2.97984
15.5 2.97984
15.6 3.104
15.7 3.35232
15.8 2.97984
15.9 2.97984
16 2.97984
16.1 3.35232
16.2 3.22816
16.3 3.104
16.4 2.97984
16.5 3.22816
16.6 3.60064
16.7 3.7248
16.8 3.104
16.9 3.104
17 2.97984
17.1 3.22816
17.2 3.22816
17.3 3.22816
17.4 2.97984
17.5 3.22816
17.6 3.104
17.7 2.97984
17.8 2.85568
17.9 2.97984
18 3.104
18.1 2.97984
18.2 3.35232
18.3 3.60064
18.4 3.47648
18.5 3.47648
18.6 3.47648
18.7 3.97312
18.8 3.7248
18.9 3.60064
19 3.60064
19.1 3.47648
19.2 3.22816
19.3 2.97984
19.4 3.104
19.5 3.22816
19.6 3.22816
19.7 3.35232
19.8 3.35232
19.9 3.35232
