10 1.23796
10.1 1.36576
10.2 0.99328
10.3 1.2416
10.4 1.36576
10.5 0.86912
10.6 0.86912
10.7 1.2416
10.8 0.86912
10.9 1.2416
11 1.36576
11.1 0.99328
11.2 0.86912
11.3 1.2416
11.4 0.99328
11.5 0.86912
11.6 1.48992
11.7 1.11744
11.8 1.11744
11.9 1.48992
12 1.36576
12.1 0.86912
12.2 1.48992
12.3 1.36576
12.4 0.99328
12.5 1.36576
12.6 1.48992
12.7 0.86912
12.8 1.36576
12.9 1.48992
13 0.99328
13.1 1.2416
13.2 1.48992
13.3 1.11744
13.4 0.99328
13.5 1.11744
13.6 0.74496
13.7 0.6208
13.8 0.99328
13.9 0.86912
14 0.6208
14.1 0.99328
14.2 0.99328
14.3 0.86912
14.4 0.6208
14.5 0.99328
14.6 0.86912
14.7 0.6208
14.8 0.99328
14.9 0.99328
15 0.49664
15.1 1.2416
15.2 1.2416
15.3 0.6208
15.4 1.2416
15.5 1.2416
15.6 0.74496
15.7 1.11744
15.8 1.2416
15.9 0.86912
16 0.99328
16.1 1.2416
16.2 0.86912
16.3 0.99328
16.4 1.2416
16.5 1.2416
16.6 0.86912
16.7 0.99328
16.8 1.36576
16.9 1.36576
17 0.86912
17.1 1.73824
17.2 1.8624
17.3 1.61408
17.4 1.48992
17.5 2.35904
17.6 2.11072
17.7 1.73824
17.8 2.85568
17.9 2.73152
18 2.23488
18.1 3.60064
18.2 3.60064
18.3 3.22816
18.4 3.47648
18.5 3.47648
18.6 3.60064
18.7 3.22816
18.8 2.85568
18.9 3.84896
19 4.22144
19.1 3.47648
19.2 3.104
19.3 4.3456
19.4 3.97312
19.5 3.47648
19.6 3.97312
19.7 4.09728
19.8 3.60064
19.9 4.09728
