175.021 90
175.073 91
175.119 92
175.274 93
175.341 94
175.392 95
175.548 96
175.621 97
175.686 98
175.891 99
175.93 100
176.137 101
176.34 102
176.498 103
176.785 104
177.069 105
177.374 73
177.723 74
177.726 75
177.727 76
177.729 77
177.778 78
177.943 79
177.958 80
178.026 81
178.081 82
178.186 83
178.255 84
178.299 85
178.409 86
178.474 87
178.52 88
178.571 89
178.713 90
178.761 91
178.811 92
178.972 93
179.003 94
179.061 95
179.196 96
179.288 97
179.42 98
179.517 99
179.579 100
179.784 101
179.952 102
180.121 103
180.395 104
180.67 105
181.145 73
181.406 74
181.429 75
181.43 76
181.431 77
181.445 78
181.578 79
181.608 80
181.704 81
181.823 82
181.885 83
181.944 84
181.982 85
182.097 86
182.179 87
182.218 88
182.333 89
182.377 90
182.46 91
182.486 92
182.627 93
182.72 94
182.754 95
182.909 96
182.996 97
183.134 98
183.244 99
183.305 100
183.517 101
183.611 102
183.857 103
184.038 72
184.336 73
184.337 74
184.344 75
184.517 76
184.612 77
184.732 78
184.825 79
184.98 80
185.074 81
185.237 82
185.381 83
185.591 84
185.646 85
185.918 86
186.196 87
186.479 60
186.858 61
186.859 62
186.86 63
186.915 64
187.062 65
187.102 66
187.143 67
187.297 68
187.334 69
187.366 70
187.518 71
187.556 72
187.591 73
187.752 74
187.798 75
187.849 76
188.019 77
188.069 78
188.249 79
188.302 80
188.353 81
188.559 82
188.628 83
188.824 84
189.073 85
189.132 86
189.539 87
192.183 88
192.493 89
192.739 90
192.938 91
193.107 92
193.286 93
193.395 94
193.499 95
193.606 96
193.706 97
193.83 98
193.889 99
193.974 100
194.055 101
194.13 102
194.202 103
194.294 104
194.424 105
194.544 106
194.586 107
194.682 108
194.727 109
194.822 110
194.905 111
194.947 112
194.983 113
195.081 114
195.131 115
195.192 116
195.217 117
195.248 118
195.301 119
195.385 120
195.425 121
195.478 122
195.499 123
195.522 124
195.567 125
195.652 87
196.047 88
196.048 89
196.054 90
196.186 91
196.216 92
196.245 93
196.284 94
196.416 95
196.441 96
196.467 97
196.499 98
196.634 99
196.659 100
196.688 101
196.718 102
196.797 103
196.891 104
196.92 105
196.969 106
197.099 107
197.142 108
197.191 109
197.227 110
197.356 111
197.417 112
197.478 113
197.609 114
197.668 115
197.748 116
197.866 117
197.944 118
198.106 119
198.193 120
198.359 121
198.506 122
198.702 123
198.957 124
199.208 125
