175.034 44
175.308 45
175.476 46
175.65 47
175.795 48
175.933 49
176.039 50
176.148 51
176.247 52
176.356 53
176.435 54
176.515 55
176.593 56
176.669 57
176.742 58
176.812 59
176.887 60
176.945 61
176.964 42
177.199 43
177.2 44
177.253 45
177.358 46
177.395 47
177.472 48
177.551 49
177.635 50
177.723 51
177.819 52
177.922 53
178.027 54
178.149 55
178.277 56
178.422 57
178.591 58
178.784 59
179.038 60
179.26 42
179.466 43
179.537 44
179.613 45
179.744 46
179.919 47
180.115 48
180.312 49
180.508 50
180.858 51
180.933 35
181.108 36
181.131 37
181.179 38
181.278 39
181.343 40
181.43 41
181.56 42
181.627 43
181.754 44
181.889 45
181.983 46
182.128 47
182.295 48
182.491 49
182.773 50
183.094 51
185.805 52
186.16 53
186.406 54
186.603 55
186.77 56
186.926 57
187.047 58
187.167 59
187.302 60
187.373 61
187.468 62
187.562 63
187.64 64
187.667 44
187.95 45
187.952 46
187.998 47
188.119 48
188.135 49
188.209 50
188.291 51
188.365 52
188.466 53
188.535 54
188.655 55
188.731 56
188.85 57
189.053 58
189.09 59
189.256 60
189.467 61
189.68 62
189.754 43
190.052 44
190.081 45
190.22 46
190.388 47
190.573 48
190.641 49
190.931 50
191.111 51
191.483 52
194.183 53
194.573 54
194.772 55
194.971 56
195.175 57
195.263 58
195.392 59
195.437 41
195.624 42
195.651 43
195.681 44
195.754 45
195.829 46
195.91 47
195.994 48
196.082 49
196.244 50
196.297 51
196.417 52
196.505 53
196.658 54
196.78 55
196.957 56
197.154 57
197.393 58
197.772 59
197.875 41
198.14 42
198.141 43
198.196 44
198.286 45
198.346 46
198.437 47
198.509 48
198.598 49
198.706 50
198.794 51
198.918 52
199.038 53
199.156 54
199.296 55
199.463 56
199.66 57
199.909 58
