175.891 52
176.241 53
176.488 54
176.683 55
176.886 56
177.001 57
177.157 58
177.247 59
177.352 60
177.459 61
177.547 62
177.638 63
177.727 64
177.801 65
177.877 66
177.949 67
178.019 68
178.086 69
178.153 70
178.212 71
178.332 72
178.394 73
178.463 74
178.595 75
178.66 52
178.908 53
178.969 54
178.97 55
178.973 56
178.995 57
179.105 58
179.218 59
179.288 60
179.361 61
179.47 62
179.545 63
179.629 64
179.731 65
179.843 66
179.907 67
180.042 68
180.184 69
180.32 70
180.467 71
180.605 72
180.716 50
180.993 51
180.995 52
181.081 53
181.199 54
181.329 55
181.477 56
181.612 57
181.838 58
182.005 59
182.268 60
182.542 61
183.623 42
183.914 43
183.92 44
183.922 45
183.926 46
183.975 47
184.065 48
184.134 49
184.213 50
184.305 51
184.436 52
184.625 53
184.723 54
184.877 55
185.007 56
185.168 57
185.399 58
185.464 59
185.736 60
186.005 61
186.22 42
186.458 43
186.489 44
186.491 45
186.493 46
186.602 47
186.737 48
186.814 49
186.951 50
187.034 51
187.17 52
187.267 53
187.33 54
187.504 55
187.596 56
187.77 57
187.913 58
188.13 59
188.402 60
188.682 61
191.231 62
191.3 43
191.556 44
191.588 45
191.589 46
191.593 47
191.622 48
191.704 49
191.79 50
191.855 51
191.944 52
192.058 53
192.141 54
192.247 55
192.402 56
192.408 39
192.721 40
192.722 41
192.762 42
192.908 43
193.066 44
193.265 45
193.527 46
193.874 47
196.58 48
196.954 49
197.225 50
197.376 51
197.54 52
197.698 53
197.816 54
197.978 55
198.054 56
198.142 57
198.26 58
198.335 59
198.41 60
198.514 61
198.597 62
198.644 63
198.713 64
198.866 65
198.915 66
198.979 67
199.141 68
199.184 69
199.211 48
199.516 49
199.518 50
199.519 51
199.593 52
199.693 53
199.781 54
199.871 55
199.968 56
