10 4.61263
10.01 6.208
10.02 4.9664
10.03 6.208
10.04 4.9664
10.05 3.7248
10.06 4.9664
10.07 6.208
10.08 4.9664
10.09 6.208
10.1 3.7248
10.11 4.9664
10.12 4.9664
10.13 6.208
10.14 4.9664
10.15 6.208
10.16 4.9664
10.17 4.9664
10.18 4.9664
10.19 6.208
10.2 4.9664
10.21 6.208
10.22 6.208
10.23 4.9664
10.24 6.208
10.25 6.208
10.26 4.9664
10.27 6.208
10.28 3.7248
10.29 4.9664
10.3 6.208
10.31 6.208
10.32 4.9664
10.33 6.208
10.34 4.9664
10.35 4.9664
10.36 4.9664
10.37 4.9664
10.38 6.208
10.39 4.9664
10.4 6.208
10.41 4.9664
10.42 3.7248
10.43 4.9664
10.44 6.208
10.45 4.9664
10.46 6.208
10.47 4.9664
10.48 3.7248
10.49 4.9664
10.5 6.208
10.51 6.208
10.52 4.9664
10.53 6.208
10.54 6.208
10.55 6.208
10.56 7.4496
10.57 6.208
10.58 4.9664
10.59 4.9664
10.6 3.7248
10.61 4.9664
10.62 6.208
10.63 4.9664
10.64 4.9664
10.65 4.9664
10.66 3.7248
10.67 6.208
10.68 6.208
10.69 4.9664
10.7 3.7248
10.71 4.9664
10.72 4.9664
10.73 6.208
10.74 4.9664
10.75 4.9664
10.76 4.9664
10.77 3.7248
10.78 6.208
10.79 6.208
10.8 4.9664
10.81 4.9664
10.82 4.9664
10.83 4.9664
10.84 4.9664
10.85 6.208
10.86 3.7248
10.87 4.9664
10.88 3.7248
10.89 2.4832
10.9 3.7248
10.91 4.9664
10.92 4.9664
10.93 3.7248
10.94 3.7248
10.95 3.7248
10.96 3.7248
10.97 4.9664
10.98 4.9664
10.99 3.7248
11 4.9664
11.01 2.4832
11.02 3.7248
11.03 4.9664
11.04 4.9664
11.05 3.7248
11.06 3.7248
11.07 3.7248
11.08 3.7248
11.09 4.9664
11.1 3.7248
11.11 4.9664
11.12 3.7248
11.13 3.7248
11.14 3.7248
11.15 4.9664
11.16 4.9664
11.17 3.7248
11.18 2.4832
11.19 3.7248
11.2 4.9664
11.21 4.9664
11.22 4.9664
11.23 3.7248
11.24 2.4832
11.25 4.9664
11.26 4.9664
11.27 3.7248
11.28 4.9664
11.29 4.9664
11.3 4.9664
11.31 4.9664
11.32 3.7248
11.33 4.9664
11.34 4.9664
11.35 2.4832
11.36 4.9664
11.37 4.9664
11.38 3.7248
11.39 4.9664
11.4 4.9664
11.41 4.9664
11.42 3.7248
11.43 3.7248
11.44 3.7248
11.45 4.9664
11.46 3.7248
11.47 4.9664
11.48 4.9664
11.49 3.7248
11.5 4.9664
11.51 2.4832
11.52 4.9664
11.53 3.7248
11.54 4.9664
11.55 4.9664
11.56 3.7248
11.57 3.7248
11.58 3.7248
11.59 3.7248
11.6 4.9664
11.61 4.9664
11.62 4.9664
11.63 3.7248
11.64 3.7248
11.65 6.208
11.66 6.208
11.67 4.9664
11.68 4.9664
11.69 3.7248
11.7 4.9664
11.71 6.208
11.72 4.9664
11.73 4.9664
11.74 4.9664
11.75 3.7248
11.76 6.208
11.77 6.208
11.78 4.9664
11.79 3.7248
11.8 4.9664
11.81 4.9664
11.82 6.208
11.83 4.9664
11.84 4.9664
11.85 3.7248
11.86 4.9664
11.87 6.208
11.88 6.208
11.89 4.9664
11.9 3.7248
11.91 3.7248
11.92 6.208
11.93 6.208
11.94 4.9664
11.95 4.9664
11.96 4.9664
11.97 3.7248
11.98 6.208
11.99 6.208
12 4.9664
12.01 4.9664
12.02 3.7248
12.03 4.9664
12.04 6.208
12.05 6.208
12.06 4.9664
12.07 3.7248
12.08 4.9664
12.09 4.9664
12.1 6.208
12.11 4.9664
12.12 6.208
12.13 3.7248
12.14 3.7248
12.15 6.208
12.16 6.208
12.17 4.9664
12.18 3.7248
12.19 6.208
12.2 3.7248
12.21 6.208
12.22 6.208
12.23 4.9664
12.24 2.4832
12.25 3.7248
12.26 3.7248
12.27 3.7248
12.28 3.7248
12.29 4.9664
12.3 4.9664
12.31 4.9664
12.32 4.9664
12.33 4.9664
12.34 4.9664
12.35 4.9664
12.36 4.9664
12.37 4.9664
12.38 3.7248
12.39 4.9664
12.4 3.7248
12.41 4.9664
12.42 3.7248
12.43 4.9664
12.44 3.7248
12.45 4.9664
12.46 4.9664
12.47 4.9664
12.48 4.9664
12.49 4.9664
12.5 3.7248
12.51 4.9664
12.52 3.7248
12.53 4.9664
12.54 3.7248
12.55 3.7248
12.56 4.9664
12.57 4.9664
12.58 4.9664
12.59 4.9664
12.6 4.9664
12.61 4.9664
12.62 3.7248
12.63 3.7248
12.64 6.208
12.65 4.9664
12.66 6.208
12.67 4.9664
12.68 4.9664
12.69 4.9664
12.7 4.9664
12.71 4.9664
12.72 6.208
12.73 6.208
12.74 3.7248
12.75 4.9664
12.76 4.9664
12.77 4.9664
12.78 6.208
12.79 6.208
12.8 4.9664
12.81 4.9664
12.82 3.7248
12.83 4.9664
12.84 6.208
12.85 6.208
12.86 4.9664
12.87 4.9664
12.88 4.9664
12.89 4.9664
12.9 6.208
12.91 7.4496
12.92 6.208
12.93 4.9664
12.94 6.208
12.95 6.208
12.96 6.208
12.97 7.4496
12.98 7.4496
12.99 4.9664
13 4.9664
13.01 6.208
13.02 6.208
13.03 7.4496
13.04 7.4496
13.05 6.208
13.06 4.9664
13.07 6.208
13.08 4.9664
13.09 7.4496
13.1 7.4496
13.11 6.208
13.12 4.9664
13.13 6.208
13.14 6.208
13.15 6.208
13.16 7.4496
13.17 6.208
13.18 4.9664
13.19 6.208
13.2 6.208
13.21 6.208
13.22 7.4496
13.23 6.208
13.24 4.9664
13.25 6.208
13.26 6.208
13.27 6.208
13.28 3.7248
13.29 3.7248
13.3 1.2416
13.31 2.4832
13.32 2.4832
13.33 3.7248
13.34 2.4832
13.35 1.2416
13.36 2.4832
13.37 2.4832
13.38 2.4832
13.39 2.4832
13.4 2.4832
13.41 2.4832
13.42 2.4832
13.43 2.4832
13.44 2.4832
13.45 2.4832
13.46 1.2416
13.47 2.4832
13.48 2.4832
13.49 2.4832
13.5 2.4832
13.51 2.4832
13.52 1.2416
13.53 2.4832
13.54 2.4832
13.55 2.4832
13.56 2.4832
13.57 2.4832
13.58 1.2416
13.59 2.4832
13.6 2.4832
13.61 2.4832
13.62 2.4832
13.63 2.4832
13.64 1.2416
13.65 2.4832
13.66 2.4832
13.67 2.4832
13.68 1.2416
13.69 2.4832
13.7 2.4832
13.71 2.4832
13.72 1.2416
13.73 2.4832
13.74 2.4832
13.75 1.2416
13.76 2.4832
13.77 1.2416
13.78 0
13.79 1.2416
13.8 1.2416
13.81 2.4832
13.82 1.2416
13.83 1.2416
13.84 0
13.85 1.2416
13.86 1.2416
13.87 1.2416
13.88 1.2416
13.89 1.2416
13.9 1.2416
13.91 0
13.92 1.2416
13.93 1.2416
13.94 1.2416
13.95 1.2416
13.96 1.2416
13.97 1.2416
13.98 0
13.99 1.2416
14 1.2416
14.01 1.2416
14.02 1.2416
14.03 1.2416
14.04 1.2416
14.05 1.2416
14.06 0
14.07 1.2416
14.08 1.2416
14.09 1.2416
14.1 1.2416
14.11 1.2416
14.12 1.2416
14.13 0
14.14 1.2416
14.15 1.2416
14.16 1.2416
14.17 1.2416
14.18 1.2416
14.19 0
14.2 1.2416
14.21 1.2416
14.22 1.2416
14.23 1.2416
14.24 1.2416
14.25 1.2416
14.26 0
14.27 1.2416
14.28 1.2416
14.29 0
14.3 0
14.31 1.2416
14.32 4.9664
14.33 9.9328
14.34 12.416
14.35 12.416
14.36 11.1744
14.37 9.9328
14.38 11.1744
14.39 12.416
14.4 11.1744
14.41 12.416
14.42 11.1744
14.43 12.416
14.44 7.4496
14.45 11.1744
14.46 11.1744
14.47 12.416
14.48 11.1744
14.49 12.416
14.5 11.1744
14.51 12.416
14.52 11.1744
14.53 12.416
14.54 11.1744
14.55 12.416
14.56 11.1744
14.57 12.416
14.58 11.1744
14.59 12.416
14.6 12.416
14.61 11.1744
14.62 12.416
14.63 11.1744
14.64 12.416
14.65 11.1744
14.66 12.416
14.67 11.1744
14.68 12.416
14.69 11.1744
14.7 12.416
14.71 11.1744
14.72 12.416
14.73 11.1744
14.74 12.416
14.75 11.1744
14.76 12.416
14.77 11.1744
14.78 12.416
14.79 11.1744
14.8 12.416
14.81 11.1744
14.82 12.416
14.83 11.1744
14.84 12.416
14.85 11.1744
14.86 12.416
14.87 11.1744
14.88 12.416
14.89 11.1744
14.9 12.416
14.91 11.1744
14.92 12.416
14.93 12.416
14.94 11.1744
14.95 12.416
14.96 11.1744
14.97 12.416
14.98 11.1744
14.99 12.416
15 11.1744
15.01 12.416
15.02 11.1744
15.03 12.416
15.04 11.1744
15.05 12.416
15.06 11.1744
15.07 12.416
15.08 11.1744
15.09 12.416
15.1 11.1744
15.11 12.416
15.12 11.1744
15.13 8.6912
15.14 12.416
15.15 11.1744
15.16 12.416
15.17 11.1744
15.18 12.416
15.19 11.1744
15.2 12.416
15.21 9.9328
15.22 11.1744
15.23 11.1744
15.24 12.416
15.25 11.1744
15.26 12.416
15.27 11.1744
15.28 12.416
15.29 11.1744
15.3 12.416
15.31 11.1744
15.32 12.416
15.33 11.1744
15.34 12.416
15.35 11.1744
15.36 12.416
15.37 11.1744
15.38 12.416
15.39 11.1744
15.4 11.1744
15.41 12.416
15.42 9.9328
15.43 11.1744
15.44 11.1744
15.45 2.4832
15.46 3.7248
15.47 4.9664
15.48 8.6912
15.49 11.1744
15.5 11.1744
15.51 11.1744
15.52 12.416
15.53 11.1744
15.54 12.416
15.55 11.1744
15.56 12.416
15.57 11.1744
15.58 11.1744
15.59 11.1744
15.6 12.416
15.61 11.1744
15.62 12.416
15.63 11.1744
15.64 11.1744
15.65 12.416
15.66 11.1744
15.67 12.416
15.68 11.1744
15.69 11.1744
15.7 11.1744
15.71 11.1744
15.72 0
15.73 0
15.74 0
15.75 0
15.76 0
15.77 0
15.78 0
15.79 0
15.8 0
15.81 0
15.82 0
15.83 0
15.84 0
15.85 0
15.86 0
15.87 0
15.88 0
15.89 0
15.9 0
15.91 0
15.92 0
15.93 0
15.94 0
15.95 0
15.96 0
15.97 0
15.98 0
15.99 0
16 0
16.01 0
16.02 0
16.03 0
16.04 0
16.05 0
16.06 0
16.07 0
16.08 0
16.09 0
16.1 0
16.11 0
16.12 0
16.13 0
16.14 0
16.15 0
16.16 0
16.17 0
16.18 0
16.19 0
16.2 0
16.21 0
16.22 0
16.23 0
16.24 0
16.25 0
16.26 0
16.27 0
16.28 0
16.29 0
16.3 0
16.31 0
16.32 0
16.33 0
16.34 0
16.35 0
16.36 0
16.37 0
16.38 0
16.39 0
16.4 0
16.41 0
16.42 0
16.43 0
16.44 0
16.45 0
16.46 0
16.47 0
16.48 0
16.49 0
16.5 0
16.51 0
16.52 0
16.53 0
16.54 0
16.55 0
16.56 0
16.57 0
16.58 0
16.59 0
16.6 0
16.61 0
16.62 0
16.63 0
16.64 0
16.65 0
16.66 1.2416
16.67 2.4832
16.68 2.4832
16.69 2.4832
16.7 7.4496
16.71 7.4496
16.72 0
16.73 0
16.74 0
16.75 0
16.76 0
16.77 0
16.78 0
16.79 0
16.8 0
16.81 0
16.82 0
16.83 0
16.84 0
16.85 0
16.86 0
16.87 0
16.88 0
16.89 0
16.9 0
16.91 0
16.92 0
16.93 0
16.94 0
16.95 0
16.96 0
16.97 0
16.98 0
16.99 0
17 0
17.01 0
17.02 0
17.03 0
17.04 0
17.05 0
17.06 0
17.07 0
17.08 0
17.09 0
17.1 0
17.11 0
17.12 0
17.13 0
17.14 0
17.15 0
17.16 0
17.17 0
17.18 0
17.19 0
17.2 0
17.21 0
17.22 0
17.23 0
17.24 0
17.25 0
17.26 0
17.27 0
17.28 0
17.29 0
17.3 0
17.31 0
17.32 0
17.33 0
17.34 0
17.35 0
17.36 0
17.37 0
17.38 0
17.39 0
17.4 0
17.41 0
17.42 0
17.43 0
17.44 0
17.45 0
17.46 0
17.47 0
17.48 0
17.49 0
17.5 0
17.51 0
17.52 0
17.53 0
17.54 0
17.55 0
17.56 0
17.57 0
17.58 0
17.59 0
17.6 0
17.61 0
17.62 0
17.63 0
17.64 0
17.65 0
17.66 0
17.67 0
17.68 0
17.69 0
17.7 0
17.71 1.2416
17.72 3.7248
17.73 3.7248
17.74 9.9328
17.75 8.6912
17.76 0
17.77 0
17.78 0
17.79 0
17.8 0
17.81 0
17.82 0
17.83 0
17.84 0
17.85 0
17.86 0
17.87 0
17.88 0
17.89 0
17.9 0
17.91 0
17.92 0
17.93 0
17.94 0
17.95 0
17.96 0
17.97 0
17.98 0
17.99 0
18 0
18.01 0
18.02 0
18.03 0
18.04 0
18.05 0
18.06 0
18.07 0
18.08 0
18.09 0
18.1 0
18.11 0
18.12 0
18.13 0
18.14 0
18.15 0
18.16 0
18.17 0
18.18 0
18.19 0
18.2 0
18.21 0
18.22 0
18.23 0
18.24 0
18.25 0
18.26 0
18.27 0
18.28 0
18.29 0
18.3 0
18.31 0
18.32 0
18.33 0
18.34 0
18.35 0
18.36 0
18.37 0
18.38 0
18.39 0
18.4 0
18.41 0
18.42 0
18.43 0
18.44 0
18.45 0
18.46 0
18.47 0
18.48 0
18.49 0
18.5 0
18.51 0
18.52 0
18.53 0
18.54 0
18.55 0
18.56 0
18.57 0
18.58 0
18.59 0
18.6 0
18.61 0
18.62 0
18.63 0
18.64 0
18.65 0
18.66 0
18.67 0
18.68 0
18.69 0
18.7 0
18.71 0
18.72 0
18.73 0
18.74 0
18.75 1.2416
18.76 1.2416
18.77 3.7248
18.78 8.6912
18.79 11.1744
18.8 3.7248
18.81 0
18.82 0
18.83 0
18.84 0
18.85 0
18.86 0
18.87 0
18.88 0
18.89 0
18.9 0
18.91 0
18.92 0
18.93 0
18.94 0
18.95 0
18.96 0
18.97 0
18.98 0
18.99 0
19 0
19.01 0
19.02 0
19.03 0
19.04 0
19.05 0
19.06 0
19.07 0
19.08 0
19.09 0
19.1 0
19.11 0
19.12 0
19.13 0
19.14 0
19.15 0
19.16 0
19.17 0
19.18 0
19.19 0
19.2 0
19.21 0
19.22 0
19.23 0
19.24 0
19.25 0
19.26 0
19.27 0
19.28 0
19.29 0
19.3 0
19.31 0
19.32 0
19.33 0
19.34 0
19.35 0
19.36 0
19.37 0
19.38 0
19.39 0
19.4 0
19.41 0
19.42 0
19.43 0
19.44 0
19.45 0
19.46 0
19.47 0
19.48 0
19.49 0
19.5 0
19.51 0
19.52 0
19.53 0
19.54 0
19.55 0
19.56 0
19.57 0
19.58 0
19.59 0
19.6 0
19.61 0
19.62 0
19.63 0
19.64 0
19.65 0
19.66 0
19.67 0
19.68 0
19.69 0
19.7 0
19.71 0
19.72 0
19.73 0
19.74 0
19.75 0
19.76 0
19.77 0
19.78 0
19.79 0
19.8 1.2416
19.81 8.6912
19.82 11.1744
19.83 6.208
19.84 0
19.85 0
19.86 0
19.87 0
19.88 0
19.89 0
19.9 0
19.91 0
19.92 0
19.93 0
19.94 0
19.95 0
19.96 0
19.97 0
19.98 0
19.99 0
