175 5.39472
175.2 11.0502
175.4 10.6778
175.6 10.864
175.8 11.1123
176 10.4915
176.2 10.6778
176.4 10.4294
176.6 10.8019
176.8 10.9882
177 9.49824
177.2 9.49824
177.4 8.87744
177.6 9.74656
177.8 10.4294
178 9.24992
178.2 8.6912
178.4 8.56704
178.6 8.93952
178.8 9.87072
179 9.74656
179.2 9.0016
179.4 9.43616
179.6 7.57376
179.8 7.38752
180 7.88416
180.2 7.26336
180.4 9.312
180.6 7.26336
180.8 7.20128
181 8.31872
181.2 7.69792
181.4 7.63584
181.6 7.20128
181.8 6.8288
182 6.64256
182.2 7.01504
182.4 6.95296
182.6 7.26336
182.8 7.51168
183 7.63584
183.2 7.26336
183.4 6.27008
183.6 7.07712
183.8 7.01504
184 7.1392
184.2 7.82208
184.4 7.63584
184.6 6.70464
184.8 6.89088
185 6.70464
185.2 7.38752
185.4 7.4496
185.6 7.4496
185.8 6.58048
186 6.89088
186.2 7.01504
186.4 7.26336
186.6 6.95296
186.8 7.32544
187 6.64256
187.2 6.89088
187.4 6.95296
187.6 6.39424
187.8 7.63584
188 6.45632
188.2 5.83552
188.4 5.64928
188.6 5.8976
188.8 7.07712
189 6.208
189.2 6.76672
189.4 6.5184
189.6 5.40096
189.8 6.27008
190 6.08384
190.2 5.83552
190.4 6.02176
190.6 6.02176
190.8 6.02176
191 5.64928
191.2 5.5872
191.4 5.64928
191.6 5.77344
191.8 5.64928
192 5.71136
192.2 6.5184
192.4 6.14592
192.6 6.08384
192.8 5.95968
193 5.40096
193.2 5.46304
193.4 6.27008
193.6 6.58048
193.8 6.14592
194 5.71136
194.2 5.77344
194.4 5.52512
194.6 5.64928
194.8 6.70464
195 5.77344
195.2 5.77344
195.4 4.71808
195.6 6.33216
195.8 5.21472
196 5.2768
196.2 4.90432
196.4 5.2768
196.6 5.52512
196.8 6.02176
197 5.33888
197.2 5.2768
197.4 4.71808
197.6 5.64928
197.8 5.09056
198 6.208
198.2 5.09056
198.4 4.90432
198.6 5.02848
198.8 5.15264
199 5.2768
199.2 5.33888
199.4 5.33888
199.6 5.2768
199.8 4.9664
