0	0	0	0	0	0	0
1	0	0	1	0	0	0
2	15	0	195	0	0	0
3	463	442	0	0	0	360
4	0	681	91	0	0	694
5	1	2	1	0	0	781
6	1	0	51	0	0	817
7	2	0	118	0	0	834
8	0	6	164	0	0	876
9	2	1	188	0	0	913
10	1	9	207	0	0	945
11	0	0	236	0	0	967
12	0	0	281	0	0	994
13	0	0	308	0	0	1008
14	0	76	350	0	0	1018
15	0	98	383	0	0	1017
16	0	130	425	0	0	1019
17	0	159	455	0	0	0
18	0	190	494	0	0	1024
19	0	218	532	0	0	1021
20	4	247	0	0	0	0
21	0	277	601	0	0	1011
22	0	305	640	0	0	1006
23	0	0	680	0	0	997
24	0	362	716	0	0	994
25	0	389	745	0	0	990
26	1	419	0	0	0	0
27	1	0	811	0	0	977
28	1	471	821	0	0	969
29	3	487	533	0	0	0
30	1	0	541	0	0	1012
31	5	515	571	0	0	1024
32	0	0	0	0	0	0
33	0	544	625	0	1	1038
34	1	562	655	1	0	1044
35	2	581	685	0	0	0
36	0	598	0	0	0	1052
37	0	0	743	1	0	1050
38	4	638	0	0	0	1052
39	3	653	809	0	0	0
40	3	0	827	0	0	1051
41	0	694	543	0	0	1067
42	0	0	296	0	0	1077
43	0	721	0	0	0	1062
44	0	748	395	0	0	1043
45	0	778	434	0	0	1032
46	1	801	472	0	0	1024
47	0	822	512	0	0	1017
48	0	0	552	0	0	0
49	0	574	620	0	0	1010
50	0	480	621	0	0	1046
51	2	490	623	0	0	1077
52	0	491	641	0	0	1097
53	2	501	0	0	0	0
54	0	516	701	1	0	1116
55	0	529	730	0	0	1119
56	0	551	756	0	0	1114
57	2	566	797	1	0	1106
58	0	578	832	0	0	0
59	2	597	773	0	0	1087
60	3	0	342	0	0	1114
61	4	606	315	0	0	0
62	0	612	379	0	0	1102
63	0	625	410	0	0	1101
64	1	637	0	0	0	1096
65	0	0	0	0	0	1090
66	0	660	525	0	0	0
67	0	670	563	0	0	1079
68	0	684	0	0	0	1070
69	0	683	639	1	0	1061
70	1	696	665	0	0	1057
71	0	0	699	1	0	1052
72	0	0	748	0	0	1053
73	0	727	772	0	0	1043
74	0	734	792	0	0	1045
75	1	741	823	1	0	0
76	1	755	0	0	0	1018
77	0	779	651	0	0	1003
78	1	794	691	0	0	979
79	0	810	726	0	0	967
80	0	833	0	1	0	0
81	0	757	794	0	0	0
82	0	462	829	0	0	0
83	0	340	364	0	0	941
84	2	334	246	0	0	886
85	0	370	323	0	0	0
86	0	431	373	0	0	826
87	3	0	424	0	0	814
88	1	510	463	0	0	814
89	0	541	0	2	0	808
90	0	0	547	0	0	0
91	2	608	585	0	0	801
92	6	632	625	0	0	798
93	0	660	667	0	0	802
94	0	679	697	0	0	800
95	1	693	724	0	0	803
96	2	0	0	0	0	795
97	1	729	793	0	0	789
98	3	747	823	0	0	0
99	0	765	0	0	1	801
100	0	718	324	0	0	916
101	0	705	308	0	0	946
102	1	691	350	0	0	971
103	0	687	372	0	0	990
104	0	696	408	0	0	0
105	2	696	439	0	0	1013
106	3	704	479	0	0	1018
107	3	707	0	1	0	1027
108	0	718	544	0	0	1028
109	6	724	575	0	0	1026
110	1	736	605	0	0	1030
111	3	741	645	0	0	1026
112	0	748	675	0	0	1029
113	2	754	693	0	0	1029
114	0	0	742	0	0	1027
115	1	769	765	0	0	1028
116	2	780	0	0	0	1025
117	2	785	828	0	0	1028
118	1	795	791	1	0	1026
119	0	766	403	0	0	1132
120	1	718	0	0	0	0
121	1	677	362	1	0	1246
122	0	217	28	0	0	1023
123	3	133	172	0	0	0
124	0	0	281	0	0	813
125	6	230	326	0	0	0
126	0	299	0	0	0	742
127	0	351	456	0	0	715
128	2	403	510	0	0	700
129	2	0	552	0	0	683
130	1	0	596	0	0	673
131	3	534	631	1	0	670
132	2	567	673	0	0	664
133	0	601	0	0	0	663
134	1	633	0	0	0	660
135	2	663	783	0	0	659
136	0	696	0	0	0	659
137	0	726	816	0	0	661
138	2	731	359	0	0	715
139	1	712	350	0	0	775
140	1	691	369	0	0	818
141	4	676	394	0	0	855
142	2	671	425	1	0	0
143	1	664	450	2	0	896
144	0	0	476	1	0	0
145	0	668	510	0	0	931
146	4	0	544	0	1	943
147	1	681	563	0	0	0
148	0	688	600	0	0	953
149	0	0	639	0	0	960
150	4	708	661	0	0	957
151	4	713	0	1	0	956
152	0	0	721	0	0	957
153	1	0	761	0	0	961
154	2	0	789	1	0	964
155	1	757	813	1	0	957
156	2	770	787	0	0	0
157	0	0	425	0	1	1090
158	0	0	402	0	0	1188
159	0	628	398	0	0	1246
160	1	370	63	0	0	1125
161	1	0	103	0	0	0
162	2	324	0	0	0	838
163	5	377	305	0	0	762
164	3	0	385	0	0	709
165	2	534	0	0	0	662
166	1	0	515	1	0	632
167	0	654	568	0	0	605
168	0	705	611	0	0	587
169	1	746	0	0	1	576
170	2	777	704	0	0	0
171	2	796	739	0	0	565
172	0	0	777	0	0	562
173	3	738	0	0	0	562
174	3	0	828	0	0	599
175	1	414	636	0	0	659
176	0	399	627	0	0	743
177	0	408	626	0	0	784
178	0	415	642	0	0	819
179	0	430	666	0	1	836
180	0	445	0	0	0	855
181	0	468	717	0	0	865
182	0	487	744	0	0	875
183	0	0	763	0	0	881
184	1	535	0	0	1	889
185	0	0	823	0	0	891
186	3	585	745	0	0	900
187	0	617	550	0	0	0
188	0	0	564	0	0	830
189	0	682	613	1	0	816
190	0	706	655	0	0	796
191	2	730	697	0	1	783
192	0	756	0	0	0	770
193	1	0	796	0	0	756
194	0	803	830	0	1	737
195	0	827	565	0	0	0
196	0	775	313	0	0	869
197	0	743	321	0	0	926
198	0	722	341	0	0	969
199	3	708	365	0	0	0
200	0	708	387	0	0	1023
201	1	705	423	0	0	1034
202	0	705	449	0	0	0
203	0	713	482	0	0	1056
204	1	722	515	0	0	1065
205	0	735	554	0	0	1065
206	2	745	0	0	0	1065
207	2	753	0	0	0	1070
208	0	768	649	0	0	1071
209	0	779	0	0	0	0
210	0	0	705	0	0	1072
211	1	797	742	0	0	1077
212	3	812	767	0	0	1075
213	0	820	795	0	0	1076
214	1	826	0	0	0	1078
215	1	640	826	0	1	1098
216	0	537	0	0	0	1098
217	0	0	273	1	0	1073
218	3	579	317	1	0	1068
219	3	602	0	0	0	1060
220	0	627	397	0	0	1047
221	2	640	441	0	0	1034
222	1	659	0	1	0	1020
223	0	680	539	0	0	1013
224	0	691	587	1	0	993
225	0	711	0	0	0	0
226	0	728	653	0	0	971
227	3	741	699	0	0	962
228	0	0	739	0	0	948
229	1	779	770	0	0	933
230	2	788	0	0	0	924
231	2	802	829	0	0	911
232	2	823	384	0	0	929
233	0	810	0	0	0	953
234	0	809	363	0	0	962
235	0	813	0	0	0	0
236	4	812	439	0	0	967
237	0	822	479	0	0	962
238	0	830	519	0	0	961
239	1	684	542	0	0	967
240	0	610	0	1	0	1001
241	3	603	581	0	0	1044
242	0	586	602	0	0	1064
243	1	0	633	0	0	1073
244	0	585	648	0	0	1087
245	1	595	678	0	0	1095
246	0	597	704	0	0	1092
247	4	596	738	0	0	1092
248	0	615	769	0	0	1095
249	2	626	795	0	0	1085
