0	0	0	0	0	0	0	0	0	0	0	0	0	0	0	0	0	0	0	0	0	0	0	0	0	0	0	0	0	0	0	0	0	0	0	0	0	0	0	0	0	0	0	0	0	0	0	0	0	0	0	0	0	0	0	0	0	0	0	0	0
1	18798	11568	27474	27474	24582	18798	18798	23136	20244	20244	24582	13014	18798	27474	18798	23136	18798	24582	20244	8676	18798	13014	18798	24582	8676	20244	18798	18798	18798	18798	26028	13014	13014	18798	13014	18798	18798	18798	13014	17352	18798	13014	14460	18798	13014	13014	13014	18798	18798	18798	13014	13014	15906	8676	18798	20244	8676	21690	18798	18798
2	112788	92544	133032	134478	124356	104112	107004	118572	115680	114234	120018	99774	111342	122910	114234	118572	112788	121464	115680	66516	112788	92544	105558	120018	41934	101220	88206	99774	88206	102666	111342	63624	66516	86760	60732	89652	86760	89652	65070	75192	85314	69408	75192	88206	60732	60732	65070	98328	79530	79530	60732	60732	73746	41934	86760	101220	41934	105558	102666	98328
3	216900	196656	104961	106607	99739	120289	119869	118446	212562	211116	218346	196656	202440	123000	120004	216900	118494	218346	117803	163398	119311	187980	203886	112113	27474	60732	49248	54225	46272	54605	61589	35427	38319	46272	28920	49164	47039	50610	38319	45774	46272	36150	46995	48441	33258	36150	40488	56578	43380	43380	1446	31812	42657	20244	49887	49582	19839	219792	53502	58598
4	62515	63491	62845	63594	60679	62442	61523	54434	61954	62152	336918	58773	59379	62251	63040	60766	63106	62020	63073	62677	61664	62218	61232	1446	29658	62890	51504	56208	50118	57657	64331	13014	40476	49313	30392	51304	49313	52963	4338	47937	47768	2892	48851	50774	2892	38052	43222	58685	46212	45478	2892	34081	44463	22395	52155	2892	21936	341256	27999	61453
5	65197	66122	65543	66222	63441	64966	63755	2892	64013	64717	456936	61419	61894	64877	65540	62834	65695	64589	65509	64906	1446	64813	63481	8676	31691	65209	53706	58544	52378	60585	66936	20445	42572	51486	32570	53513	51526	55180	15906	50089	50050	8676	51166	52924	8676	40275	45465	60892	48398	47696	10122	36378	46686	24696	54400	8676	24281	462720	31691	64169
6	67765	68685	68095	68782	66074	67303	66130	10122	66411	67124	578400	63881	64243	67310	67972	65250	68152	67000	67912	67338	5784	67217	65896	27550	33723	67322	55739	60653	54386	63351	69443	23392	44569	53534	34429	55517	53573	57232	20498	52072	52114	20853	53183	54994	18290	42232	47424	62956	50405	49650	15973	38376	48682	26641	56415	24835	26258	582738	35051	66810
7	70266	71126	70556	71220	68639	69498	68333	28147	68665	69325	699864	66159	66448	69595	70234	67514	70437	69235	70147	69592	21690	69505	68167	29798	35638	69277	57632	62592	56179	65957	71888	26402	46611	55390	36363	57488	55501	59146	22161	54094	53981	22855	55094	56908	19824	43961	49303	64921	52339	51607	17709	40120	50677	28308	58250	26849	28021	704202	38168	69321
8	72654	73484	72962	73575	71053	71535	70438	30145	70788	71455	819882	68331	68521	71745	72371	69644	72595	71368	72259	71742	31965	71629	70307	31886	37289	71119	59430	64472	58060	68466	74192	29101	48438	57221	38037	59325	57365	60931	23880	55821	55822	24442	57041	58691	21537	45896	50996	66733	54082	53301	19612	42036	52519	30431	60129	28428	29888	825666	41148	71712
9	74968	75795	75265	75883	73414	73543	72484	32146	72822	73466	941346	70407	70533	73830	74415	71734	74695	73438	74303	73799	33980	73662	72413	33907	39186	72973	61207	66298	59809	70886	76451	31698	50115	58995	39793	61037	59065	62763	25889	57604	57641	26169	58715	60523	23303	47493	52823	68467	55846	55058	21147	43726	54144	31897	61853	30201	31840	945684	43875	74022
10	77236	78014	77504	78099	75674	75474	74444	34212	74833	75454	1062810	72454	72520	75832	76396	73707	76720	75427	76288	75775	35939	75643	74401	35812	40640	74681	62866	68016	61509	73224	78620	34035	51897	60649	41426	62767	60819	64446	27222	59193	59299	27788	60513	62169	24944	49285	54440	70249	57484	56718	22851	45491	55944	33856	63595	31940	33369	1067148	46489	76287
11	79402	80172	79662	80257	77872	77391	76316	36044	76804	77398	1182828	74442	74396	77764	78359	75632	78645	77371	78255	77735	37850	77634	76355	37675	42436	76382	64546	69726	63060	75490	80740	36449	53545	62258	43092	64418	62456	66117	28853	60875	60978	29530	62027	63838	26637	50773	56047	71873	59181	58401	24608	46965	57544	35296	65131	33588	35067	1187166	48999	78462
12	81517	82257	81767	82364	80030	79187	78178	38060	78648	79220	1304292	76341	76242	79662	80231	77520	80564	79246	80101	79607	39773	79480	78242	39764	43969	78034	66090	71321	64702	77695	82790	38659	55103	63892	44558	65966	63988	67720	30669	62445	62512	30905	63700	65404	28230	52299	57644	73421	60693	59970	26005	48739	59064	36793	66781	35158	36855	1308630	51347	80588
13	83592	84305	83810	84407	82095	81010	80024	39712	80517	81092	1424310	78202	78081	81492	82064	79366	82439	81117	81914	81439	41606	81317	80088	41448	45361	79594	67634	72916	66241	79853	84792	40695	56690	65395	46018	67544	65581	69220	32061	63849	64106	32542	65300	66892	29806	53929	59197	75032	62202	61500	27634	50281	60682	38500	68303	36661	38181	1430094	53594	82638
14	85562	86273	85778	86375	84149	82735	81765	41498	82292	82842	1545774	80048	79823	83342	83879	81157	84239	82892	83711	83264	43313	83142	81901	43161	46797	81126	69104	74484	67720	81900	86760	42780	58269	66883	47524	69044	67131	70715	33455	65384	65571	33917	66790	68440	31169	55401	60675	76544	63710	62919	29029	51659	62224	40083	69800	38374	39671	1550112	55705	84646
15	87536	88195	87743	88316	86117	84452	83515	43257	84026	84578	1667238	81788	81521	85058	85607	82907	86015	84650	85439	84983	45184	84842	83651	44993	48276	82626	70603	75976	69190	83914	88662	44811	59739	68312	48978	70545	68582	72219	35031	66810	67059	35473	68192	69903	32602	56908	62053	78034	65150	64373	30427	53079	63635	41554	71250	39754	41208	1671576	57743	86614
16	89422	90104	89629	90202	88045	86108	85176	44947	85754	86258	1787256	83563	83221	86810	87327	84617	87741	86354	87166	86711	46715	86594	85379	46577	49713	84107	72024	77434	70599	85810	90571	46622	61100	69751	50351	71966	70012	73675	36424	68241	68512	36961	69572	71353	33974	58306	63437	79464	66582	65799	31828	54461	65075	42927	72624	41088	42691	1793040	59678	88522
17	91313	91944	91511	92059	89954	87761	86856	46533	87421	87927	1908720	85222	84846	88456	89006	86297	89420	88019	88799	88385	48454	88249	87035	48276	51107	85547	73427	41780	72020	87705	55883	21881	62465	64730	51727	73343	37510	63747	37821	69651	69944	21277	67069	72751	24916	43750	64813	80876	67960	67194	33234	31234	66479	44351	74024	39042	44167	62178	28992	42994
18	93139	93792	93337	93885	91822	89279	88409	48233	88985	89491	2030184	86854	86406	90043	90570	87850	91047	89583	90386	89926	50048	89813	88626	50043	52814	87200	75092	39162	73591	89614	46526	24230	30609	35004	53379	74957	34723	36522	39589	71335	71597	18517	35004	74403	17049	28925	66504	82476	69640	68883	34879	27656	68011	45728	75695	20460	45822	64362	31599	45611
19	94965	95592	95158	95681	93648	90843	89950	49755	90572	91049	2150202	88430	87931	91643	92147	89414	92609	91181	91949	91509	51512	91401	90213	51427	54355	88925	76712	40872	75304	91519	49286	26917	32326	36626	54944	76685	36472	38133	41079	72902	73267	20137	36795	76060	18796	30737	68185	84203	71208	70477	36449	29192	69808	47592	77450	22313	47377	66966	34429	48425
20	96712	97335	96922	97445	95476	92342	91488	51187	92105	92589	2271666	89971	89472	93183	93687	90998	94171	92699	93489	93049	53092	92919	91784	52892	56038	90604	78378	42511	76870	93345	52020	29638	33833	38232	56574	78274	37922	39833	42662	74554	74965	21826	38232	77724	20084	32319	69685	85787	72835	72072	37955	30650	71403	49255	78958	23848	49216	69472	37209	51205
21	98476	99099	98665	99188	97219	93816	92984	52775	93601	94107	2393130	91508	90987	94723	95219	92516	95702	94239	95007	94611	54626	94459	93302	54469	57599	92158	79938	44088	78400	95166	54728	32193	35451	39825	58050	79808	39528	41314	44374	76125	76477	23123	39877	79258	21684	33703	71252	87361	74459	73669	39716	32364	72828	50662	80540	25207	50665	71887	39949	53916
22	100188	100782	100368	100867	98962	95300	94480	54241	95137	95578	2513148	93026	92439	96208	96710	94012	97193	95725	96479	96080	56228	95935	94820	55964	59153	93698	81382	45657	79908	96930	57340	34676	36996	41306	59591	81332	41021	42793	45886	77630	77995	24860	41406	80753	23081	35090	72766	88879	75898	75136	41051	33991	74368	52111	82040	26961	52074	74219	42659	56572
23	101848	102442	102048	102547	100671	96749	95955	55779	96586	97048	2634612	94544	93913	97699	98180	95466	98705	97195	97949	97550	57640	97405	96280	57527	60530	95230	82882	47127	81403	98673	59911	37103	38480	42737	61092	82807	42556	44219	47263	79060	79451	26244	42881	82203	24652	36538	74250	90397	77329	76594	42439	35486	75864	53598	83540	28317	53561	76477	45248	59134
24	103528	104122	103708	104207	102331	98177	97383	57311	98035	98497	2756076	96037	95351	99190	99667	96915	100187	98644	99419	99020	59018	98875	97750	59013	61912	96679	84305	48555	82828	100376	62367	39539	39856	44118	62490	84233	43990	45692	48645	80463	80914	27634	44306	83653	26128	37931	75643	91828	78738	78004	43784	36861	77322	55043	84960	29678	55007	78645	47782	61630
25	105156	105721	105327	105801	103991	99604	98811	58733	99505	99928	2876094	97486	96758	100628	101087	98364	101627	100108	100827	100467	60399	100328	99220	60394	63298	98107	85697	49981	84229	102056	64734	41880	41236	45505	63861	85625	45381	47118	50026	81838	82314	29029	45685	85045	27449	39326	77047	93236	80116	79382	45179	38241	78705	56449	86352	31047	56451	80789	50187	64019
26	106733	107298	106923	107397	105615	100984	100228	60122	100908	101308	2996112	98935	98144	102048	102507	99802	103067	101508	102227	101867	61818	101728	100637	61780	64676	99514	87065	51406	85573	103716	67047	44000	42620	46847	65173	87017	46728	48461	51410	83238	83687	30427	47067	86389	28708	40672	78388	94600	81453	80722	46534	39625	80057	57783	87719	32358	57821	82839	52521	66355
27	108329	108894	108500	108974	107192	102344	101588	61516	102288	102708	3116130	100326	99551	103448	103907	101182	104507	102908	103647	103267	63237	103128	102037	63166	66061	100837	88379	52715	86893	105335	69280	46158	43958	48153	66419	88333	48037	49725	52797	84526	85007	31828	48368	87731	29914	42074	79662	95923	82828	82047	47933	41014	81346	59052	89030	33741	59089	84863	54792	68581
28	109906	110449	110076	110525	108769	103704	102968	62902	103688	104108	3236148	101706	100872	104852	105288	102562	105877	104308	105022	104661	64617	104528	103417	64548	67332	102177	89690	54031	88168	106931	71440	48260	45212	49424	67713	89621	49269	51038	54148	85798	86303	33171	49634	89019	31339	43479	80967	97204	84133	83397	49294	42256	82621	60432	90295	35067	60434	86831	56970	70736
29	111408	111925	111570	112019	110331	105039	104328	64260	105042	105441	3356166	103086	102212	106182	106618	103922	107245	105650	106352	105991	65973	105859	104785	65937	68596	103477	91042	55316	89433	108508	73507	50274	46478	50704	68973	90932	50553	52356	55319	87046	87626	34218	50868	90376	32574	44837	82217	98485	85381	84631	50372	43465	83910	61850	91576	36288	61720	88730	59101	72828
30	112884	113419	113046	113513	111825	106331	105650	65565	106372	106752	3476184	104466	103532	107512	107967	105246	108594	106980	107682	107321	67337	107189	106096	67332	69735	104766	92230	56645	90744	110084	75520	52252	47749	51952	70158	92186	51804	53681	56466	88246	88914	35585	52112	91632	33825	46021	83517	99797	86581	85807	51748	44593	85278	63170	92786	37524	63106	90639	61126	74865
31	114378	114913	114540	114989	113301	107604	106942	66836	107683	108063	3596202	105781	104875	108842	109297	106557	109962	108310	109031	108670	68721	108519	107426	68596	70924	106001	93440	57869	91962	111578	77490	54226	48904	53170	71492	93418	52986	54897	57728	89465	90156	36958	53287	92798	35207	47043	84698	101017	87823	87103	52854	45872	86478	64232	94106	38774	64426	92455	63117	76836
32	115872	116394	116034	116466	114795	108915	108234	68086	108994	109374	3716220	107092	106129	110184	110615	107887	111245	109621	110345	110000	70117	109849	108737	69851	72281	107236	94650	59065	93106	113072	79362	39187	50155	54360	72549	94606	54333	56048	58998	90753	91333	38065	54626	94030	36195	48387	85874	102217	89065	88300	54242	47294	87632	65352	95262	39931	65478	94281	65077	72765
33	117300	117805	117453	117877	116282	110181	109507	69376	110292	110652	3834792	108384	107364	111426	111857	109198	112505	110904	111587	111281	71306	111102	110048	71069	35002	108490	95907	28417	44918	114566	81378	27656	23316	55636	73809	95823	25551	26188	60278	91926	92543	39297	26108	95273	17001	49695	41311	103437	90261	89519	55299	48418	88805	66747	96480	41358	66718	46626	67163	39056
34	118711	119216	118864	119288	117693	111405	110760	70576	111534	111858	3953364	109657	108637	112704	113117	110449	113765	112146	112829	112505	72510	112362	111309	72309	36339	109934	97272	29845	46235	116078	83453	30034	24704	56992	75136	97188	26900	27581	61667	93268	93929	40644	27505	96638	18302	51050	42694	104842	91610	90876	56664	49767	90185	68150	97845	42739	68122	49088	69693	41575
35	120122	120627	120292	120716	119121	112593	111966	71881	112758	113082	4071936	110902	109872	113946	114377	111655	115061	113370	114053	113747	73798	113604	112533	73541	37629	111273	98637	31140	47561	117494	85477	32428	25937	58318	76405	98574	28258	28906	62954	94588	95324	41998	28762	97982	19516	52368	43982	106153	92908	92176	58032	51118	91537	69560	99231	44120	69472	51592	72101	44041
36	121550	122055	121703	122127	120532	113799	113172	73177	113982	114342	4187616	112144	111070	115188	115601	112861	116313	114594	115295	114989	74964	114810	113757	74932	38877	112605	99982	32447	48846	118905	87455	34776	27267	59578	77744	99902	29482	30241	64183	95890	96647	43260	30034	99347	20759	53616	45327	107483	94206	93474	59364	52395	92879	70870	100528	45416	70814	53942	74425	46467
37	122961	123439	123108	123507	121943	115023	114396	74297	115224	115548	4303296	113368	112258	116433	116823	114121	117503	115854	116551	116228	76341	116052	114999	76039	40084	113901	101202	33765	50222	120333	89364	37029	28462	60875	79122	101202	30792	31519	65398	97150	97949	44673	31321	100618	22120	54718	46588	108794	95525	94772	60531	53604	94243	72059	101788	46585	72203	56376	76648	48851
38	124292	124767	124452	124851	123349	116243	115620	75499	116467	116739	4417530	114592	113464	117606	118030	115345	118710	117079	117724	117418	77474	117266	116220	77227	41355	115197	102442	35031	51481	121744	91280	39257	29747	62115	80318	102442	31918	32747	66731	98473	99251	46040	32428	101838	23313	56059	47814	110067	96743	96024	61880	54897	95456	73209	103068	47768	73519	58598	78836	51206
39	125636	126111	125780	126179	124677	117365	116807	76741	117623	117929	4531764	115834	114634	118813	119220	116547	119934	118235	118880	118608	78670	118439	117427	78379	42688	116475	103662	36310	52632	123146	93106	41464	30845	63336	81472	103642	33256	33930	68015	99686	100447	47194	33747	103058	24618	57440	48967	111309	98003	97263	63068	56270	96611	74469	104268	49174	74695	60841	80947	53417
40	126964	127439	127108	127507	126005	118538	117963	77963	118779	119085	4643106	117009	115840	120003	120393	117686	121124	119408	120087	119764	79814	119612	118600	79731	43835	117682	104942	37491	53798	124490	94932	43608	32164	64585	82647	104885	34421	35073	69305	100826	101627	48449	34896	104278	25774	58613	50176	112479	99179	98460	64261	57393	97829	75854	105517	50337	75802	63072	83022	55612
41	128292	128767	128436	128835	127333	119694	119119	79055	119969	120258	4754448	118182	116997	121176	121583	118876	122331	120615	121277	120988	81088	120802	119756	80808	44907	118872	106082	38689	55052	125818	96680	45692	33368	65787	83935	106082	35549	36351	70334	102006	102867	49546	36180	105508	26958	59593	51397	113703	100358	99653	65349	58533	99131	76961	106657	51674	77044	65193	85039	57761
42	129620	130095	129764	130163	128661	120833	120292	80225	121159	121448	4864344	119355	118119	122417	122807	120049	123507	121788	122433	122178	82163	121992	120963	81883	46179	120062	107222	39849	56236	127146	98423	47687	34469	66903	85015	107222	36641	37475	71523	103226	104067	50864	37197	106629	28092	60958	52472	114873	101518	100793	66651	59758	100212	78019	107835	52664	78359	67213	87007	59833
43	130932	131377	131067	131441	129989	121989	121448	81483	122315	122604	4974240	120511	119258	123540	123907	121188	124659	122961	123587	123299	83313	123156	122119	83258	47286	121252	108400	40978	57324	128490	100118	49599	35595	68091	86119	108343	37865	38565	72803	104346	105174	52068	38403	107769	29324	62096	53642	116043	102658	101953	67727	60982	101312	79345	108975	53829	79373	69201	88921	61829
44	132177	132622	132312	132686	131278	123153	122587	82533	123460	123732	5081244	121701	120380	124644	125027	122395	125795	124084	124707	124451	84574	124292	123275	84258	48281	122425	109540	42123	58501	129818	101778	51478	36798	69201	87288	109559	38944	39781	73755	105420	106333	53049	39573	108947	30573	63086	54782	117189	103778	103073	68807	61955	102532	80411	110130	55193	80514	71132	90807	63796
45	133422	133867	133557	133931	132523	124225	123716	83682	124580	124836	5189694	122874	121519	125828	126163	123503	126931	125204	125811	125555	85630	125396	124427	85338	49508	123531	110647	43287	59551	131118	85968	43419	37688	70262	88369	110647	40046	40810	74922	106560	107435	54242	40555	110067	31642	64407	55825	118277	104938	104213	69910	63242	103592	81437	111210	56155	81764	73070	92638	65736
46	134682	135112	134817	135191	133768	105526	114596	66227	125668	125940	5295252	110121	99657	116046	97979	124591	128083	96403	126947	126659	73083	96403	109305	86610	23136	60043	111799	44327	51518	132378	50830	26062	17827	71451	89542	111745	32487	18798	76137	62255	108556	55336	35765	108450	32739	65335	26267	119399	106002	105275	59373	64366	50051	82737	51542	57317	45525	75099	45515	32075
47	135927	136372	136062	136436	135028	61004	61072	41099	61523	127188	62743	60315	59843	61688	61886	60834	62211	62051	60766	61523	41959	62051	61038	87989	23136	28709	113149	21151	29140	133623	53868	29575	19181	34286	90988	54491	19772	20086	77668	52803	110038	26893	19772	53885	34348	31487	27731	58020	51893	106719	33876	31042	51595	40488	55505	27593	40603	77340	48804	35690
48	137187	137632	137322	137696	136288	63197	63263	43162	63563	128516	65002	62627	62004	63947	64139	62999	64486	64235	62999	63787	44170	64235	63329	89898	2892	30601	114661	23037	31073	134883	56958	33464	21147	36284	92836	56504	21782	21972	79566	54724	111533	28834	21686	55765	36172	33283	29686	59667	53771	108315	35783	32925	53523	42486	57333	29487	42449	79528	52201	39862
49	138432	138877	138567	138956	137533	65314	65408	45316	65665	129844	67152	64826	64094	66161	66285	65186	66683	66347	65186	65975	46365	66347	65501	91790	7230	32383	116155	24948	33018	136143	59891	36830	23033	38070	94640	58229	23440	23705	81399	56689	113045	30514	23440	57586	38071	35104	31387	61506	55802	109892	37647	34585	55231	44252	59209	31332	44311	81638	55385	43395
50	139673	140088	139799	140148	138793	67330	67454	47370	67733	131157	69232	66920	66117	68243	68393	67268	68808	68423	67237	68063	48459	68423	67604	93616	12610	34192	117567	26641	34614	137388	62612	39806	24692	39773	96360	60041	25071	25483	83199	58303	114539	32364	25071	59420	39774	36779	33062	63354	57334	111395	39317	36454	57174	45995	60993	33073	46230	83710	58326	46483
51	140849	141264	140975	141324	140010	69254	69434	49336	69800	132402	71249	69008	68080	70264	70409	69254	70839	70496	69224	70061	50422	70496	69644	95424	14026	35966	118995	28308	36424	138648	65259	42475	26402	41506	98019	61734	26837	27145	84873	60113	116033	33991	26837	61062	41457	38540	34716	64955	59175	112907	41021	38015	58705	47675	62658	34726	47814	85726	61121	49329
52	142011	142426	142151	142500	141172	71125	71299	51428	71743	133662	73211	70974	69932	72204	72372	71212	72787	72428	71154	72033	52394	72428	71589	97167	15849	37601	120406	29949	37821	139874	67763	45030	27784	43121	99653	63480	28417	28781	86529	61606	117469	35660	28417	62725	42978	40018	36408	66704	60688	114401	42605	39773	60435	49336	64312	36361	49513	87694	63761	51861
53	143187	143602	143313	143662	142348	72951	73259	53322	73576	134922	75127	72861	71846	74080	74220	73147	74718	74276	73091	73968	54288	74248	73455	98910	17115	39220	121817	31570	39379	141036	70177	47316	29596	44632	101173	64856	29984	30397	88118	63157	118880	37309	29915	64345	44679	41592	37805	68349	62230	115877	44131	41256	62051	50823	65957	38143	51117	89603	66198	54311
54	144363	144778	144489	144838	143524	74795	75038	55077	75398	136167	76963	74708	73619	75992	76073	74957	76608	76100	74903	75776	56195	76100	75308	100582	18635	40774	123231	33112	41079	142212	72428	49536	31236	46270	102713	66484	31538	31801	89682	64732	120291	38673	31538	65865	46091	43203	39363	69786	63865	117304	45653	42737	63467	52386	67414	39531	52628	91486	68489	56585
55	145525	145940	145651	146014	144686	76469	76766	56952	77234	137427	78749	76571	75331	77736	77866	76766	78381	77918	76712	77554	57932	77892	77117	102242	19934	42417	124543	34583	42613	143388	74584	51658	32602	47723	104193	68016	33018	33393	91166	66240	121685	40249	32892	67353	47638	44711	40861	71265	65369	118698	47168	44259	64971	53862	68886	41074	54098	93290	70705	58727
56	146701	147116	146827	147176	145862	78222	78508	58629	78932	138687	80489	78294	77086	79504	79608	78482	80201	79660	78378	79296	59757	79608	78846	103882	21348	43763	125871	36053	43951	144550	76640	53662	34035	49130	105636	69486	34494	34734	92618	67719	123091	41764	34314	68767	49089	46078	42256	72750	66826	120092	48639	45775	66440	55299	70335	42510	55566	95092	72798	60796
57	147877	148278	148003	148352	147038	79886	80250	60395	80640	139897	82189	80062	78790	81190	81290	80224	81860	81340	80094	80990	61355	81315	80557	105493	22673	45159	127183	37518	45343	145726	78620	55585	35469	50540	107004	70944	35850	36139	94048	69129	124403	43177	35792	70220	50500	47451	43655	74206	68227	121486	50020	47155	67883	56736	71785	43899	57032	96814	74837	62797
58	149039	149447	149165	149503	148200	81457	81832	61913	82315	141073	83879	81726	80376	82915	82990	81857	83585	83015	81732	82665	63076	82990	82257	107051	24100	46603	128495	38876	46691	146888	80540	57447	36846	51872	108372	72328	37213	37491	95438	70511	125715	44547	37157	71612	51833	48825	45007	75573	69607	122897	51364	48540	69263	58104	73140	45292	58427	81668	76781	64703
59	150154	150539	150271	150595	149375	83082	83457	63621	83928	142249	85463	83376	81978	84504	84600	83482	85172	84648	83382	84312	64589	84600	83873	108628	25444	48043	129823	40239	48086	148064	82465	59390	38227	24292	109759	73700	38635	38902	46362	71874	127043	21066	38527	72973	53209	50201	46367	76977	70974	60111	52713	49925	33444	59469	74540	46686	59825	48125	78730	66676
60	151246	151618	151363	151687	150467	84665	85049	65253	85512	143411	87071	84971	83603	86112	86184	85073	86828	86232	84929	85848	66225	86208	85457	110197	26876	49485	131137	41854	49485	149240	84504	61441	39820	25789	111179	75220	40005	40366	47811	73282	128387	22409	39953	74485	54626	51581	47816	78477	72441	61131	54181	51432	34962	60973	76003	48296	61389	50227	80870	68801
61	152325	152710	152442	152779	151546	86129	86561	66651	87120	144587	88638	86555	85045	87719	87788	86633	88405	87834	86513	87466	67825	87811	87089	111673	28382	51050	132382	43311	50887	150327	86496	63454	41351	27203	112583	76651	41379	41779	49258	74682	129715	23850	41329	75977	56006	52964	49263	79985	73841	62627	55536	52897	36415	62441	77487	49816	62878	52246	82920	70861
62	153417	153802	153534	153858	152638	87666	88080	68267	88616	145749	90179	88143	86581	89237	89283	88195	89946	89329	88034	89007	69445	89306	88563	113167	29811	52485	133642	44722	52250	151419	88409	65342	42732	28546	113987	78033	42855	43239	50665	76059	131021	25373	42711	77408	57460	54349	50670	81427	75221	64026	56931	54322	37812	63845	78891	51205	64269	54297	84893	72808
63	154509	154881	154626	154950	153717	89138	89598	69794	90134	146925	91685	89684	88076	90755	90801	89713	91462	90870	89552	90548	70846	90824	90104	114661	31174	53920	134902	46178	53654	152511	90295	67264	31361	29898	103684	79411	44280	44653	52034	77436	132281	26653	44092	78788	52435	55736	52038	82827	76625	65432	58328	44754	39211	65253	80295	52558	62178	56167	86837	45972
64	155588	155973	155705	156029	154809	90610	91086	71273	91620	148101	93159	91190	89548	92236	92280	91196	92958	92324	91042	91994	72346	92280	91592	116137	14623	55467	136147	47721	26035	153590	92170	69400	21444	31323	56300	80900	45976	46156	53600	37707	62677	28097	45841	38198	27850	57233	53643	84348	78034	30774	27850	26970	40613	66713	81825	54144	31815	27581	88758	37085
65	156680	157065	156797	157121	155901	92032	92516	72758	93050	149263	94633	92620	91016	93710	93754	92648	94454	93798	92494	93424	73774	93754	93044	117550	15989	57296	137407	49507	27813	154682	93996	71817	23127	33064	57962	82725	47613	47914	55267	39533	64586	29750	47527	39896	29658	59112	55308	86100	79828	32289	29518	28690	42360	68447	83575	55981	33593	30034	90667	39677
66	157759	158144	157876	158213	156980	93440	93946	74214	94502	150362	96059	94072	92402	95157	95178	94078	95888	95241	93902	94854	75211	95199	94518	118944	17840	58998	138667	51271	29411	155774	95787	74151	24864	34717	59611	84346	49401	49611	57065	41076	66129	31513	49275	41625	31229	60660	56997	87822	81451	34163	31162	30378	44037	70200	85234	57652	35222	32428	92526	42207
67	60732	102846	61954	159292	102846	94848	44312	75608	95892	151454	97466	57301	93788	96543	96585	95508	79373	96627	95319	96249	76642	54948	95928	120355	19409	60652	139878	52935	31194	156853	97551	76384	26248	36352	61349	86026	51050	51250	58564	42756	67882	33120	50846	43187	32849	62269	58568	89478	83101	35533	32723	31977	45698	71824	86914	59309	36891	34896	94352	44547
68	63565	63562	63661	160384	63562	96369	46280	77039	97467	152533	99041	46802	95357	98139	98160	47113	48125	98202	96852	97824	78232	47596	97503	121766	20759	62393	141054	54473	32562	157945	99294	78556	28086	37861	62839	87636	52407	52836	60196	44324	69562	34591	52329	44787	34394	63903	60166	91081	84683	37131	34273	33561	47256	73318	88418	60852	38486	37029	96127	46942
69	66039	66036	66163	161428	66005	97923	47905	78718	99126	153625	100687	48668	96911	99808	99828	48796	49607	99868	98490	99504	79844	49300	99162	123167	22120	63863	142216	56079	33935	159037	100968	80728	29740	39417	64199	89108	53996	54414	61753	45838	70988	36175	53882	46377	35812	65405	61592	92599	86219	38610	35754	34955	48849	74879	89936	62455	39966	39257	97891	49179
70	68425	68422	68605	162424	68362	99519	49434	80382	100728	154717	102267	50212	98507	101388	101388	50296	51406	101448	100102	101088	81442	50911	100762	124511	23668	65367	143392	57567	35549	160116	102648	82778	31106	40760	65630	90603	55615	55874	63238	47216	72427	37690	55467	47824	37289	66769	63077	94095	87706	40241	37177	36465	50225	76364	91453	63891	41392	41464	99631	51398
71	70788	70785	71020	163432	70669	101042	51001	81859	102288	155796	103867	51712	100078	102988	102968	51874	52988	103028	101642	102648	83067	52391	102342	125839	25203	66793	144568	59087	37034	161180	104308	84805	32542	42257	67056	92025	57008	57368	64714	48642	73883	39093	56936	49271	38708	68201	64526	95546	89086	41706	38600	37805	51644	77808	92883	65363	42867	43561	101291	53526
72	73074	73071	73326	164440	72931	102542	52476	83409	103828	156888	105402	53404	101578	104548	104528	53444	54411	104567	103162	104208	84650	54019	103882	127167	26569	68225	145730	60534	38462	162188	105897	86773	33917	43656	68449	93455	58438	58788	66129	50023	75316	40499	58298	50719	40076	69581	65916	96953	90489	43073	39972	39257	53025	79186	94291	66789	44245	45647	102971	55567
73	75319	75289	75589	165436	75154	104042	53988	84931	105327	157980	106884	54930	103058	106030	106011	55007	55908	106049	104695	105707	86114	55526	105398	128511	27869	69635	146906	61916	39786	163184	107493	88674	35296	45008	69796	94841	59802	60176	67522	51407	76693	41859	59698	52086	41398	70948	67280	98339	91872	44494	41298	40555	54409	80584	95670	68191	45628	47601	104627	57573
74	77478	77475	77816	166444	77287	105493	55459	86443	106809	159059	108385	56413	104518	107531	107493	56451	57509	107531	106139	107189	87605	56993	106880	129839	29111	71001	148068	63302	41069	164192	109070	90560	36680	46278	71159	96174	61128	61535	68812	52716	78047	43172	61060	53417	42777	72332	68546	99718	93192	45730	42681	41962	55758	81909	96993	69541	47011	49473	106204	59548
75	79584	79581	79948	167440	79373	106899	56928	87898	108253	160151	109867	57856	105926	108994	108956	57893	58995	108994	107583	108652	89031	58424	108343	131137	30437	72355	149230	33101	29210	165188	52818	92402	38068	47688	72564	97518	29135	62822	70176	54070	67343	44543	29135	54715	44063	34704	69861	101018	94512	46979	43922	33958	57147	83234	98316	70881	30160	51438	55880	27474
76	81667	81639	82042	168448	81439	108286	58326	89301	109697	161212	111245	59263	107313	110436	110382	59299	60445	110418	109008	110094	90457	59856	109768	132397	31968	73923	150331	31770	19982	166196	55154	94228	39459	49138	73964	99009	30596	64343	71684	55465	38630	46003	30596	56204	45544	35822	71340	102518	95986	48540	45407	20460	58573	84715	99816	72436	23590	53795	54040	1446
77	83762	83735	84098	169456	83514	109654	59691	90704	111048	162208	112595	60637	108681	111786	111732	60672	61829	111768	110377	111444	91841	61216	111133	133627	33615	75516	151410	33240	21493	167204	57639	96029	40902	50712	75394	100496	32056	65801	73099	56934	40104	47466	32056	57653	47017	37242	72879	104058	97414	50048	46885	21936	60103	86155	101296	74032	25129	56270	56617	8676
78	85754	85727	86114	170452	85511	110971	60985	92033	112380	163216	113963	62016	110049	113136	113082	62050	63215	113118	111709	112776	93183	62578	112483	134887	35183	76974	152502	34765	22992	168200	60160	97772	42491	52119	76852	101956	33450	67258	74499	58366	41625	48839	33512	59065	48491	38663	74335	105508	98863	51432	48319	23318	61564	87622	102756	75405	26578	58778	59178	16360
79	87720	87695	88065	171460	87488	112267	62354	93375	113730	164212	115331	63401	111363	114504	114450	63402	64532	114486	113041	114126	94569	63882	113833	136132	36628	78422	153581	36169	24483	169208	62543	99515	43975	53527	78252	103376	34849	68675	75910	59800	43043	50215	34849	60479	49879	40032	75725	106914	100277	52819	49671	24706	62950	89025	104196	76863	27952	61152	61639	18517
80	89652	89627	89974	172468	89420	113581	63633	94717	115080	165220	116670	64745	112641	115872	115800	64714	65891	115854	114391	115476	95872	65258	115201	137377	37962	79826	154673	37520	25727	170216	64904	101198	45366	54898	79604	104765	36249	70044	77287	61126	44417	51595	36249	61862	51267	41405	77102	108301	101617	54208	51027	26019	64339	90405	105544	78237	29260	63534	64028	20849
81	91533	91509	91863	173464	91311	114877	64945	95992	116433	166216	117962	66097	113937	117181	117096	66067	67162	117164	115723	116790	97195	66594	116530	138622	39144	81199	155765	38878	27145	171212	67212	102858	46669	56234	80911	106095	37652	71407	78619	62457	45747	52977	37597	63182	52541	42688	78389	109669	102957	55562	52346	27344	65673	91725	106855	79615	30647	65823	66364	22851
82	93359	93335	93689	174453	93137	116190	66260	97273	117691	167212	119271	67430	115233	118456	118371	67338	68402	118439	117006	118065	98560	67882	117822	139836	40242	82524	156844	40241	28344	172220	69440	104518	47893	57466	82286	107387	39057	72691	80023	63765	47039	54362	38845	64564	53785	44023	79637	110967	104317	56812	53671	28609	66944	93045	108147	80971	31909	68066	68649	25110
83	95200	95177	95494	175377	94985	117414	67529	98554	118966	168208	120546	68751	116543	119748	119663	68602	69662	119714	118264	119357	99868	69142	119097	140998	41557	83889	157910	41506	29565	173228	71624	106116	49255	58709	83636	108679	40261	74035	81314	65077	48297	55712	40105	65891	55076	45275	80968	112227	105564	58000	54887	29888	68191	94299	109439	82296	33059	70209	70859	27179
84	96943	96920	97258	176290	96731	118655	68789	99903	120224	169192	121838	70030	117767	121023	120938	69857	71027	120989	119522	120632	101088	70350	120355	142160	42930	85089	158976	42689	30737	174224	73713	107693	50662	60031	84813	109971	41476	75300	82539	66357	49481	56958	41376	67162	56408	46449	82218	113469	106780	59228	56112	31047	69541	95572	110696	83521	34293	72319	73002	29243
85	98686	98663	99001	177214	98474	119879	70067	101163	121516	170176	123123	71190	118974	122315	122230	71046	72409	122281	120797	121907	102328	71684	121647	143308	44354	86337	160029	43930	32126	175150	75746	109270	52071	61221	85965	111200	42659	76515	83759	67563	50719	58145	42512	68312	57599	47679	83443	114747	107977	60399	57347	32358	70707	96811	111956	84750	35599	74335	75087	31302
86	100388	100367	100688	178138	100167	121103	71256	102383	122774	171148	124339	72426	120198	123572	123476	72427	73697	123524	122038	123172	103568	72903	122922	144456	45461	87589	161040	45230	33393	176074	77759	110823	53169	62484	87141	112388	43901	77694	84911	68733	52086	59300	43760	69542	58768	48836	84627	115989	109231	61818	58593	33431	71983	97987	113144	85998	36858	76319	77112	33234
87	102048	102027	102348	179051	101827	122361	72518	103583	123988	172108	125539	73770	121456	124772	124660	73659	74839	124724	123279	124372	104833	74163	124127	145576	46496	88854	161964	46405	34494	176987	79683	112317	54169	63567	88429	113558	45248	78890	86231	69926	53183	60571	45018	70766	59952	50048	85803	117155	110427	62907	59713	34710	73108	99205	114314	87195	38022	78259	79101	35056
88	103688	103687	103988	179975	103487	123551	73750	104829	125188	173056	126755	75018	122680	125988	125892	74857	75973	125924	124479	125588	106087	75370	125343	146696	47853	90027	97918	47551	35618	177911	81562	113811	55561	64751	89510	114782	46378	80164	87373	71086	46476	61754	46198	71955	61108	51192	86979	118311	111543	64041	60904	35828	74368	100363	115502	65304	39095	80105	81027	26403
89	105308	105288	105593	180899	105117	124703	74918	106083	126388	174004	127971	76233	123851	127188	127092	76018	77269	127140	125663	126772	107246	76558	126543	147802	49257	91298	1446	48836	36989	62218	83587	55543	56955	66072	90729	116060	47567	81374	42130	72353	23136	63008	47304	73165	29348	52390	88250	58020	112785	65321	62143	16424	75540	101623	55708	42814	18531	39597	83052	18302
90	106885	106865	107170	181812	106694	125855	76052	107223	127556	174871	129171	77340	125003	128404	128276	77287	78576	128324	126831	127972	108443	77761	127727	148880	50664	92750	2892	50212	38365	64877	85581	58195	58352	67467	92123	117443	49020	82824	43534	73753	26667	64459	48810	74621	30732	53790	89653	59142	114207	66686	63556	17651	76998	103043	57098	44240	19836	42278	85068	20959
91	108481	108461	108766	182736	108271	127023	77267	108363	128756	175707	130371	78592	126139	129604	129476	78437	79694	129524	128031	129156	109678	78957	128927	149915	52033	94202	5784	51672	39797	67434	87578	60756	59752	68847	93487	118820	50433	84249	44936	75163	28036	65882	50228	76027	32121	55192	91050	60588	115611	68091	64932	19017	78393	104463	58456	45668	21159	44937	87060	23402
92	110058	110038	110328	183649	109867	128175	78418	109598	129956	176543	131531	79840	127307	130797	130676	79607	80747	130722	129199	130372	110832	80075	130143	150916	53404	95606	13014	53092	41179	69918	89487	63286	61146	70239	94851	120180	51767	85617	46298	76486	29340	67246	51567	77404	33450	56560	92370	61935	116951	69471	66278	20394	79745	105798	59853	47050	22496	47491	88995	26095
93	111552	111533	111822	184573	111371	129327	79562	110756	131112	177368	132656	80913	128443	131937	131802	80764	82097	131847	130383	131502	111948	81289	131287	151891	54626	96950	27474	54398	42564	72290	91375	65679	62543	71573	96162	121523	53067	86937	47577	77796	30656	68543	52833	78680	34729	57928	93668	63255	118260	70871	67606	21780	81071	107109	61179	48394	23758	49951	90904	28460
94	113046	113027	113316	85314	112865	130479	54099	111836	132252	121512	133796	82088	129611	122960	132942	81939	83222	132987	131512	132627	113082	82464	132412	152866	55784	98252	31507	55747	43810	74586	93223	67987	63848	72880	97548	122832	54336	88233	48862	79070	32048	69829	54108	79980	36020	59193	94944	64475	119535	72230	68866	22991	82421	108382	62377	49660	25122	52257	92731	30844
95	114558	114539	114828	63754	114359	131647	39228	113060	133422	61987	134981	39307	130833	62677	134112	83139	84343	134172	132682	133812	55173	83639	133597	153893	56956	99554	32799	57100	45067	76831	95049	70220	65064	74140	98766	124106	55687	89521	50114	80422	33442	71047	55465	81272	37209	60467	96209	65743	120793	73406	70141	24225	83694	109674	63655	50934	26256	54573	94579	33054
96	116052	116033	116314	66160	115871	132877	40527	114392	134667	63373	136226	40654	132048	64074	135357	84407	85663	135417	133927	135057	56578	84911	134842	154972	58283	100835	34041	58353	46246	78986	96792	72357	66189	75321	99965	125322	57078	90763	51456	81622	34661	72344	56754	82572	38415	61620	97448	67138	122034	74554	71330	25482	84870	110864	64871	52216	27646	56726	96344	35183
97	117470	117452	117725	68632	117299	134137	41837	115724	135927	64781	137471	42008	133308	65478	136617	85679	87007	136662	135187	136317	57982	86255	136102	156064	59613	102075	35062	59613	47439	81092	98556	74429	67460	76536	101105	126506	58156	92046	52608	82797	35781	73604	58014	83815	39689	62808	98666	68469	123259	75720	72533	26524	86166	112106	66064	53466	28681	58829	98087	37301
98	118898	118880	119153	71075	118710	135397	43055	117024	137172	66132	138731	43366	134568	66873	137862	86999	88346	137922	136432	137577	59315	87603	137362	157143	60739	103295	36340	60807	48771	83117	100245	76463	68840	77766	102385	127706	59311	93190	53774	83983	36978	74804	59031	84895	40822	64009	99849	69549	124443	77097	73737	27900	87287	113276	67366	54610	29817	60896	99838	39356
99	120309	120291	120564	73435	120138	136642	44382	118299	138432	67372	139952	44545	135813	68182	139122	88385	89726	139167	137692	138822	60552	88914	138607	158235	61752	104495	37575	61950	49903	85106	101905	78398	69971	78936	103525	128922	60514	94378	54952	85159	38354	75938	60310	86143	41973	65225	101049	70627	125563	78176	74932	28996	88506	114446	68509	55805	31180	62927	101478	41357
100	121720	121702	121975	75694	121549	137887	45714	119608	139659	68545	141114	45780	137058	69442	140317	89719	91120	140359	138952	140037	61801	90248	139836	159327	63072	105676	38664	63171	50928	87050	103545	80348	70986	80080	104603	130074	61764	95543	56175	86311	39368	77207	61533	87334	43092	66283	102149	72019	126699	79268	76066	30328	89679	115634	69529	56977	32357	64829	103138	43314
101	123140	123123	123380	77917	122960	139117	47007	120900	140835	69802	142290	47072	138303	70640	141479	91047	92396	141521	140144	141199	63022	91553	141012	160406	64169	106835	39773	64393	52250	88893	80566	82176	72369	81219	105819	131208	62787	96677	57229	87426	40458	78282	62589	88369	44230	67491	103269	73058	127851	80563	77200	31339	90760	116752	70811	58093	33306	66706	104767	45185
102	124468	124451	124708	80075	124307	140270	48309	122158	141983	71078	143452	48373	139510	71916	142641	92279	93650	142683	141292	142361	64281	92829	142174	161424	65225	51542	22787	30638	53343	90802	52060	40641	38153	82419	106902	132363	63989	97853	26028	88599	41819	37596	63797	41934	22413	31812	47263	74122	61523	81638	36150	32446	43380	55880	34286	59318	34709	68800	106363	47288
103	125796	125779	126036	82139	125635	141418	49493	123440	143159	72458	144614	49723	140672	73155	143803	93511	94904	143845	142454	143523	65679	94061	143336	162432	66717	53232	19303	32225	54870	92655	54956	43498	36225	83932	108327	133608	65458	99365	28189	90117	43181	39056	65237	44040	21638	33910	51275	75654	62909	83113	38253	34069	44742	58159	35708	60827	36116	71266	107940	50254
104	127140	127123	127380	84167	126963	142566	50689	124672	144321	73802	145776	51037	141820	74555	144965	94743	96129	145007	143616	144685	67043	95303	144498	163428	68271	54952	20660	33797	56429	94481	57772	46220	37629	85372	109828	134868	66977	100875	29557	91560	44643	40515	66791	45566	23037	35349	52665	77220	64331	84622	39793	35501	46153	59734	37243	62398	37523	73619	109517	53053
105	128468	128451	128708	86159	128307	143700	51977	125920	145469	74941	146924	52277	142954	75910	146127	95996	97368	146169	144764	145847	68287	96563	145660	164412	69769	56545	22028	35121	57872	96250	60319	48706	39036	86836	111244	136128	68493	102335	30998	92990	46146	42021	68313	46994	24442	36732	54058	78685	65727	86110	41126	36876	47567	61231	38664	63836	39039	75898	111057	55710
106	129796	129779	130036	88086	119940	144820	53233	127184	146617	76102	148072	53525	144074	77071	147261	97319	98733	147303	145898	146981	69457	97844	146808	165384	71190	57985	23404	36625	59278	98014	62730	51068	40393	88251	112630	137388	69955	103775	32439	94398	47562	43427	69781	48468	25768	38063	55416	80167	67122	87510	42512	38202	49020	62658	40033	65276	40498	78088	112551	58108
107	131112	131096	131337	89995	63238	5784	54611	62211	147765	36929	61954	54896	62677	37377	61954	45758	100073	62934	61954	60732	70800	47204	61232	166380	72594	59388	24788	38015	60652	99748	65022	53244	41805	89654	114016	138633	71376	105201	33818	95793	49057	44833	71202	49898	27106	39454	56814	81577	68513	88890	43901	39588	50474	64088	41406	66705	41956	80220	114045	60365
108	132357	132341	132582	91861	65881	64106	56726	64102	148941	39110	64013	57176	64362	39637	63565	49061	101733	64643	64013	62758	73001	49798	63088	167388	73994	60793	26177	39408	62030	101408	67047	55262	43264	91073	115402	139860	72801	106588	35142	97158	50428	46242	72577	51325	28454	40795	58180	83002	69916	90270	45294	40977	51847	65492	42785	68139	43411	82228	115557	62445
109	133617	133601	133842	93709	68452	66222	58864	66280	150063	41326	66163	59407	66501	41726	65760	51246	103393	66835	66101	64985	75194	51988	65305	168384	75288	62200	27571	40751	63415	103088	68980	57168	44585	92393	116737	141022	74117	107937	36532	98523	51762	47566	73949	52597	29810	42192	59580	84324	71308	91618	46600	42318	53145	66763	44165	69489	44726	84157	117002	64393
110	134877	134861	135087	95513	70901	68272	60930	68388	151142	43380	68275	61525	68542	43760	67885	53339	105047	68955	68215	67074	77300	54090	67415	169392	42015	63580	28969	42101	64695	48650	45318	42141	45954	93713	107344	142198	75406	109267	37705	96882	45169	48851	41975	27436	31106	43498	60945	85620	72708	92894	47911	43668	54412	68016	45550	70830	45957	86029	118413	66314
111	136122	136106	136347	97256	73267	70292	62960	70346	152234	45248	70295	63565	70495	45838	69860	55316	106624	70923	70266	69067	79282	56039	69397	170400	37056	64956	30370	43505	66142	51835	35139	29234	47374	95139	57549	143374	76864	110695	39214	49076	25415	50309	36693	25902	32414	44948	62348	87084	74108	94324	49314	45066	55872	69486	46891	72302	47509	88007	119841	68541
112	137382	137366	137607	99020	75586	72147	64829	72255	153326	47172	72290	65512	72399	47825	71803	57257	108201	72840	72178	71003	81226	57960	71322	171396	38592	66333	31774	45092	67565	54248	37592	31559	48878	96588	59069	144536	78394	112153	40718	50610	26849	51806	38187	27385	33917	46310	63723	88581	75479	95806	50761	46514	57402	70973	48282	73814	48964	89916	121252	70987
113	138627	138611	138852	100707	77813	73967	66644	74103	154405	49104	74110	67434	74247	49650	73718	59135	109797	74715	73998	72945	83126	59953	73197	172404	40068	67809	33368	46583	68945	56598	39944	33907	50376	98016	60483	145712	79850	113593	42118	52020	28355	53183	39625	28791	35237	47718	65131	90030	76883	97192	52167	47999	58856	72440	49634	75249	50378	91786	122663	73350
114	139855	139840	140065	102367	79971	75775	68500	75987	155497	50843	75967	69265	76045	51447	75535	60955	111305	76605	75832	74762	84947	61715	75086	173412	41440	69249	34709	47981	70334	58915	42262	36159	51832	99423	61833	146888	81247	114997	43522	53392	29715	54563	41014	30132	36623	49084	66502	91455	78256	98578	53535	49400	60242	73812	51032	76653	51794	93634	124027	75612
115	141031	141016	141241	104047	82089	77501	70280	77731	156589	52560	77790	71136	77839	53340	77344	62786	112799	78352	77634	76544	86771	63461	76868	174395	42721	70627	36059	49340	71726	61217	44553	38384	53170	100770	63153	148050	82622	116371	44878	54728	31083	55945	42354	31481	37958	50454	67883	92797	79660	99966	54906	50722	61599	75139	52390	78035	53132	95441	125355	77838
116	142193	142178	142403	105649	84143	79217	72020	79525	157668	54374	79532	72878	79529	54982	79090	64468	114311	80146	79350	78320	88511	65317	78606	175319	43961	71961	37302	50745	73111	63467	46772	40487	54512	102090	64408	149226	83935	117680	46151	55994	32264	57329	43655	32712	39247	51788	69263	94139	81040	101246	56205	52009	62886	76435	53790	79413	54475	97184	126683	79996
117	143369	143354	143579	107226	86135	80889	73675	81210	158760	56020	81242	74642	81214	56826	80817	66232	115805	81832	81092	80010	90236	66899	80400	176232	45215	73282	38666	52032	74427	65634	49017	42632	55821	103430	65647	150327	85207	118972	47390	57196	33526	58645	44961	33957	40596	53088	70583	95462	82365	102506	57474	53342	64117	77695	55155	80727	55859	98948	128027	82063
118	144545	144530	144755	108822	88109	82539	75385	82910	159852	57690	82917	76318	82864	58366	82492	67892	117236	83532	82742	81701	91938	68687	82026	177156	46436	74654	40087	53248	75624	67733	51124	44717	57172	104702	66980	151393	86431	120264	48682	58586	34743	59901	46232	35158	41804	54280	71801	96701	83590	103766	58786	54717	65458	78891	56413	82002	57101	100638	129355	84118
119	145707	145692	145917	110381	90018	84143	76924	84500	160924	59451	84554	78024	84479	60140	84122	69572	118647	85145	84362	83376	93544	70316	83699	178080	47752	76059	41458	54512	76785	69800	53181	46709	58598	105880	68346	152459	87679	121522	50021	59877	35975	61091	47382	36433	42975	55410	73016	97898	84744	104983	59970	55873	66791	80191	57640	83252	58249	102298	130683	86110
120	146883	146868	147093	111875	91883	85679	78556	86156	161932	60888	86210	79636	86087	61698	85706	71172	120041	86801	85994	84947	95188	71882	85355	179004	49075	77274	42642	55784	77980	71859	55240	48705	59821	107077	69456	153499	88967	122763	51205	61033	37222	62357	48633	37775	44210	56664	74136	99158	85920	106218	61126	57151	67923	81475	58738	84516	59544	103978	131943	88039
121	148059	148044	148269	113387	93731	87281	80194	87738	162928	62457	87743	81217	87649	63249	87329	72717	121452	88379	87605	86555	96763	73486	86915	179917	50117	78373	43603	57064	79332	73800	57183	50699	60875	108331	70509	154526	90209	123945	52363	62136	38536	63572	49891	38911	45412	57924	75479	100438	87282	107415	62358	58192	69123	82625	60059	85668	60774	105584	133203	89948
122	149221	149206	149426	114881	95534	88776	81703	89256	163936	64053	89284	82817	89144	64821	88893	74257	122846	89920	89077	88120	98317	75095	88442	180841	51219	79569	44956	58213	80474	75695	59098	52541	62115	109509	71872	155527	91340	125129	53533	63422	39598	64724	51078	39962	46537	58979	76613	101578	88363	108555	63573	59557	70303	83722	61283	86916	62017	107142	134448	91816
123	150323	150309	150518	116364	97277	90271	83153	90774	164944	65613	90848	84362	90639	66450	90411	75838	124183	91416	90618	89661	99857	76553	89983	181754	52494	80927	46182	59368	81499	36985	28636	24751	33965	86408	73000	156515	92484	126265	35465	64574	40732	65922	52118	41238	47721	41245	77710	102698	89444	109714	64693	42826	71521	85018	62412	88098	63040	108719	135708	45102
124	151402	151401	151610	117792	99041	91685	84589	92210	165940	67039	92281	85802	92059	67923	91863	77296	125479	92846	92039	91102	101277	77990	91454	182678	53777	82177	47421	60671	82824	39269	31006	27080	30677	54113	74120	157568	93826	127513	26195	30706	42034	67162	53487	42475	48961	29211	78958	103978	90755	111010	65954	29069	72717	86242	63561	89386	64394	110301	136953	47517
125	152494	152480	152689	119203	100727	93181	40488	44872	62178	68523	44312	41511	44572	32599	42866	37041	61523	44312	45056	42866	48650	38144	44244	98854	25387	39042	48754	28920	37596	42316	34009	29994	32133	24582	75490	60732	44312	62211	11568	32095	43392	68522	25469	43866	50334	30601	37596	50856	43760	52988	36090	30465	74117	87590	64969	90766	65788	111795	138213	50386
126	153586	153572	153781	120614	102387	95007	43018	47385	64394	70941	47209	44123	47010	35231	46658	39533	63627	47297	47517	46526	51504	40617	46746	63076	27208	41011	50624	30664	40272	45703	37436	33278	34016	26900	77461	63175	47242	63910	13415	33919	45490	70476	27436	45805	52271	32447	39480	52651	45793	55690	33590	32255	76027	89407	66965	92621	67792	113289	139468	53568
127	154665	154664	154860	122042	104067	96773	45680	49976	66997	73305	49812	46808	49538	37898	49286	42120	66254	49976	50181	49160	54124	43331	49412	65698	28912	42790	52547	32442	41837	48513	40213	35917	35683	28840	79125	64813	48962	65660	14754	35823	47140	72297	29127	47492	54017	34070	41025	54462	47392	57297	35337	34192	77848	91189	68691	94381	69532	114801	140630	56421
128	155757	155743	155952	123427	105668	98516	48062	52554	69472	75595	52359	49345	52060	40336	51780	44650	68753	52515	52671	51660	56660	45792	51980	68215	30452	44499	54019	34126	43630	51127	42903	38536	37388	30316	80800	66566	50704	67365	16620	37299	48906	73949	30792	49200	55746	35676	42803	56068	49146	59034	36944	35560	79434	92817	70436	96071	71220	116288	141806	59131
129	156849	156835	157044	124755	107245	100227	50495	54938	71858	77796	54748	51877	54386	42778	54234	47084	71192	54900	55089	54082	59080	48168	54386	70614	32178	46005	55748	35788	45075	53690	45526	41038	39121	32242	82350	68185	52232	69078	18066	38931	50403	75595	32370	50854	57243	37325	44323	57880	50638	60551	38484	37325	81122	94445	71944	97730	72819	117699	142982	61760
130	157928	157914	158123	126099	108841	101907	52698	57252	74163	79954	57108	54174	56620	45040	56512	49398	73520	57252	57324	56438	61411	50514	56728	72906	33628	47771	57389	37377	46611	56205	47957	43440	40526	33628	83914	69685	53866	70520	19403	40547	52058	77215	33996	52337	58842	38743	45837	59321	52167	62130	40016	39008	82697	96006	73546	99347	74471	119127	144144	64241
131	159020	159006	159215	127427	110399	103567	54926	59481	76396	82022	59306	56454	58796	47326	58726	51567	75776	59481	59551	58621	63650	52715	58971	75130	35019	49303	58809	38898	48223	58541	50354	45760	42032	35078	85426	71223	55451	72086	20754	42101	53585	78758	35549	53814	60364	40264	47347	60761	53690	63704	41490	40366	84175	97518	75126	100858	76018	120538	145320	66663
132	160112	160098	160307	128755	111893	105193	57024	61628	78515	84079	61495	58637	60897	49504	60863	53690	77944	61628	61694	60761	65811	54905	61101	77263	36470	50750	60230	40363	49703	60854	52641	48052	43629	36527	86890	72738	56920	73599	22396	43457	55104	80214	36922	55363	61817	41679	48851	62301	55169	65176	42961	41729	85615	99009	76611	102358	77527	121949	146496	68999
133	161164	161152	161344	130099	113405	106789	59049	63697	80614	86047	63537	60743	62928	51588	62961	55761	80050	63697	63761	62829	67874	56933	63192	79324	37865	52117	61621	41826	51177	63084	54908	50239	45120	37920	88303	74222	58353	75096	23926	44862	56510	81622	38354	56835	63302	43095	50309	63774	56646	66608	44384	43191	87103	100436	78072	103838	78931	123355	147658	71227
134	162172	162160	162352	131381	114899	108366	61007	65702	82614	87978	65547	62779	64862	53595	64990	57798	82065	65702	65764	64830	69878	58925	65246	81342	39262	53564	63007	43284	52570	65237	57080	52337	46610	39368	89683	75643	59753	76500	25280	46270	57879	83047	39734	58235	64680	44468	51686	65214	58050	68016	45761	44607	88484	101836	79450	105261	80335	124683	148834	73414
135	163180	163168	163360	132641	116381	109943	62969	67619	84527	89887	67499	64749	66830	55521	66892	59800	84048	67649	67649	66830	71821	60853	67233	83292	40611	54972	64394	44696	53927	67318	59138	54384	48007	40713	91079	77020	61113	77887	26642	47637	59285	84415	41069	59600	66034	45841	53027	66613	59416	69396	47141	45976	89864	103196	80838	106629	81714	126011	149963	75512
136	164176	164164	164356	133886	117809	111461	64837	69509	86447	91736	69389	66659	68680	57348	68830	61665	85944	69509	69599	68740	73763	62753	69100	85154	41966	56343	65788	46063	55251	69303	61128	56362	49324	42113	92377	78336	62478	79213	27939	49046	60659	85759	42456	60931	67367	47131	54335	67960	60718	70683	48440	47307	91230	104556	82163	107997	83114	127355	151042	77560
137	165184	165172	165364	135146	119220	112937	66651	71343	88270	93562	71227	68575	70425	59329	70657	63477	87834	71343	71430	70541	75578	64628	70947	87026	43277	57680	67152	47348	56546	71231	63119	58270	50606	43469	93653	79636	63817	80535	29177	50417	62037	87127	43706	62235	68690	48473	55575	69220	61962	71988	49747	48687	92528	105829	83488	109365	84479	128683	152134	79510
138	166192	166180	166372	136391	120631	114431	68417	73134	90064	95352	73050	70353	72275	61075	72443	65333	89628	73162	73162	72387	77387	66418	72751	88778	44551	59022	68482	48684	57806	73137	56677	60149	51816	44827	94929	80942	65193	81810	30432	51672	63324	88461	45103	63486	69913	49737	56861	70483	63216	73224	50937	50108	93892	107121	84742	110679	85775	130011	153200	81420
139	167188	167176	167368	137651	122059	115889	70142	74864	91795	97032	74756	72150	73899	62771	74207	66977	91378	74891	74945	74067	79132	68162	74515	90526	45921	60403	32535	49982	59004	35706	31835	29424	53154	46191	96216	82217	31289	39307	31703	52975	64638	89795	46416	64798	33258	23316	26028	71788	64501	74568	52259	51490	95184	108432	86014	111957	87095	131313	62409	39986
140	168196	168184	168376	138911	123443	117316	71766	76511	93445	98670	76403	73774	75520	64421	75844	68703	93028	76538	76565	75736	80782	69751	76141	92149	47298	61789	33910	51487	60488	38231	34345	31931	54610	47562	97623	83690	32717	40756	33112	54398	66117	91274	47863	66241	34663	24704	28189	73255	65954	75949	53663	52875	96612	109876	87487	113415	88546	132558	65030	42596
141	169192	169192	169384	140106	124771	118727	73346	78184	95072	100273	78054	75454	77167	66155	77464	70245	94678	78184	78132	77356	82407	71404	77776	93755	48679	63208	35231	52911	61871	40801	36963	34494	56027	48931	99009	85082	34084	42155	34463	55784	67510	92638	49225	67630	36015	26017	29487	74683	67349	77353	55031	54262	98019	111236	88844	114837	89972	133818	67638	45235
142	170200	170188	170380	141282	126115	120121	74960	79718	96647	101833	79640	77074	78712	67667	79076	71898	96312	79770	79796	78972	84017	73025	79414	95389	50059	64589	36618	54298	63191	43456	39617	37101	57373	50305	100356	86426	35458	43510	35821	57136	68890	94024	50633	68980	37316	27267	30729	76033	68643	78709	56437	55689	99384	112568	90201	116220	91333	135078	70114	47943
143	171208	171196	171388	142458	127443	121549	76580	38481	47127	76054	81270	46053	37871	32663	38373	35002	47171	81395	37596	80628	52538	74649	47909	96985	23494	65977	37953	55650	55106	46269	42444	39849	58723	51682	101676	45293	36779	44867	16629	58423	37510	95373	23946	70338	38626	28608	15341	36873	61716	37706	57736	57080	47204	113918	91552	56578	49743	136323	72507	50791
144	172204	172204	172384	143620	128771	122960	78718	40833	49355	51595	83345	39004	40104	34995	40680	37242	49523	83470	40272	82653	42437	76810	40425	98728	25039	67945	39558	57438	31770	49592	45820	43047	60521	53296	103296	43676	38378	46676	18416	60161	34783	97032	25546	72191	40460	30163	15321	38739	34483	39532	59496	58648	49000	115412	93246	57946	45762	137583	74853	54022
145	173212	173200	173392	144796	130115	124291	80859	43391	51846	54058	85349	41626	42609	37623	43199	39928	52086	85493	42863	84685	44994	79018	43007	100448	26883	69565	41399	59206	33240	52232	48497	45616	62233	55127	104917	45258	40174	48330	20043	61752	36529	98733	27279	73815	42066	31904	16754	40209	36130	41075	61067	60482	50741	116882	94962	59735	47494	138843	77094	56708
146	174220	174208	174387	145972	131396	125635	82934	45894	54411	56526	87355	44183	45109	40026	45804	42394	54601	87470	45351	86701	47589	81147	45624	102108	28316	71281	42826	60820	34825	54702	50950	48086	63964	56569	106475	46962	41642	49971	21644	63433	38032	100333	28764	75439	43567	33430	18416	41973	37702	42707	62664	61898	52268	118293	96541	61402	48992	140042	79239	59232
147	175135	175124	175300	147134	132656	126963	84979	48309	56825	58950	89264	46600	47391	42584	48180	44769	57113	89379	47750	88628	49962	83222	47965	103768	29747	72878	44346	62391	36454	57136	53404	50395	65403	58081	107995	48523	43155	51517	23223	65033	39632	101893	30243	77032	45151	34829	19834	43572	39264	44276	64254	63479	53824	119704	98074	62824	50651	141218	81360	61657
148	176059	176048	176224	148310	133901	128291	86971	50607	59135	61217	91162	48978	49649	44718	50525	47066	59415	91294	49992	90537	52268	85255	50279	105403	31313	74306	45905	63957	37850	59403	55710	52641	66953	59622	109496	49950	44757	52940	24870	66407	41171	103413	31784	78556	46596	36344	21157	44972	40715	45747	65776	65047	55336	121132	99606	64409	52180	142380	83410	63981
149	176983	176972	177148	149477	135161	129635	88887	52765	61329	63403	93010	51207	51806	46974	52687	49298	61664	93120	52177	92402	54470	87219	52531	106980	32677	75832	47414	65458	39249	61620	57928	54870	68379	61122	110930	51376	46258	54402	26254	67791	42703	104914	33252	79986	48037	37743	22586	46333	42213	47215	67233	66545	56808	122526	101046	65958	53626	143556	85412	66225
150	177896	177885	178061	150556	136406	130946	90773	54877	63412	65479	94836	53340	53841	49126	54801	51392	63796	94946	54269	94206	56592	89105	54649	108557	34106	77317	48832	66915	40598	63753	60059	56972	69844	62553	112316	52803	47711	55862	27644	69171	44037	106320	34657	81403	49437	39145	24018	47782	43614	48598	68650	68015	58209	123866	102446	67415	55069	144732	87370	68395
151	178820	178809	178985	151648	137666	132206	92583	56870	65488	67523	96589	55391	55834	51108	56834	53443	65891	96694	56287	95987	58629	91010	56690	110148	35479	78752	50208	68373	42003	65818	62148	58963	71236	63954	113684	54192	49077	57248	29039	70552	45427	107707	36067	82803	50840	40498	25285	49146	44967	49981	69990	69395	59609	125178	103846	68827	56475	145894	89256	70498
152	179744	179733	179909	152740	138926	133451	94387	58864	67472	69473	98311	57366	57761	53049	58794	55340	67862	98416	58234	97709	60599	92814	58654	111642	36798	80130	51588	69752	43361	67821	64169	60924	72610	65298	115034	55546	50406	58637	30437	71944	46772	109075	37366	84157	52164	41808	26491	50515	46283	51366	71324	70740	60973	126506	105211	70220	57844	147070	91154	72514
153	180657	180646	180822	153819	140134	134711	96160	60760	69332	71308	100011	59346	59625	55002	60692	57208	69751	100131	60182	99452	62474	94618	60556	113136	38072	81492	52893	71115	44724	69740	66097	62855	73954	66602	116355	56905	51741	59961	31838	73322	48166	110423	38674	85501	53532	43123	27794	51847	47607	52598	72639	72045	62309	127818	106541	71583	59146	148246	92958	74502
154	181581	181570	181746	154911	141296	135971	97882	62597	71143	73128	101671	61194	61431	56952	62498	59158	71665	101771	61970	101098	64325	96381	62366	114648	39251	82792	54128	72437	46090	71654	68031	64695	75303	67860	117613	58198	53003	61219	33054	74721	49437	111701	39938	86869	54827	44355	29111	53223	48849	53917	73927	73279	63621	129130	107852	69408	60489	149404	89480	76399
155	182505	182494	182670	155990	142472	137216	99603	64381	72969	74912	103311	62985	63182	58629	64349	60841	73445	103411	63741	102738	66124	98103	64221	116142	17352	39817	25632	34764	47463	35004	70088	66762	36150	69210	118922	59563	24582	62614	34288	76044	50799	113051	18909	88237	56165	45732	30437	54602	50184	25469	34704	74651	30570	62677	51653	35415	61872	61954	46978	37652
156	183418	183407	183583	157082	143634	138476	101263	66086	74677	76613	104931	64789	64852	60497	65993	62643	75217	105045	65466	104398	67847	99813	65900	117538	19731	41649	27436	36453	48962	37795	72510	69305	37887	70967	120333	61201	26977	64397	35942	77526	52479	114563	20396	89824	57795	47377	32033	56242	51884	27054	37085	76407	32225	63914	53112	37130	63486	64301	49925	40567
157	184342	184331	184507	158174	144810	139700	102923	67810	76378	78282	106508	66481	66542	62045	67750	64297	76891	106603	67171	105964	69557	101473	67660	118949	21355	43162	28840	38123	50704	40547	74829	71726	39390	72491	121761	62992	28477	66039	37632	79190	54143	116057	21972	91500	59413	49090	33429	58050	53454	28623	38673	77928	33797	65447	54987	38663	65214	66907	52741	43332
158	185255	185244	185431	159253	145972	140876	104563	69460	78004	79972	108066	68163	68162	63813	69400	66004	78602	108180	68770	107541	71186	103113	69250	120360	22772	44902	30452	39720	52272	43073	77070	74035	40989	74087	123162	64444	30109	67555	39250	80838	55758	117474	23440	93084	61021	50583	35124	59451	55055	30178	40197	79540	35416	66966	56505	40444	66768	69385	55377	45928
159	186179	186168	186344	160345	147134	142052	106121	71063	79642	81540	109643	69810	69751	65380	71005	67581	80240	109738	70454	109099	72814	104762	70947	121754	24450	46445	32048	41305	53676	45505	79268	76272	42673	75648	124490	65961	31723	69145	40701	82338	57255	118902	25071	94624	62488	52074	36628	60990	56571	31657	41664	81124	36907	68542	57874	41953	68260	71774	57892	48427
160	187103	187092	187268	161392	148282	143214	107679	72639	81247	83140	111159	71405	71317	66930	72611	69141	81822	111249	71991	110643	74438	106301	72527	123156	25857	47890	33504	42784	55155	47809	81363	78474	44149	77187	125834	67509	33068	70701	42102	83758	58748	120313	26367	96092	63987	53522	38071	62556	58083	33131	43177	82649	38394	70089	59385	43360	69816	74082	60297	50761
161	188016	188016	188181	162388	149438	144376	109237	74151	82797	84672	112635	72969	72829	68537	74151	70726	83422	112725	73507	112119	75986	107859	74067	124468	27419	49294	34901	44258	56596	50048	83413	80599	45536	78627	127162	68979	34601	72206	43506	85150	60239	121707	27751	97562	65425	54969	39566	64053	59483	34481	44593	84057	39773	71539	60858	44815	71324	76291	62544	52989
162	188940	188929	189105	163396	150517	145538	110738	75709	84271	86208	114129	74537	74313	70142	75628	72286	84919	114219	75034	113613	77496	109398	75547	125796	28825	50782	36299	45684	58000	52152	85390	82649	46877	80057	128474	70395	35955	73634	44909	86566	61630	123111	29211	98990	66820	56340	40905	65489	60851	35839	46007	85449	41206	72959	62296	46179	72751	78440	64745	55169
163	189864	189853	190029	164404	151596	146700	112178	77221	85759	87673	115605	76027	75784	71621	77140	73742	86431	115713	76519	115107	78978	110873	77113	127108	30163	52188	37700	47110	59403	54246	87372	84657	48268	81421	129786	71787	37314	75022	46271	87924	63016	124423	30533	100358	68191	57677	42298	66884	62257	37202	47338	86841	42542	74331	63673	47593	74151	80517	66841	57222
164	190714	190704	190864	165400	152675	147862	113636	78686	87265	89099	117047	77484	77242	73038	78608	75207	87909	117132	78010	116560	80459	112313	78582	128436	31379	53556	39103	48453	60739	56154	89258	86625	49621	82771	131088	73142	38678	76345	47638	89281	64403	125735	31801	101698	69541	59019	43554	68223	63635	38570	48633	88233	43836	75640	64985	48920	75493	82492	68901	59241
165	191554	191544	191704	166408	153754	149010	115058	80142	88691	90525	118458	78940	78628	74438	80064	76611	89358	118543	79466	117971	81909	113753	80064	129764	32740	54888	40509	49802	62049	58072	91134	88509	51019	84078	132318	74430	39942	77660	49047	90661	65735	127047	33144	103018	70881	60298	44863	69543	64883	39942	49932	89521	45184	76936	66268	50294	76843	84410	70871	61160
166	192394	192384	192544	167416	154833	150114	116480	81503	90117	91928	119852	80396	80032	75851	81478	78020	90807	119937	80878	119365	83334	115175	81453	131052	33984	56187	41819	36346	63336	59991	92960	42850	52377	85326	133563	75681	41269	78934	50418	60577	67006	77570	21748	104338	67962	61621	46091	70796	66107	41119	51198	90809	46450	78177	67597	51592	78140	86306	33258	63084
167	193224	193214	193374	168412	155912	151193	117806	82903	91494	93292	121229	81772	81372	77255	82853	79398	92176	121331	82228	120742	84715	116556	82853	132297	35420	57600	43229	24969	30199	62181	94808	45108	53777	86742	134823	77112	42652	80364	51793	44802	68431	62904	16247	105736	34646	29560	47508	72213	67531	42505	52551	92200	47895	79581	69007	52975	79570	88249	36113	65333
168	194064	194054	194214	169420	157004	152272	119132	84277	92836	94678	122623	83172	82747	78588	84205	80763	93540	122708	83578	122119	86083	117882	84205	133542	36910	59119	44643	26348	31611	64521	96562	47346	55142	88184	136068	78581	44035	81842	53170	46212	69895	64294	17485	107161	35998	30934	48963	73697	68971	43941	54023	93674	49298	81039	70452	54436	81028	90181	38448	67713
169	194904	194894	195054	170428	158096	153351	120458	85597	94178	96018	123941	84511	84055	79966	85549	82113	94948	124037	84901	123467	87415	119208	85573	134787	38234	60565	46011	27808	33088	66779	98305	49522	56548	89610	137328	80011	45471	83267	54550	47581	71316	65691	18863	108586	37410	32250	50336	75136	70388	45379	55382	95102	50745	82464	71844	55895	82478	92039	40700	69984
170	195734	195724	195884	171424	159175	154430	121784	86941	95520	97320	125237	85831	85375	81309	86893	83463	96255	125333	86221	124763	88726	120534	86917	136032	39619	61979	47386	29123	34381	68961	100046	51685	57952	90987	138588	81377	46858	84650	55932	48950	72688	67086	20146	109992	38718	33636	51713	76513	71751	46682	56781	96467	52112	83831	73225	57280	83869	93865	42929	72241
171	196574	196564	196724	172432	160254	155509	123120	88237	96801	98622	126533	87173	86695	82684	88168	84814	97578	126629	87524	126059	90037	121860	88191	137277	40906	63365	48763	30516	35625	71074	101706	53764	59321	92285	139804	82727	48164	85970	57316	50282	74060	68478	21546	111327	40085	34967	53014	77848	73080	47992	58077	97811	53482	85127	74597	58668	85213	95683	45138	74369
172	197414	197404	197554	173428	161296	156588	124368	89502	98103	99908	127829	88484	87932	84019	89479	86110	98901	127909	88789	127339	91329	123175	89456	138522	42103	64677	50018	31784	36996	73154	103366	55796	60693	93583	140980	84036	49477	87283	58703	51540	75405	69882	22860	112623	41356	36363	54322	79122	74368	49309	59408	99113	54740	86399	75923	59991	86533	97426	47243	76459
173	198244	198234	198394	174420	162304	157654	125600	90790	99447	101168	129125	89818	89197	85243	90790	87372	100173	129205	90077	128619	92627	124423	90767	139743	43507	66000	51282	33064	38372	75126	105021	57796	62070	94881	142142	85308	50797	88525	60059	52807	76701	71187	24276	113901	42640	37542	55414	80396	75648	50633	60676	100375	56006	87672	77327	61283	87800	99169	49256	78472
174	199084	199074	199234	175344	163300	158707	126848	92072	100673	102408	130405	91076	90462	86467	92050	88568	101453	130501	91368	129915	93925	125655	92050	140905	44910	67302	52477	34297	39596	77070	106598	59729	63324	96149	143276	86652	52082	89813	61215	54044	78003	72395	25366	115197	43836	38685	56776	81647	76836	51802	61922	101595	57280	89006	78580	62610	89065	100848	51232	80472
175	199914	199904	200074	95078	164296	159747	128096	93326	101913	103668	131638	84313	91692	87714	93304	89833	102713	131728	92622	131163	95173	126903	93326	142039	46137	68627	53685	35603	40730	78956	108175	61597	64446	97430	144396	87914	53218	91027	62478	55180	79225	73515	26724	116458	45046	39897	58000	82997	78185	52984	63143	102815	58493	90294	79776	63977	90399	102508	53170	82372
176	200754	200744	200904	62911	61954	160813	129376	94690	49584	105023	62677	43995	92990	89048	94624	91178	48650	132958	44872	132408	44312	61523	94668	143201	47289	32599	29087	36918	41983	80888	53052	63443	65714	45758	92812	41934	42491	92369	63625	37596	80471	74772	27868	55880	37706	32487	59298	39869	37651	54331	48819	104175	27474	91465	68026	65193	91610	104168	55155	84295
177	201594	201584	201744	65543	64237	161824	130718	96260	51184	106543	64298	45658	94618	90704	96197	92806	51435	134218	46460	133668	47110	62942	96239	144377	48880	34032	26195	38404	43486	82988	55154	65952	67326	48168	62647	43534	26353	93843	65289	27124	82071	76365	29465	57550	21939	19772	60807	41299	39268	55793	31507	105638	28948	93005	39440	66748	93172	105764	57784	86311
178	202424	202414	202574	68095	66783	162820	131963	97919	52928	108120	66129	47304	96234	92407	97877	94522	53055	135478	48077	134913	48752	64779	97919	145539	50460	35641	27888	40042	45166	85006	57639	68341	68980	49775	64045	45028	28036	95473	66934	28690	83646	78043	31111	59315	23410	21298	62313	42874	40719	57397	32925	107196	30556	94567	41087	68271	94778	107360	60263	88254
179	203264	203254	203414	70498	69145	163828	133223	99598	54428	109716	67612	49020	97872	94079	99557	96163	54780	136723	49853	136173	50458	66347	99618	146715	51834	37348	29552	41615	46566	86998	59888	70533	70425	51406	65605	46610	29482	97048	68421	30241	85206	79629	32419	60756	24960	22810	63785	44487	42315	58957	34465	108754	32081	96080	42474	69885	96344	108937	62577	90163
180	204104	204094	204254	72822	71397	164836	134483	101178	56183	111210	69262	50597	99468	95677	101138	97759	56526	137983	51401	137433	52032	67913	101198	147891	53366	38711	31060	43130	48050	88913	62015	72604	71991	52793	67124	48136	30926	98581	69827	31782	86742	81035	33982	62164	26339	24312	65353	46085	43759	60442	35997	110281	33599	97592	43959	71480	97877	110490	64745	92044
181	204934	204924	205084	75022	73522	165832	135728	102758	57776	112704	70930	52167	100993	97252	102718	99355	57894	139243	52905	138678	53599	69593	102778	149053	54893	40130	32434	44594	49492	90799	64008	74620	73451	54259	68605	49618	32370	100008	71306	33251	88230	82510	35477	63609	27799	25646	66841	47458	45201	61893	37465	111721	34992	99083	45443	73014	99389	112002	66779	93848
182	205774	205764	205924	77155	75562	166840	136988	104318	59290	114198	72371	53804	102493	98806	104278	100886	59510	140416	54406	139902	55155	71192	104358	150167	56266	41599	33813	46053	50934	92608	65941	76458	74926	55723	70034	51056	33752	101428	72762	34596	89702	83972	36964	65081	29186	26991	68271	48832	46599	63345	38825	113143	36444	100507	46875	74414	100798	113496	68751	95625
183	206614	206604	206764	79194	77582	167848	138248	105812	60663	115674	73855	55280	103993	100343	105774	102386	61081	141592	56014	141064	56704	72568	105850	151246	37491	18798	35196	25433	30738	45424	31487	37209	36264	26108	71455	52491	35255	102888	35002	35950	91163	49261	16754	66547	30576	28344	32599	50290	48039	30706	40189	55024	37785	101927	48309	38088	102218	114990	70784	97368
184	207444	207434	207594	81192	79506	168844	139487	107256	62206	117096	75343	56754	105427	101803	107237	103886	62645	142768	57468	142240	58143	73968	107313	152338	28189	21063	37258	23355	25382	48163	34267	39897	38052	27955	73130	54306	37034	104548	36794	37695	92923	42192	18302	68377	32359	30191	34276	52268	49899	32545	42003	56614	39712	103567	50074	37309	103858	116484	73154	99132
185	208284	208274	208434	83167	81392	169852	140663	108700	63650	118490	76801	58156	106833	103243	108681	105306	64075	143930	58886	143416	59578	75398	108757	153430	30183	22957	38944	25322	27279	50919	37115	42610	39912	29546	75022	56027	38944	106125	38663	39416	94749	44064	20147	70278	34108	31801	36162	53976	51606	34224	43789	58405	41448	105193	52017	39045	105489	117895	75450	100813
186	209112	209112	209256	85106	83317	170848	141825	110139	65058	119884	78203	59591	108220	104677	110121	106712	65510	145106	60271	144578	60943	76829	110193	154509	31728	24706	40662	26994	28908	53607	39706	45202	41690	31387	76642	57913	40611	107702	40291	41314	96485	45770	22026	71931	35829	33641	37788	55743	53456	35997	45505	60076	43209	106789	53661	40759	107066	119306	77708	102473
187	209868	209859	210003	41261	85178	105652	143001	53580	31156	94348	79607	59286	109607	106064	111471	108099	66874	146268	41934	145754	62346	78204	82608	155601	33447	26258	42309	28639	30584	56125	42234	47696	43345	32873	78362	59493	42358	109298	42100	42793	98186	47458	23402	73673	37470	35149	39454	57420	55057	37575	47155	61834	44901	108366	55399	42550	108643	120734	79866	104153
188	210624	210615	210759	43700	87168	62548	144177	55025	32717	59403	81264	29979	111107	107584	112929	109638	68303	147444	30117	146930	63945	79894	54493	156693	34906	28021	44035	30263	32109	58501	44711	50023	44985	34716	80000	61133	43847	110832	43600	44407	99832	49084	24954	75302	39040	36652	41049	59189	56609	39196	48668	63545	46489	109924	56942	44219	110211	122145	81963	105750
189	211380	211371	211506	46720	89077	64205	145339	56722	34568	61181	83089	31796	112601	109180	114441	111154	70322	148620	31991	148092	65849	81715	56468	157772	36475	29678	45516	31803	33624	60815	46967	52287	46613	36180	81417	62794	45516	112308	45183	46097	101392	50659	26647	76841	40601	38365	42584	60667	58225	40751	50253	64921	48061	111407	58549	45692	111687	123524	84022	107327
190	212127	212118	212262	49848	91005	66132	146515	58650	36381	63006	84983	33698	114095	110720	115935	112666	72204	149765	34004	149268	67821	83664	58230	158864	37925	31047	46902	33395	35133	63014	49161	54450	48096	37640	82942	64284	47078	113784	46714	47601	102932	52188	28018	78372	42153	39901	44111	62144	59695	42248	51792	66454	49545	112883	60080	47250	113163	124868	85990	108923
191	212883	212874	213018	52862	92831	67915	147691	60586	38270	64937	86855	35614	115607	112214	117359	114160	74024	150844	35614	150366	69591	85464	60042	159956	39426	32422	48379	34796	36523	65137	51301	56574	49537	39045	84386	65744	48551	115260	48238	48969	104432	53672	29466	79854	43604	41279	45590	63653	61159	43648	53248	67987	51067	114341	61574	48801	114639	126196	87924	110477
192	213630	213621	213765	55751	94657	69595	148853	62296	40018	66655	88638	37321	117049	113726	118787	115654	75911	151936	37487	151445	71393	87282	61999	161020	40871	33924	49854	36312	37971	67190	53354	58611	50978	40402	85802	67108	49936	116705	49634	50342	105844	55114	30844	81301	45003	42662	46930	65125	62621	45046	54626	69427	52424	115799	62993	50260	116115	127524	89833	111971
193	214386	214377	214521	58532	96439	71368	149981	64153	41792	68391	90409	39110	118460	115220	120198	117111	77658	153015	39110	152537	73182	89007	63609	162028	42265	35421	51242	37658	39364	69209	55329	60548	52377	41764	87191	68499	51322	118082	51032	51718	107250	56520	32163	82701	46363	43998	48320	66527	63988	46405	56006	70829	53823	117163	64413	51678	117495	128868	91684	113483
194	215142	215133	215277	61219	98182	73074	151073	65710	43443	70030	92081	40771	119888	116684	121609	118522	79374	154107	40873	153629	74856	90709	65462	163036	43570	36799	52555	39063	40709	71140	57305	62457	53777	43129	88525	69873	52672	119442	52390	53097	108637	57888	33553	84083	47769	45389	49672	67907	65332	47809	57388	72189	55187	118506	65776	53058	118855	130196	93510	114977
195	215889	215880	216024	63789	99908	74614	152152	67477	45079	71770	93753	42463	121299	118112	123035	119933	81040	155199	42414	154708	76530	92346	66919	164032	44878	38073	53837	35128	42012	73022	59182	64309	55105	44501	89836	71236	54065	120785	53752	54479	110005	59224	34888	85403	49049	46735	50946	69197	66635	49172	58703	73477	56555	119815	67078	54403	120198	131472	95302	116454
196	216645	216636	216780	66256	101588	76210	153244	69007	46615	73238	95366	43995	122710	119523	124363	121361	82715	156278	44089	155800	78202	93974	68617	165040	21165	17472	25632	18075	43418	36168	28514	66419	56548	20244	91247	34586	55423	57984	25387	55863	111376	60667	36286	86843	23316	21786	23494	70635	68042	23670	60127	35544	57959	121192	68500	55863	58703	61954	46179	117882
197	217401	217392	217536	68665	103248	77764	154323	70481	48184	74775	96920	45658	124055	120934	125691	122772	84216	157370	45703	156892	79710	95535	70278	166048	22686	19181	27512	19836	45100	38983	31295	68943	58376	22869	92919	36455	57145	59737	26977	57429	112870	62342	38179	88557	24872	23176	25287	72394	69692	25287	61785	37309	59713	122603	70164	57501	60195	64397	49130	119293
198	218148	218139	218283	71049	104890	79272	155415	72047	49749	76287	98432	47216	125383	122328	127035	124098	85752	158462	47084	157971	81188	97047	71786	167044	24197	20849	28912	21452	46767	41705	34090	71405	59979	24283	94591	37960	58852	61472	28768	59198	114382	64037	39722	90213	26571	24991	26727	74018	71462	26960	63401	38886	61312	123971	71846	59303	62082	67000	51992	120704
199	218904	218895	219039	73354	106486	80692	156507	73589	51221	77838	99967	48684	126695	123696	128347	125426	87305	159541	48599	159063	82713	98538	73169	168052	26021	22576	30588	23135	48462	44305	36729	73725	61674	25861	96145	39617	60442	62991	30247	60710	115876	65659	41257	91872	28020	26370	28242	75716	73025	28462	65065	40606	62935	125299	73535	60812	63561	69475	54702	122132
200	219660	219651	219795	75616	108063	82092	157599	75086	52691	79320	101387	50146	128023	125008	129675	126738	88777	160633	49982	160142	84190	100008	74625	169048	27346	24008	32178	24450	49933	46802	39186	76000	63291	27574	97699	41306	62025	64667	31723	62252	117303	67271	42978	93434	29537	27904	29887	77282	74509	29956	66593	42109	64548	126627	75007	62450	65161	71861	57280	123511
201	220407	220398	220542	77816	109640	83517	158678	76544	54159	80763	102827	51567	129351	126336	130968	128066	90249	161657	51367	161204	85630	101408	76058	170056	28828	25683	33566	26017	51439	49214	41598	78186	64702	28900	99211	42737	63634	66270	33318	63790	118714	68777	44354	94974	31113	29285	31313	78796	76027	31511	68031	43513	66061	127971	76546	64014	66779	74166	59753	124839
202	221163	221154	221298	79974	111174	84866	159770	77956	55551	82163	104247	52950	130663	127648	132213	129378	91664	162653	52755	162212	87046	102828	77514	171064	30304	27179	34960	27495	52864	51512	43828	80318	66210	30372	100668	44165	65074	67689	34721	65294	120125	70258	45866	96427	32549	30808	32677	80278	77536	32929	69471	44961	67486	129299	78036	65544	68301	76426	62148	126183
203	221910	221910	222045	82042	112668	86234	160849	79334	56945	83538	105630	54336	131910	128976	133458	130705	93072	163661	54146	163208	88430	104248	78892	172060	31776	28741	36356	28969	54328	53676	46084	82397	67630	31711	102068	45550	66509	69069	36185	66722	121519	71708	47244	97834	33984	32193	34045	81709	78966	34289	70900	46412	68896	130627	79440	67001	69769	78596	64393	127511
204	222666	222657	222801	84074	114162	87628	161857	80701	58272	84862	106979	55724	133155	130304	134703	131950	94436	164657	55465	164216	89810	105593	80270	173068	33120	30221	37755	30438	55716	55784	48233	84415	69070	33057	103448	46891	67890	70453	37590	68126	122913	73122	48627	99262	35361	33519	35420	83134	80370	35653	72286	47816	70315	131876	80853	68396	71161	80717	66562	128839
205	223422	223413	223557	86066	115638	88962	162865	82001	59602	86158	108347	57114	134400	131558	135948	133195	95787	165665	56862	165224	91156	106923	81576	174076	34471	31632	39156	31774	57070	57820	50248	86383	70454	34411	104795	48282	69270	71845	38891	69476	124246	74494	50008	100617	36629	34856	36798	84499	81672	37022	73602	49179	71678	133121	82203	69774	72538	82767	68661	130183
206	224178	224169	224304	87996	117079	90250	163861	83301	60898	87487	109677	58436	135645	132803	137193	134440	97089	166673	58191	166220	92454	108234	82901	175003	35771	32982	40509	33055	58324	59821	52227	88323	71788	35713	106087	49634	70619	73226	40202	70731	125558	75824	51393	101977	37963	36026	38126	85819	82972	38342	74964	50465	73037	134351	83553	71166	73910	84722	70697	131460
207	62677	224916	225060	43330	57153	43760	37596	84611	62269	41934	52988	29058	136890	61954	138438	135685	98454	167669	59521	167228	42866	109621	84275	175927	37024	34279	41917	34289	59724	61719	54165	90209	73115	37024	107341	50991	71953	74626	41469	71978	126854	77147	52702	103277	39198	37438	39463	87139	84223	39567	76314	51718	74381	135596	84829	72487	75180	86666	72650	132720
208	64682	225672	225816	46466	59629	45386	63690	86315	63903	43294	54911	28336	138150	63405	139678	136945	100108	168677	61194	168236	1446	111120	86027	176851	38452	35585	43277	16037	60949	63625	56112	46673	74431	16754	108633	23859	73247	35602	18798	73215	128150	78432	54018	104595	40447	38637	33483	88450	85519	40855	44169	53097	75661	136841	86125	73803	76422	88525	34704	61954
209	67307	226419	226563	50021	62427	47304	65478	88166	65932	45212	56722	30183	139409	65419	140854	138205	101788	169685	63084	169232	5784	112614	87936	177764	39828	37070	44643	17412	62385	65880	58313	46212	75844	18073	110058	25052	74675	37029	20190	74643	129478	79862	55377	105982	41808	40059	18976	89876	86911	42250	38091	54479	77065	138101	87524	75239	77838	90457	37018	63789
210	69799	227175	227319	53338	65144	49020	67522	90029	67721	46918	58615	31988	140571	67310	142016	139447	103448	170681	65045	170240	17352	114126	89822	178688	41209	38497	46011	18907	63791	68121	60632	48484	77275	19409	111408	26348	76080	38403	21493	76049	130814	81259	56812	107369	43171	41431	20252	91285	88300	43603	39481	55863	78457	139346	88927	76670	79268	92303	39301	66101
211	72203	227931	228075	56462	67716	50843	69202	91850	69551	48778	60518	33940	141747	69055	143192	140623	105080	171689	66791	171236	23086	115620	91652	179612	42594	39872	47386	20188	65135	70349	62869	50692	78634	20759	112722	27733	77430	39781	22810	77372	132059	82634	58143	108737	44496	42761	21452	92649	89680	45002	40771	57249	79809	140526	90261	78051	80638	94129	41555	68275
212	74555	228678	228822	59449	70190	52482	70988	93610	71325	50483	62098	35612	142923	70933	144368	141785	106676	172697	68583	172244	24824	117062	93412	180525	43933	41201	48763	21491	66506	72538	65092	52846	79960	21931	114036	29052	78705	40963	23967	78701	133319	83947	59543	110085	45777	44141	22680	93991	91076	46272	42071	58638	81108	141702	91566	79351	81938	95935	43788	70527
213	76801	229434	229578	62257	72608	54260	72623	95335	73032	52216	63993	37319	144085	72570	145530	142961	108253	173693	70274	173252	26370	118490	95167	181449	45141	42390	49936	22900	67767	74666	67239	54956	81303	23223	115350	30174	80005	42158	25237	80105	134564	85219	60841	111363	47113	45528	23933	95299	92308	47465	43332	60030	82408	142864	92930	80643	83213	97678	46044	72682
214	78983	230190	230334	64947	74923	55798	74387	96994	74738	53774	65524	39002	145261	74334	146706	144137	109830	174663	71956	174259	28200	119901	96826	182373	46273	43596	51162	24053	68967	76773	69346	56980	82628	24363	116603	31389	81271	43417	26525	81368	135794	86515	62049	112623	48499	46693	25122	96601	93606	48796	44512	61220	83682	144012	94228	81893	84454	99421	48152	74806
215	81139	230937	231081	67501	77164	57438	75910	98653	76358	55583	67229	40718	146423	75913	147882	145299	111336	175587	73529	175172	29638	121312	98485	183286	47597	44765	52321	25400	70268	78826	71388	59006	83917	25693	117776	32558	82596	44639	27751	82543	137024	87783	63204	113883	49720	47744	26335	97861	94816	50050	45703	62417	84954	145146	95462	83168	85726	101108	50212	76885
216	83214	231693	231837	69982	79359	59066	77527	100237	77933	57085	68947	42265	147599	77556	149044	146475	112812	176500	75190	176096	31143	122740	100097	184210	48755	46085	53608	26602	71486	80813	73401	60965	85069	26958	118949	33931	83838	45917	28997	83667	138224	89025	64521	115107	50788	48983	27646	99058	95961	51234	47040	63566	86178	146252	96596	84387	87118	102768	52272	78908
217	85223	232436	232564	72380	81475	60548	79113	101777	79545	58583	70365	43852	148775	79168	150158	147651	114306	177424	76810	177009	32831	124084	101657	185123	50051	47414	54901	27825	72684	82763	75364	62862	86221	28018	120156	35074	84942	47162	30053	84939	139409	90198	65787	116288	51954	50315	28608	100243	97200	52313	48126	64846	87322	147344	97793	85659	88223	104428	54284	80892
218	87235	233100	233228	74676	83525	62028	80664	103337	81104	60113	71902	45430	149896	80692	151237	148813	115782	178348	78290	177933	34255	125412	103217	186047	51035	48535	55978	29068	73776	84646	77308	64766	87524	29182	121329	36181	86142	48246	31340	86163	140487	91373	66872	117461	53249	51372	29747	101443	98397	53600	49272	66071	88495	148408	99074	86811	89327	106011	56154	82817
219	89144	233772	233900	76917	85522	63477	82064	104861	82604	61705	73449	46906	150988	82167	152329	149944	117215	179261	79772	178857	35736	126724	104747	186971	52235	49546	57109	30190	45863	86566	79211	66644	69076	30505	122485	37310	52989	26132	32639	87215	141565	53947	34524	118634	54361	52526	31046	102643	53317	54703	50515	39223	89691	149464	100178	87974	49797	107588	27290	40488
220	91047	234444	234564	79095	87498	64949	83539	106305	84038	63223	74951	48382	152080	83666	153421	151036	118609	180185	81197	179770	37215	128052	106210	187884	53640	50905	58432	31537	36579	88499	81333	69010	43617	31838	123796	38674	43054	23590	33948	88526	142713	44512	33092	119943	55637	53770	32357	103983	48916	56081	51847	32966	91086	150543	101458	89354	44604	109165	29837	42970
221	92873	235108	235236	81196	89384	66388	84959	107749	85478	64668	76436	49816	153159	85106	154513	152115	120020	181098	82647	180694	38583	129364	107654	188808	55008	52308	59830	32891	37915	90408	83433	71411	44970	33243	125108	40042	44428	24963	35267	89860	143889	45883	34445	121320	56993	55136	33616	105342	50290	57389	53184	34264	92428	151622	102838	90757	45973	110724	32311	45500
222	94699	235780	235908	83271	91277	67773	86351	109193	86918	66054	77878	51245	154251	86570	155592	153207	121414	182022	84079	181618	39955	130692	109098	189732	56415	53672	61190	34191	39204	92278	85434	73731	46286	34588	126404	41415	45758	26263	36481	91204	145051	47216	35803	122680	58284	56542	34769	106653	51668	58739	54450	35571	93748	152714	104178	92106	47348	112218	34726	47847
223	96437	236444	236572	85254	93103	69123	87741	110589	88307	67449	79282	52636	155343	87973	156684	154286	122825	182946	85471	182531	41331	131937	110517	190594	57678	55040	62586	35501	40504	94104	87414	75952	47478	35652	127684	42698	47050	27652	37711	92568	146227	48513	37112	123947	59544	57910	36116	107964	52971	59958	55724	36888	95046	153793	105451	93426	48684	113712	37039	50167
224	98180	237116	237244	87241	94907	70448	89098	111921	89687	68829	80651	54030	156422	89353	157763	155378	124164	183859	86839	183455	42713	133182	111867	191434	58845	56409	63762	36876	41714	95890	89346	78114	48766	36965	128964	43891	48265	28903	38955	93888	147403	49692	38376	125211	60910	59070	37302	109237	54242	61250	56934	38214	96285	154872	106800	94768	49900	115224	39267	52347
225	99887	237788	237916	89150	96657	71782	90478	113271	91061	70134	81976	55389	157514	90710	158855	156470	125476	184783	88208	184379	44094	134427	113217	192274	60061	57780	65010	38202	42937	97654	91218	80168	50103	38233	130212	45100	49492	30031	40264	95117	148551	50925	39600	126459	62248	60212	38558	110540	55447	62512	58156	39443	97545	155938	108054	95999	51087	116688	41374	54470
226	101547	238452	238580	91031	98379	73109	91795	114603	92359	71381	83326	56716	158606	92039	159947	157549	126804	185707	89542	185292	45483	135657	114549	193104	61285	59049	66168	39272	44219	99397	93044	82178	51405	39618	131412	46278	50770	31384	41579	96251	149662	52207	40734	127675	63434	61537	39931	111764	56520	63786	59486	40632	98826	156978	109251	97196	52287	118099	43474	56556
227	103187	239124	239252	92857	100096	74425	93137	115917	93701	72638	84587	58084	159685	93337	161012	158641	128116	186620	90853	186216	46781	136917	115881	193944	62612	60157	67439	40569	45375	101066	94848	84133	52636	40803	132582	47602	52056	32553	42759	97427	150689	53496	41987	128907	64490	62758	40906	112952	57924	64938	60650	41790	100022	157992	110409	98435	53574	119527	45430	58559
228	104832	239796	239924	94661	101736	75703	94413	117206	95021	73898	85835	59379	160764	94679	162008	159720	129444	187544	92132	187129	47959	138162	117172	194774	63691	61245	68670	41678	46546	102706	96579	86005	53688	41807	133737	48802	53154	33927	43857	98729	151716	54640	43201	130139	65788	63897	42103	114140	59119	66098	61764	43009	101162	159006	111651	99689	54868	120938	47390	60463
229	106409	240460	240588	96422	103396	76945	95639	118464	96261	75141	87083	60716	161754	95935	163004	160799	130752	188457	93430	188053	49319	139392	118430	195604	64907	52073	63277	42998	47687	104366	98322	87869	54942	43074	90076	49933	54344	34893	45159	99849	100581	48080	44384	86246	67028	55106	26612	97614	60191	67338	62952	44243	102342	159994	82551	98328	47935	59356	49312	29277
230	107967	241132	241260	98144	105012	78160	96857	119722	97500	76464	88396	61993	162738	97237	164000	161799	131982	189370	94684	188966	50602	140555	119688	196434	66254	30541	33998	44373	49053	105971	100062	89778	56314	44448	63304	51279	55731	36291	46515	101149	63205	26738	45761	63370	68362	31176	20562	56337	61517	68722	64341	45626	49626	161044	55061	48950	26893	61339	51965	31861
231	109525	241804	241924	99852	106570	79408	98117	120997	98760	77853	89776	63247	163722	98518	164996	162795	133242	190265	95919	189868	51692	141717	120980	197264	67763	32068	35609	45975	50670	107548	101722	91654	57868	45911	64746	52942	57337	38022	48000	102709	64746	28325	47361	64778	69915	32736	22031	57962	63200	70263	65861	47141	51384	162040	56577	50774	28544	64062	54942	34729
232	53771	61954	107918	48441	88054	43266	63335	58772	54329	79023	91036	57526	83354	99808	165992	163779	71786	191085	97179	190718	41021	94906	89064	198094	69383	33833	37148	47526	52198	109125	103382	93502	59589	47552	66129	54480	58968	39413	49611	104249	66160	29965	48823	66315	71336	34405	23407	59366	64837	71742	67442	48655	53045	163048	57945	52339	29896	66644	57652	37377
233	56246	64077	62977	50938	53964	40013	48958	60319	48748	38468	92598	30880	62746	101348	166988	62809	62845	62251	98817	191558	25982	62904	60013	198924	70931	35451	38518	49106	53757	110686	105037	95315	61090	49173	67612	55864	60419	40909	51210	105727	67732	31453	50363	67912	72847	35765	24958	60839	66279	73267	68943	50199	54504	164044	59454	53740	31387	69100	60172	39845
234	59210	66690	65667	54196	57085	42180	51308	62499	50987	40719	94446	33088	65037	103008	167996	65130	65197	64557	100513	192388	28208	65222	62400	199764	72316	36828	39944	50599	55160	112180	106614	97058	62521	50664	69112	57322	61870	42351	52641	107171	69292	32810	51819	69442	74359	37131	26337	62410	67667	74776	70448	51659	55924	165052	60993	55143	32873	71353	62455	42120
235	62032	69205	68215	57304	60011	44335	53556	64734	53166	42947	96217	35451	67217	104662	169004	67400	67495	66814	102193	193228	30201	67488	64670	200604	73744	38210	41421	51969	56601	113674	108191	98822	63891	52033	70524	58744	63322	43794	54110	108596	70756	34174	53274	70872	75775	38502	27797	63879	69047	76207	71869	53118	57308	166060	62460	56620	34296	73451	64659	44230
236	64761	71658	70672	60217	62794	46389	55669	66892	55336	45063	97960	37608	69325	106258	170000	69562	69625	68905	103853	194068	32456	69648	66861	201434	75128	39596	42799	53381	58005	115186	109787	100518	65299	53404	71916	60167	64700	45189	55467	110002	72175	35544	54689	72287	77179	39877	29184	65287	70432	77605	73249	54499	58730	167056	63864	58096	35660	75493	66727	46288
237	67353	73998	73074	62994	65496	48438	57672	68950	57420	47083	99717	39648	71339	107835	171008	71597	71745	70991	105465	194898	34443	71709	68950	202274	76478	40985	44178	54755	59373	116652	111295	102178	66665	54778	73211	61527	66085	46544	56864	111319	73519	36917	56030	73631	78515	41256	30507	66653	71824	78957	74593	55882	60119	168064	65208	59496	37029	77490	68731	48212
238	69843	76264	75373	65652	68049	50361	59609	70947	59399	49103	101377	41636	73298	109412	172004	73603	73774	73046	107061	195738	36376	73683	70947	203104	71315	42375	45427	56095	44406	118063	112789	89019	68071	49526	74527	62880	61937	47900	58158	90147	74857	38241	57340	74938	79815	42640	22131	67969	73234	80257	75838	57160	45763	169072	66484	60829	38403	52625	70649	23136
239	72245	78492	77608	68200	70482	52177	61483	72891	61381	50924	103037	43582	75211	110958	173012	75505	75724	74941	108638	196578	38374	75582	72835	203944	37707	44005	47080	26660	29211	119491	114301	51435	69571	26816	76072	30337	32650	49471	59628	54681	76423	39729	27593	76504	81389	44024	14906	33293	74634	81764	37000	27593	29069	170068	68076	29770	39989	39740	72912	25533
240	74569	80642	79792	70628	72834	53965	63299	74737	63233	52832	104690	45442	76993	112452	174020	77395	77634	76804	110207	197408	40273	77497	74710	204784	39428	45848	48807	28251	31006	120902	115795	54172	71432	28544	77891	32003	34505	51277	61400	56430	78125	41664	29203	78177	83139	45775	16248	34877	76391	83464	38646	29274	31073	171076	69755	31401	41664	42560	75216	28316
241	76787	82717	81892	73003	75141	55806	65125	76519	64965	54563	106267	47314	78778	113946	174952	79165	79402	78596	111719	198248	41936	79239	76546	205624	41076	47577	50471	30034	32639	122313	117227	56814	73052	30172	79425	33710	36035	52940	63086	58053	79893	43129	30931	79919	84791	47419	18188	36732	78094	85151	40377	30931	32575	172084	71466	33264	43465	45247	77483	31046
242	78970	84770	83954	75277	77382	57410	66775	78296	66775	56315	107825	49072	80492	115458	175876	80939	81192	80364	113213	199078	43819	81010	78296	206454	42659	49366	52164	31585	34192	123698	118655	59335	74757	31717	81064	35451	37832	54554	64631	59769	81439	45007	32567	81439	86423	48962	19623	38171	79602	86807	41840	32439	34253	173080	73168	34789	45007	47824	79641	33554
243	81101	86738	85946	77516	79517	59144	68537	79986	68417	58013	109402	50770	82192	116909	176800	82639	82917	82067	114689	199918	45398	82710	80038	207294	44277	50770	53649	33313	35792	125026	120066	61787	76377	33375	82664	36884	39337	56121	66297	61231	83064	46457	34062	83064	87971	50581	21058	39766	81234	88339	43441	34062	35966	174088	74624	36306	46590	50268	81746	36001
244	83151	88663	87904	79648	81627	60794	70229	81653	70171	59625	110913	52413	83810	118320	177713	84287	84626	83714	116182	200758	47184	84380	81703	208124	45793	52452	55092	34776	37269	126354	121477	64043	77847	34955	84143	38372	40734	57644	67895	62757	84647	47902	35612	84647	89466	52152	22861	41299	82759	89834	44939	35612	37436	175025	76138	37872	48160	52637	83838	38396
245	85163	90549	89790	81753	83700	62300	71766	83328	71766	61227	112407	54154	85418	119731	178637	85967	86282	85370	117576	201598	48654	86036	83378	208964	47216	54040	56643	36237	38743	127698	122905	66285	79329	36351	85535	39856	42183	59162	69335	64152	86183	49347	37039	86159	90959	53638	24277	42874	84235	91333	46391	37039	38796	175938	77669	39481	49725	54905	85806	40600
246	87154	92391	91665	83821	85668	63901	73374	84877	73318	62885	113901	55694	87026	121125	179561	87580	87881	86954	118987	202428	50321	87646	84949	209733	48642	55657	58083	37695	40109	129026	124239	68423	80796	37750	86951	41286	43679	60675	70711	65616	87626	50834	38467	87626	92389	55006	25774	44346	85675	92741	47838	38467	40213	176862	79099	40924	51118	57077	87747	42787
247	89040	94217	93491	85789	87638	65497	74960	86437	74933	64372	115377	57265	88525	122536	180474	89098	89468	88502	120381	203268	51898	89187	86509	210480	50023	57085	59483	39098	41479	130354	125567	70467	82221	39151	88339	42669	45123	62086	72103	66980	89006	52278	39895	89029	93775	56413	27112	45725	87091	94171	49243	39895	41629	177786	80525	42316	52473	59170	89656	44910
248	90948	95977	95284	87754	89524	66954	76472	87984	76472	65922	116832	58863	90020	123876	181398	90639	91049	90020	121792	204098	53507	90728	88053	211236	51407	58443	60851	40453	42855	131635	126911	72484	83621	40555	89696	44052	46525	63469	73475	68346	90409	53681	41274	90409	95156	57784	28533	47106	88450	95534	50609	41224	42999	178699	81900	43666	53871	61193	91515	46893
249	92752	97720	97027	89640	91411	68410	77886	89502	77990	67410	118226	60419	91511	125204	182311	92147	92545	91555	123191	204938	54878	92210	89571	211992	52716	59841	62224	41814	44233	132880	128239	74416	84966	41962	91113	45396	47838	64781	74868	69696	91795	54973	42510	91729	96458	59123	29816	48492	89761	96857	51859	42510	44421	179623	83250	45064	55234	63149	93319	48838
