0	0	0	0	0	0	0	0	0	0	0	0	0	0	0	0	0	0	0	0	0	0	0	0	0	0	0	0	0	0	0	0	0	0	0	0	0	0	0	0	0	0	0	0	0	0	0	0	0	0	0	0	0	0	0	0	0	0	0	0	0
1	4338	2892	5784	5784	4338	4338	4338	4338	4338	4338	4338	4338	4338	4338	4338	4338	4338	4338	4338	2892	4338	4338	4338	4338	2892	4338	4338	4338	4338	4338	5784	4338	4338	4338	4338	4338	4338	4338	4338	4338	4338	4338	4338	4338	4338	4338	4338	4338	4338	4338	4338	4338	4338	2892	4338	4338	2892	4338	4338	4338
2	18798	13014	26028	27474	18798	17352	18798	21690	18798	18798	18798	18798	18798	21690	18798	18798	18798	18798	18798	13014	18798	14460	18798	18798	13014	20244	18798	18798	18798	18798	26028	14460	18798	18798	13014	18798	18798	18798	15906	15906	18798	18798	18798	18798	14460	14460	14460	18798	18798	18798	13014	14460	18798	11568	18798	18798	13014	18798	18798	18798
3	70854	60732	101220	104112	75192	60732	70854	91098	86760	79530	85314	76638	62178	91098	78084	83868	86760	85314	76638	54948	79530	60732	75192	82422	40488	88206	60732	86760	60732	83868	98328	60732	65070	62178	47718	69408	70854	72300	60732	60732	72300	62178	65070	69408	59286	53502	56394	79530	60732	60732	47718	60732	60732	40488	60732	80976	44826	75192	83868	73746
4	173520	151830	205332	208224	176412	148938	164844	186534	183642	174966	180750	172074	154722	187980	173520	179304	183642	182196	170628	135924	174966	151830	170628	179304	81557	120108	91429	105980	91211	89944	100341	71625	113284	120823	91098	115359	117045	113462	90659	89190	112559	107425	113840	107606	98878	84197	87190	154722	99413	86873	91098	78776	124356	60160	91191	101139	89652	107372	173520	102014
5	100082	64535	61664	61198	101209	122269	118824	109428	88802	118491	93287	100265	114720	290646	125288	79699	73353	281970	77490	72587	85366	105716	117646	279078	41261	61987	55819	1446	52136	59659	59041	47718	61589	62677	43713	62310	61987	61954	54415	51573	62053	59391	60936	60766	49969	44826	47083	61954	55024	52136	41934	1446	61489	33258	1446	60218	43380	61735	62934	63271
6	63594	63882	64227	62560	63102	62809	62218	62416	61801	62251	63139	62482	60713	62743	62809	62482	62449	396204	59484	62350	63271	62449	63198	393312	42886	63725	57422	2892	53736	62224	61608	52235	63239	64298	45202	64006	63661	63693	56023	53229	63821	61067	62603	62372	51675	46681	48851	63661	56686	53774	43582	2892	63008	34843	2892	63565	45202	64217	65471	65819
7	66191	66470	66835	65273	65629	64746	64173	64429	63865	64237	65162	64557	62618	64810	64842	64525	64525	517668	61498	64397	65290	64365	65251	513330	44591	65605	59121	8676	55435	64467	63902	54400	65067	65881	46908	65784	65481	65419	57837	54911	65543	62862	64386	64194	53133	48292	50350	65388	58265	55472	45350	7230	64651	36415	7230	65325	46776	66392	67785	68032
8	68722	69022	69375	67837	68148	66687	66132	66411	65865	66194	67121	66628	64625	66811	66811	66473	66597	637686	63443	66380	67245	66349	67269	634794	46095	67248	60771	23136	57049	66572	66055	56415	66657	67552	48556	67396	67000	67093	59419	56468	67279	64446	65997	65718	54780	49686	51966	67031	59974	57049	46742	18798	66316	38032	17352	66969	48513	68407	69937	70118
9	71162	71452	71793	70307	70607	68452	68125	68365	67807	68215	69052	68635	66384	68872	68842	68395	68605	759150	65394	68335	69172	68245	69195	756258	47685	68905	62179	30186	58513	68581	68110	58425	68303	69082	49941	68898	68605	68665	60891	57946	68815	66024	67514	67330	56304	51241	53417	68545	61504	58618	48136	24193	67853	39632	26893	68515	50146	70394	72025	72147
10	73547	73799	74128	72721	72983	70292	69918	70295	69697	70034	70988	70556	68129	70727	70669	70295	70556	880614	67223	70237	71046	70208	71184	876276	49093	70469	63687	31599	59977	70562	70135	60333	69858	70582	51327	70404	70179	70150	62361	59420	70266	67600	69014	68834	57822	52710	54905	70034	62923	60011	49618	25937	69323	40970	28251	70005	51607	72357	74044	74107
11	75829	76072	76416	75032	75285	72003	71716	72178	71641	71832	72791	72458	69922	72567	72483	72178	72458	1000632	69001	72035	72959	72006	73036	997740	50463	72006	65127	32950	61337	72520	72107	62183	71308	72032	52677	71883	71687	71600	63832	60824	71774	69070	70516	70342	59265	54140	56352	71571	64281	61371	51056	27343	70757	42360	29686	71542	52989	74233	76065	76072
12	78047	78281	78612	77273	77523	73771	73494	73970	73393	73634	74583	74362	71604	74443	74331	73914	74306	1122096	70823	73886	74722	73774	74796	1119204	51837	73410	66498	34369	62728	74452	74039	64011	72764	73407	54070	73319	73102	73046	65272	62230	73242	70454	71995	71763	60639	55496	57689	73018	65679	62761	52413	28753	72148	43708	31054	73018	54374	76112	78014	77969
13	80205	80439	80757	79438	79681	75370	75211	75778	75167	75346	76369	76156	73274	76153	76018	75697	76102	1242114	72520	75589	76531	75535	76632	1239222	53213	74833	67849	35846	64092	76296	75952	65882	74164	74803	55428	74718	74502	74474	66670	63545	74670	71846	73371	73147	61952	56784	58995	74418	67043	64124	53736	30094	73520	45105	32428	74446	55761	77930	79912	79815
14	82264	82489	82832	81551	81785	77044	76885	77504	76922	77074	78047	77920	74999	77917	77787	77398	77842	1363578	74200	77371	78203	77236	78326	1360686	54478	76237	69139	37265	65403	78133	77802	67583	75533	76126	56826	76041	75859	75805	67986	64857	76021	73227	74741	74491	63239	58080	60309	75778	68407	65527	55139	31445	74885	46463	33808	75805	57150	79724	81807	81664
15	84311	84527	84857	83626	83852	78593	78596	79194	78606	78700	79737	79662	76511	79607	79425	79090	79584	1485042	75864	78986	79919	78908	80068	1482150	55714	77608	70463	38577	66736	79927	79622	69413	76910	77449	57978	77391	77155	77128	69276	66144	77371	74599	76037	75794	64523	59446	61598	77101	69697	66798	56545	32677	76208	47650	35191	77128	58506	81451	83632	83439
16	86303	86519	86825	85595	85820	80179	80182	80842	80296	80364	81414	81367	78106	81289	81089	80692	81242	1605060	77483	80667	81514	80592	81682	1602168	56960	78960	71797	39897	67989	81696	81428	71018	78230	78697	59171	78641	78440	78440	70596	67415	78648	75925	77360	77036	65820	60849	62819	78388	70887	68079	57949	33801	77554	48765	36465	78414	59902	83201	85433	85175
17	88247	88454	88747	87568	87784	81764	81767	82467	81926	81967	82989	82992	79666	82889	82714	82317	82917	1726524	79069	82267	83164	82117	83332	1723632	58217	80364	73040	41226	69189	83396	83178	72764	79608	79919	60344	79941	79714	79792	71872	68647	79948	77167	78612	78248	66998	62090	64148	79662	72076	69339	59038	35184	78802	50143	37860	79688	61194	84851	87183	86903
18	90156	90363	90656	89477	89693	83289	83342	84074	83476	83492	84575	84650	81220	84479	84239	83930	84530	1847988	80646	83834	84743	83714	84929	1843650	59442	81667	74300	42610	70395	85086	84877	74416	80815	81139	61665	81160	80917	81017	73224	69814	81267	78374	79886	79548	68273	63179	65364	80992	73365	70511	60147	36572	80076	51324	38780	80992	62391	86483	88908	88569
19	92015	92213	92494	91366	91572	84743	84842	85586	85067	85034	86159	86234	82670	86063	85799	85490	86114	1968006	82121	85394	86255	85274	86489	1965114	60573	82892	75394	43995	71642	86742	86557	75965	81990	82414	62820	82410	82192	82292	74344	71061	82517	79596	81132	80882	69473	64369	66511	82217	74625	71729	61473	37688	81165	52557	40041	82267	63605	88120	90610	90225
20	93819	94039	94320	93192	93398	86207	86330	87145	86627	86570	87695	87789	84053	87626	87350	86954	87697	2089470	83670	86954	87787	86834	88011	2086578	61756	84098	76690	45294	72806	88368	88191	77580	83215	83614	63893	83610	83467	83442	75463	72273	83714	80878	82332	82032	70641	65702	67622	83417	75707	72918	62728	38986	82440	53610	41364	83517	64757	89707	92230	91839
21	95618	95807	96075	95018	95216	87626	87812	88663	88143	88065	89121	89330	85493	89098	88845	88456	89192	2210934	85110	88433	89305	88295	89529	2206596	62977	85298	77810	46333	73926	89955	89824	79140	84480	84719	65141	84812	84626	84698	76732	73337	84866	82078	83532	83132	71772	66725	68942	84602	76868	74066	63740	40087	83664	54827	42501	84698	66171	91256	93880	93423
22	97361	97550	97818	96742	96938	89006	89261	90135	89638	89537	90616	90871	86933	90593	90340	89928	90710	2330952	86598	89882	90800	89721	91042	2328060	64013	86594	78902	47480	75114	91515	91412	80665	85656	85895	66171	85988	85730	85850	77955	74541	86114	83203	84713	84377	72960	67859	69954	85826	78112	75222	64956	41308	84744	55980	43561	85850	67287	92774	95508	95007
23	99104	99293	99561	98485	98681	90409	90710	91599	91102	90983	92037	92347	88298	92037	91795	91379	92193	2452416	88000	91335	92235	91181	92472	2449524	65165	87743	80124	48810	76221	93055	92952	82115	86784	87071	67287	87116	87002	87002	78969	75653	87260	84325	85889	85529	74080	69089	71085	86954	79126	76356	66085	42544	85920	57075	44869	87050	68313	94314	97041	96521
24	100787	100967	101222	100197	100384	91795	92083	93029	92488	92369	93467	93821	89655	93467	93181	92787	93645	2573880	89403	92721	93643	92589	93924	2569542	66349	88847	81211	50023	77328	94595	94514	83615	87972	88132	68493	88267	88088	88180	80217	76760	88364	85549	86993	86561	75209	70009	72185	88065	80296	77463	67046	43555	87096	58188	45737	88180	69663	95797	98595	98012
25	102447	102627	102882	101857	102044	93137	93469	94459	93896	93777	94875	95263	91008	94897	94589	94195	95095	2693898	90806	94151	95072	93997	95361	2691006	67341	90043	82261	50966	78451	96065	96008	85080	89099	89305	69453	89325	89146	89261	81250	77878	89537	86605	88126	87804	76262	71314	73221	89238	81351	78555	68349	44680	88087	59133	47030	89307	70709	97246	100102	99524
26	104087	104287	104542	103517	103704	94457	94855	95851	95293	95158	96248	96649	92372	96290	95954	95578	96481	2815362	92153	95536	96437	95368	96726	2812470	68455	91225	83386	52287	79491	97535	97478	86520	90157	90340	70651	90452	90342	90319	82350	78892	90618	87777	89207	88839	77342	72210	74397	90319	82426	79647	69189	45687	89260	60307	48074	90457	71782	98695	101582	100967
27	105687	105858	106120	105146	105324	95786	96166	97195	96637	96460	97592	98035	93714	97655	97319	96922	97867	2936826	93495	96880	97802	96691	98091	2932488	69445	92215	84357	53301	80577	98984	98969	87949	91378	91443	71579	91550	91335	91445	83500	79984	91731	88812	90334	89920	78412	73414	75325	91423	83551	80702	70511	46893	90295	61293	49179	91467	72969	100117	103062	102387
28	107264	107435	107678	106704	106882	97067	97468	98560	98023	97804	98936	99442	95034	98999	98642	98266	99253	3056844	94815	98224	99167	98035	99456	3053952	70556	93425	85509	54450	81577	100392	100418	89329	92346	92477	72745	92584	92501	92523	84490	81001	92787	89870	91394	91020	79426	74338	76513	92501	84515	81752	71294	47811	91400	62422	50219	92589	73893	101497	104542	103827
29	108841	109012	109255	108281	108459	98348	98791	99888	99409	99106	100267	100788	96274	100327	99967	99588	100588	3178308	96107	99568	100467	99400	100762	3175416	71542	94393	86469	55576	82652	101792	101818	90709	93490	93511	73641	93618	93469	93601	85618	82051	93821	90994	92450	92010	80515	75512	77404	93513	85595	82777	72582	49048	92390	63346	51278	93645	75136	102877	105949	105231
30	110399	110561	110791	109858	110036	99607	100108	101188	100697	100388	101587	102128	97492	101627	101247	100868	101908	3298326	97388	100848	101747	100688	102082	3295434	72570	95578	87578	56574	83652	98933	103238	92038	94480	94545	74758	94696	94613	94635	86578	83076	94943	91962	93506	93088	81490	76376	78524	94613	86603	83820	73338	49927	93490	64467	52278	94745	76000	104277	107336	106599
31	111893	112055	112285	111363	111531	100807	101368	102468	101997	101628	102867	103448	98710	102947	102507	102168	103228	3419790	98690	102128	103027	101968	103382	3415452	73606	49590	41983	57906	40641	50584	50297	93534	45774	49639	75676	95741	95620	95746	40488	84131	45729	44432	45010	94100	39307	77638	79460	95641	41411	84852	74654	23405	94524	65394	53370	95788	77269	105659	108818	51453
32	113387	113549	113779	112857	113025	102027	102608	103768	103257	102908	104147	104738	99991	104267	103807	103488	104528	3538362	99972	103408	104327	103208	104657	3535470	74860	47509	43294	59136	41898	52353	52195	95325	47110	46802	76945	97043	96880	97006	42400	85379	47022	45672	46325	95487	40552	78808	80797	96964	42596	86100	75762	24620	95745	66727	54631	97069	78524	107236	110395	53502
33	114881	115061	115291	114369	114537	103287	103828	105023	104517	104208	105364	105992	101211	105497	105041	104719	105783	3656934	101172	104643	105611	104448	105892	3652596	76156	48838	44568	60412	43066	54438	54096	97089	48453	48066	78316	98324	98203	98329	43558	86627	48281	46922	47561	96768	41761	79978	82122	98308	43747	87385	76950	25857	97047	68041	55974	98371	79746	108832	111889	55358
34	116381	116534	116751	115863	116031	104447	105061	106296	105735	105422	106561	107246	102351	106713	106314	105916	107056	3772614	102372	105878	106827	105688	107165	3768276	77371	50132	45803	61632	44346	56415	55971	98832	49592	49298	79382	99624	99547	99628	44821	87867	49550	48183	48888	98007	42982	81120	83272	99608	45097	88581	78243	27114	98370	69271	56997	99748	80997	110391	113383	57190
35	117792	117945	118162	117291	117450	105649	106315	107493	107008	106581	107834	108519	103511	107948	107492	107113	108310	3888294	103592	107094	108024	106923	108400	3883956	78466	51434	47006	62886	45545	58145	57894	100528	50950	50417	80572	100844	100788	100828	46095	89063	50909	49454	50140	99204	44264	82495	84391	100828	46320	89777	79595	28242	99608	70388	58183	100968	82197	111885	114895	59070
36	119203	119356	119573	118719	118878	106808	107455	108709	108224	107797	109050	109792	104779	109202	108689	108386	109545	4002528	104856	108310	109259	108101	109616	3996744	79714	52820	48136	64213	46710	59993	59857	102188	52152	51632	81797	102024	101928	102028	47380	90236	52112	50774	51361	100382	45373	83620	85639	101988	47424	90993	80627	29677	100748	71606	59478	102208	83572	113397	116377	60960
37	120614	120784	121001	120130	120289	107967	108652	109963	109440	109051	110255	110994	105881	110435	109924	109583	110760	4116762	105996	109526	110507	109317	110827	4110978	80942	53867	49324	65520	47847	61919	61622	103848	53365	52897	82922	103204	103108	103268	48459	91432	53248	51860	52515	101662	46500	84677	86863	103208	48588	92203	81752	30642	101928	72828	60710	103368	84727	114891	117788	62692
38	122042	122195	122412	121541	121700	109126	109868	111156	110643	110220	111425	112200	107002	111587	111137	110760	111984	4229550	107155	110724	111659	110526	112051	4223766	81967	55082	50524	66698	48958	63531	63435	105441	54512	53980	84007	104424	104388	104468	49597	92554	54398	53002	53722	102802	47771	85973	87886	104448	49807	93259	83077	31839	103168	73892	61658	104605	85807	116373	119216	64537
39	123427	123571	123775	122952	123105	110291	111030	112308	111831	111354	112631	113388	108218	112775	112253	111912	113172	4339446	108371	111894	112811	111678	113203	4333662	83167	56303	51536	67743	50044	65417	65195	107018	55747	55081	85255	105552	105479	105593	50832	93632	55710	54310	54900	103902	48799	87005	89105	105555	50832	94425	84036	33118	104268	75027	62945	105802	87031	117801	120627	66206
40	124755	124899	125103	124283	124433	111407	112146	113478	112983	112560	113783	114630	109339	113981	113441	113100	114360	4450788	109511	113046	113981	112830	114373	4445004	84242	57497	52764	69063	51268	66936	66905	108595	56884	56302	86239	106654	106562	106733	51837	94820	56704	55328	55977	105132	49930	88045	90163	106657	51997	95567	85260	34167	105384	76188	63982	106866	88208	119212	122038	67957
41	126083	126227	126431	125611	125761	112487	113298	114666	114153	113694	114935	115836	110421	115151	114647	114270	115566	4560684	110674	114216	115187	114000	115615	4553454	85322	58599	53774	70245	52347	68753	68633	110148	57964	57244	87357	107813	107797	107873	52979	95902	57856	56438	57180	106177	51037	89218	91230	107835	53096	96659	86292	35184	106524	77133	65134	108025	89220	120623	123439	69577
42	127411	127555	127759	126939	127089	113657	114450	115854	115341	114810	116141	116977	111591	116330	115781	115404	116739	4669134	111808	115386	116330	115188	116734	4660458	86450	59754	54914	71173	53361	70351	70351	111642	59088	58493	88369	108877	108823	108975	54098	96973	59053	57664	58186	107241	52077	90161	92352	108899	54098	97751	87339	36344	107512	78367	66288	109184	90508	122034	124767	71206
43	128739	128883	129087	128267	128417	114719	115584	116977	116509	116016	117248	118133	112617	117469	116908	116586	117895	4777584	112906	116535	117452	116314	117873	4770354	87467	60842	55953	72465	54470	71946	71975	113136	60229	59473	89427	110017	109963	110112	55122	98023	60059	58586	59271	108400	53174	91360	93320	110094	55233	98780	88443	37468	108709	79277	67187	110220	91450	123419	126095	72889
44	130067	130211	130415	129595	129745	115853	116739	118099	117597	117096	118336	119289	113769	118591	118047	117674	119017	4883142	114004	117640	118608	117419	119012	4874466	88548	61918	57013	73473	55447	73576	73520	114612	61317	60603	90462	111027	110994	111120	56306	99094	61249	59809	60407	109388	54212	92262	94464	111084	56158	99878	89409	38612	109697	80471	68426	111372	92572	124747	127439	74429
45	131351	131486	131677	130908	131049	116925	117810	119221	118753	118184	119492	120411	114849	119696	119118	118779	120173	4988700	115174	118745	119696	118541	120134	4981470	89514	63106	58021	74621	56556	75155	75155	116106	62379	61620	91516	112107	112056	112182	57212	100117	62214	60761	61393	110539	55233	93428	95415	112182	57320	100858	90536	39671	110832	81321	69266	112344	93606	126059	128767	75923
46	132596	132731	132922	132153	132294	117979	118881	120343	119858	119323	120580	121584	115929	120852	120240	119901	121312	5094258	116266	119850	120852	119629	121256	5087028	90572	64042	59038	75703	57492	76613	76694	117521	63401	62676	92484	113097	113082	113208	58357	101137	63369	61905	62519	111457	56232	94308	96486	113172	58217	101918	91521	40753	111750	82521	70441	113478	94684	127387	130095	77462
47	133841	133976	134167	133398	133539	119050	120003	121482	120946	120377	121702	122723	117013	121957	121362	120989	122451	5198370	117371	120972	121940	120768	122395	5189694	91511	65258	60045	76702	58594	78074	78204	118915	64457	63625	93584	114159	114126	114270	59302	102117	64265	62829	63441	112573	57248	95413	97431	114270	59337	102898	92511	41708	112866	83371	71340	114450	95688	128715	131362	78970
48	135086	135236	135427	134658	134784	120104	121074	122587	122119	121533	122841	123828	118016	123107	122484	122145	123572	5302482	118408	122094	123059	121839	123487	5293806	92501	66160	61065	77796	59539	79556	79660	120326	65477	64681	94442	115167	115134	115278	60369	103117	65415	63966	64561	113509	58182	96358	98439	115242	60301	103918	93611	42739	113766	84510	72375	115566	96738	130027	132607	80476
49	136331	136481	136672	135903	136044	121192	122196	123684	123195	122587	123875	124916	119104	124147	123587	123204	124628	5403702	119479	123188	124131	122961	124575	5393580	93513	67338	61969	78758	60497	81015	81115	121720	66500	65539	95499	116209	116195	116348	61355	104097	66345	64830	65485	114571	59302	97324	99531	116348	61253	104919	94469	43603	114882	85446	73355	116518	97683	131313	133852	81901
50	137591	137726	137917	137148	137289	122229	123236	124740	124299	123684	124963	125988	120090	125219	124595	124308	125732	5506368	120550	124244	125187	124004	125631	5496246	94437	68182	63058	79824	61517	82440	82565	123124	67491	66655	96360	117161	117130	117283	62350	105089	67430	65962	66508	115597	60233	98416	100373	117232	62284	105831	95588	44588	115800	86406	74195	117538	98817	132558	135097	83326
51	138836	138971	139162	138393	138534	123299	124308	125796	125307	124692	125987	127108	121195	126291	125699	125316	126788	5606142	121587	125284	126259	125060	126687	5596020	95494	69322	63964	80847	62408	83832	83976	124452	68541	67551	97326	118147	118184	118286	63307	106020	68271	66799	67559	116547	61117	99193	101393	118269	63109	106800	96407	45642	116790	87402	75401	118473	99653	133803	136342	84707
52	140036	140162	140340	139622	139754	124275	125300	126868	126395	125748	127091	128180	122198	127347	126707	126388	127892	5707362	122709	126356	127315	126100	127775	5697240	96355	70205	64956	81747	63429	39817	85368	125764	50094	68541	98376	119082	119051	119255	64205	106989	69351	34524	68489	117550	62152	95274	102273	93715	64205	107769	97352	46673	117793	88230	76184	119476	100733	108617	137602	86099
53	141198	141338	141516	140798	140930	125299	126356	127908	127435	126772	128099	129252	123269	128419	127779	127412	128948	5805690	123702	127396	128387	127140	128831	5795568	97342	71307	65961	82922	64389	41349	86976	127108	33293	32790	99258	120102	120139	58020	65357	107977	33444	31942	69569	57297	63076	48782	103293	57876	65165	108795	98486	47768	118711	89357	77264	120513	101633	63139	138847	87591
54	142374	142500	142678	141960	142092	126259	127364	128980	128475	127812	129187	130340	124229	129491	128803	128484	130036	5904018	124726	128452	129427	128196	129919	5892450	98434	72399	67077	84031	65504	42970	88662	128436	34337	33849	100453	121224	121193	58757	66349	109079	34663	33155	70618	58017	64237	49664	104393	58932	66318	109878	99452	48754	119884	90300	78259	121669	102893	64746	140060	89224
55	143550	143676	143854	143136	143268	127299	128420	130036	129547	128852	130211	131367	125221	130547	129891	129524	131097	6000900	125734	129492	130499	129220	130957	5990778	99505	73603	68109	85039	66496	44718	90410	129764	35467	34817	101353	122346	122383	60112	67495	110157	35667	34142	71720	59384	65261	50897	105446	60146	67248	110949	100578	49886	120904	91515	79455	122757	103873	66377	141222	90992
56	144712	144838	145030	144298	144430	128291	129412	131082	130587	129892	131246	132402	126229	131546	130901	130580	132102	6097782	126742	130532	131471	130276	131962	6086214	100568	74639	69249	86311	67607	46355	92126	131082	36447	35989	102553	123409	123412	61132	68575	111201	36812	35278	72798	60347	66411	51860	106472	61268	68395	111975	101558	50870	122009	92395	80365	123892	105066	68122	142398	92598
57	145888	146014	146192	145474	145606	129299	130468	132072	131613	130917	132221	133407	127189	132566	131921	131562	133122	6193218	127750	131532	132506	131277	132952	6181650	101588	75721	70221	87288	68627	48062	93820	132327	37568	36900	103453	124481	124516	62232	69655	112227	37757	36321	73862	61469	67403	52963	107536	62232	69355	113037	102658	52034	123092	93627	81593	124916	106054	69592	143574	94292
58	147050	147190	147368	146650	146782	130323	131427	133062	132618	131922	133226	134442	128229	133556	132896	132567	134127	6288654	128774	132522	133466	132267	133972	6277086	102628	76855	71323	88461	69677	49672	95472	133587	38549	38008	104610	125473	125508	63354	70701	113253	38893	37392	74972	62493	68485	53854	108543	63419	70498	114045	103638	52976	124084	94485	82443	126004	107118	71249	144736	95923
59	148226	148352	148544	147812	147944	131276	132447	134067	133608	132882	134216	135432	129157	134576	133901	133527	135132	6385536	129830	133512	134486	133272	134962	6372522	103628	77891	72302	89450	70664	51228	97089	134847	39662	38924	105465	126545	126596	64347	71745	114279	39892	38376	75971	63544	69445	55069	109588	64283	71397	115107	104748	54095	125124	95666	83643	127028	108163	72875	145912	97477
60	149399	149516	149681	148988	149120	132266	133392	135057	134628	133887	135221	136467	130229	135551	134876	134547	136152	6479526	130814	134502	135446	134232	135967	6467958	104681	79009	73338	90554	71737	52893	98706	136092	40642	40078	106529	127521	127572	65402	72738	115287	40919	39443	77051	64568	70498	55846	110621	65495	72542	116115	105622	55082	126132	96527	84507	128084	109227	74471	147088	99073
61	150478	150608	150773	150106	150229	133166	134412	136062	135603	134847	136196	137457	131158	136556	135881	135507	137157	6574962	131819	135507	136466	135267	136972	6563394	105612	79971	74290	91560	72674	54394	100288	137352	41699	40948	107422	128577	128660	66425	73774	116271	41919	40428	78028	65616	71426	57160	111557	66363	73466	117104	106705	56155	127124	97640	85563	129108	110225	75883	148250	100617
62	151570	151687	151852	151185	151308	134171	135372	137052	136623	135867	137201	138492	132133	137546	136856	136527	138162	6671844	132764	136482	137441	136212	137962	6660276	106638	81064	75249	92616	73682	55928	101808	138597	42633	41996	108429	129569	129588	67386	74698	117240	42991	41440	79016	66484	72430	57952	112583	67479	74446	118090	107560	57173	128180	98606	86595	130164	111287	77395	149421	102137
63	152662	152779	152944	152277	152400	135131	136362	138057	137598	136812	138176	139477	133123	138551	137846	137487	139167	6767280	133769	137487	138461	137247	138967	6754266	107569	82014	76302	93606	74662	57384	103348	139827	43688	42970	109531	130577	130660	68529	75724	118209	43849	42330	80030	67716	73382	59006	113465	68439	75427	118991	108605	58214	129076	99509	87445	131127	112169	78879	150513	103657
64	153741	153871	154036	153369	153492	136091	137352	139062	138618	137832	139181	140429	134038	139532	138836	138507	140135	6862716	134714	138462	139434	138192	139920	6851148	108519	83039	77193	94706	75554	58839	104871	141003	44672	43829	110315	131559	131592	69249	76642	119161	44921	43393	81020	68466	74418	60013	114473	69369	76291	119994	109593	59194	130148	100572	88572	132132	113213	80361	151592	105127
65	154833	154950	155115	154448	154571	137081	138312	140009	139580	138792	140120	141367	135058	140470	139798	139463	141059	6956706	135719	139463	140372	139212	140872	6943692	109507	84047	78243	95562	76607	60293	106315	142165	45680	44948	111305	132474	132552	70569	77712	120096	45788	44243	82045	69696	75373	60795	115463	70337	77425	120946	110445	60094	131067	101372	89354	133032	114095	81789	152684	106552
66	155925	156042	156207	155540	155663	138011	139317	140947	140546	139771	141030	142319	135958	141394	140722	140415	142011	7055034	136694	140387	141296	140121	141782	7040574	110382	84935	79127	96654	77470	61748	107778	143341	46578	45770	112277	133434	133497	71352	78648	121048	46772	45261	82945	70567	76210	61971	116352	71265	78258	121898	111453	61012	132012	102372	90366	134022	115139	83214	153776	107977
67	157004	157121	157299	156619	156742	139001	140205	141885	141442	140681	141982	143257	136978	142332	141646	141311	142949	7149024	137684	141311	142220	141059	142734	7134564	111336	86063	80011	97515	78380	63167	109222	144517	47458	46710	113069	134349	134382	72330	79506	121983	47822	46256	83885	71350	77263	62796	117304	72358	79168	122867	112335	62017	132972	103372	91380	134952	116147	84599	154855	109383
68	158096	158213	158378	157711	157834	139882	141157	142809	142408	141605	142878	144209	137893	143270	142570	142263	143887	7244460	138674	142235	143158	141969	143644	7230000	112254	86951	81052	98523	79368	64549	110634	145679	48535	47718	114023	135234	135357	73422	80542	122935	48681	47141	84869	72608	78206	63614	118205	73254	80208	123755	113181	62974	133812	104172	92150	135852	116947	85943	155947	110769
69	159188	159305	159470	158803	158926	140820	142039	143747	143304	142529	143830	145147	138883	144194	143494	143173	144825	7339896	139647	143173	144068	142907	144596	7325436	113118	87879	81902	99552	80252	36166	112002	146855	49462	48535	91545	104896	136257	74178	67165	100290	49731	48139	85805	64626	78986	64702	119055	74066	81042	124651	114189	63818	134757	105122	93118	136797	117950	82236	157039	112137
70	160267	160384	160562	159895	160005	141702	142977	144657	144256	143439	144726	146085	139828	145132	144418	144097	145763	7433886	140571	144083	145006	143803	145492	7419426	114108	88937	82852	100473	81184	32589	54529	148031	50454	22506	55671	61987	137202	35718	39518	58772	50594	49075	46889	34824	80078	65621	120075	34704	43206	60834	115125	64778	135747	50774	94174	137757	118902	42862	158118	54491
71	161320	161428	161580	160964	161078	142584	143859	145581	145138	144377	117800	147009	140668	146042	145328	145035	146687	7527876	141453	144993	145902	144727	118431	120270	115206	90156	84012	101633	75666	34628	56721	149193	51548	23502	51069	63241	138357	36579	40603	61097	51844	50322	42253	35996	81117	66768	121163	36465	40090	61547	116271	66005	136827	51660	95264	138927	120075	44936	159210	56577
72	162328	162436	162588	161972	162086	143564	62178	60732	61921	62644	61954	61921	62644	61664	146322	145987	61954	7630542	47718	61954	62644	145735	62677	61987	55708	91421	40947	49626	39466	37059	59244	150297	52932	24879	26188	28920	62677	37915	41959	62330	24919	51579	43510	16754	82417	32007	122438	37695	18304	62933	117427	31223	62677	53041	96440	61954	57326	47226	160289	59034
73	163324	163432	163584	162968	163082	144740	63562	62977	63307	64010	63373	63405	64010	63754	147484	147149	63340	7752006	63818	63340	64010	146897	64298	63533	57242	93137	42486	51304	41061	39706	61965	151376	54660	26342	27881	31081	63882	39781	43510	63866	26379	53196	45189	18073	84050	33776	123799	39469	19731	64354	118838	32843	64042	54424	98036	63340	59821	49827	161340	61701
74	164332	164440	164592	163976	164090	145902	65447	64749	65133	65695	65165	65388	65664	65540	148660	148325	65357	7873470	65602	65261	65788	148073	66129	65450	58736	94875	44158	53084	42645	42038	64344	152468	56335	28026	29192	32454	65447	41364	45189	65338	28060	54879	46764	19834	85658	35278	125127	41014	21355	66059	120249	34508	65478	56179	99669	64973	61487	52096	162348	64024
75	165328	165448	165600	164984	165098	147078	67214	66752	67062	67522	66907	67279	67492	67522	149802	149491	67124	7993488	67492	67000	67552	149249	68092	67217	60329	96458	45725	54542	44170	44245	66608	153560	57816	29543	30650	34260	66997	42793	46764	66889	29715	56511	48459	21353	87214	36663	126455	42648	22772	67664	121677	35980	67059	57772	101169	66628	62907	54230	163344	66236
76	166336	166444	166608	165980	166094	148254	68932	68485	68875	69352	68845	69085	69142	69292	150881	150570	68965	8114952	69172	68875	69502	150336	69828	68965	61783	98033	47150	56220	45555	46303	68766	154639	59434	30917	32042	35857	68542	44360	48158	68378	31083	57988	49848	22678	88640	37997	127799	44266	24279	69164	123083	37504	68602	59146	102629	68185	64489	56249	164352	68316
77	167344	167452	167604	166988	167102	149412	70698	70266	70614	70988	70469	70962	70872	70988	151973	151662	70817	8234970	70988	70556	71133	151428	71684	70759	63235	99587	48578	57848	46984	48399	70886	155731	60939	32233	33437	37220	70060	45917	49597	69814	32456	59426	51397	24105	90043	39390	129127	45647	25614	70574	124395	38968	70089	60557	104089	69565	66004	58268	165360	70393
78	168340	168460	168612	167996	168110	150504	72371	72006	72374	72735	72290	72682	72371	72791	153065	152754	72514	8356434	72567	72346	72931	152507	73351	72402	64615	101047	49962	59360	48373	50365	72916	156823	62342	33620	34836	38588	71539	47426	50996	71206	34018	60795	52823	25449	91445	40785	130455	47074	26960	71966	125723	40379	71510	61938	105461	70991	67491	60215	166356	72412
79	169348	169456	169608	168992	169106	151596	73995	73746	74082	74471	73830	74446	74023	74471	154144	153833	74278	8477898	74247	73914	74499	153599	75100	74082	65909	102487	51348	60731	49681	52340	74896	157902	63781	34952	36180	39960	72931	48843	52394	72553	35394	62202	54212	26881	92787	42183	131700	48504	28316	73343	127035	41742	72875	63291	106791	72402	68871	62200	167364	74344
80	170356	170464	170616	170000	170114	152675	75640	75319	75670	75991	75508	76075	75613	76099	155236	154925	75913	8597916	75937	75589	76207	154691	76693	75751	67180	103907	52659	62107	51037	54235	76867	158994	65189	36348	37475	41386	74275	50178	53756	73841	36718	63582	55566	28240	94195	43585	132945	49809	29467	74659	128347	43059	74191	64670	108121	73802	70233	63996	168372	76246
81	171352	171460	171624	171008	171122	153767	77233	76939	77344	77605	77155	77738	77179	77761	156328	156017	77582	8719380	77422	77209	77865	155770	78307	77290	68449	105288	53938	63490	52277	56032	78761	160086	66496	37692	38833	42766	75586	51478	55048	75140	37995	64958	56888	29676	95515	44985	134190	51158	30845	75875	129659	44339	75478	65931	109470	75157	71509	65806	169368	78111
82	172360	172468	172620	172004	172118	154846	78723	78570	78934	79191	78622	79376	78593	79295	157407	157096	79220	8840844	78957	78726	79321	156862	79945	78856	69796	106599	55225	64866	53603	57917	80600	161140	67877	39042	40197	44052	76855	52668	56454	76382	39229	66303	58112	31045	96754	46346	135420	52512	32034	77117	130923	45583	76774	67078	110761	76507	72762	67629	170376	79905
83	173368	173476	173628	173012	173126	155938	80283	80078	80467	80689	80208	80942	80049	80889	158499	158188	80717	8960862	80539	80338	80914	157954	81439	80442	70956	107910	56483	66214	54858	59672	82425	162148	69137	40246	41264	45258	78125	53871	57752	77774	40579	67630	59477	32228	97993	47493	136635	53757	33181	78326	132138	46879	78073	68290	111967	77894	74022	69339	171384	81675
84	174354	174453	174604	174008	174122	157030	81764	81592	81942	82114	81742	82492	81514	82414	159578	159280	82267	9082326	82014	81817	82439	159033	82964	81942	72284	109240	57636	67454	56047	61408	84178	163144	70345	41461	42403	46388	79425	55123	59022	78918	41985	68920	60811	33553	99190	48526	137820	55011	34409	79600	133308	48184	79295	69640	113155	79194	75315	71033	172380	83425
85	175278	175377	175517	174952	175057	158122	83239	83092	83467	83614	83217	84002	82939	83903	160670	160359	83810	9203790	83514	83317	83927	160125	84431	83417	73348	110507	58874	68654	57212	63127	85906	164152	71621	42547	43702	47706	80689	56529	60097	80062	43248	70048	61954	34648	100448	49912	138990	56233	35595	80882	134478	49287	80589	70860	114361	80416	76719	72666	173388	85114
86	176202	176301	176441	175876	175981	159201	84671	84530	84938	85055	84674	85490	84335	85367	161692	161404	85298	9323808	84935	84746	85367	161188	85895	84842	74608	111731	60123	69849	58427	64767	87613	165160	72926	43841	44915	49072	81889	57825	61253	81226	44336	71179	63175	35884	101608	51259	140095	57465	36798	81957	135633	50529	81714	71904	115621	81517	77838	74318	174384	86794
87	177115	177214	177365	176789	176894	160293	86087	85994	86378	86447	86114	86978	85703	86831	162688	162400	86786	9445272	86351	86186	86831	162184	87373	86234	75772	112973	61245	71125	59617	66397	89269	166168	74102	45051	45917	50196	83064	58848	62614	82501	45490	72527	64333	37245	102768	52059	141145	58743	37853	83132	136773	51701	82939	73115	116757	82742	78982	75951	175297	88395
88	178039	178138	178278	177713	177818	161332	87465	87398	87812	87833	87513	88433	87071	88247	163696	163408	88226	9566736	87741	87605	88224	163192	88776	87628	76825	114161	62375	72503	60709	68021	90925	167164	75257	46050	47206	51216	84215	59996	63757	83551	46744	73703	65605	38449	103908	53352	142181	59826	39039	84377	137868	52847	84143	74347	117862	84050	80204	77515	176221	89982
89	178963	179062	179202	178637	178742	162340	88822	88778	89192	89213	88893	89859	88385	89650	164704	164416	89629	9686754	89098	88985	89604	164188	90179	89008	78018	115367	63557	73539	61822	69611	92487	168172	76472	47292	48203	52569	85463	61254	64749	84707	47880	74710	66752	39409	105099	54575	143231	60948	40191	85433	138993	54045	85199	75331	119035	85130	81388	79023	177134	91563
90	179876	179975	180115	179550	179655	163348	90179	90158	90595	90593	90250	91269	89696	91025	165700	165412	91049	9808218	90455	90342	90981	165196	91553	90411	79110	116568	64581	74687	63010	71122	94071	169168	77626	48502	49305	53698	86543	62384	66039	85835	48948	76033	67825	40752	106125	55401	144225	62219	41258	86537	140014	55144	86399	76573	120106	86258	82463	80552	178058	93103
91	180800	180899	181039	180474	180579	164344	91487	91511	91929	91927	91577	92633	91091	92345	166708	166420	92369	9929682	91751	91687	92301	166204	92873	91753	80228	117673	65783	76037	64013	72640	95607	170176	78692	49345	50506	54686	87649	63438	67062	86867	50198	77113	68995	41807	107265	56764	145219	63242	42446	87666	140994	56217	87534	77568	121228	87536	83662	82027	178982	94621
92	181713	181823	181963	181398	181503	165340	92785	92831	93271	93225	92875	93997	92345	93665	167716	167428	93711	10049700	93049	92985	93621	167212	94215	93051	81311	118795	66868	77036	65197	74124	97098	171184	79940	50627	51478	55953	88822	64718	68185	88074	51218	78114	70121	42834	108348	57556	146213	64398	43363	88724	142002	57341	88546	78660	122350	88502	84742	83502	179895	96111
93	182637	182736	182876	182311	182416	166324	94061	94173	94569	94567	94217	95326	93577	95029	168712	168424	95074	10171164	94325	94305	94963	168208	95534	94349	82286	119951	67907	78144	66163	75575	98589	172180	81034	51557	52707	56797	89857	65637	69355	89017	52258	79388	71252	44025	109450	58866	147179	65544	44496	89851	142954	58447	89696	79752	123380	89675	85774	84948	180819	97560
94	183561	183660	183800	183235	183340	167296	95324	95494	95851	95891	95494	96628	94809	96290	169720	169432	96355	10291182	95597	95599	96227	169216	96857	95620	83411	121022	69017	79340	67310	77060	100056	173188	82034	52784	53604	58163	91047	66815	70266	90213	53507	80324	72318	45001	110508	59671	148159	66505	45507	90863	143934	59532	90708	80753	124452	90779	86974	86364	181743	99009
95	184474	184584	184724	184159	184264	168268	96605	96775	97153	97109	96754	97909	95996	97592	170716	170428	97657	10411200	96815	96859	97487	170200	98159	96859	84357	122161	69997	80328	68275	78453	101476	174196	83184	53718	54783	59038	92015	67826	71513	91124	54460	81528	73326	46181	111516	60965	149083	67736	46541	91966	144858	60660	91795	81853	125428	91797	87924	87753	182656	100416
96	185398	185497	185637	185072	185177	169216	97844	98035	98455	98327	98014	99232	97277	98894	171700	171412	98938	10529772	98138	98056	98747	171184	99461	98056	85485	123235	71099	81582	69385	79857	102896	175113	84139	54858	55641	60249	93159	68966	72346	92268	55696	82428	74418	47112	112542	61740	149987	68636	47509	92912	145810	61642	92785	82828	126500	92919	89074	89133	183580	101796
97	186322	186421	186561	185996	186101	170164	99104	99274	99728	99587	99274	100528	98474	100127	172672	172384	100208	10648344	99377	99379	100007	172168	100667	99400	86445	58772	72085	82482	70295	81254	50256	99558	85315	55788	50981	61133	53524	69948	66183	93170	56583	83653	38197	48240	113586	63060	61664	69803	48628	94034	60732	62764	93885	83893	60218	93887	90040	90513	184504	103176
98	187235	187334	187485	186920	187025	171088	100287	100528	100928	100807	100528	101788	99647	101347	173644	173356	101488	10764024	100567	100628	101267	173128	101887	100628	87601	60791	73234	83705	71513	82904	51675	63370	86467	56960	27214	62365	45875	71050	35120	94424	57807	84757	36522	49341	114738	63934	63139	70934	49762	95109	62647	63807	95051	84925	62216	95242	91288	92093	185417	104822
99	188159	188258	188398	187833	187938	172024	101487	101748	102148	102067	101728	103028	100807	102587	174574	174310	102728	10881150	101747	101848	102487	174088	103127	101828	88797	62132	74466	85073	72710	84638	53678	64810	87668	58252	28409	63772	47165	72431	36339	95587	59145	85885	37695	50582	115944	65182	64266	72094	50911	96285	63661	65055	96227	86293	63206	96418	92542	93787	186341	106418
100	189083	189182	189322	188757	188862	172936	102707	102988	103428	103207	102928	104288	102047	103847	175443	175179	103988	10993938	103007	103008	103707	174970	104407	102968	89901	63221	75581	86345	73858	86366	55120	66594	88956	59442	29557	64892	48292	73719	37739	96679	60251	87133	38939	51833	117096	66520	65478	73411	52114	97545	64749	66242	97487	87409	64331	97573	93708	95462	187265	107995
101	189996	190094	190232	189670	189775	173848	103907	104208	104643	104427	104148	105498	103167	105060	176312	176037	105194	11108172	104207	104248	104927	175828	105611	104268	91155	64282	76796	87482	75049	88008	57030	68212	90198	60437	30593	65930	49476	74780	38824	97876	61407	88467	40041	53014	118286	67480	66718	74671	53288	98658	66132	67420	98684	88490	65727	98749	94874	97079	188178	109572
102	190844	190934	191062	190548	190644	174717	105060	105384	105821	105649	105365	106714	104307	106238	177170	176906	106410	11220960	105345	105479	106105	176686	106770	105441	92233	65649	77964	88632	76183	89664	58600	69712	91351	61756	31793	67294	50673	75914	39928	99052	62631	89525	41264	54018	119391	68650	67762	75725	54361	99802	67093	68621	99767	89755	66719	100088	96142	98696	189102	111110
103	191674	191774	191902	191388	191484	175531	106257	106581	106999	106789	106524	107930	105535	107416	178017	177753	107607	11332302	106485	106619	107283	177533	107948	106581	93377	66951	79030	89920	77236	91281	60197	71336	92451	62878	32758	68379	51801	77210	41255	100097	63806	90629	42354	55266	120513	69874	68962	76886	55526	100942	68245	69701	100927	90767	67823	101128	97213	100258	190026	112586
104	192514	192604	192742	192218	192314	176356	107416	107797	108215	107929	107702	109146	106580	108651	178864	178600	108804	11443644	107682	107759	108461	178380	109221	107721	94499	67868	80226	91064	78388	92821	61886	72931	93683	63853	33940	69429	52944	78259	42247	101337	64894	91940	43465	56487	121652	70773	69944	78129	56597	102002	69475	70832	102087	91852	69113	102228	98326	101778	190862	114080
105	193354	193444	193572	193058	193154	177170	108556	108937	109393	109145	108880	110328	107720	109829	179700	179436	110020	11553540	108841	108994	109658	179216	110363	108975	95511	69098	81234	92142	79428	94361	63435	74471	94805	65133	34965	70772	54102	79377	43312	102297	66086	92908	44685	57460	122723	72107	71075	79143	57785	103162	70353	71963	103127	92996	69945	103468	99544	103278	191702	115574
106	194194	194284	194412	193898	193994	177973	109753	110130	110544	110291	110058	111516	108898	110957	180536	180272	111210	11663436	109981	110166	110813	180041	111497	110112	96582	70307	82334	93396	80542	95904	64907	75829	95866	66008	36018	71700	55089	80518	44493	103437	67109	94074	45737	58633	123828	72891	72147	80261	58774	104202	71687	73088	104267	93986	71308	104468	100546	104805	192532	117001
107	195024	195114	195242	194728	194824	178776	110867	111318	111714	111389	111192	112686	109981	112145	181361	181097	112344	11771886	111137	111228	111929	180866	112703	111192	97632	71206	83434	94408	81617	97416	66440	77314	97021	67279	37095	72862	56273	81493	45504	104477	68170	95168	46942	59578	124836	74207	73183	81393	59856	105246	72458	74152	105288	95189	72176	105650	101666	106249	193372	118412
108	195864	195954	196082	195568	195664	179568	111965	112398	112848	112559	112308	113838	111119	113261	182175	181911	113496	11880336	112235	112416	113081	181691	113801	112380	98682	72553	84451	95487	82642	98907	67973	78749	97987	68155	38089	73870	57216	82718	46626	105526	69370	96155	47902	60807	125908	75007	74247	82443	60876	106291	73774	75224	106371	96092	73408	106638	102706	107674	194212	119823
109	196694	196794	196922	196408	196504	180360	113081	113550	113982	113657	113442	115044	112163	114413	182989	182725	114684	11987340	113387	113550	114233	182505	114935	113460	99725	73393	85507	96600	83690	100339	69473	80179	99184	69385	39161	74952	58361	83643	47593	106514	70338	97289	49053	61719	126900	76303	75289	83568	61918	107298	74586	76277	107378	97205	74220	107740	103786	109118	195042	121217
110	197534	197624	197752	197238	197334	181130	114215	114702	115170	114773	114558	116195	113243	115601	183792	183539	115836	12092898	114503	114612	115367	183308	116141	114630	100725	74653	86515	97608	84698	101739	70931	81564	100123	70208	40103	75978	59341	84819	48710	107578	71469	98234	50055	62907	127956	77059	76261	84507	62941	108343	75778	77330	108442	98108	75506	108785	104831	110517	195882	122628
111	198374	198464	198592	198078	198174	181911	115349	115818	116280	115943	115728	117300	114359	116687	184606	184342	116943	12198456	115565	115836	116517	184100	117214	115764	101685	75545	87553	98721	85658	103139	72372	82939	101263	71426	41024	77031	60441	85707	49592	108509	72415	99389	51158	63753	128916	78270	77395	85635	63978	109407	76669	78323	109449	99221	76208	109849	105838	111867	196722	123978
112	199204	199304	199432	198918	199014	182692	116466	116960	117368	117010	116824	118439	115403	117792	185398	185134	118082	12304014	116721	116892	117588	184903	118336	116807	102725	76733	88542	99722	86714	104559	73772	84287	102163	72234	42167	78009	61325	86883	50704	109592	73507	100318	52118	64905	129972	79128	78229	86595	64874	108450	77686	79337	110507	100158	77502	110850	106845	113217	197552	125306
113	200044	200134	200262	199748	199844	183462	117486	118031	118490	118115	117912	119544	116551	118897	186190	185926	119187	12406680	117758	117997	118676	185695	119441	117963	50133	51925	89485	54032	87628	50979	75209	40743	49332	73410	43090	79127	62486	56838	51592	52857	74487	60142	53214	45580	130947	37706	79425	87675	65912	52988	78752	80377	111461	73125	78308	111894	54434	55210	198392	126634
114	200884	200974	201102	200588	200684	184221	118591	119119	119561	119169	118983	120683	117520	120002	186971	186707	120275	12510792	118880	119085	119764	186476	120512	118966	51235	37762	90727	49580	88893	52651	77126	42633	50286	74502	44275	80349	63761	42958	52975	53789	75790	49454	54365	31945	132132	38791	80464	88779	67121	54531	79974	81479	112703	49244	79712	113136	53115	56722	199232	127962
115	201714	201804	201942	201418	201524	184958	119611	120207	120683	120223	120037	121788	118625	121107	187730	187477	121397	12610566	119900	120139	120852	187235	121651	120105	52392	39163	92011	50938	90158	54652	79166	44626	51664	75697	45656	81552	64977	44287	54246	55191	77167	50692	55715	33345	133362	40156	81714	90067	68302	55654	81092	82854	113963	50528	80915	114432	54458	58685	200062	129306
116	202554	202644	202772	202258	202354	185717	120699	121278	121754	121328	121142	122893	119594	122178	188522	188258	122485	12713232	121005	121244	121940	188016	122722	121125	53792	40567	93287	52180	91423	56656	81190	46490	53006	77047	46686	82727	66167	45623	55451	56523	78348	51980	56925	34568	134562	41525	82939	91424	69562	56938	82242	84086	115241	51660	82065	115710	55546	60756	200902	130634
117	203394	203484	203612	203098	203194	186443	121753	122417	122859	122382	122213	123972	120699	123267	189270	189017	123604	12813006	122042	122264	123027	188775	123811	122247	55046	41973	94431	53470	92545	58586	83215	48363	54314	78362	47823	84012	67499	46786	56632	57495	79596	53197	58077	35806	135747	42560	84239	92678	70814	58090	83617	85310	116466	52963	83215	116943	56653	62692	201732	131883
118	204224	204314	204452	203928	204024	187202	122858	123444	123892	123475	123300	125012	121685	124307	190040	189776	124628	12914226	123123	123412	124083	189534	124835	123284	56045	43188	95614	54652	93755	60659	85176	50208	55517	79454	49102	85380	68729	47878	57820	58702	80778	54424	59443	36891	136902	43665	85295	93844	72003	59420	84770	86462	117639	54082	84624	118150	58021	64537	202572	133143
119	205064	205154	205282	204768	204864	187928	123859	124516	124932	124467	124324	126100	122790	125363	190734	190494	125732	13012554	124131	124372	125091	190274	125907	124340	57282	44277	96832	55809	94987	62532	87120	52188	56588	80542	50226	86460	69922	49156	59053	60092	82028	55661	60574	38054	138042	45063	86495	95032	73043	60416	85778	87709	118812	55217	85680	119374	59423	66330	203412	134403
120	205894	205994	206122	205608	205704	188665	124883	125524	125988	125523	125364	127156	123747	126403	191424	191184	126756	13112328	125155	125476	126147	190954	126931	125348	58565	45478	97945	57160	96040	64350	89007	53900	57884	81867	51325	87546	71024	50360	60195	61010	83228	56800	61724	39339	139167	46017	87718	96272	74303	61570	87074	88836	119985	56475	86736	120513	60351	68287	204252	135648
121	206734	206824	206962	206438	206534	189391	125891	126596	127028	126531	126388	128244	124771	127459	192104	191864	127844	13210656	126179	126452	127187	191644	128003	126388	59405	46864	99079	58271	97174	66179	90893	55706	59150	82917	52597	88857	72238	51456	61249	62213	84325	57880	62945	40328	140219	47171	88684	97385	75424	62791	88111	89963	121107	57484	88064	121703	61540	69959	205082	136908
122	207574	207664	207792	207278	207374	190114	126931	127604	128084	127587	127444	129300	125731	128499	192784	192544	128900	13308984	127219	127556	128243	192314	129059	127412	60775	47868	100243	59356	98329	68020	92698	57384	60119	83978	53533	89869	73386	52569	62478	63400	85501	59111	64014	41492	141227	48383	89834	98498	76504	63833	89169	91193	122280	58586	89076	122893	62893	71844	205922	138168
123	208404	208504	208632	208118	208214	190774	127955	128708	129140	128611	128468	130388	126755	129571	193454	193214	129972	13407312	128243	128532	129283	192994	130131	128468	61754	48978	101243	60659	99379	69729	94480	59154	61343	85226	54676	90971	74478	53774	63561	64328	86677	60251	65102	42771	142235	49271	90937	99709	77657	65049	90365	92227	123363	59706	90203	123988	63740	73421	206752	139412
124	209229	209310	209425	208948	209044	191404	128995	129716	130212	129667	129540	131412	127747	130611	194124	193884	131022	13502748	129315	129636	130355	193654	131156	129492	62909	50351	102383	61707	100508	71469	96228	60769	62470	86162	55685	92159	75566	54762	64713	65631	87708	61339	66288	43587	143215	50637	91993	100729	78567	65958	91291	93305	124451	60693	91290	125076	65052	75194	207592	140588
125	209985	210066	210181	209719	209805	192074	130003	130797	131232	130691	130564	132447	128755	131651	194794	194554	132042	13599630	130307	130612	131351	194324	132176	130564	63915	51287	103443	62730	101468	73171	97929	62474	63426	87421	56788	93127	76646	55990	65787	66437	88950	62367	67373	44849	144209	51406	93071	101829	79763	67105	92501	94427	125523	61872	92280	126180	66054	76760	208432	141750
126	210732	210813	210937	210466	210552	192704	131051	131757	132237	131681	131562	133452	129795	132626	195454	195214	133047	13695066	131336	131667	132356	194984	133151	131517	65035	52443	104523	63966	102608	74818	99648	64037	64674	88318	57796	94315	77768	56941	66779	67790	89893	63422	68486	45763	145147	52715	94105	102929	80689	68047	93359	95463	126563	62796	93424	127236	67139	78424	209245	142926
127	211488	211569	211684	211222	211308	193364	131996	132807	133227	132671	132537	134472	130736	133661	196124	195884	134067	13791948	132266	132597	133331	195644	134186	132567	66006	53535	105532	64926	103568	76465	101268	65628	65563	89514	58889	95273	78756	58057	67911	68510	91082	64510	69506	46923	146113	53495	95156	103949	81839	69187	94569	96555	127619	63966	94370	128324	68259	80062	210001	144102
128	212235	212316	212440	211969	212055	194004	133016	133752	134232	133646	133542	135477	131741	134621	196784	196534	135057	13887384	133301	133647	134351	196304	135146	133482	67122	54526	106558	66117	104681	78062	102868	67147	66772	90411	59798	96428	79874	59073	68871	69826	92050	65497	70557	47840	147023	54715	96143	105081	82739	70162	95431	97542	128659	64830	95493	129380	69219	81551	210757	145278
129	212991	213072	213187	212725	212811	194644	133976	134787	135237	134651	134532	136497	132656	135656	197434	197194	136092	13982820	134231	134607	135326	196964	136196	134532	67973	55687	107527	67109	105612	79622	104488	68747	67664	91577	60988	97331	80845	60147	69943	70609	93128	66582	71601	48951	147961	55575	97109	106012	83927	71293	96544	98613	129699	65931	96459	130452	70366	83101	211504	146440
130	213738	213828	213943	213481	213567	195294	134981	135747	136227	135626	135537	137502	133661	136631	198104	197864	137067	14078256	135266	135627	136346	197634	137141	135462	69113	56646	108610	68260	106619	81153	106011	70229	68864	92413	61795	98465	81920	61099	70958	71740	94118	67570	72627	49914	148871	56609	98159	107114	84815	72245	97489	99599	130736	66861	97446	131457	71323	84611	212260	147616
131	214494	214575	214699	214228	214314	195914	135956	136782	137232	136646	136512	138522	134621	137666	198754	198514	138102	14172246	136181	136617	137306	198284	138176	136497	69916	57762	109522	69190	107588	82653	107512	71679	69674	93557	62884	99347	82870	62233	71973	72705	95210	68620	73607	51021	149751	57653	99104	108064	85847	73309	98455	100619	131696	67870	98559	132462	72386	86099	213016	148778
132	215250	215331	215446	214984	215070	196584	136931	137757	138222	137591	137517	139519	135566	138641	199424	199194	139092	14270574	137231	137607	138326	198954	139136	137442	71076	58751	110594	70338	108557	84157	109013	73122	70922	94415	63795	100398	83957	63091	72958	73629	96092	69640	74643	51821	150557	58400	100167	109109	86855	74093	99568	101579	132656	68950	99378	133437	73422	87568	213763	149911
133	215997	216087	216202	215740	215826	197204	137906	138762	139242	138596	138492	140471	136571	139630	200074	199834	140079	14363118	138161	138597	139301	199604	140120	138462	72004	59766	111512	71179	109583	85597	110490	74550	71734	95473	64723	101338	84869	64220	73854	74801	97163	70628	75509	52925	151402	59695	101067	110167	87718	75140	100328	102599	133616	69816	100488	134442	74234	88994	214519	151003
134	216753	216834	216949	216487	216573	197864	138881	139729	140163	139560	139505	141409	137486	140554	200754	200514	141003	14461446	139181	139575	140260	200284	141030	139421	72820	60854	112430	72359	110454	87037	111930	75932	72811	96502	65859	102278	85901	65052	74910	75503	98024	71643	76508	53893	152208	60445	101987	111067	88776	76193	101368	103559	134576	70802	101348	135372	75465	90397	215266	152082
135	217509	217590	217705	217243	217329	198504	139840	140667	141115	140484	140415	142361	138491	141492	201404	201164	141955	14553990	140120	140527	141156	200924	141982	140359	73940	61764	113438	73199	111426	88421	113334	77336	73819	97279	66634	103398	86885	66147	75801	76556	99116	72527	77505	54767	153001	61329	103007	112111	89673	77057	102308	104499	135506	71730	102268	136347	76221	91784	216022	153174
136	218256	218337	218461	217999	218085	199144	140750	141605	142039	141394	141353	143299	139420	142416	202074	201844	142879	14652318	141016	141423	142108	201604	142906	141269	74804	62919	114320	74235	112380	89824	114756	78666	74659	98392	67561	104218	87769	67046	76800	77603	100078	73507	78467	55847	153807	62489	103907	112939	90593	78060	103148	105452	136436	72639	103368	137262	77301	93126	216778	154266
137	219012	219093	219208	218746	218832	199794	141688	142529	142977	142318	142263	144251	140344	143354	202724	202484	143831	14744862	141968	142375	143018	202244	143844	142193	75668	63669	87751	62192	57326	79756	101344	37651	75767	99316	68671	105204	88781	39223	77760	78305	100958	34704	54948	53502	103737	63248	66087	113947	59809	78996	104208	106421	95297	73619	78421	138222	78321	94490	217534	62178
138	219759	219849	219964	219502	219588	200414	142584	143467	143901	143256	143201	145189	141240	144278	203404	203164	144769	14844636	142836	143257	143956	202914	144768	143145	76910	30975	55930	36066	1446	44788	57298	39532	36378	100408	69601	106287	89862	32072	78878	79683	48782	36008	38360	27366	62244	64532	51540	115063	44572	80062	105175	107504	62677	74710	50256	139332	79387	96154	218281	63754
139	220515	220596	220711	220249	220335	201074	143508	144377	144839	144152	144125	146127	142122	145202	204044	203804	145707	14937180	143788	144209	144880	203554	145692	144041	78230	32289	57314	37365	2892	47128	59700	41775	37667	101668	70910	107598	91206	33404	80152	80887	50200	37365	39740	28701	63654	65674	52807	116434	45897	81301	106486	108872	63818	75952	51475	140499	80652	97918	219037	66067
140	221271	221352	221467	221005	221091	201694	144418	145329	145749	145090	145035	147051	143046	146140	204714	204474	146631	15034062	144656	145091	145790	204224	146616	144993	79374	33612	58701	38673	7230	49356	62098	43947	38913	102908	72212	108928	92504	34685	81438	82062	51500	38619	40923	29837	65062	66790	53854	117709	47186	82601	107778	110158	65002	77302	52860	141675	81902	99657	219784	68332
141	222018	222108	222223	221761	221847	202354	145342	146225	146687	146000	145959	148017	143900	147050	205364	205124	147583	15128052	145622	146057	146728	204874	147554	145861	80515	34825	60091	39937	13014	51607	64313	46062	40275	104168	73332	110193	93846	35977	82738	83212	52612	39989	42217	31065	66280	68162	55143	118950	48441	83867	108956	111382	66222	78452	54096	142837	83202	101317	220540	70553
142	222774	222855	222970	222508	222594	202984	146252	147205	147611	146938	146883	148941	144838	148002	206024	205784	148507	15223488	146476	146939	147638	205534	148478	146827	81815	36112	61111	41214	26108	53766	66516	48125	41540	105460	74480	111363	95034	37056	83926	84621	53740	41114	43475	32183	67303	69512	56438	120174	49538	85067	110130	112570	67582	79622	55305	143971	84588	102997	221296	72679
143	223530	223611	223726	223264	223350	203624	147162	148087	148549	147834	147807	149855	145706	148912	206684	206444	149439	15318924	147442	147905	148576	206194	149399	147709	83040	37187	62212	42452	27277	55835	68617	50145	42769	106600	75675	112551	96211	38214	85150	85749	55069	42305	44649	33447	68538	70476	57592	121398	50733	86195	111354	113776	68872	80803	56378	145091	85740	104652	222043	74749
144	224277	224358	224482	224011	224097	204274	148072	149053	149465	148758	148717	150713	146616	149828	207334	207094	150310	15414360	148324	148801	149490	206844	150270	148661	84072	38448	63623	43702	28251	57870	70684	52086	43867	107721	76836	113775	97345	39548	86302	86805	56438	43465	45792	34666	69911	71665	58621	122622	51980	87361	112452	115000	69857	82028	57642	146183	86820	106229	222799	76774
145	225033	225114	225229	224767	224853	204894	148982	149907	150336	149646	149634	151610	147526	150673	208004	207764	151181	15509796	149262	149725	150361	207524	151128	149530	85320	39825	64647	44869	29476	59800	72693	54031	45077	108956	77925	114891	98605	40683	87487	88084	57376	44685	46995	35612	70781	72913	59877	123780	53002	88534	113532	116152	71075	83078	58775	147261	88052	107825	223555	78723
146	225789	225870	225985	225523	225609	205564	149867	150791	151207	150504	150479	152468	148394	151557	208654	208414	152052	15603786	150140	150583	151206	208164	152012	150414	86424	40853	65723	45962	30650	61731	74681	55871	46301	110094	79121	116079	99771	41640	88637	89119	58586	45782	48082	36871	72028	73837	60897	124900	54158	89638	114720	117275	72343	84205	59755	148325	89248	109402	224302	80664
147	226536	226617	226741	226279	226356	206184	150699	151623	152078	151362	151363	153365	149332	152402	209301	209094	152936	15702114	150959	151428	152090	208844	152857	151246	87420	41954	67056	47250	31585	63637	76598	57689	47405	111138	80083	117206	100831	42961	89718	90154	59877	46898	49229	37980	73179	75190	62070	126052	55291	90788	115800	118380	73267	85309	60979	149374	90283	110931	225058	82539
148	227292	227373	227488	227026	227112	206844	151583	152520	152936	152207	152195	154223	150127	153299	209886	209670	153807	15794658	151843	152299	152922	209445	153741	152117	88662	43265	67879	48289	32684	65458	78424	59485	48526	112272	81196	118243	101991	44008	90845	91375	60761	47988	50432	39055	74131	76108	63225	127140	56290	91850	116892	119468	74583	86389	61985	150323	91521	112425	225814	84359
149	228048	228129	228244	227782	227868	207484	152402	153365	153807	153065	153092	155107	150998	154144	210489	210282	154678	15892986	152649	153144	153806	210057	154586	152975	89605	44259	69169	49347	33623	67225	80296	61159	49705	113298	82221	119382	103071	45077	91926	92299	61971	49095	51486	40259	75447	77269	64126	128260	57484	92884	117946	120607	75532	87524	63173	151272	92577	113919	226561	86135
150	228795	228876	228991	228529	228615	208114	153286	154249	154665	153923	153924	155978	151817	155028	211074	210858	155549	15985530	153559	154028	154651	210633	155470	153833	90824	45322	70115	50629	34896	68973	82026	62918	50609	114432	83346	120419	104231	46256	92982	93509	63093	50301	52481	41124	76230	78264	65342	129364	58411	94006	118966	121661	76693	88513	64139	152195	93589	115395	227317	87879
151	229551	229632	229747	229285	229371	208774	154118	155094	155536	154781	154795	156862	152662	155873	211686	211470	156420	16085304	154339	154860	155522	211236	156315	154704	91686	46450	71275	51598	35718	70680	83795	64532	51859	115458	84294	121541	105254	47141	94082	94411	64094	51318	53612	42314	77575	79356	66210	130452	59566	95018	120020	122766	77735	89617	65291	153118	94799	116849	228064	89581
152	230298	230388	230503	230041	230127	209364	154989	155978	156394	155639	155653	157733	153507	156770	212271	212055	157291	16176402	155249	155757	156367	211821	157212	155536	92874	47419	72228	52785	36973	72381	85451	66170	52884	116569	85374	122561	106337	48397	95134	95595	65310	52356	54601	43186	78329	80370	67419	131502	60489	96070	121040	123772	78801	90606	66223	154015	95693	118243	228820	91245
153	231054	231135	231250	230788	230874	209967	155834	156836	157265	156510	156511	158617	154313	157615	212874	212658	158162	16274730	156055	156576	157238	212424	158044	156433	93710	48626	73376	53757	37805	74005	87131	67802	53967	117504	86310	123659	107344	49243	96184	96435	66179	53409	55686	44369	79603	81447	68290	132537	61641	97057	122060	124812	79815	91632	67370	154912	96890	119654	229576	92851
154	231810	231891	232006	231544	231630	210525	156679	157707	158136	157355	157369	159488	155184	158486	213459	213243	159046	16368720	156939	157473	158096	213009	158941	157252	94898	49508	74188	54859	38939	75568	88764	69332	54993	118575	87471	124603	108408	50486	97171	97590	67419	54441	56681	45246	80460	82322	69340	133542	62499	98086	123140	125804	80889	92600	68243	155796	97772	121065	230323	94457
155	232532	232612	232714	232300	232380	211119	157537	158565	158994	158213	158227	160372	155990	159344	214062	213846	159917	16465602	157771	158292	158954	213612	159786	158149	95766	50745	75475	55863	39885	77161	90351	70853	56067	119493	88322	125643	109415	51339	98179	98472	68260	55419	57761	46421	81535	83522	70309	134547	63614	99115	124004	126828	81839	93568	69353	156667	98906	122459	231079	96017
156	233204	233276	233378	232967	233044	211695	158369	159436	159878	159058	159098	161212	156848	160215	214656	214440	160788	16561038	158642	159189	159825	214197	160670	158968	96795	51592	76204	56925	41014	78706	91916	72353	57016	120581	89334	126619	110457	52494	99208	99543	69400	56529	58750	47258	82535	84295	71179	135537	64542	100057	125060	127820	82989	94624	70235	157538	99858	123819	231835	97550
157	233876	233948	234050	233639	233716	212262	159240	160307	160723	159916	159956	162028	157667	161068	215259	215043	161596	16656474	159500	160008	160683	214800	161476	159852	97845	52780	77365	57861	41962	80240	93434	73837	58166	121499	90300	127627	111393	53469	100186	100565	70309	57393	59765	48468	83410	85375	72303	136497	65466	101077	125908	128812	83807	95546	71308	158383	100858	125147	232554	99083
158	234540	234612	234722	234311	234388	212856	160072	161128	161548	160774	160814	162820	158512	161860	215844	215628	162412	16753356	160332	160900	161500	215394	162280	160684	98664	53638	78278	58988	42697	81697	94974	75298	58971	122519	91185	128587	112383	54461	101206	101365	71266	58393	60785	49312	84620	86359	73143	137472	66520	102017	126916	129820	84935	96575	72232	159228	101898	126459	233226	100547
159	235212	235284	235386	234975	235052	213414	160936	161944	162340	161572	161608	163648	159357	162664	216438	216222	163216	16847346	161200	161656	162292	215988	163072	161500	99788	54740	79188	59860	43796	83172	96427	76729	60149	123524	92285	129563	113301	55475	102146	102465	72331	59408	61730	50308	85340	87219	74179	138447	67388	102977	127924	130759	85775	97478	73156	160060	102778	127787	233898	101987
160	235884	235956	236058	235647	235724	214017	161704	162724	163144	162352	162412	164440	160176	163456	217041	216825	164020	16944228	161932	162496	163096	216591	163876	162268	100648	55673	80358	60948	44823	84607	97876	78134	61067	124388	93055	130587	114345	56326	103086	103345	73115	60370	62588	51285	86372	88300	75115	139377	68350	103957	128772	131734	86783	98381	74164	160876	103878	129115	234562	103427
161	236548	236620	236730	236311	236388	214575	162508	163552	163936	163144	163180	165268	161032	164260	217626	217410	164824	17038218	162772	163264	163876	217176	164668	163084	101488	56668	81111	61790	45647	86023	99325	79512	62037	125364	93979	131493	115335	57412	104066	104265	74347	61356	63604	52085	87439	89128	75925	140275	69310	104899	129764	132664	87879	99452	74993	161644	104710	130427	235234	104851
162	237220	237292	237394	236983	237060	215169	163288	164332	164740	163936	163996	166060	161764	165052	218229	218022	165640	17136546	163504	164068	164692	217779	165472	163864	102568	57748	82036	62813	46634	87403	100717	80872	63060	126292	95078	132408	116231	58341	105002	105306	75169	62219	64564	53182	88152	90002	77032	141115	70193	105792	130737	133549	88592	100278	75965	162376	105679	131688	235906	106219
163	237892	237964	238066	237655	237732	215745	164080	165148	165532	164728	164776	166888	162556	165856	218814	218598	166432	17227644	164332	164860	165460	218355	166264	164656	103448	58493	83161	46562	47601	88829	102157	38910	63870	106290	95834	133353	99069	59251	105933	106123	36150	63176	65519	54068	68146	49029	77906	141983	59272	106704	61664	134509	89650	101158	76964	107162	106724	62244	60732	107625
164	238556	238628	238738	238327	238396	216303	164848	165916	166324	165508	165580	167680	163300	166636	219408	219201	167236	17325972	165064	165640	166264	218958	167056	165448	104468	59753	83973	30199	48675	90577	103817	40527	65118	61523	96884	134373	56578	60387	106997	107187	37280	64270	66604	55167	42473	44136	78868	142963	34466	107768	63205	135499	90685	102238	77944	61987	107674	64006	63142	109202
165	239228	239300	239402	238991	239068	216897	165616	166720	167116	166288	166348	168496	164068	167452	219993	219777	168040	17417070	165880	166444	167032	219534	167848	166216	105555	60773	85269	31347	49641	92396	105431	42425	66086	62678	97913	135423	57946	61509	108080	108194	38430	65389	67712	56240	43629	45386	80012	143971	35592	108813	64074	136594	91817	103258	79062	63340	108833	65753	65037	110741
166	239900	239972	240074	239663	239740	217446	166408	167488	167920	167080	167152	169288	164848	168232	220596	220380	168844	17515398	166648	167200	167836	220128	168640	167032	106638	61917	86205	32582	50752	94200	107008	44100	67388	63627	99068	136548	58685	62499	109182	109372	39390	66505	68822	57436	44614	46333	81103	145007	36626	109972	65478	137674	92785	104418	80128	64141	109973	67698	66876	112235
167	240564	240636	240738	240327	240404	218049	167188	168304	168712	167860	167932	170104	165592	169036	221181	220965	169648	17607942	167428	168028	168616	220713	169456	167788	107607	63105	87348	33586	51718	95982	108604	45894	68440	64971	100012	137568	60076	63710	110290	110308	40683	67616	69896	58294	45848	47567	82153	145987	37740	110931	66191	138739	94017	105413	81215	65481	110985	69378	68875	113747
168	241236	241308	241410	240999	241076	218607	167980	169084	169516	168652	99826	170896	166396	169816	221784	221559	170452	17706270	62178	168784	97562	97562	170224	168604	108766	64041	88337	34681	52902	97725	110175	47621	69490	65727	101152	138663	60960	64638	111334	111478	41490	68696	70911	59554	46698	48470	83228	146981	38664	112065	67582	139763	94963	106515	82265	66473	112137	71216	70672	115241
169	241900	241980	242082	241671	241748	219246	62677	169972	170380	169504	62677	171784	167200	170704	222414	222198	171316	17806044	63106	169672	62677	62677	171100	169444	52896	30841	89441	35915	53795	99468	111669	49451	70744	31685	102092	139678	62197	65900	112450	112414	42769	69774	72129	60546	48007	49650	84229	147989	39825	54453	68302	61954	96185	107522	83315	67585	113163	72983	72570	116704
170	242572	242644	242746	242335	242412	219885	63594	170860	171292	170416	64074	172696	168112	171604	223107	222891	172240	17918832	64074	170560	64074	64074	172012	170356	53789	32030	90614	36996	55086	101153	113181	51377	71730	32653	103372	140714	63417	66985	113548	113656	43867	70876	73249	61696	48904	50679	85453	149025	40853	55246	69652	62812	97214	108681	84480	68935	114369	74799	74530	118132
171	243244	243316	243418	243007	243084	220578	64778	171784	172216	171316	65322	173632	168988	172528	223791	223575	173176	18028728	65478	171472	65385	65354	172936	171268	55191	33114	91683	38102	56270	102813	114675	53077	73003	33779	104392	141764	64409	68080	114718	114682	44939	72123	74369	63016	50114	51727	86437	150050	42003	56577	70669	64045	98369	109821	85560	69947	115539	76689	76480	119543
172	243908	243988	244090	243679	243756	221244	66160	172744	173152	172252	66253	174563	169876	173476	224484	224268	174136	18138624	66625	172420	66346	66284	173884	172192	56190	34224	92871	39439	57213	104473	116169	54915	74207	34927	105502	142772	65679	69370	115834	115834	46211	73187	75487	63859	51216	52872	87616	150986	43025	57657	71771	65293	99545	110841	86712	71078	116594	78381	78310	120954
173	244580	244652	244754	244343	244420	221901	67152	173656	174076	173152	67582	175421	170776	174376	225177	224961	174992	18251412	67582	173320	67582	67582	174750	173116	57279	35475	93905	40424	58393	106054	117597	56546	75142	35806	106547	143836	66764	70367	116924	116924	47229	74279	76648	65107	52216	53880	88674	151948	44165	58684	72959	66163	100587	111993	87811	72374	117801	80175	80078	122382
174	245252	245324	245426	245015	245092	222576	68272	174530	174926	174052	68872	176268	171640	175212	225852	225636	175839	18359862	68962	174220	68962	68872	175586	174016	58422	36454	94983	41536	59338	107612	119008	58269	76492	37115	107573	144788	67777	71527	118029	117893	48311	75455	77796	66231	53505	54982	89709	152884	45276	59905	73855	67555	101747	112947	88869	73270	118804	81760	81842	123747
175	245916	245988	246098	245687	245764	223233	69682	175399	175773	174915	69828	177126	172552	176070	226545	226329	176708	18469758	70118	175080	69915	69828	176433	174871	59402	37630	96057	42669	60540	109189	120419	59808	77464	37944	108675	145768	69007	72611	119066	119015	49537	76481	78810	67285	54344	56020	90836	153794	46225	60755	75127	68335	102747	114135	89927	74586	119892	83410	83517	125075
176	246588	246660	246762	246351	246428	223899	70640	176224	176620	175740	71075	177995	173428	176906	227229	227013	177555	18581100	71075	175905	71075	71075	177280	175707	60568	38718	97065	43676	61390	110711	121830	61372	78582	39180	109682	146762	69959	73647	120188	119984	50445	77661	79902	68461	55583	57078	91830	154743	47375	62064	75937	69655	103867	115089	90960	75562	120997	85004	85154	126419
177	247260	247332	247434	247023	247100	224556	71800	177049	177445	176554	72371	178831	174288	177731	227895	227679	178380	18688104	72483	176719	72483	72371	178105	176521	61520	39773	98157	44936	62615	112187	123211	62927	79674	40018	110728	147700	71206	74791	121174	121106	51699	78675	80922	69451	56434	58050	92886	155614	48282	62856	77179	70498	104889	116237	92016	76696	121983	86492	86810	127747
178	247924	247996	248106	247687	247764	225213	73127	177896	178292	177401	73323	179678	175113	178578	228588	228372	179238	18798000	73519	177577	73435	73323	178952	177357	62543	40853	99165	45848	63470	113681	124539	64445	80678	41242	111718	148680	72105	75736	122296	122058	52533	79767	81972	70620	57661	59101	93876	156537	49424	64056	78021	71745	105934	117121	93006	77712	123131	87991	88341	129059
179	248596	248668	248770	248359	248436	225879	74051	178732	179128	178204	74583	180536	175894	179414	229263	229047	180085	18907896	74611	178391	74583	74583	179788	178182	63624	41806	100185	47050	64622	115157	125851	65931	81803	42087	112690	149573	73309	76870	123282	123170	53777	80768	82997	71548	58478	60106	94910	157382	50335	64920	79139	72598	106922	118209	94084	78804	124059	89463	89859	130387
180	249268	249340	249442	249031	249108	226518	75289	179546	179942	179018	75802	181361	176697	180228	229920	229704	180910	19013454	75991	179205	75910	75775	180602	178996	64456	42929	101205	48007	65544	116624	127179	67357	82778	43299	113734	150457	74149	77802	124290	124130	54613	81818	84055	72604	59528	61058	95903	158279	51312	65988	80075	73858	107986	119110	95052	79792	125131	90934	91379	131636
181	249932	250004	250114	249695	249772	227184	76504	180393	180789	179865	76801	182208	177511	181075	230613	230397	181746	19123350	76936	180052	76909	76774	181438	179832	65724	43836	102185	49156	66660	118018	128491	68740	83869	44057	114616	151302	75356	78894	125266	125074	55845	82768	85039	73528	60487	62094	96827	159124	52351	66949	81039	74614	108936	120147	96060	80892	126107	92342	92831	132881
182	250604	250676	250778	250367	250444	227823	77475	181207	181614	180657	78099	183055	178281	181900	231270	231054	182593	19230354	78099	180855	78099	78099	182274	180635	66437	45000	103225	50073	67586	119412	129819	70135	84877	45217	115678	152147	76166	79830	126242	126098	56656	83835	86143	74536	61473	63018	97919	159982	53248	67836	82139	75832	110000	121133	97005	81792	127115	93728	94283	134126
183	251276	251348	251450	251039	251116	228471	78801	182021	182428	181471	79217	183880	179095	182703	231936	231720	183418	19335912	79321	181658	79321	79191	183077	181449	67580	45910	104125	51176	68516	120806	131103	71469	85789	46078	116589	153018	77300	80853	127250	126946	57808	84723	87103	75513	62497	64021	98801	160814	54360	69036	82864	76669	110921	122068	98013	82992	128187	95090	95683	135371
184	251940	252012	252114	251703	251780	229128	79841	182868	183264	182285	80231	184716	179876	183550	232588	232396	184254	19445808	80309	182505	80335	80205	183913	182274	68510	46935	105135	23859	69626	122217	61954	33630	86989	33514	55880	153824	78216	81903	128226	128018	58656	85779	41934	76431	28920	64949	49495	61954	55155	69813	39042	36150	111911	123147	99000	83762	129099	45594	97153	136631
185	252612	252684	252786	252375	252452	229740	80889	183649	184056	183055	81564	185530	180646	184331	233148	232956	185057	19548474	81589	183275	81589	81539	184705	183044	69650	48024	106199	25052	70615	123591	63533	35316	88007	22445	57082	154799	79490	83028	129378	129042	60013	86907	42958	77639	30745	66078	48748	62647	56450	71147	40641	37927	113009	124123	100108	85082	130299	47286	98896	137876
186	253276	253356	253458	253047	253124	230397	82139	184452	184859	183880	82514	186344	181427	185134	233740	233548	185860	19654032	82589	184078	82639	82489	185508	183858	70609	49298	107396	26190	71775	124919	65419	37092	89088	23709	57910	155761	80526	84109	130530	130258	60965	88158	44146	78861	31873	67163	49880	64045	57388	72046	41996	39269	114215	125275	101188	86234	131418	49088	100588	139136
187	253948	254020	254122	253711	253788	231009	83039	185266	185673	184650	83687	187169	182175	185959	234316	234124	186696	19758144	83687	184881	83687	83687	186322	184639	71943	50499	108479	27279	72935	126263	67310	38840	90468	24571	59210	156710	81701	85381	131635	131305	62103	89216	45304	79849	32899	68313	50905	64973	58598	73280	42922	40209	115295	126331	102328	87237	132498	50827	102268	140316
188	254620	254692	254794	254383	254460	231657	84383	186047	186454	185442	84815	187961	182978	186740	234884	234692	187488	19860810	84815	185662	84959	84767	187103	185431	72761	51512	109562	28400	73915	127591	69145	40562	91456	25730	60110	157672	82851	86413	132730	132415	63390	90274	46388	81071	34077	69333	52068	66132	59613	74344	44017	41376	116432	127403	103408	88571	133638	52663	103928	141492
189	255284	255364	255466	255055	255132	232287	85343	186872	187268	186245	85799	188786	183737	187554	235484	235284	188302	19969260	85823	186487	85943	85775	187928	186234	74105	52780	110686	29478	75131	128919	70991	42360	92578	26917	61300	158582	83843	87501	133795	133420	64286	91468	47534	82096	34979	70390	53049	67372	60705	75355	45086	42512	117503	128507	104508	89560	134688	54398	105536	142668
190	255956	256028	256130	255719	255796	232844	86471	187642	115411	187004	87119	189589	184507	188346	236036	235844	189105	20069034	87119	187246	87166	87071	188709	187004	74909	53790	111676	30584	75995	130263	72878	44084	93700	27904	62296	159505	85091	88651	134845	134455	65528	92524	48523	83221	36203	71434	54204	68245	61818	76516	46175	43476	111133	129547	105555	90687	135738	56265	107132	143830
191	256628	256700	256802	256391	256468	233428	41511	188500	62677	62677	88178	61987	185321	189193	236652	236460	62677	20180376	88155	61954	42032	88132	189556	61232	36207	24582	112810	13889	77264	131535	74833	45968	45148	29072	63417	160428	40539	89663	60732	135505	66582	93668	49618	84318	37108	72493	55114	69655	62775	36321	47238	44742	57297	61664	106638	91841	136833	58072	108709	145006
192	257292	257364	257474	257055	257140	234100	42934	189413	64074	63498	89604	63373	186245	190114	237316	237124	63882	20301840	89558	63340	43486	89558	190444	62263	37447	26589	113998	15046	78415	132795	76993	48037	46460	30125	64793	161432	41749	90950	63370	136690	67750	94922	50934	85494	38318	73809	56409	70817	64105	37667	48320	45838	58684	63370	107854	93029	138048	60161	110274	146182
193	257964	258036	258138	257727	257804	234772	44405	190314	65695	65098	91179	64845	187158	190944	237988	237796	65478	20423304	91113	64749	44982	91113	191284	63897	38538	27962	115240	16248	79559	134040	79038	50020	47862	31342	65834	162428	43066	92314	64682	137890	69070	96188	52216	86790	39596	74947	57672	72006	65384	39019	49588	47040	59837	64778	109108	94283	139293	62082	111786	147344
194	258636	258708	258810	258399	258476	235436	45780	191154	67369	66718	92697	66566	188082	191784	238660	238468	66842	20543322	92653	66287	46388	92675	192114	65400	39756	29127	116499	17486	80818	135300	80967	51764	49224	32768	66919	163388	44440	93568	65757	139075	70396	97406	53427	88092	40883	76162	58874	73158	66500	40068	50905	48298	60891	65757	110310	95536	140434	63913	113280	148520
195	259300	259372	259482	259063	259140	236108	47336	191984	68932	68242	94237	68245	189006	192614	239324	239132	68542	20664786	94149	67945	48007	94171	192954	66764	41040	30384	117638	18753	82068	136545	82792	53571	50345	33950	68257	164324	45590	94690	66873	140147	71701	98561	54648	89288	41934	77350	59987	74558	67611	41090	51948	49608	62196	66873	111480	96880	141526	65725	114774	149672
196	259972	260044	260146	259735	259812	236780	48967	192824	70350	69622	95786	69625	189930	193454	239996	239804	70205	20784804	95660	69535	49618	95723	193794	68347	42085	31459	118777	19729	83143	137805	84602	55203	51441	34915	69307	165260	46578	95840	68272	141225	72751	99869	55805	90392	43102	78446	61177	75805	68871	42428	53049	50720	63544	68272	112632	98014	142618	67430	116280	150751
197	260636	260716	260818	260407	260484	237444	50463	193664	71887	71104	97277	71223	190774	194294	240668	240468	71713	20906268	97130	70991	51136	97214	194624	69901	43153	32690	119950	21058	84267	139065	86354	56967	52788	36255	70365	166172	47890	97163	69382	142275	73899	100989	56977	91647	44381	79616	62309	76831	69972	43537	54356	51727	64504	69262	113766	99169	143696	69081	117691	151843
198	261308	261379	261475	261071	261148	238116	51917	194494	73435	72595	98768	72794	191614	195124	241332	241140	73099	21027732	98600	72374	52530	98705	195464	71409	44384	33935	121055	22120	85443	140249	88065	58503	53950	37383	71699	167060	49168	98213	70379	143269	75250	102109	58128	92791	45258	80772	63365	78076	71074	44525	55262	53067	65647	70379	114918	100388	144746	70813	119102	152922
199	261904	261967	262056	261696	261764	238788	53330	195334	74938	74051	100227	74306	192444	195964	242004	241812	74555	21147750	100027	73774	53926	100147	196294	72861	45307	34960	122194	23223	86475	141425	89744	60171	55014	38367	72581	167948	50085	99326	71771	144305	76249	103329	59283	93825	46478	81797	64549	79298	72314	45851	56520	54108	66949	71655	116052	101508	145782	72398	120496	154014
200	262492	262555	262644	262284	262352	239452	54744	196164	76369	75478	101627	75778	193284	196804	242676	242476	76018	21269214	101407	75184	55287	101547	197134	74289	46525	36185	123330	24448	87721	142601	91401	61762	56273	39695	73813	168836	51388	100578	72735	145299	77356	104449	60385	95057	47577	82872	65504	80286	73294	46745	57600	55169	67836	72511	117130	102588	146818	73938	121907	155106
201	263073	263136	263225	262865	262933	240124	56084	197004	77761	76855	103007	77236	194124	197634	243340	243148	77449	21390678	102787	76561	56689	102927	197974	75653	47537	37314	124370	25612	88641	143763	92985	63280	57324	40572	74735	169676	52386	101558	73883	146279	78582	105480	61507	96107	48609	83959	66682	81517	74442	47924	58594	56390	69066	73883	118184	103828	147812	75531	123284	156185
202	263661	263724	263813	263453	263521	240788	57428	197844	79139	78203	104407	78622	194954	198474	244012	243820	78853	21510696	104167	77920	58057	104307	198804	77003	48612	38354	125442	26569	89791	144939	94569	64723	58396	41831	75896	170552	53517	102718	75019	147259	79570	106639	62629	97178	49827	85039	67667	82592	75423	48949	59817	57294	70074	74695	119238	104871	148834	77043	124612	157277
203	264242	264305	264401	264034	264109	241460	58742	198674	80514	79529	105725	80000	195794	199314	244684	244484	80231	21632160	105478	79298	59458	105630	199644	78320	49663	39526	126466	27719	90803	146115	96103	66231	59691	42857	76814	171380	54698	103778	75991	148211	80803	107646	63676	98312	50688	86071	68807	83617	76557	50035	60667	58611	71147	75991	120309	105916	149781	78514	125940	158369
204	264830	264893	264982	264622	264690	242124	60029	199514	81814	80814	107017	81342	196624	200144	245348	245156	81539	21753624	106770	80692	60827	106941	200484	79620	50691	40560	127538	28967	91886	147277	97615	67711	60577	43906	77982	172220	55669	104843	77179	149177	81728	108786	64796	99299	51936	87127	69736	84770	77552	51059	61913	59451	72244	76801	121363	107037	150691	79970	127252	159448
205	265418	265481	265570	265210	265278	242780	61253	200354	83114	82089	108309	82667	197444	200984	246020	245828	82864	21873642	108062	82067	62200	108233	201314	80901	51699	41619	128546	29955	92854	148453	99106	69121	61859	44977	78866	173036	56916	105926	78099	150048	82878	109831	65837	100432	52764	88116	70867	85682	78618	52099	62738	60684	73224	78099	122417	108025	151588	81413	128580	160540
206	265999	266069	266158	265798	265859	243428	62416	201184	84359	83489	109620	84002	198254	201824	246684	246492	84191	21995106	109373	83367	63484	109544	202154	82151	52806	42749	129634	31045	93976	149610	100548	70504	62684	46023	80062	173852	57744	106914	79269	150919	83869	110905	66860	101352	53964	89128	71766	86882	79580	53079	63877	61533	74316	78853	123428	109165	152459	82813	129892	161572
207	266587	266650	266739	266379	266447	244068	63725	202024	85631	84791	110867	85226	199054	202654	247348	247156	85559	22115124	110615	84554	64764	110813	202994	83426	53739	43706	130626	32033	94856	150689	101968	71896	63953	47001	80876	174611	59014	107997	80205	151764	84949	111859	67899	102472	54838	90117	72870	87789	80663	54157	64805	62754	75301	80049	124420	110148	153343	84190	131187	162568
208	267175	267238	267327	266967	267035	244708	65133	202854	86951	85967	112109	86474	199844	203484	248004	247812	86951	22233696	111821	85730	65868	112037	203814	84803	54917	44827	131635	33117	95999	105597	103388	73276	64785	48088	82001	175348	59851	108985	81264	152609	85885	112921	68919	103432	55879	91208	73822	88939	81563	55031	65752	63573	76273	80914	125396	111228	154201	85558	132432	125288
209	267756	267819	267915	267548	267623	245332	66318	203664	88293	87166	113387	87743	200634	204304	248660	248460	88132	22350822	113045	86954	67046	113279	204634	86003	55734	45786	61954	34105	96881	62677	50297	74784	66043	29354	82851	62178	61143	110103	82289	60732	41611	113947	69989	104552	56905	92154	74933	48315	41660	56215	31421	64821	36492	82039	126420	54339	62677	41611	133692	62809
210	268344	268407	268496	268136	268204	245940	67403	204464	89443	88339	114575	89031	201394	205094	249284	249092	89305	22465056	114269	88318	68439	114485	205434	87154	57052	47166	63010	35478	98162	64714	52353	76728	67376	23324	84203	63370	62276	111309	83687	62647	42982	115207	71236	105749	58163	93386	76094	43899	40090	57412	32780	65985	37887	83189	127668	55468	63882	43606	134937	64810
211	268932	268995	269084	268724	268792	246556	68575	205264	90639	89696	115817	90365	202164	205894	249924	249732	90524	22579290	115493	89514	69699	115727	206234	88304	58376	48465	64109	36853	99527	66811	54438	78757	68579	24711	85475	64778	63493	112569	84959	64013	44264	116570	72470	107003	59493	94684	77309	45292	41361	58621	33901	67225	39125	84383	128948	56649	65066	45645	136197	66904
212	269513	269576	269665	269305	269373	247172	69918	206064	91861	90846	117010	91555	202934	206704	250556	250364	91817	22693524	116670	90664	70801	116925	207034	89661	59636	49813	65450	38017	100689	68842	56526	80771	69806	26024	86603	65974	64709	113865	86183	65069	45510	117811	73814	108295	60657	95898	78588	46554	42498	59775	34986	68463	40326	85751	130196	57981	66253	47685	137457	68992
213	270101	270164	270253	269893	269961	247780	71078	206854	93181	91971	118217	92699	203694	207494	251188	250996	93093	22807758	117860	91819	71903	118115	207824	90834	60693	51082	66845	39356	101809	70872	58600	82746	71024	27349	87706	67059	66031	115125	87327	66194	46676	119001	75114	109587	61771	97032	79836	47780	43794	61067	36267	69723	41440	86999	131382	59349	67582	49597	138702	71017
214	270682	270752	270841	270481	270549	248380	72150	207644	94347	93181	119407	93953	204444	208284	251812	251620	94281	22920546	119050	93161	73282	119305	208614	91960	61839	52282	67885	40599	102989	72819	60673	84654	72294	28248	89040	68272	67395	116305	88523	67555	47857	120191	76248	110728	63025	98187	80884	48808	44913	62268	37504	70970	42769	88040	132522	60687	68962	51557	139925	73071
215	271270	271333	271422	271062	271130	248988	73410	208424	95513	94457	120597	95284	205204	209064	252436	252244	95450	23033334	120206	94327	74514	120495	209373	93126	63225	53413	68965	41607	104269	74803	62678	86574	73582	29543	90098	69682	68387	117478	89811	68665	49177	121398	77409	111844	64188	99426	82084	50144	46005	63324	38486	72072	43961	89236	133692	61701	70002	53486	141087	74992
216	271858	271921	272010	271650	271718	249588	74670	209202	96689	95576	121804	96460	205954	209778	253060	252868	96647	23146122	121396	95452	75546	121685	210084	94446	64158	54635	70353	42978	105290	76747	64619	88414	74729	30850	91190	70698	69527	118685	90892	69685	50299	122622	78659	113104	65244	100473	83309	51445	47248	64542	39706	73193	44985	90455	134787	62856	71075	55307	142263	76882
217	272446	272509	272598	272238	272306	250188	75697	209904	97991	96689	123027	97594	206704	210480	253676	253484	97970	23258910	122603	96628	76761	122909	210777	95545	65342	55941	71281	44166	106430	78567	66533	90231	75809	31648	92334	71800	70896	119773	91993	71049	51397	123732	79777	114184	66488	101573	84259	52363	48287	65621	40736	74481	46301	91443	135882	64152	72483	57140	143439	78749
218	273027	273090	273179	272819	272887	250780	76885	210597	99125	97991	124147	98791	207444	211173	254284	254092	99104	23368806	123747	97888	78061	124035	211470	96658	66551	56929	72458	45185	107532	80413	68363	91999	77078	32933	93368	73155	71853	120929	93225	71977	52628	124836	80827	115300	67569	102713	85483	53650	49345	66675	41742	75487	47361	92719	136992	65208	73463	58952	144601	80589
219	273615	273678	273767	273407	273475	251372	78154	211290	100227	99104	125283	100128	208184	211866	254900	254708	100227	23478702	124867	99001	79127	125187	212163	97960	67480	58117	73606	46406	108558	82214	70206	93737	78132	34049	94556	74023	73010	122085	94215	73158	53680	125972	82077	116470	68589	103753	86491	54866	50545	67960	43011	76675	48397	93665	138027	66298	74583	60675	145777	82364
220	274196	274259	274355	273988	274063	251956	79168	211983	101487	100187	126467	101228	208924	212559	255508	255316	101487	23590044	126035	100128	80245	126355	212856	99073	68740	59342	74586	47552	109736	83975	72004	95435	79198	35070	95503	75289	74130	123163	95471	74166	54706	127012	83102	117473	69728	104895	87622	55759	51517	68860	43869	77692	49621	94831	139092	67536	75748	62383	146953	84119
221	274784	274847	274936	274576	274644	252548	80364	212658	102647	101447	127587	102348	209598	213243	256108	255916	102667	23697048	127155	101388	81552	127475	213540	100137	69640	60306	75805	48498	110689	85679	73772	97094	80394	36348	96658	76288	75149	124283	96416	75265	55936	128180	84204	118646	70743	105845	88611	57112	52667	70048	45079	78758	50609	95807	140079	68406	76747	64013	148115	85799
222	275372	275435	275524	275164	275232	253132	81592	213342	103727	102527	128755	103588	210255	213918	256708	256516	103787	23805498	128307	102448	82627	128643	214224	101417	70860	61563	76669	49635	111805	87373	75425	98732	81370	37194	97582	77395	76337	125275	97550	76291	56924	129188	85260	119598	71845	106928	89715	57940	53603	70947	45943	79850	51779	96899	141031	69696	77995	65729	149291	87534
223	275953	276016	276112	275745	275813	253708	82567	214026	104984	103627	129939	104795	210903	214602	257308	257124	104984	23915394	129459	103588	83700	129811	214908	102477	71730	62487	77920	50705	112741	89029	77126	100332	82520	38454	98695	78411	77255	126363	98537	77371	58076	130340	86292	120754	72806	107897	90681	59274	54706	72135	47143	80872	52689	97865	141969	70567	78879	67341	150388	89144
224	276541	276604	276693	276333	276401	254276	83834	214683	106086	104889	131066	105859	211551	215268	257900	257708	106162	24020952	130579	104814	84972	130961	215565	103557	72863	63634	78778	51873	113839	90639	78750	101892	83495	39254	99617	79503	78458	127371	99647	78336	59022	131307	87385	121706	73870	108961	91769	60036	55640	73003	47969	81947	53853	98978	142907	71785	80101	68875	151467	90777
225	277129	277192	277281	276921	276989	254852	84914	215358	107169	105915	132176	107037	212199	215943	258492	258300	107226	24129402	131696	105840	86028	132056	216240	104823	73759	64594	79922	52858	114793	92213	80388	103452	84629	40501	100657	80489	79316	128443	100587	79454	60165	132372	88374	122845	74871	109949	92671	61362	56708	74179	49161	82922	54765	99907	143817	72664	80989	70469	152559	92345
226	277710	277773	277862	277502	277570	255420	85898	216024	108404	107036	133271	108215	212829	216618	259076	258884	108442	24233514	132761	107018	87155	133151	216906	105811	74791	65734	80842	53942	115855	93775	81965	104989	85565	41311	101557	81589	80484	129451	101687	80338	61049	133317	89409	123750	75897	110927	93749	62092	57644	75007	49996	83935	55882	100987	144755	73868	82114	72006	153638	93907
227	278298	278361	278450	278090	278158	255988	87191	216681	109468	108157	134366	109317	213477	217266	259660	259468	109582	24339072	133856	108120	88374	134246	217563	106989	75844	66633	81867	54930	116842	95324	83540	106452	86669	42302	102577	82489	81334	130523	102587	81517	62185	134352	90467	124790	76869	111935	94629	63379	58672	76060	50939	84967	56764	101807	145637	74707	83014	73494	154730	95450
228	278886	278949	279038	278678	278746	256564	88180	217347	110597	109259	135476	110526	214116	217932	260252	260060	110687	24446076	134951	109203	89340	135356	218238	108110	76654	67800	82917	55969	117726	96815	85032	107934	87585	43414	103617	83687	82434	131448	103667	82292	63043	135282	91411	125718	77775	112817	95677	64147	59687	77005	51981	85927	57880	102867	146533	75949	84095	74995	155822	96941
229	279467	279530	279619	279259	279327	257116	89353	217995	111731	110435	136541	111606	214737	218589	260820	260620	111875	24548742	136001	110418	90628	136406	218886	109136	77854	68700	83738	56848	118763	98306	86568	109397	88666	44170	104457	84407	83409	132468	104527	83367	64141	136272	92489	126710	78867	113825	96643	65331	60573	77932	52847	87055	58866	103827	147387	76705	85079	76426	156914	98411
230	280055	280118	280207	279847	279915	257676	90457	218652	112793	111461	137636	112704	215376	219246	261400	261212	112937	24654300	137111	111444	91631	137501	219543	110373	78634	69836	84866	57928	119613	99807	88041	110800	89609	45419	105431	85511	84307	133368	105554	84338	65101	137202	93325	127686	79751	114761	97525	66231	61558	79050	53893	87886	59741	104756	148269	77825	86015	77868	157993	99887
231	280636	280706	280795	280435	280503	258228	91445	219318	113963	112577	138716	113928	215997	219912	261904	261729	114035	24758412	138161	112578	92709	138581	220200	111363	79570	70677	85706	58843	120599	101207	89513	112186	90575	46230	106381	86471	85435	134328	106542	85106	66039	138147	94381	128614	80727	115697	98575	67130	62482	79830	54843	88852	60829	105763	149165	78735	87143	79246	159085	101287
232	281224	281287	281376	281016	281084	258796	92655	219948	115043	113639	139756	114972	216627	220542	262401	262233	115223	24861078	139226	113658	93897	139630	220839	112515	80728	71750	86642	59889	121619	102627	90960	113572	91602	47072	107236	87373	86227	135288	107397	86234	67062	139122	95315	129654	81727	116675	99457	68281	63340	80803	55625	89818	61674	106580	149946	79645	87902	80642	160164	102707
233	281812	281875	281964	281604	281672	259356	93601	220614	116159	114737	140792	116106	217257	221208	262912	262744	116313	24966636	140232	114702	94887	140652	221505	113559	81453	72659	87743	60909	122435	104027	92346	114958	92460	48287	108186	88454	87254	136188	108442	87145	67885	139967	96239	130550	82527	117525	100323	69061	64397	81828	56693	90738	62664	107511	150739	80800	88937	82017	161224	104127
234	282393	282463	282552	282192	282260	259892	94833	221244	117282	115871	141744	117249	217869	221838	263395	263227	117435	25066410	141212	115890	96113	141618	222135	114603	67165	73555	88525	49164	123396	50651	93754	116317	93494	49051	109174	74458	88220	137133	81906	87904	68905	140849	69953	131474	83502	118409	101343	70098	54320	82603	57593	91714	63678	108537	101336	76439	59849	83392	99878	50651
235	282981	283044	283133	282773	282841	260452	95788	221892	118285	116908	142766	118269	218499	222477	263899	263731	118506	25170522	142220	116892	97079	142626	222774	115773	39674	74730	89583	29630	124436	52260	95430	117728	94462	50176	52896	43234	42802	138123	53091	89123	69918	141773	46805	132524	84492	119480	102223	71142	30908	83725	58482	92682	64542	109430	62677	39570	43282	85010	62680	52300
236	283569	283632	283721	283361	283429	260988	96964	222522	119441	117996	143718	119442	219093	223116	264375	264207	119560	25268850	143158	118031	98255	143578	223413	116747	40603	75810	90641	30596	125460	54044	97173	119139	95665	51157	53789	44275	43993	139263	54473	90020	71136	142837	48069	133574	85596	120500	103423	72352	31835	84733	59672	93892	65869	110633	64074	40501	44463	86906	64589	54082
237	284150	284213	284309	283942	284017	261526	97930	223152	120461	119016	144712	120462	219723	223746	264879	264711	120699	25372962	144166	119017	99284	144572	224043	117903	41711	76944	91907	31731	126532	55920	98937	120550	96778	52472	55005	45611	45200	140294	55487	91313	72234	143859	49006	134699	86700	121673	104443	73304	33051	86005	60762	94948	66892	111641	64810	41761	45656	88709	66504	55920
238	284738	284801	284890	284530	284598	261981	99085	223791	121600	120121	145678	121601	220317	224394	265355	265187	121753	25471290	145090	120173	100338	145524	224682	118855	42886	78185	92787	33076	127652	57880	100628	121978	97912	53291	55931	46598	46106	141316	56595	92259	73382	144895	50173	135779	87868	122710	105608	74648	34041	86941	61741	96066	67960	112811	66160	42934	46642	90549	68365	57880
239	285326	285389	285478	285118	285186	262471	100068	224412	122654	121141	146658	122689	220938	225006	265845	265677	122943	25572510	146084	121176	101438	146504	225303	120028	43841	79199	94063	34065	128692	59671	102288	123366	99067	54554	57279	47737	47390	142324	57891	93381	74474	145875	51394	136829	88811	123767	106577	75594	35121	88099	62962	97116	69100	113765	67028	43841	47909	92347	70295	59671
240	285907	285970	286066	285699	285767	262926	101148	225060	123747	122297	147624	123780	221532	225663	266335	266167	123955	25673730	147022	122298	102458	147484	225951	120997	45051	80395	95009	35144	129828	61475	103968	124694	100111	55566	58071	48850	48382	143332	58702	94437	75508	146897	52313	137924	90030	124791	107736	76755	36169	89088	63839	98250	70077	114917	68272	45189	48850	94085	72178	61441
241	286495	286558	286647	286287	286355	263409	102168	225663	124771	123283	148590	124836	222153	226266	266811	266643	125027	25772058	148002	123332	103578	148436	226554	122170	45960	81471	96145	36306	130812	63258	105574	126038	101211	56672	59367	49816	49480	144298	60058	95473	76669	147849	53561	138914	90927	125815	108686	77847	37187	90169	65055	99300	71266	115907	69172	46005	49980	95830	73914	63258
242	287083	287146	287235	286875	286943	263864	103228	226311	125827	124355	149555	125876	222738	226914	267301	267133	126067	25874724	148940	124388	104596	149412	227211	123147	47116	82521	97069	37265	131877	64958	107151	127366	102251	57680	60160	51045	50595	145278	60806	96502	77686	148843	54399	139969	92115	126823	109826	78861	38178	91192	65901	100373	72219	116993	70379	47248	50964	97489	75751	64926
243	287664	287727	287816	287456	287524	264354	104288	226914	126883	125347	150439	126980	223359	227517	267777	267609	127123	25971606	149880	125412	105698	150296	227805	124267	47986	83694	98224	38469	132807	66675	108709	128694	103351	58777	61282	51925	51565	146216	62147	97552	78778	149738	55600	140865	92951	127879	110720	79979	39249	92248	67017	101373	73339	117911	71191	48115	52085	99169	77425	66644
244	288252	288315	288404	288044	288112	264802	105308	227553	127939	126419	151349	128036	223935	228156	268267	268099	128227	26072826	150738	126452	106667	151193	228444	125211	49093	84630	99127	39375	133857	68320	110274	130038	104371	59687	62279	53104	52636	147182	62939	98497	79766	150635	56488	141859	94139	128839	111800	80971	40189	93194	67991	102413	74263	118999	72483	49345	53065	100788	79194	68260
245	288833	288903	288992	288632	288700	265278	106353	228156	129027	127411	152207	129156	224556	228759	268729	268568	129251	26169708	151635	127492	107826	152077	229056	126315	50053	85782	100248	40567	134772	69961	111750	131324	105406	60879	63170	53992	53611	148092	64104	99648	80842	151480	57641	142727	95019	129895	112682	82021	41256	94316	68951	103393	75331	119900	73183	50176	54182	102388	80792	69932
246	289421	289484	289573	289213	289281	265726	107360	228795	130083	128515	153130	130212	225132	229389	269226	269058	130403	26270928	152506	128548	108776	152974	229677	127275	50955	86718	101068	41476	135777	71585	113244	132584	106413	61657	64360	55130	54600	149044	65032	100448	81817	152377	58564	143693	96071	130845	113744	83046	42101	95189	69991	104453	76276	120954	74471	51437	55093	103948	82442	71556
247	290009	290072	290161	289801	289869	266202	108405	229389	131141	129523	153975	131292	225744	229992	269681	269513	131381	26366364	153390	129604	109935	153832	230289	128395	52157	87816	102168	42610	136782	73115	114738	133829	107401	62944	65096	56092	55685	149885	66003	101528	82817	153183	59614	144547	97016	131805	114698	84006	43169	96260	70890	105370	77329	121872	75289	52197	56203	105479	84098	73115
248	290590	290660	290749	290389	290457	266657	109469	230019	132146	130611	154885	132297	226320	230613	270171	270003	132476	26466138	154248	130676	110859	154729	230910	129355	52940	88759	103068	43524	137637	74683	116229	135089	108427	63725	66220	57076	56536	150743	67119	102408	83810	154067	60604	145471	97961	132720	115652	85110	44165	97100	71992	106453	78322	122875	76261	53564	57076	106961	85634	74627
249	291178	291241	291330	290970	291038	267119	110454	230613	133196	131591	155743	133347	226923	231225	270633	270465	133451	26561574	155132	131682	111975	155587	231513	130507	53946	89771	104048	44604	138642	76222	117623	136349	109415	64749	67150	58154	57616	151549	67910	103388	84794	154847	61488	146353	99074	133650	116684	85902	45046	98087	72808	107346	79258	123891	77395	54364	58084	108462	87191	76141
