175 1.95755
175.01 2.4832
175.02 1.2416
175.03 2.4832
175.04 2.4832
175.05 1.2416
175.06 2.4832
175.07 1.2416
175.08 2.4832
175.09 2.4832
175.1 1.2416
175.11 2.4832
175.12 1.2416
175.13 2.4832
175.14 1.2416
175.15 2.4832
175.16 2.4832
175.17 1.2416
175.18 2.4832
175.19 1.2416
175.2 2.4832
175.21 2.4832
175.22 1.2416
175.23 2.4832
175.24 1.2416
175.25 2.4832
175.26 2.4832
175.27 1.2416
175.28 2.4832
175.29 1.2416
175.3 2.4832
175.31 1.2416
175.32 2.4832
175.33 2.4832
175.34 1.2416
175.35 2.4832
175.36 1.2416
175.37 2.4832
175.38 2.4832
175.39 1.2416
175.4 2.4832
175.41 1.2416
175.42 2.4832
175.43 1.2416
175.44 2.4832
175.45 2.4832
175.46 1.2416
175.47 2.4832
175.48 1.2416
175.49 2.4832
175.5 2.4832
175.51 1.2416
175.52 2.4832
175.53 1.2416
175.54 2.4832
175.55 2.4832
175.56 1.2416
175.57 2.4832
175.58 1.2416
175.59 2.4832
175.6 1.2416
175.61 2.4832
175.62 2.4832
175.63 1.2416
175.64 2.4832
175.65 1.2416
175.66 2.4832
175.67 2.4832
175.68 1.2416
175.69 2.4832
175.7 1.2416
175.71 2.4832
175.72 1.2416
175.73 2.4832
175.74 2.4832
175.75 1.2416
175.76 2.4832
175.77 1.2416
175.78 2.4832
175.79 2.4832
175.8 1.2416
175.81 2.4832
175.82 1.2416
175.83 2.4832
175.84 2.4832
175.85 1.2416
175.86 2.4832
175.87 1.2416
175.88 2.4832
175.89 1.2416
175.9 2.4832
175.91 2.4832
175.92 1.2416
175.93 2.4832
175.94 1.2416
175.95 2.4832
175.96 2.4832
175.97 1.2416
175.98 2.4832
175.99 1.2416
176 2.4832
176.01 1.2416
176.02 2.4832
176.03 2.4832
176.04 1.2416
176.05 2.4832
176.06 1.2416
176.07 2.4832
176.08 2.4832
176.09 1.2416
176.1 1.2416
176.11 1.2416
176.12 2.4832
176.13 2.4832
176.14 1.2416
176.15 2.4832
176.16 1.2416
176.17 2.4832
176.18 1.2416
176.19 2.4832
176.2 2.4832
176.21 1.2416
176.22 2.4832
176.23 1.2416
176.24 2.4832
176.25 2.4832
176.26 1.2416
176.27 2.4832
176.28 1.2416
176.29 2.4832
176.3 1.2416
176.31 2.4832
176.32 2.4832
176.33 1.2416
176.34 2.4832
176.35 1.2416
176.36 2.4832
176.37 2.4832
176.38 1.2416
176.39 2.4832
176.4 1.2416
176.41 2.4832
176.42 1.2416
176.43 2.4832
176.44 2.4832
176.45 1.2416
176.46 2.4832
176.47 1.2416
176.48 2.4832
176.49 2.4832
176.5 1.2416
176.51 2.4832
176.52 1.2416
176.53 2.4832
176.54 1.2416
176.55 1.2416
176.56 2.4832
176.57 1.2416
176.58 2.4832
176.59 2.4832
176.6 1.2416
176.61 2.4832
176.62 1.2416
176.63 2.4832
176.64 1.2416
176.65 2.4832
176.66 2.4832
176.67 1.2416
176.68 2.4832
176.69 1.2416
176.7 2.4832
176.71 2.4832
176.72 1.2416
176.73 1.2416
176.74 1.2416
176.75 2.4832
176.76 2.4832
176.77 1.2416
176.78 2.4832
176.79 1.2416
176.8 2.4832
176.81 1.2416
176.82 2.4832
176.83 2.4832
176.84 1.2416
176.85 2.4832
176.86 1.2416
176.87 2.4832
176.88 2.4832
176.89 1.2416
176.9 2.4832
176.91 1.2416
176.92 2.4832
176.93 1.2416
176.94 2.4832
176.95 2.4832
176.96 1.2416
176.97 2.4832
176.98 1.2416
176.99 2.4832
177 2.4832
177.01 1.2416
177.02 2.4832
177.03 1.2416
177.04 2.4832
177.05 2.4832
177.06 1.2416
177.07 2.4832
177.08 1.2416
177.09 2.4832
177.1 1.2416
177.11 2.4832
177.12 2.4832
177.13 1.2416
177.14 2.4832
177.15 1.2416
177.16 2.4832
177.17 2.4832
177.18 1.2416
177.19 2.4832
177.2 1.2416
177.21 2.4832
177.22 1.2416
177.23 2.4832
177.24 2.4832
177.25 1.2416
177.26 2.4832
177.27 1.2416
177.28 2.4832
177.29 2.4832
177.3 1.2416
177.31 2.4832
177.32 1.2416
177.33 2.4832
177.34 2.4832
177.35 1.2416
177.36 2.4832
177.37 1.2416
177.38 2.4832
177.39 1.2416
177.4 2.4832
177.41 2.4832
177.42 1.2416
177.43 2.4832
177.44 1.2416
177.45 2.4832
177.46 2.4832
177.47 1.2416
177.48 2.4832
177.49 1.2416
177.5 2.4832
177.51 1.2416
177.52 2.4832
177.53 2.4832
177.54 1.2416
177.55 2.4832
177.56 1.2416
177.57 2.4832
177.58 2.4832
177.59 1.2416
177.6 2.4832
177.61 1.2416
177.62 2.4832
177.63 2.4832
177.64 1.2416
177.65 2.4832
177.66 1.2416
177.67 2.4832
177.68 1.2416
177.69 2.4832
177.7 2.4832
177.71 1.2416
177.72 2.4832
177.73 1.2416
177.74 2.4832
177.75 2.4832
177.76 1.2416
177.77 2.4832
177.78 1.2416
177.79 2.4832
177.8 1.2416
177.81 2.4832
177.82 2.4832
177.83 1.2416
177.84 2.4832
177.85 1.2416
177.86 2.4832
177.87 2.4832
177.88 1.2416
177.89 2.4832
177.9 1.2416
177.91 2.4832
177.92 2.4832
177.93 1.2416
177.94 2.4832
177.95 1.2416
177.96 2.4832
177.97 1.2416
177.98 2.4832
177.99 2.4832
178 1.2416
178.01 2.4832
178.02 1.2416
178.03 2.4832
178.04 2.4832
178.05 1.2416
178.06 2.4832
178.07 1.2416
178.08 2.4832
178.09 1.2416
178.1 2.4832
178.11 2.4832
178.12 1.2416
178.13 2.4832
178.14 1.2416
178.15 2.4832
178.16 2.4832
178.17 1.2416
178.18 2.4832
178.19 1.2416
178.2 2.4832
178.21 2.4832
178.22 1.2416
178.23 2.4832
178.24 1.2416
178.25 2.4832
178.26 1.2416
178.27 2.4832
178.28 2.4832
178.29 1.2416
178.3 2.4832
178.31 1.2416
178.32 2.4832
178.33 2.4832
178.34 1.2416
178.35 2.4832
178.36 1.2416
178.37 2.4832
178.38 1.2416
178.39 2.4832
178.4 2.4832
178.41 1.2416
178.42 2.4832
178.43 1.2416
178.44 2.4832
178.45 2.4832
178.46 1.2416
178.47 2.4832
178.48 1.2416
178.49 2.4832
178.5 2.4832
178.51 1.2416
178.52 2.4832
178.53 1.2416
178.54 2.4832
178.55 1.2416
178.56 2.4832
178.57 2.4832
178.58 1.2416
178.59 2.4832
178.6 1.2416
178.61 2.4832
178.62 2.4832
178.63 1.2416
178.64 2.4832
178.65 1.2416
178.66 2.4832
178.67 1.2416
178.68 2.4832
178.69 2.4832
178.7 1.2416
178.71 2.4832
178.72 1.2416
178.73 2.4832
178.74 2.4832
178.75 1.2416
178.76 2.4832
178.77 1.2416
178.78 2.4832
178.79 2.4832
178.8 1.2416
178.81 2.4832
178.82 1.2416
178.83 2.4832
178.84 1.2416
178.85 2.4832
178.86 2.4832
178.87 1.2416
178.88 2.4832
178.89 1.2416
178.9 2.4832
178.91 2.4832
178.92 1.2416
178.93 2.4832
178.94 1.2416
178.95 2.4832
178.96 1.2416
178.97 2.4832
178.98 2.4832
178.99 1.2416
179 2.4832
179.01 1.2416
179.02 2.4832
179.03 2.4832
179.04 1.2416
179.05 2.4832
179.06 1.2416
179.07 2.4832
179.08 2.4832
179.09 1.2416
179.1 2.4832
179.11 1.2416
179.12 2.4832
179.13 1.2416
179.14 2.4832
179.15 2.4832
179.16 1.2416
179.17 2.4832
179.18 1.2416
179.19 2.4832
179.2 2.4832
179.21 1.2416
179.22 2.4832
179.23 1.2416
179.24 2.4832
179.25 1.2416
179.26 2.4832
179.27 2.4832
179.28 1.2416
179.29 2.4832
179.3 1.2416
179.31 2.4832
179.32 2.4832
179.33 1.2416
179.34 2.4832
179.35 1.2416
179.36 2.4832
179.37 2.4832
179.38 1.2416
179.39 2.4832
179.4 1.2416
179.41 2.4832
179.42 1.2416
179.43 2.4832
179.44 2.4832
179.45 1.2416
179.46 2.4832
179.47 1.2416
179.48 2.4832
179.49 2.4832
179.5 1.2416
179.51 2.4832
179.52 1.2416
179.53 2.4832
179.54 1.2416
179.55 2.4832
179.56 2.4832
179.57 1.2416
179.58 2.4832
179.59 1.2416
179.6 2.4832
179.61 2.4832
179.62 1.2416
179.63 2.4832
179.64 1.2416
179.65 2.4832
179.66 2.4832
179.67 1.2416
179.68 2.4832
179.69 1.2416
179.7 2.4832
179.71 1.2416
179.72 2.4832
179.73 2.4832
179.74 1.2416
179.75 2.4832
179.76 1.2416
179.77 2.4832
179.78 2.4832
179.79 1.2416
179.8 2.4832
179.81 1.2416
179.82 2.4832
179.83 1.2416
179.84 2.4832
179.85 2.4832
179.86 1.2416
179.87 2.4832
179.88 1.2416
179.89 2.4832
179.9 2.4832
179.91 1.2416
179.92 2.4832
179.93 1.2416
179.94 2.4832
179.95 2.4832
179.96 1.2416
179.97 2.4832
179.98 1.2416
179.99 2.4832
180 1.2416
180.01 2.4832
180.02 2.4832
180.03 1.2416
180.04 2.4832
180.05 1.2416
180.06 2.4832
180.07 2.4832
180.08 1.2416
180.09 2.4832
180.1 1.2416
180.11 2.4832
180.12 1.2416
180.13 2.4832
180.14 2.4832
180.15 1.2416
180.16 2.4832
180.17 1.2416
180.18 2.4832
180.19 2.4832
180.2 1.2416
180.21 2.4832
180.22 1.2416
180.23 2.4832
180.24 2.4832
180.25 1.2416
180.26 2.4832
180.27 1.2416
180.28 2.4832
180.29 1.2416
180.3 2.4832
180.31 2.4832
180.32 1.2416
180.33 2.4832
180.34 1.2416
180.35 2.4832
180.36 2.4832
180.37 1.2416
180.38 2.4832
180.39 1.2416
180.4 2.4832
180.41 1.2416
180.42 2.4832
180.43 2.4832
180.44 1.2416
180.45 2.4832
180.46 1.2416
180.47 2.4832
180.48 2.4832
180.49 1.2416
180.5 2.4832
180.51 1.2416
180.52 2.4832
180.53 2.4832
180.54 1.2416
180.55 2.4832
180.56 1.2416
180.57 2.4832
180.58 1.2416
180.59 2.4832
180.6 2.4832
180.61 1.2416
180.62 2.4832
180.63 1.2416
180.64 2.4832
180.65 2.4832
180.66 1.2416
180.67 2.4832
180.68 1.2416
180.69 2.4832
180.7 1.2416
180.71 2.4832
180.72 2.4832
180.73 1.2416
180.74 2.4832
180.75 1.2416
180.76 2.4832
180.77 2.4832
180.78 1.2416
180.79 2.4832
180.8 1.2416
180.81 2.4832
180.82 2.4832
180.83 1.2416
180.84 2.4832
180.85 1.2416
180.86 2.4832
180.87 1.2416
180.88 2.4832
180.89 2.4832
180.9 1.2416
180.91 2.4832
180.92 1.2416
180.93 2.4832
180.94 2.4832
180.95 1.2416
180.96 2.4832
180.97 1.2416
180.98 2.4832
180.99 1.2416
181 2.4832
181.01 2.4832
181.02 1.2416
181.03 2.4832
181.04 1.2416
181.05 2.4832
181.06 2.4832
181.07 1.2416
181.08 2.4832
181.09 1.2416
181.1 2.4832
181.11 2.4832
181.12 1.2416
181.13 2.4832
181.14 1.2416
181.15 2.4832
181.16 1.2416
181.17 2.4832
181.18 2.4832
181.19 1.2416
181.2 2.4832
181.21 1.2416
181.22 2.4832
181.23 2.4832
181.24 1.2416
181.25 2.4832
181.26 1.2416
181.27 2.4832
181.28 1.2416
181.29 2.4832
181.3 2.4832
181.31 1.2416
181.32 2.4832
181.33 1.2416
181.34 2.4832
181.35 2.4832
181.36 1.2416
181.37 2.4832
181.38 1.2416
181.39 2.4832
181.4 2.4832
181.41 1.2416
181.42 2.4832
181.43 1.2416
181.44 2.4832
181.45 1.2416
181.46 2.4832
181.47 2.4832
181.48 1.2416
181.49 2.4832
181.5 1.2416
181.51 2.4832
181.52 2.4832
181.53 1.2416
181.54 2.4832
181.55 1.2416
181.56 2.4832
181.57 1.2416
181.58 2.4832
181.59 2.4832
181.6 1.2416
181.61 2.4832
181.62 1.2416
181.63 2.4832
181.64 2.4832
181.65 1.2416
181.66 2.4832
181.67 1.2416
181.68 2.4832
181.69 2.4832
181.7 1.2416
181.71 2.4832
181.72 1.2416
181.73 2.4832
181.74 1.2416
181.75 2.4832
181.76 2.4832
181.77 1.2416
181.78 2.4832
181.79 1.2416
181.8 2.4832
181.81 2.4832
181.82 1.2416
181.83 2.4832
181.84 1.2416
181.85 2.4832
181.86 1.2416
181.87 2.4832
181.88 2.4832
181.89 1.2416
181.9 2.4832
181.91 1.2416
181.92 2.4832
181.93 2.4832
181.94 1.2416
181.95 2.4832
181.96 1.2416
181.97 2.4832
181.98 2.4832
181.99 1.2416
182 2.4832
182.01 1.2416
182.02 2.4832
182.03 1.2416
182.04 2.4832
182.05 2.4832
182.06 1.2416
182.07 2.4832
182.08 1.2416
182.09 2.4832
182.1 2.4832
182.11 1.2416
182.12 2.4832
182.13 1.2416
182.14 2.4832
182.15 1.2416
182.16 2.4832
182.17 2.4832
182.18 1.2416
182.19 2.4832
182.2 1.2416
182.21 2.4832
182.22 2.4832
182.23 1.2416
182.24 2.4832
182.25 1.2416
182.26 2.4832
182.27 2.4832
182.28 1.2416
182.29 2.4832
182.3 1.2416
182.31 2.4832
182.32 1.2416
182.33 2.4832
182.34 2.4832
182.35 1.2416
182.36 2.4832
182.37 1.2416
182.38 2.4832
182.39 2.4832
182.4 1.2416
182.41 2.4832
182.42 1.2416
182.43 2.4832
182.44 1.2416
182.45 2.4832
182.46 2.4832
182.47 1.2416
182.48 2.4832
182.49 1.2416
182.5 2.4832
182.51 2.4832
182.52 1.2416
182.53 2.4832
182.54 1.2416
182.55 2.4832
182.56 2.4832
182.57 1.2416
182.58 2.4832
182.59 1.2416
182.6 2.4832
182.61 1.2416
182.62 2.4832
182.63 2.4832
182.64 1.2416
182.65 2.4832
182.66 1.2416
182.67 2.4832
182.68 2.4832
182.69 1.2416
182.7 2.4832
182.71 1.2416
182.72 1.2416
182.73 0
182.74 1.2416
182.75 1.2416
182.76 1.2416
182.77 1.2416
182.78 1.2416
182.79 2.4832
182.8 2.4832
182.81 1.2416
182.82 2.4832
182.83 1.2416
182.84 2.4832
182.85 2.4832
182.86 1.2416
182.87 2.4832
182.88 1.2416
182.89 2.4832
182.9 1.2416
182.91 2.4832
182.92 2.4832
182.93 1.2416
182.94 2.4832
182.95 1.2416
182.96 2.4832
182.97 2.4832
182.98 1.2416
182.99 2.4832
183 1.2416
183.01 2.4832
183.02 2.4832
183.03 1.2416
183.04 2.4832
183.05 1.2416
183.06 2.4832
183.07 1.2416
183.08 2.4832
183.09 2.4832
183.1 1.2416
183.11 2.4832
183.12 1.2416
183.13 2.4832
183.14 2.4832
183.15 1.2416
183.16 2.4832
183.17 1.2416
183.18 2.4832
183.19 1.2416
183.2 2.4832
183.21 2.4832
183.22 1.2416
183.23 2.4832
183.24 1.2416
183.25 2.4832
183.26 2.4832
183.27 1.2416
183.28 2.4832
183.29 0
183.3 2.4832
183.31 2.4832
183.32 1.2416
183.33 2.4832
183.34 1.2416
183.35 2.4832
183.36 1.2416
183.37 2.4832
183.38 2.4832
183.39 1.2416
183.4 2.4832
183.41 1.2416
183.42 2.4832
183.43 2.4832
183.44 1.2416
183.45 2.4832
183.46 1.2416
183.47 2.4832
183.48 1.2416
183.49 2.4832
183.5 2.4832
183.51 1.2416
183.52 2.4832
183.53 1.2416
183.54 2.4832
183.55 2.4832
183.56 1.2416
183.57 2.4832
183.58 1.2416
183.59 2.4832
183.6 2.4832
183.61 1.2416
183.62 2.4832
183.63 1.2416
183.64 2.4832
183.65 1.2416
183.66 2.4832
183.67 2.4832
183.68 1.2416
183.69 2.4832
183.7 1.2416
183.71 2.4832
183.72 2.4832
183.73 1.2416
183.74 2.4832
183.75 1.2416
183.76 2.4832
183.77 1.2416
183.78 2.4832
183.79 2.4832
183.8 1.2416
183.81 2.4832
183.82 1.2416
183.83 2.4832
183.84 2.4832
183.85 1.2416
183.86 2.4832
183.87 1.2416
183.88 2.4832
183.89 2.4832
183.9 1.2416
183.91 2.4832
183.92 1.2416
183.93 2.4832
183.94 1.2416
183.95 2.4832
183.96 2.4832
183.97 1.2416
183.98 2.4832
183.99 1.2416
184 2.4832
184.01 2.4832
184.02 1.2416
184.03 2.4832
184.04 1.2416
184.05 2.4832
184.06 1.2416
184.07 2.4832
184.08 2.4832
184.09 1.2416
184.1 2.4832
184.11 1.2416
184.12 2.4832
184.13 2.4832
184.14 1.2416
184.15 2.4832
184.16 1.2416
184.17 2.4832
184.18 2.4832
184.19 1.2416
184.2 2.4832
184.21 1.2416
184.22 2.4832
184.23 1.2416
184.24 2.4832
184.25 2.4832
184.26 1.2416
184.27 2.4832
184.28 1.2416
184.29 2.4832
184.3 2.4832
184.31 1.2416
184.32 2.4832
184.33 1.2416
184.34 2.4832
184.35 1.2416
184.36 2.4832
184.37 2.4832
184.38 1.2416
184.39 2.4832
184.4 1.2416
184.41 2.4832
184.42 2.4832
184.43 1.2416
184.44 2.4832
184.45 1.2416
184.46 2.4832
184.47 2.4832
184.48 1.2416
184.49 2.4832
184.5 1.2416
184.51 2.4832
184.52 1.2416
184.53 2.4832
184.54 2.4832
184.55 1.2416
184.56 2.4832
184.57 1.2416
184.58 2.4832
184.59 2.4832
184.6 1.2416
184.61 2.4832
184.62 1.2416
184.63 2.4832
184.64 1.2416
184.65 2.4832
184.66 2.4832
184.67 1.2416
184.68 2.4832
184.69 1.2416
184.7 2.4832
184.71 2.4832
184.72 0
184.73 2.4832
184.74 1.2416
184.75 2.4832
184.76 1.2416
184.77 2.4832
184.78 2.4832
184.79 1.2416
184.8 2.4832
184.81 1.2416
184.82 2.4832
184.83 2.4832
184.84 1.2416
184.85 2.4832
184.86 1.2416
184.87 2.4832
184.88 2.4832
184.89 1.2416
184.9 2.4832
184.91 1.2416
184.92 2.4832
184.93 1.2416
184.94 2.4832
184.95 2.4832
184.96 1.2416
184.97 2.4832
184.98 1.2416
184.99 2.4832
185 2.4832
185.01 1.2416
185.02 2.4832
185.03 1.2416
185.04 2.4832
185.05 1.2416
185.06 2.4832
185.07 2.4832
185.08 1.2416
185.09 2.4832
185.1 1.2416
185.11 2.4832
185.12 2.4832
185.13 1.2416
185.14 2.4832
185.15 1.2416
185.16 2.4832
185.17 2.4832
185.18 1.2416
185.19 2.4832
185.2 1.2416
185.21 2.4832
185.22 1.2416
185.23 2.4832
185.24 2.4832
185.25 1.2416
185.26 2.4832
185.27 1.2416
185.28 2.4832
185.29 2.4832
185.3 1.2416
185.31 2.4832
185.32 1.2416
185.33 2.4832
185.34 1.2416
185.35 2.4832
185.36 2.4832
185.37 1.2416
185.38 2.4832
185.39 1.2416
185.4 2.4832
185.41 2.4832
185.42 1.2416
185.43 2.4832
185.44 1.2416
185.45 2.4832
185.46 2.4832
185.47 1.2416
185.48 2.4832
185.49 1.2416
185.5 2.4832
185.51 1.2416
185.52 2.4832
185.53 2.4832
185.54 1.2416
185.55 2.4832
185.56 1.2416
185.57 2.4832
185.58 2.4832
185.59 1.2416
185.6 2.4832
185.61 1.2416
185.62 2.4832
185.63 1.2416
185.64 2.4832
185.65 2.4832
185.66 1.2416
185.67 2.4832
185.68 1.2416
185.69 2.4832
185.7 2.4832
185.71 1.2416
185.72 2.4832
185.73 1.2416
185.74 2.4832
185.75 2.4832
185.76 1.2416
185.77 2.4832
185.78 1.2416
185.79 2.4832
185.8 1.2416
185.81 2.4832
185.82 2.4832
185.83 1.2416
185.84 2.4832
185.85 1.2416
185.86 2.4832
185.87 2.4832
185.88 1.2416
185.89 2.4832
185.9 1.2416
185.91 2.4832
185.92 1.2416
185.93 2.4832
185.94 2.4832
185.95 1.2416
185.96 2.4832
185.97 1.2416
185.98 2.4832
185.99 2.4832
186 1.2416
186.01 2.4832
186.02 1.2416
186.03 2.4832
186.04 2.4832
186.05 1.2416
186.06 2.4832
186.07 1.2416
186.08 2.4832
186.09 1.2416
186.1 2.4832
186.11 2.4832
186.12 1.2416
186.13 2.4832
186.14 1.2416
186.15 2.4832
186.16 2.4832
186.17 1.2416
186.18 2.4832
186.19 1.2416
186.2 2.4832
186.21 1.2416
186.22 2.4832
186.23 2.4832
186.24 1.2416
186.25 2.4832
186.26 1.2416
186.27 2.4832
186.28 2.4832
186.29 1.2416
186.3 2.4832
186.31 1.2416
186.32 2.4832
186.33 2.4832
186.34 1.2416
186.35 2.4832
186.36 1.2416
186.37 2.4832
186.38 1.2416
186.39 2.4832
186.4 2.4832
186.41 1.2416
186.42 2.4832
186.43 1.2416
186.44 2.4832
186.45 2.4832
186.46 1.2416
186.47 2.4832
186.48 1.2416
186.49 2.4832
186.5 1.2416
186.51 2.4832
186.52 2.4832
186.53 1.2416
186.54 2.4832
186.55 1.2416
186.56 2.4832
186.57 2.4832
186.58 1.2416
186.59 2.4832
186.6 1.2416
186.61 2.4832
186.62 2.4832
186.63 1.2416
186.64 2.4832
186.65 1.2416
186.66 2.4832
186.67 1.2416
186.68 2.4832
186.69 1.2416
186.7 1.2416
186.71 2.4832
186.72 1.2416
186.73 2.4832
186.74 2.4832
186.75 1.2416
186.76 2.4832
186.77 1.2416
186.78 2.4832
186.79 2.4832
186.8 1.2416
186.81 2.4832
186.82 1.2416
186.83 2.4832
186.84 1.2416
186.85 2.4832
186.86 2.4832
186.87 1.2416
186.88 2.4832
186.89 1.2416
186.9 2.4832
186.91 2.4832
186.92 1.2416
186.93 2.4832
186.94 1.2416
186.95 2.4832
186.96 2.4832
186.97 1.2416
186.98 2.4832
186.99 1.2416
187 2.4832
187.01 1.2416
187.02 2.4832
187.03 2.4832
187.04 1.2416
187.05 2.4832
187.06 1.2416
187.07 2.4832
187.08 2.4832
187.09 1.2416
187.1 2.4832
187.11 1.2416
187.12 2.4832
187.13 1.2416
187.14 2.4832
187.15 2.4832
187.16 1.2416
187.17 2.4832
187.18 1.2416
187.19 2.4832
187.2 2.4832
187.21 1.2416
187.22 2.4832
187.23 1.2416
187.24 2.4832
187.25 2.4832
187.26 1.2416
187.27 2.4832
187.28 1.2416
187.29 2.4832
187.3 1.2416
187.31 2.4832
187.32 2.4832
187.33 1.2416
187.34 2.4832
187.35 1.2416
187.36 2.4832
187.37 2.4832
187.38 1.2416
187.39 2.4832
187.4 1.2416
187.41 2.4832
187.42 1.2416
187.43 2.4832
187.44 2.4832
187.45 1.2416
187.46 2.4832
187.47 1.2416
187.48 2.4832
187.49 2.4832
187.5 1.2416
187.51 2.4832
187.52 1.2416
187.53 2.4832
187.54 2.4832
187.55 1.2416
187.56 2.4832
187.57 1.2416
187.58 2.4832
187.59 1.2416
187.6 2.4832
187.61 2.4832
187.62 1.2416
187.63 2.4832
187.64 1.2416
187.65 2.4832
187.66 2.4832
187.67 1.2416
187.68 2.4832
187.69 1.2416
187.7 2.4832
187.71 1.2416
187.72 2.4832
187.73 2.4832
187.74 1.2416
187.75 1.2416
187.76 1.2416
187.77 1.2416
187.78 2.4832
187.79 1.2416
187.8 2.4832
187.81 1.2416
187.82 2.4832
187.83 2.4832
187.84 1.2416
187.85 2.4832
187.86 1.2416
187.87 2.4832
187.88 1.2416
187.89 2.4832
187.9 2.4832
187.91 1.2416
187.92 2.4832
187.93 1.2416
187.94 2.4832
187.95 2.4832
187.96 1.2416
187.97 2.4832
187.98 1.2416
187.99 2.4832
188 1.2416
188.01 2.4832
188.02 2.4832
188.03 1.2416
188.04 2.4832
188.05 1.2416
188.06 2.4832
188.07 2.4832
188.08 1.2416
188.09 2.4832
188.1 1.2416
188.11 2.4832
188.12 2.4832
188.13 1.2416
188.14 2.4832
188.15 1.2416
188.16 2.4832
188.17 1.2416
188.18 2.4832
188.19 2.4832
188.2 1.2416
188.21 2.4832
188.22 1.2416
188.23 2.4832
188.24 2.4832
188.25 1.2416
188.26 2.4832
188.27 1.2416
188.28 2.4832
188.29 1.2416
188.3 2.4832
188.31 2.4832
188.32 1.2416
188.33 2.4832
188.34 1.2416
188.35 2.4832
188.36 2.4832
188.37 1.2416
188.38 2.4832
188.39 1.2416
188.4 2.4832
188.41 2.4832
188.42 1.2416
188.43 2.4832
188.44 1.2416
188.45 2.4832
188.46 1.2416
188.47 2.4832
188.48 1.2416
188.49 1.2416
188.5 2.4832
188.51 1.2416
188.52 2.4832
188.53 2.4832
188.54 0
188.55 2.4832
188.56 1.2416
188.57 2.4832
188.58 1.2416
188.59 2.4832
188.6 2.4832
188.61 1.2416
188.62 2.4832
188.63 1.2416
188.64 2.4832
188.65 2.4832
188.66 1.2416
188.67 2.4832
188.68 1.2416
188.69 2.4832
188.7 2.4832
188.71 1.2416
188.72 1.2416
188.73 1.2416
188.74 2.4832
188.75 1.2416
188.76 2.4832
188.77 2.4832
188.78 1.2416
188.79 2.4832
188.8 1.2416
188.81 2.4832
188.82 2.4832
188.83 1.2416
188.84 2.4832
188.85 1.2416
188.86 2.4832
188.87 1.2416
188.88 2.4832
188.89 2.4832
188.9 1.2416
188.91 2.4832
188.92 1.2416
188.93 2.4832
188.94 2.4832
188.95 1.2416
188.96 2.4832
188.97 1.2416
188.98 2.4832
188.99 2.4832
189 1.2416
189.01 2.4832
189.02 1.2416
189.03 2.4832
189.04 1.2416
189.05 2.4832
189.06 2.4832
189.07 1.2416
189.08 2.4832
189.09 1.2416
189.1 2.4832
189.11 2.4832
189.12 1.2416
189.13 2.4832
189.14 1.2416
189.15 2.4832
189.16 1.2416
189.17 2.4832
189.18 2.4832
189.19 1.2416
189.2 2.4832
189.21 1.2416
189.22 2.4832
189.23 2.4832
189.24 1.2416
189.25 2.4832
189.26 1.2416
189.27 1.2416
189.28 2.4832
189.29 1.2416
189.3 2.4832
189.31 1.2416
189.32 2.4832
189.33 1.2416
189.34 2.4832
189.35 2.4832
189.36 1.2416
189.37 2.4832
189.38 1.2416
189.39 2.4832
189.4 2.4832
189.41 1.2416
189.42 2.4832
189.43 1.2416
189.44 2.4832
189.45 2.4832
189.46 1.2416
189.47 2.4832
189.48 1.2416
189.49 2.4832
189.5 1.2416
189.51 1.2416
189.52 2.4832
189.53 1.2416
189.54 1.2416
189.55 1.2416
189.56 2.4832
189.57 2.4832
189.58 1.2416
189.59 2.4832
189.6 1.2416
189.61 2.4832
189.62 1.2416
189.63 2.4832
189.64 2.4832
189.65 1.2416
189.66 2.4832
189.67 1.2416
189.68 2.4832
189.69 2.4832
189.7 1.2416
189.71 2.4832
189.72 1.2416
189.73 2.4832
189.74 2.4832
189.75 1.2416
189.76 2.4832
189.77 1.2416
189.78 2.4832
189.79 1.2416
189.8 2.4832
189.81 2.4832
189.82 1.2416
189.83 2.4832
189.84 0
189.85 1.2416
189.86 2.4832
189.87 1.2416
189.88 2.4832
189.89 1.2416
189.9 2.4832
189.91 1.2416
189.92 2.4832
189.93 1.2416
189.94 2.4832
189.95 2.4832
189.96 1.2416
189.97 2.4832
189.98 1.2416
189.99 2.4832
190 2.4832
190.01 1.2416
190.02 2.4832
190.03 1.2416
190.04 2.4832
190.05 1.2416
190.06 2.4832
190.07 2.4832
190.08 1.2416
190.09 2.4832
190.1 1.2416
190.11 2.4832
190.12 2.4832
190.13 1.2416
190.14 1.2416
190.15 1.2416
190.16 2.4832
190.17 2.4832
190.18 1.2416
190.19 2.4832
190.2 1.2416
190.21 2.4832
190.22 1.2416
190.23 2.4832
190.24 2.4832
190.25 1.2416
190.26 2.4832
190.27 1.2416
190.28 2.4832
190.29 1.2416
190.3 2.4832
190.31 2.4832
190.32 1.2416
190.33 2.4832
190.34 1.2416
190.35 2.4832
190.36 2.4832
190.37 1.2416
190.38 2.4832
190.39 1.2416
190.4 2.4832
190.41 2.4832
190.42 1.2416
190.43 2.4832
190.44 1.2416
190.45 2.4832
190.46 1.2416
190.47 2.4832
190.48 2.4832
190.49 1.2416
190.5 2.4832
190.51 1.2416
190.52 2.4832
190.53 2.4832
190.54 1.2416
190.55 2.4832
190.56 1.2416
190.57 2.4832
190.58 1.2416
190.59 2.4832
190.6 2.4832
190.61 1.2416
190.62 2.4832
190.63 1.2416
190.64 2.4832
190.65 2.4832
190.66 1.2416
190.67 2.4832
190.68 1.2416
190.69 2.4832
190.7 1.2416
190.71 2.4832
190.72 2.4832
190.73 1.2416
190.74 2.4832
190.75 1.2416
190.76 2.4832
190.77 2.4832
190.78 1.2416
190.79 2.4832
190.8 1.2416
190.81 2.4832
190.82 1.2416
190.83 2.4832
190.84 2.4832
190.85 1.2416
190.86 2.4832
190.87 1.2416
190.88 2.4832
190.89 2.4832
190.9 1.2416
190.91 2.4832
190.92 1.2416
190.93 2.4832
190.94 2.4832
190.95 1.2416
190.96 2.4832
190.97 1.2416
190.98 2.4832
190.99 1.2416
191 2.4832
191.01 2.4832
191.02 1.2416
191.03 2.4832
191.04 1.2416
191.05 2.4832
191.06 2.4832
191.07 1.2416
191.08 2.4832
191.09 1.2416
191.1 2.4832
191.11 1.2416
191.12 2.4832
191.13 2.4832
191.14 1.2416
191.15 2.4832
191.16 1.2416
191.17 2.4832
191.18 2.4832
191.19 1.2416
191.2 2.4832
191.21 1.2416
191.22 2.4832
191.23 2.4832
191.24 1.2416
191.25 2.4832
191.26 1.2416
191.27 2.4832
191.28 1.2416
191.29 2.4832
191.3 2.4832
191.31 1.2416
191.32 2.4832
191.33 1.2416
191.34 2.4832
191.35 2.4832
191.36 1.2416
191.37 2.4832
191.38 1.2416
191.39 2.4832
191.4 1.2416
191.41 2.4832
191.42 2.4832
191.43 1.2416
191.44 2.4832
191.45 1.2416
191.46 2.4832
191.47 2.4832
191.48 1.2416
191.49 2.4832
191.5 1.2416
191.51 2.4832
191.52 2.4832
191.53 1.2416
191.54 2.4832
191.55 1.2416
191.56 2.4832
191.57 1.2416
191.58 2.4832
191.59 2.4832
191.6 1.2416
191.61 2.4832
191.62 1.2416
191.63 2.4832
191.64 2.4832
191.65 1.2416
191.66 2.4832
191.67 1.2416
191.68 2.4832
191.69 1.2416
191.7 2.4832
191.71 2.4832
191.72 1.2416
191.73 2.4832
191.74 1.2416
191.75 2.4832
191.76 2.4832
191.77 1.2416
191.78 2.4832
191.79 1.2416
191.8 2.4832
191.81 2.4832
191.82 1.2416
191.83 2.4832
191.84 1.2416
191.85 2.4832
191.86 1.2416
191.87 2.4832
191.88 2.4832
191.89 1.2416
191.9 2.4832
191.91 1.2416
191.92 2.4832
191.93 2.4832
191.94 1.2416
191.95 2.4832
191.96 1.2416
191.97 2.4832
191.98 2.4832
191.99 1.2416
192 2.4832
192.01 1.2416
192.02 2.4832
192.03 1.2416
192.04 2.4832
192.05 2.4832
192.06 1.2416
192.07 2.4832
192.08 1.2416
192.09 2.4832
192.1 2.4832
192.11 1.2416
192.12 2.4832
192.13 1.2416
192.14 2.4832
192.15 1.2416
192.16 2.4832
192.17 2.4832
192.18 1.2416
192.19 2.4832
192.2 1.2416
192.21 2.4832
192.22 2.4832
192.23 1.2416
192.24 2.4832
192.25 1.2416
192.26 2.4832
192.27 2.4832
192.28 1.2416
192.29 2.4832
192.3 1.2416
192.31 2.4832
192.32 1.2416
192.33 2.4832
192.34 2.4832
192.35 1.2416
192.36 2.4832
192.37 1.2416
192.38 2.4832
192.39 2.4832
192.4 1.2416
192.41 2.4832
192.42 1.2416
192.43 2.4832
192.44 1.2416
192.45 2.4832
192.46 2.4832
192.47 1.2416
192.48 2.4832
192.49 1.2416
192.5 2.4832
192.51 2.4832
192.52 1.2416
192.53 2.4832
192.54 1.2416
192.55 2.4832
192.56 1.2416
192.57 2.4832
192.58 2.4832
192.59 1.2416
192.6 2.4832
192.61 1.2416
192.62 2.4832
192.63 2.4832
192.64 1.2416
192.65 2.4832
192.66 1.2416
192.67 2.4832
192.68 2.4832
192.69 1.2416
192.7 2.4832
192.71 1.2416
192.72 2.4832
192.73 1.2416
192.74 2.4832
192.75 2.4832
192.76 1.2416
192.77 2.4832
192.78 1.2416
192.79 2.4832
192.8 2.4832
192.81 1.2416
192.82 2.4832
192.83 1.2416
192.84 2.4832
192.85 1.2416
192.86 2.4832
192.87 2.4832
192.88 1.2416
192.89 2.4832
192.9 1.2416
192.91 2.4832
192.92 2.4832
192.93 1.2416
192.94 2.4832
192.95 1.2416
192.96 2.4832
192.97 2.4832
192.98 1.2416
192.99 2.4832
193 1.2416
193.01 2.4832
193.02 1.2416
193.03 2.4832
193.04 2.4832
193.05 1.2416
193.06 2.4832
193.07 1.2416
193.08 2.4832
193.09 2.4832
193.1 1.2416
193.11 2.4832
193.12 1.2416
193.13 2.4832
193.14 1.2416
193.15 2.4832
193.16 2.4832
193.17 1.2416
193.18 2.4832
193.19 1.2416
193.2 2.4832
193.21 2.4832
193.22 1.2416
193.23 2.4832
193.24 1.2416
193.25 2.4832
193.26 2.4832
193.27 1.2416
193.28 2.4832
193.29 1.2416
193.3 2.4832
193.31 0
193.32 2.4832
193.33 2.4832
193.34 1.2416
193.35 2.4832
193.36 1.2416
193.37 2.4832
193.38 1.2416
193.39 2.4832
193.4 2.4832
193.41 1.2416
193.42 2.4832
193.43 1.2416
193.44 2.4832
193.45 2.4832
193.46 1.2416
193.47 2.4832
193.48 1.2416
193.49 2.4832
193.5 1.2416
193.51 1.2416
193.52 2.4832
193.53 1.2416
193.54 2.4832
193.55 1.2416
193.56 2.4832
193.57 1.2416
193.58 2.4832
193.59 2.4832
193.6 1.2416
193.61 2.4832
193.62 1.2416
193.63 2.4832
193.64 2.4832
193.65 1.2416
193.66 2.4832
193.67 1.2416
193.68 2.4832
193.69 1.2416
193.7 2.4832
193.71 2.4832
193.72 1.2416
193.73 2.4832
193.74 1.2416
193.75 2.4832
193.76 2.4832
193.77 1.2416
193.78 2.4832
193.79 1.2416
193.8 2.4832
193.81 2.4832
193.82 1.2416
193.83 2.4832
193.84 1.2416
193.85 2.4832
193.86 1.2416
193.87 2.4832
193.88 2.4832
193.89 1.2416
193.9 2.4832
193.91 1.2416
193.92 2.4832
193.93 2.4832
193.94 1.2416
193.95 2.4832
193.96 1.2416
193.97 2.4832
193.98 1.2416
193.99 2.4832
194 2.4832
194.01 1.2416
194.02 2.4832
194.03 1.2416
194.04 2.4832
194.05 2.4832
194.06 1.2416
194.07 2.4832
194.08 1.2416
194.09 2.4832
194.1 1.2416
194.11 2.4832
194.12 2.4832
194.13 1.2416
194.14 2.4832
194.15 1.2416
194.16 2.4832
194.17 2.4832
194.18 1.2416
194.19 2.4832
194.2 1.2416
194.21 2.4832
194.22 2.4832
194.23 1.2416
194.24 2.4832
194.25 1.2416
194.26 2.4832
194.27 1.2416
194.28 2.4832
194.29 2.4832
194.3 1.2416
194.31 2.4832
194.32 1.2416
194.33 2.4832
194.34 2.4832
194.35 1.2416
194.36 2.4832
194.37 1.2416
194.38 2.4832
194.39 1.2416
194.4 2.4832
194.41 2.4832
194.42 1.2416
194.43 2.4832
194.44 1.2416
194.45 2.4832
194.46 2.4832
194.47 1.2416
194.48 2.4832
194.49 1.2416
194.5 2.4832
194.51 2.4832
194.52 1.2416
194.53 2.4832
194.54 1.2416
194.55 2.4832
194.56 1.2416
194.57 2.4832
194.58 2.4832
194.59 1.2416
194.6 2.4832
194.61 1.2416
194.62 2.4832
194.63 2.4832
194.64 1.2416
194.65 2.4832
194.66 1.2416
194.67 2.4832
194.68 1.2416
194.69 2.4832
194.7 2.4832
194.71 1.2416
194.72 2.4832
194.73 1.2416
194.74 2.4832
194.75 2.4832
194.76 1.2416
194.77 2.4832
194.78 1.2416
194.79 2.4832
194.8 2.4832
194.81 1.2416
194.82 2.4832
194.83 1.2416
194.84 2.4832
194.85 1.2416
194.86 2.4832
194.87 2.4832
194.88 1.2416
194.89 2.4832
194.9 1.2416
194.91 2.4832
194.92 2.4832
194.93 1.2416
194.94 2.4832
194.95 1.2416
194.96 2.4832
194.97 1.2416
194.98 2.4832
194.99 2.4832
195 1.2416
195.01 2.4832
195.02 1.2416
195.03 2.4832
195.04 2.4832
195.05 1.2416
195.06 2.4832
195.07 1.2416
195.08 2.4832
195.09 2.4832
195.1 1.2416
195.11 2.4832
195.12 1.2416
195.13 2.4832
195.14 1.2416
195.15 2.4832
195.16 2.4832
195.17 1.2416
195.18 2.4832
195.19 1.2416
195.2 2.4832
195.21 2.4832
195.22 1.2416
195.23 2.4832
195.24 1.2416
195.25 2.4832
195.26 1.2416
195.27 2.4832
195.28 2.4832
195.29 1.2416
195.3 2.4832
195.31 1.2416
195.32 2.4832
195.33 2.4832
195.34 1.2416
195.35 2.4832
195.36 1.2416
195.37 2.4832
195.38 2.4832
195.39 1.2416
195.4 2.4832
195.41 1.2416
195.42 2.4832
195.43 1.2416
195.44 2.4832
195.45 2.4832
195.46 1.2416
195.47 2.4832
195.48 1.2416
195.49 2.4832
195.5 2.4832
195.51 1.2416
195.52 2.4832
195.53 1.2416
195.54 2.4832
195.55 1.2416
195.56 2.4832
195.57 2.4832
195.58 1.2416
195.59 2.4832
195.6 1.2416
195.61 2.4832
195.62 2.4832
195.63 1.2416
195.64 2.4832
195.65 1.2416
195.66 2.4832
195.67 1.2416
195.68 2.4832
195.69 2.4832
195.7 1.2416
195.71 2.4832
195.72 1.2416
195.73 2.4832
195.74 2.4832
195.75 1.2416
195.76 2.4832
195.77 1.2416
195.78 2.4832
195.79 2.4832
195.8 1.2416
195.81 2.4832
195.82 1.2416
195.83 2.4832
195.84 1.2416
195.85 2.4832
195.86 2.4832
195.87 1.2416
195.88 2.4832
195.89 1.2416
195.9 2.4832
195.91 2.4832
195.92 1.2416
195.93 2.4832
195.94 1.2416
195.95 2.4832
195.96 2.4832
195.97 1.2416
195.98 2.4832
195.99 1.2416
196 2.4832
196.01 1.2416
196.02 2.4832
196.03 2.4832
196.04 1.2416
196.05 2.4832
196.06 1.2416
196.07 2.4832
196.08 2.4832
196.09 1.2416
196.1 2.4832
196.11 1.2416
196.12 2.4832
196.13 1.2416
196.14 2.4832
196.15 2.4832
196.16 1.2416
196.17 2.4832
196.18 1.2416
196.19 2.4832
196.2 2.4832
196.21 1.2416
196.22 2.4832
196.23 1.2416
196.24 2.4832
196.25 2.4832
196.26 1.2416
196.27 2.4832
196.28 1.2416
196.29 2.4832
196.3 1.2416
196.31 2.4832
196.32 2.4832
196.33 1.2416
196.34 2.4832
196.35 1.2416
196.36 2.4832
196.37 2.4832
196.38 1.2416
196.39 2.4832
196.4 1.2416
196.41 2.4832
196.42 1.2416
196.43 2.4832
196.44 2.4832
196.45 1.2416
196.46 2.4832
196.47 1.2416
196.48 2.4832
196.49 2.4832
196.5 1.2416
196.51 2.4832
196.52 1.2416
196.53 2.4832
196.54 2.4832
196.55 1.2416
196.56 2.4832
196.57 1.2416
196.58 2.4832
196.59 1.2416
196.6 2.4832
196.61 2.4832
196.62 1.2416
196.63 2.4832
196.64 1.2416
196.65 2.4832
196.66 2.4832
196.67 1.2416
196.68 2.4832
196.69 1.2416
196.7 2.4832
196.71 1.2416
196.72 2.4832
196.73 2.4832
196.74 1.2416
196.75 2.4832
196.76 1.2416
196.77 2.4832
196.78 2.4832
196.79 1.2416
196.8 2.4832
196.81 1.2416
196.82 2.4832
196.83 2.4832
196.84 1.2416
196.85 2.4832
196.86 1.2416
196.87 2.4832
196.88 1.2416
196.89 2.4832
196.9 2.4832
196.91 1.2416
196.92 2.4832
196.93 1.2416
196.94 2.4832
196.95 2.4832
196.96 1.2416
196.97 2.4832
196.98 1.2416
196.99 2.4832
197 1.2416
197.01 2.4832
197.02 2.4832
197.03 1.2416
197.04 2.4832
197.05 1.2416
197.06 2.4832
197.07 2.4832
197.08 1.2416
197.09 2.4832
197.1 1.2416
197.11 2.4832
197.12 2.4832
197.13 1.2416
197.14 2.4832
197.15 1.2416
197.16 2.4832
197.17 1.2416
197.18 2.4832
197.19 2.4832
197.2 1.2416
197.21 2.4832
197.22 1.2416
197.23 2.4832
197.24 2.4832
197.25 1.2416
197.26 2.4832
197.27 1.2416
197.28 2.4832
197.29 1.2416
197.3 2.4832
197.31 2.4832
197.32 1.2416
197.33 2.4832
197.34 1.2416
197.35 2.4832
197.36 2.4832
197.37 1.2416
197.38 2.4832
197.39 1.2416
197.4 2.4832
197.41 2.4832
197.42 1.2416
197.43 2.4832
197.44 1.2416
197.45 2.4832
197.46 1.2416
197.47 2.4832
197.48 2.4832
197.49 1.2416
197.5 2.4832
197.51 1.2416
197.52 2.4832
197.53 2.4832
197.54 1.2416
197.55 2.4832
197.56 1.2416
197.57 2.4832
197.58 1.2416
197.59 2.4832
197.6 2.4832
197.61 1.2416
197.62 2.4832
197.63 1.2416
197.64 2.4832
197.65 2.4832
197.66 1.2416
197.67 2.4832
197.68 1.2416
197.69 2.4832
197.7 2.4832
197.71 1.2416
197.72 2.4832
197.73 1.2416
197.74 2.4832
197.75 1.2416
197.76 2.4832
197.77 2.4832
197.78 1.2416
197.79 2.4832
197.8 1.2416
197.81 2.4832
197.82 2.4832
197.83 1.2416
197.84 2.4832
197.85 1.2416
197.86 2.4832
197.87 1.2416
197.88 2.4832
197.89 2.4832
197.9 1.2416
197.91 2.4832
197.92 1.2416
197.93 2.4832
197.94 2.4832
197.95 1.2416
197.96 2.4832
197.97 1.2416
197.98 2.4832
197.99 2.4832
198 1.2416
198.01 2.4832
198.02 1.2416
198.03 2.4832
198.04 1.2416
198.05 2.4832
198.06 2.4832
198.07 1.2416
198.08 2.4832
198.09 1.2416
198.1 2.4832
198.11 2.4832
198.12 1.2416
198.13 2.4832
198.14 1.2416
198.15 2.4832
198.16 1.2416
198.17 2.4832
198.18 2.4832
198.19 1.2416
198.2 2.4832
198.21 1.2416
198.22 2.4832
198.23 2.4832
198.24 1.2416
198.25 2.4832
198.26 1.2416
198.27 2.4832
198.28 2.4832
198.29 1.2416
198.3 2.4832
198.31 1.2416
198.32 2.4832
198.33 1.2416
198.34 2.4832
198.35 2.4832
198.36 1.2416
198.37 2.4832
198.38 1.2416
198.39 2.4832
198.4 2.4832
198.41 1.2416
198.42 2.4832
198.43 1.2416
198.44 2.4832
198.45 1.2416
198.46 1.2416
198.47 2.4832
198.48 1.2416
198.49 2.4832
198.5 1.2416
198.51 2.4832
198.52 2.4832
198.53 1.2416
198.54 2.4832
198.55 1.2416
198.56 2.4832
198.57 2.4832
198.58 1.2416
198.59 2.4832
198.6 1.2416
198.61 2.4832
198.62 1.2416
198.63 2.4832
198.64 2.4832
198.65 1.2416
198.66 2.4832
198.67 1.2416
198.68 2.4832
198.69 2.4832
198.7 1.2416
198.71 2.4832
198.72 1.2416
198.73 2.4832
198.74 1.2416
198.75 2.4832
198.76 2.4832
198.77 1.2416
198.78 2.4832
198.79 1.2416
198.8 2.4832
198.81 2.4832
198.82 1.2416
198.83 2.4832
198.84 1.2416
198.85 2.4832
198.86 2.4832
198.87 1.2416
198.88 2.4832
198.89 1.2416
198.9 2.4832
198.91 0
198.92 1.2416
198.93 2.4832
198.94 1.2416
198.95 2.4832
198.96 1.2416
198.97 2.4832
198.98 2.4832
198.99 1.2416
199 2.4832
199.01 1.2416
199.02 2.4832
199.03 1.2416
199.04 2.4832
199.05 2.4832
199.06 1.2416
199.07 2.4832
199.08 1.2416
199.09 2.4832
199.1 2.4832
199.11 1.2416
199.12 2.4832
199.13 1.2416
199.14 2.4832
199.15 2.4832
199.16 1.2416
199.17 2.4832
199.18 1.2416
199.19 2.4832
199.2 1.2416
199.21 1.2416
199.22 2.4832
199.23 1.2416
199.24 2.4832
199.25 1.2416
199.26 2.4832
199.27 2.4832
199.28 1.2416
199.29 2.4832
199.3 1.2416
199.31 2.4832
199.32 2.4832
199.33 1.2416
199.34 2.4832
199.35 1.2416
199.36 2.4832
199.37 2.4832
199.38 1.2416
199.39 2.4832
199.4 1.2416
199.41 2.4832
199.42 1.2416
199.43 2.4832
199.44 2.4832
199.45 1.2416
199.46 2.4832
199.47 1.2416
199.48 2.4832
199.49 2.4832
199.5 1.2416
199.51 2.4832
199.52 1.2416
199.53 2.4832
199.54 1.2416
199.55 2.4832
199.56 2.4832
199.57 1.2416
199.58 2.4832
199.59 1.2416
199.6 2.4832
199.61 2.4832
199.62 1.2416
199.63 2.4832
199.64 1.2416
199.65 2.4832
199.66 2.4832
199.67 1.2416
199.68 2.4832
199.69 1.2416
199.7 2.4832
199.71 1.2416
199.72 2.4832
199.73 2.4832
199.74 1.2416
199.75 2.4832
199.76 1.2416
199.77 2.4832
199.78 2.4832
199.79 1.2416
199.8 2.4832
199.81 1.2416
199.82 2.4832
199.83 1.2416
199.84 2.4832
199.85 2.4832
199.86 1.2416
199.87 2.4832
199.88 1.2416
199.89 2.4832
199.9 2.4832
199.91 1.2416
199.92 2.4832
199.93 1.2416
199.94 2.4832
199.95 1.2416
199.96 2.4832
199.97 2.4832
199.98 1.2416
199.99 2.4832
