10 1.9854
10.05 2.23488
10.1 2.23488
10.15 2.4832
10.2 2.4832
10.25 3.7248
10.3 3.47648
10.35 2.73152
10.4 1.73824
10.45 1.98656
10.5 1.98656
10.55 1.98656
10.6 2.73152
10.65 3.22816
10.7 1.98656
10.75 1.48992
10.8 1.73824
10.85 1.73824
10.9 2.97984
10.95 2.23488
11 1.73824
11.05 1.73824
11.1 1.73824
11.15 1.98656
11.2 2.73152
11.25 2.23488
11.3 1.48992
11.35 0.99328
11.4 1.2416
11.45 2.23488
11.5 1.48992
11.55 1.2416
11.6 1.2416
11.65 1.48992
11.7 2.73152
11.75 1.73824
11.8 1.48992
11.85 1.48992
11.9 1.48992
11.95 1.48992
12 2.4832
12.05 2.4832
12.1 1.98656
12.15 1.73824
12.2 1.73824
12.25 1.73824
12.3 1.73824
12.35 1.98656
12.4 2.23488
12.45 2.4832
12.5 1.98656
12.55 1.73824
12.6 1.73824
12.65 2.23488
12.7 2.73152
12.75 1.98656
12.8 1.73824
12.85 1.73824
12.9 1.73824
12.95 2.4832
13 2.4832
13.05 1.98656
13.1 1.73824
13.15 1.73824
13.2 2.4832
13.25 2.4832
13.3 1.98656
13.35 1.73824
13.4 2.23488
13.45 2.73152
13.5 1.98656
13.55 1.98656
13.6 1.98656
13.65 2.23488
13.7 2.73152
13.75 2.73152
13.8 2.23488
13.85 1.98656
13.9 1.98656
13.95 1.98656
14 2.4832
14.05 2.73152
14.1 2.4832
14.15 2.23488
14.2 1.98656
14.25 1.98656
14.3 1.98656
14.35 2.4832
14.4 3.22816
14.45 2.23488
14.5 1.98656
14.55 1.98656
14.6 2.4832
14.65 2.97984
14.7 2.23488
14.75 2.23488
14.8 1.98656
14.85 1.98656
14.9 1.73824
14.95 2.23488
15 1.73824
15.05 1.73824
15.1 1.48992
15.15 1.48992
15.2 1.73824
15.25 2.23488
15.3 2.4832
15.35 1.98656
15.4 1.98656
15.45 1.48992
15.5 1.48992
15.55 0.99328
15.6 1.98656
15.65 1.73824
15.7 1.2416
15.75 1.2416
15.8 1.2416
15.85 1.2416
15.9 1.2416
15.95 1.98656
16 1.48992
16.05 1.48992
16.1 1.2416
16.15 1.2416
16.2 1.2416
16.25 1.2416
16.3 1.48992
16.35 1.73824
16.4 1.73824
16.45 1.2416
16.5 1.2416
16.55 1.2416
16.6 1.2416
16.65 1.2416
16.7 2.23488
16.75 1.48992
16.8 1.2416
16.85 1.2416
16.9 2.23488
16.95 1.48992
17 1.48992
17.05 1.48992
17.1 1.48992
17.15 2.23488
17.2 2.23488
17.25 1.48992
17.3 1.48992
17.35 1.48992
17.4 1.48992
17.45 1.48992
17.5 1.73824
17.55 2.4832
17.6 1.73824
17.65 1.48992
17.7 1.48992
17.75 1.48992
17.8 2.23488
17.85 1.98656
17.9 1.73824
17.95 1.48992
18 1.98656
18.05 2.4832
18.1 1.48992
18.15 1.48992
18.2 2.23488
18.25 2.23488
18.3 1.48992
18.35 1.48992
18.4 1.48992
18.45 2.73152
18.5 1.73824
18.55 1.48992
18.6 1.48992
18.65 1.73824
18.7 1.73824
18.75 2.73152
18.8 2.23488
18.85 2.23488
18.9 1.98656
18.95 1.98656
19 1.98656
19.05 1.98656
19.1 3.47648
19.15 3.22816
19.2 2.23488
19.25 2.4832
19.3 2.4832
19.35 2.73152
19.4 3.97312
19.45 3.7248
19.5 3.22816
19.55 2.97984
19.6 2.97984
19.65 2.73152
19.7 3.22816
19.75 3.7248
19.8 2.4832
19.85 2.4832
19.9 2.4832
19.95 2.73152
