175.083 8
177.66 9
177.998 10
178.31 11
178.478 12
178.644 13
178.812 14
178.892 15
179.004 16
179.157 17
179.209 18
179.328 19
179.398 20
179.492 21
179.556 22
179.658 23
179.706 24
179.776 25
179.844 26
179.907 27
179.971 28
180.092 29
180.148 30
180.237 31
180.292 21
180.505 22
180.511 23
180.667 24
180.825 25
180.922 26
181.097 27
181.252 18
181.416 19
181.465 20
181.711 21
182.059 22
182.711 15
182.882 16
182.918 17
183.007 18
183.192 12
183.365 13
183.466 14
183.811 15
184.303 10
184.494 11
184.51 12
184.73 13
184.974 14
185.313 15
188.032 16
188.37 17
188.522 11
188.687 12
188.744 13
188.847 14
189.076 15
189.274 10
189.445 11
189.647 12
192.134 8
192.45 9
192.504 10
192.759 11
193.099 12
193.796 8
193.966 9
194.011 10
194.287 7
194.442 8
195.644 5
196.113 6
196.119 7
196.579 8
199.293 9
199.631 10
199.923 11
