175.047 64
175.122 65
175.198 66
175.255 67
175.324 68
175.387 69
175.437 70
175.5 71
175.564 72
175.608 73
175.664 74
175.721 75
175.772 76
175.822 77
175.872 78
175.917 79
175.967 55
176.723 56
176.729 57
176.805 58
176.925 59
177.013 60
177.107 61
177.202 62
177.297 63
177.372 64
177.467 65
177.549 66
177.65 67
177.75 68
177.858 69
177.965 70
178.072 71
178.179 72
178.33 73
178.444 74
178.538 51
179.262 52
179.306 53
179.413 54
179.552 55
179.722 56
179.898 57
180.075 58
180.258 59
180.44 60
180.775 61
181.014 62
181.834 43
182.294 44
182.301 45
182.307 46
182.345 47
182.421 48
182.553 33
182.931 34
182.938 35
183.114 36
183.341 37
183.574 38
183.814 39
184.06 40
184.457 28
184.703 29
184.709 30
184.735 31
184.835 32
184.949 33
185.157 34
185.358 23
185.623 24
185.642 25
185.844 26
186.09 27
186.443 28
188.504 19
188.682 20
188.688 21
188.776 22
188.909 23
189.054 24
189.224 25
189.42 26
189.666 27
190.022 28
192.737 29
193.09 30
193.336 31
193.531 32
193.695 33
193.846 34
193.972 35
194.092 36
194.199 37
194.3 38
194.395 39
194.483 40
194.571 41
194.647 42
194.723 43
194.798 44
194.868 45
194.937 46
195 47
195.063 48
195.12 49
195.183 50
195.24 51
195.29 52
195.347 53
195.397 54
195.448 55
195.498 56
195.548 57
195.593 58
195.687 59
195.769 60
195.864 61
195.939 62
196.015 63
196.078 64
196.135 65
196.191 66
196.242 67
196.292 68
196.343 69
196.381 70
196.425 71
196.469 72
196.513 73
196.557 74
196.601 75
196.633 76
196.671 77
196.715 78
196.752 79
196.79 80
196.828 81
196.866 82
196.891 57
197.71 58
197.716 59
197.811 60
197.931 61
198 62
198.095 63
198.189 64
198.277 65
198.359 66
198.441 67
198.53 68
198.618 69
198.725 70
198.807 71
198.914 72
199.028 73
199.141 74
199.273 51
199.922 52
199.992 53
