175.267 38
175.273 39
175.317 40
175.393 41
175.475 42
175.557 43
175.74 44
175.841 45
175.954 46
176.068 47
176.2 48
176.345 49
176.509 50
176.711 51
176.956 52
177.127 53
177.461 54
180.027 55
180.373 56
180.625 57
180.821 58
180.985 59
181.13 60
181.262 61
181.382 62
181.489 63
181.59 64
181.684 65
181.855 66
181.905 46
182.554 47
182.591 48
182.655 49
182.692 34
182.995 35
183.039 36
183.266 37
183.499 38
183.739 39
183.985 40
184.237 41
184.407 28
184.665 29
184.672 30
184.76 31
184.943 32
185.05 33
185.163 34
185.302 35
185.447 36
185.605 37
185.807 38
185.958 39
186.204 40
186.456 41
188.429 28
188.694 29
188.7 30
188.776 31
188.87 32
188.971 33
189.078 34
189.198 35
189.33 36
189.475 37
189.639 38
189.835 39
190.087 40
190.44 41
193.151 42
193.504 43
193.75 44
193.951 45
194.128 31
194.405 32
194.412 33
194.481 34
194.569 35
194.664 36
194.765 37
194.872 38
194.992 39
195.118 40
195.263 41
195.433 42
195.628 43
195.874 44
196.227 45
198.944 46
199.297 47
199.543 48
199.739 49
199.909 50
