175.114 9
175.469 10
178.182 11
178.534 12
178.783 13
178.979 14
179.143 15
179.276 10
179.397 11
179.457 12
179.665 13
179.9 14
180.251 15
181.703 10
181.907 11
181.997 12
182.163 13
182.413 14
182.769 15
183.695 10
183.81 11
183.87 12
184.076 13
184.316 14
184.671 15
187.386 16
187.732 17
187.913 11
188.032 12
188.072 13
188.078 14
188.434 15
188.686 16
188.785 11
188.929 12
189.175 13
189.62 9
189.738 10
189.84 11
190.077 12
190.43 13
193.147 14
193.181 9
193.299 10
193.365 11
193.595 12
193.823 13
194.177 14
195.159 9
195.275 10
195.339 11
195.548 12
195.783 13
196.142 14
198.846 15
199.2 16
199.444 17
199.647 18
199.811 19
199.954 20
