175.029 9
175.197 10
175.228 11
175.535 12
175.878 13
178.588 14
178.924 15
179.152 16
179.344 17
179.511 18
179.658 19
179.784 20
179.911 21
180.009 22
180.133 23
180.192 16
180.366 17
180.408 18
180.477 19
180.647 20
180.842 21
180.893 14
181.068 15
181.166 16
181.504 17
181.913 11
182.114 12
182.152 13
182.284 14
182.464 15
182.715 16
183.063 17
185.775 18
186.129 19
186.374 20
186.571 21
186.739 22
186.887 23
186.942 16
187.151 17
187.157 18
187.27 19
187.439 20
187.63 21
187.872 22
188.227 23
190.502 16
190.728 17
190.735 18
190.84 19
191.004 20
191.18 14
191.419 15
191.505 16
191.854 17
194.012 18
194.922 19
195.11 13
195.348 14
195.355 15
195.513 16
195.696 17
195.961 11
196.224 12
196.387 13
196.728 14
198.454 9
198.651 10
198.662 11
198.85 12
199.039 8
199.206 9
199.46 10
