10 0.520317
10.2 1.36576
10.4 0.68288
10.6 1.17952
10.8 1.2416
11 1.30368
11.2 0.99328
11.4 1.05536
11.6 1.11744
11.8 0.68288
12 1.05536
12.2 0.55872
12.4 1.2416
12.6 1.2416
12.8 1.36576
13 1.05536
13.2 0.99328
13.4 1.2416
13.6 0.86912
13.8 0.80704
14 0.43456
14.2 0.86912
14.4 0.86912
14.6 0.86912
14.8 0.6208
15 0.68288
15.2 0.86912
15.4 0.86912
15.6 0.80704
15.8 0.49664
16 0.86912
16.2 0.86912
16.4 0.86912
16.6 0.80704
16.8 0.68288
17 1.11744
17.2 1.2416
17.4 1.42784
17.6 0.74496
17.8 1.67616
18 1.92448
18.2 2.29696
18.4 1.80032
18.6 2.23488
18.8 3.22816
19 3.66272
19.2 2.7936
19.4 2.29696
19.6 3.35232
19.8 3.53856
