5.00476 21
5.01106 21
5.01736 21
5.02367 21
5.02997 21
5.03628 22
5.04258 22
5.04888 22
5.05519 22
5.11885 22
5.12528 22
5.13158 22
5.13801 22
5.14431 22
5.15062 22
5.15692 22
5.16324 22
5.16955 22
5.17585 22
5.18228 22
5.18871 22
5.19502 22
5.20157 22
5.208 22
5.21456 22
5.22086 22
5.22717 22
5.2336 23
5.24002 23
5.24633 23
5.25314 23
5.31277 23
5.3197 23
5.32601 23
5.33267 23
5.33897 23
5.34527 23
5.35158 23
5.35788 23
5.36419 23
5.37049 23
5.37679 23
5.38334 23
5.39003 23
5.3971 23
5.42924 10
5.74203 10
5.74833 10
5.75463 10
5.76106 10
5.76736 10
5.7738 10
5.78023 10
5.79939 10
5.80607 10
5.81312 10
5.93101 11
5.93732 11
5.94387 11
5.95042 11
5.95686 11
5.96355 11
5.97035 11
5.9904 11
5.99758 11
6.00601 11
6.12064 11
6.12707 12
6.13337 12
6.14005 12
6.14674 12
6.15367 12
6.1606 12
6.16728 12
6.18443 12
6.19163 12
6.1992 12
6.31455 12
6.32085 12
6.32716 12
6.33396 13
6.34052 13
6.34696 13
6.35326 13
6.35956 13
6.36601 13
6.37915 13
6.38709 13
6.39479 13
6.50902 13
6.51532 13
6.52162 13
6.52793 13
6.53424 13
6.54079 14
6.54722 14
6.55365 14
6.55995 14
6.56626 14
6.57294 14
6.58188 14
6.58958 14
6.70029 14
6.70709 14
6.71365 14
6.72008 14
6.72675 14
6.73343 14
6.74012 15
6.74642 15
6.75272 15
6.75903 15
6.76533 15
6.77164 15
6.77794 15
6.78424 15
6.8933 15
6.90023 15
6.90667 15
6.91322 15
6.92013 15
6.92671 15
6.93327 15
6.93957 15
6.94638 16
6.95294 16
6.95962 16
6.96605 16
6.97235 16
6.97866 16
6.98496 16
7.08895 16
7.09551 16
7.10231 16
7.10862 16
7.11506 16
7.12172 16
7.12849 16
7.13505 16
7.14188 16
7.14818 17
7.15449 17
7.16079 17
7.16709 17
7.1734 17
7.1797 17
7.18601 17
7.27815 17
7.28458 17
7.29139 17
7.29782 17
7.30424 17
7.31081 17
7.31764 17
7.32432 17
7.33083 17
7.33725 17
7.34356 17
7.34988 18
7.35631 18
7.36261 18
7.36893 18
7.37525 18
7.38156 18
7.46728 18
7.47358 18
7.48064 18
7.48719 18
7.49349 18
7.49994 18
7.50675 18
7.51345 18
7.51996 18
7.52626 18
7.53256 18
7.539 18
7.54543 19
7.55189 19
7.5582 19
7.56463 19
7.57118 19
7.57748 19
7.65631 19
7.66311 19
7.66978 19
7.6761 19
7.6824 19
7.68893 19
7.69599 19
7.70293 19
7.70937 19
7.71605 19
7.72273 19
7.72966 19
7.73623 19
7.74265 19
7.74909 20
7.75552 20
7.76183 20
7.76813 20
7.77443 20
7.84567 20
7.85235 20
7.85929 20
7.86571 20
7.87227 20
7.87897 20
7.88612 20
7.89308 20
7.89987 20
7.90693 20
7.91411 20
7.9217 20
7.92825 20
7.93469 20
7.94137 20
7.94805 20
7.95448 21
7.96091 21
7.96722 21
7.97352 21
8.03555 21
8.04186 21
8.04879 21
8.05509 21
8.0614 21
8.06833 21
8.07562 21
8.08344 21
8.09077 21
8.09857 21
8.10591 21
8.11384 21
8.12076 21
8.12733 21
8.13415 21
8.14132 21
8.14787 21
8.15418 22
8.16048 22
8.16678 22
8.17309 22
8.22845 22
8.23476 22
8.24131 22
8.24774 22
8.25417 22
8.26173 22
8.27005 22
8.27875 22
8.28655 22
8.29447 22
8.30213 22
8.32971 10
8.63798 10
8.64475 10
8.65318 10
8.66213 10
8.66945 10
8.67652 10
8.68345 10
8.69643 10
8.70285 10
8.70916 10
8.82733 11
8.83426 11
8.84258 11
8.85197 11
8.85898 11
8.86542 11
8.8728 11
8.88592 11
8.89236 11
8.89866 11
9.01678 11
9.02321 12
9.02952 12
9.03582 12
9.04213 12
9.04843 12
9.05474 12
9.06205 12
9.0753 12
9.08184 12
9.08815 12
9.20704 12
9.21349 12
9.2198 12
9.22623 13
9.2329 13
9.23921 13
9.24552 13
9.25182 13
9.25813 13
9.26592 13
9.27273 13
9.27904 13
9.40071 13
9.40702 13
9.41383 13
9.42076 13
9.42719 13
9.43349 14
9.4398 14
9.44648 14
9.45291 14
9.45947 14
9.46577 14
9.47208 14
9.47838 14
9.59638 14
9.60268 14
9.60912 14
9.61544 14
9.62174 14
9.62805 14
9.63435 15
9.64065 15
9.64696 15
9.65326 15
9.65957 15
9.66587 15
9.67217 15
9.67848 15
9.78539 15
9.7917 15
9.7982 15
9.80451 15
9.81081 15
9.81712 15
9.82342 15
9.82972 15
9.83603 16
9.84233 16
9.84864 16
9.85494 16
9.86124 16
9.86761 16
9.87392 16
9.97435 16
9.98065 16
9.98709 16
9.9934 16
9.9997 16
