15 1.78755
15.2 1.93483
15.4 1.87689
15.6 1.87275
15.8 1.89137
16 1.87482
16.2 1.87482
16.4 1.88309
16.6 1.86861
16.8 1.87068
17 1.88723
17.2 1.86654
17.4 1.86861
17.6 1.87689
17.8 1.8624
18 1.86447
18.2 1.94517
18.4 1.94724
18.6 1.94724
18.8 1.94931
19 1.90586
19.2 1.89965
19.4 1.87068
19.6 1.8893
19.8 1.86654
20 1.88102
20.2 1.87895
20.4 1.89551
20.6 1.89965
20.8 1.8893
21 1.89758
21.2 1.90586
21.4 1.92241
21.6 1.96173
21.8 1.96794
22 1.96794
22.2 1.96587
22.4 1.93483
22.6 1.90999
22.8 1.90379
23 1.89758
23.2 1.90172
23.4 1.90586
23.6 1.89137
23.8 1.86654
24 1.87689
24.2 1.78997
24.4 1.81894
24.6 1.82929
24.8 1.84378
