15 1.73333
15.2 1.05536
15.4 1.8624
15.6 0.99328
15.8 1.05536
16 1.80032
16.2 0.86912
16.4 1.61408
16.6 1.05536
16.8 1.17952
17 1.36576
17.2 0.9312
17.4 1.61408
17.6 0.74496
17.8 1.73824
18 0.68288
18.2 1.73824
18.4 0.74496
18.6 1.61408
18.8 0.9312
19 1.36576
19.2 1.2416
19.4 1.05536
19.6 1.61408
19.8 0.6208
20 1.80032
20.2 0.49664
20.4 1.552
20.6 1.30368
20.8 0.68288
21 0.68288
21.2 1.17952
21.4 0.68288
21.6 0.9312
21.8 1.17952
22 0.68288
22.2 1.17952
22.4 1.11744
22.6 0.55872
22.8 1.552
23 0.6208
23.2 1.17952
23.4 0.9312
23.6 0.86912
23.8 1.11744
24 0.74496
24.2 1.48992
24.4 0.9312
24.6 1.48992
24.8 1.05536
