175.062 49
175.263 50
175.397 35
175.859 36
175.918 37
176.12 38
176.313 39
176.557 40
176.725 41
177.07 42
177.751 29
178.138 30
178.146 31
178.155 32
178.222 33
178.323 34
178.55 35
178.676 36
178.827 37
178.987 38
179.18 39
179.432 40
179.676 41
179.818 28
180.154 29
180.163 30
180.297 31
180.558 32
180.827 33
180.902 23
181.18 24
181.222 25
181.432 26
181.651 27
181.962 28
182.357 19
182.72 20
182.729 21
182.762 22
182.913 23
183.056 24
183.226 25
183.416 26
183.668 27
183.977 18
184.216 19
184.25 20
184.493 21
184.851 22
185.599 15
185.878 16
185.887 17
185.996 18
186.156 19
186.364 20
186.609 21
186.957 22
187.197 15
187.414 16
187.422 17
187.531 18
187.701 19
187.901 20
188.146 21
188.501 22
188.758 15
188.984 16
188.993 17
189.116 18
189.273 19
189.472 20
189.715 21
190.072 22
190.389 15
190.566 16
190.61 17
190.685 18
190.856 19
191.055 20
191.298 21
191.654 22
194.366 23
194.719 24
194.971 25
195.164 26
195.332 27
195.475 28
195.61 29
195.727 30
195.837 31
195.937 32
196.03 33
196.114 34
196.198 35
196.282 36
196.358 37
196.433 38
196.501 39
196.568 40
196.601 28
196.987 29
196.996 30
197.021 31
197.122 32
197.231 33
197.349 34
197.475 35
197.618 36
197.786 37
197.988 38
198.232 39
198.585 40
199.492 28
199.913 29
199.921 30
199.947 31
