176.345 82
176.353 83
176.362 84
176.371 85
176.379 86
176.388 87
176.396 88
176.405 89
176.413 90
176.421 91
176.43 92
176.438 93
176.447 94
176.455 95
176.464 96
176.472 97
176.48 98
176.489 99
176.522 100
176.59 101
176.657 102
176.733 103
176.808 104
176.892 105
176.976 106
179.679 107
179.687 108
179.696 109
179.704 110
179.713 111
179.729 112
179.746 113
179.763 114
179.78 115
179.797 116
179.813 117
179.83 118
179.847 119
179.864 120
179.881 121
179.898 122
179.914 123
179.931 124
179.948 125
179.965 126
179.982 127
179.998 128
180.015 129
180.04 130
180.066 131
180.091 132
180.116 133
180.141 134
180.167 135
180.192 136
180.217 137
180.242 138
180.268 139
180.293 140
180.318 141
180.343 142
180.369 143
180.394 144
180.419 145
180.444 146
180.47 147
180.495 148
180.52 149
180.545 150
183.012 151
183.02 152
183.037 153
183.054 154
183.07 155
183.087 156
183.104 157
183.121 158
183.138 159
183.154 160
183.171 161
183.188 162
183.205 163
183.222 164
183.238 165
183.255 166
183.272 167
183.29 168
183.306 169
183.324 170
183.341 171
183.357 172
183.374 173
183.391 174
183.408 175
183.425 176
183.442 177
183.458 178
183.475 179
183.492 180
183.509 181
183.526 182
183.542 183
183.559 184
183.576 185
183.593 186
183.61 187
183.626 188
183.643 189
183.66 190
183.677 191
183.694 192
183.711 193
183.727 194
183.744 195
183.761 196
183.778 197
183.795 198
183.811 199
183.828 200
183.845 201
183.862 202
183.879 203
183.895 204
183.912 205
183.929 206
183.946 207
183.963 208
183.979 209
183.996 210
184.013 211
184.03 212
184.047 213
184.064 214
184.08 215
184.097 216
184.114 217
184.131 218
184.148 219
184.164 220
184.181 221
184.198 222
184.215 223
184.232 224
184.248 225
184.265 226
186.352 227
186.369 228
186.386 229
186.403 230
186.42 231
186.437 232
186.454 233
186.471 234
186.488 235
186.505 236
186.522 237
186.539 238
186.556 239
186.573 240
186.59 241
186.607 242
186.623 243
186.657 170
190.104 1
190.123 63
190.602 70
190.611 72
190.62 114
190.941 117
190.966 120
191.042 121
191.092 122
191.151 123
191.218 124
191.269 125
191.319 126
191.395 127
191.446 128
191.521 129
193.021 130
193.029 131
193.046 132
193.13 133
194.382 134
196.397 135
196.463 136
196.472 137
196.48 138
196.489 139
196.497 140
196.506 141
196.514 142
196.522 143
196.531 144
196.539 145
196.548 146
196.556 147
196.564 148
196.573 149
196.581 150
196.59 151
196.598 152
196.606 153
196.615 154
196.623 155
196.632 156
196.64 157
196.649 158
196.657 159
196.666 160
196.674 161
196.683 162
196.691 163
196.699 164
196.708 165
196.716 166
196.725 167
196.733 168
196.742 169
196.75 170
196.758 171
196.767 172
196.775 173
196.784 174
196.792 175
196.8 176
196.809 177
196.817 178
196.826 179
196.834 180
196.842 181
196.851 182
196.859 183
196.868 184
196.876 185
197.732 129
