15 1.7173
15.01 1.77963
15.02 1.77963
15.03 1.8624
15.04 1.69685
15.05 1.48992
15.06 1.77963
15.07 1.73824
15.08 1.73824
15.09 1.57269
15.1 1.61408
15.11 1.61408
15.12 1.77963
15.13 1.65547
15.14 1.77963
15.15 1.77963
15.16 1.73824
15.17 1.8624
15.18 1.65547
15.19 1.82101
15.2 1.77963
15.21 1.69685
15.22 1.73824
15.23 1.65547
15.24 1.8624
15.25 1.77963
15.26 1.82101
15.27 1.69685
15.28 1.77963
15.29 1.82101
15.3 1.57269
15.31 1.77963
15.32 1.69685
15.33 1.53131
15.34 1.53131
15.35 1.48992
15.36 1.73824
15.37 1.65547
15.38 1.77963
15.39 1.65547
15.4 1.77963
15.41 1.77963
15.42 1.69685
15.43 1.69685
15.44 1.8624
15.45 1.65547
15.46 1.8624
15.47 1.65547
15.48 1.90379
15.49 1.8624
15.5 1.77963
15.51 1.8624
15.52 1.73824
15.53 1.94517
15.54 1.98656
15.55 1.82101
15.56 1.82101
15.57 1.65547
15.58 1.90379
15.59 1.82101
15.6 1.82101
15.61 2.06933
15.62 1.73824
15.63 1.90379
15.64 1.65547
15.65 1.94517
15.66 2.06933
15.67 1.77963
15.68 1.90379
15.69 1.77963
15.7 1.94517
15.71 1.82101
15.72 1.77963
15.73 2.02795
15.74 1.73824
15.75 2.02795
15.76 1.73824
15.77 1.94517
15.78 2.02795
15.79 1.69685
15.8 1.90379
15.81 1.69685
15.82 1.98656
15.83 1.90379
15.84 1.94517
15.85 1.90379
15.86 1.77963
15.87 1.94517
15.88 1.69685
15.89 1.94517
15.9 1.90379
15.91 1.90379
15.92 1.82101
15.93 1.8624
15.94 2.02795
15.95 1.8624
15.96 1.90379
15.97 1.69685
15.98 1.94517
15.99 1.82101
16 1.94517
16.01 1.77963
16.02 2.02795
16.03 1.8624
16.04 1.73824
16.05 1.61408
16.06 1.69685
16.07 1.94517
16.08 1.77963
16.09 1.82101
16.1 1.8624
16.11 1.82101
16.12 2.11072
16.13 1.90379
16.14 1.94517
16.15 1.98656
16.16 1.8624
16.17 1.94517
16.18 1.77963
16.19 1.98656
16.2 1.82101
16.21 1.98656
16.22 1.90379
16.23 1.82101
16.24 2.11072
16.25 1.73824
16.26 1.77963
16.27 1.90379
16.28 1.65547
16.29 1.94517
16.3 1.82101
16.31 1.94517
16.32 1.94517
16.33 1.90379
16.34 1.8624
16.35 1.8624
16.36 2.15211
16.37 1.82101
16.38 1.8624
16.39 1.90379
16.4 1.8624
16.41 1.98656
16.42 1.94517
16.43 1.8624
16.44 1.94517
16.45 1.69685
16.46 1.8624
16.47 1.73824
16.48 1.82101
16.49 1.82101
16.5 1.69685
16.51 1.77963
16.52 1.8624
16.53 1.8624
16.54 1.90379
16.55 1.77963
16.56 1.77963
16.57 1.77963
16.58 1.90379
16.59 1.65547
16.6 1.77963
16.61 1.65547
16.62 1.65547
16.63 1.69685
16.64 1.69685
16.65 1.90379
16.66 1.65547
16.67 1.57269
16.68 1.90379
16.69 1.53131
16.7 1.90379
16.71 1.77963
16.72 1.77963
16.73 1.90379
16.74 1.57269
16.75 1.8624
16.76 1.8624
16.77 1.77963
16.78 1.77963
16.79 1.69685
16.8 1.8624
16.81 1.77963
16.82 1.90379
16.83 1.77963
16.84 1.77963
16.85 1.8624
16.86 1.73824
16.87 1.8624
16.88 1.8624
16.89 1.77963
16.9 1.8624
16.91 1.69685
16.92 1.90379
16.93 1.82101
16.94 1.8624
16.95 1.77963
16.96 1.69685
16.97 1.90379
16.98 1.69685
16.99 1.94517
17 1.82101
17.01 1.77963
17.02 1.8624
17.03 1.77963
17.04 1.82101
17.05 1.82101
17.06 1.8624
17.07 1.82101
17.08 1.69685
17.09 1.8624
17.1 1.82101
17.11 1.94517
17.12 1.8624
17.13 1.82101
17.14 1.8624
17.15 1.82101
17.16 1.94517
17.17 1.90379
17.18 1.90379
17.19 1.8624
17.2 1.82101
17.21 1.8624
17.22 1.98656
17.23 1.82101
17.24 1.94517
17.25 1.69685
17.26 1.98656
17.27 1.77963
17.28 1.94517
17.29 1.8624
17.3 1.8624
17.31 1.90379
17.32 1.82101
17.33 1.8624
17.34 1.82101
17.35 1.98656
17.36 1.82101
17.37 1.77963
17.38 1.90379
17.39 1.73824
17.4 2.02795
17.41 1.77963
17.42 1.82101
17.43 1.77963
17.44 1.65547
17.45 1.8624
17.46 1.77963
17.47 1.94517
17.48 1.77963
17.49 1.73824
17.5 1.8624
17.51 1.82101
17.52 1.8624
17.53 1.61408
17.54 1.82101
17.55 1.90379
17.56 1.77963
17.57 1.82101
17.58 1.8624
17.59 1.8624
17.6 1.94517
17.61 1.82101
17.62 1.8624
17.63 1.82101
17.64 2.02795
17.65 1.82101
17.66 1.90379
17.67 1.90379
17.68 1.98656
17.69 1.94517
17.7 1.90379
17.71 1.98656
17.72 2.02795
17.73 1.82101
17.74 2.02795
17.75 1.94517
17.76 2.02795
17.77 1.98656
17.78 1.8624
17.79 1.98656
17.8 1.90379
17.81 2.02795
17.82 1.82101
17.83 1.8624
17.84 1.8624
17.85 1.94517
17.86 1.8624
17.87 1.73824
17.88 1.98656
17.89 1.73824
17.9 1.82101
17.91 2.02795
17.92 1.73824
17.93 1.98656
17.94 1.8624
17.95 1.8624
17.96 1.82101
17.97 1.69685
17.98 1.94517
17.99 1.57269
18 1.98656
18.01 1.77963
18.02 1.82101
18.03 1.90379
18.04 1.69685
18.05 2.02795
18.06 1.73824
18.07 1.8624
18.08 1.8624
18.09 1.73824
18.1 1.94517
18.11 1.77963
18.12 1.8624
18.13 1.8624
18.14 1.8624
18.15 1.90379
18.16 1.77963
18.17 1.8624
18.18 1.8624
18.19 1.69685
18.2 1.73824
18.21 1.53131
18.22 1.90379
18.23 1.69685
18.24 1.65547
18.25 1.90379
18.26 1.73824
18.27 1.94517
18.28 1.73824
18.29 1.73824
18.3 1.94517
18.31 1.61408
18.32 1.98656
18.33 1.65547
18.34 2.02795
18.35 1.82101
18.36 1.77963
18.37 1.8624
18.38 1.77963
18.39 1.94517
18.4 1.82101
18.41 1.77963
18.42 1.90379
18.43 1.73824
18.44 1.98656
18.45 1.69685
18.46 1.90379
18.47 1.8624
18.48 1.73824
18.49 1.94517
18.5 1.69685
18.51 1.98656
18.52 1.8624
18.53 1.73824
18.54 1.8624
18.55 1.77963
18.56 1.98656
18.57 1.73824
18.58 1.8624
18.59 1.8624
18.6 1.69685
18.61 1.98656
18.62 1.69685
18.63 1.94517
18.64 1.8624
18.65 1.77963
18.66 1.8624
18.67 1.77963
18.68 1.90379
18.69 1.8624
18.7 1.73824
18.71 1.94517
18.72 1.73824
18.73 1.98656
18.74 1.69685
18.75 1.8624
18.76 1.90379
18.77 1.73824
18.78 1.98656
18.79 1.65547
18.8 1.94517
18.81 1.90379
18.82 1.77963
18.83 1.8624
18.84 1.90379
18.85 1.98656
18.86 1.8624
18.87 1.90379
18.88 2.02795
18.89 1.77963
18.9 2.11072
18.91 1.82101
18.92 2.02795
18.93 2.02795
18.94 1.90379
18.95 1.98656
18.96 1.94517
18.97 2.02795
18.98 1.98656
18.99 1.82101
19 2.11072
19.01 1.8624
19.02 2.11072
19.03 1.8624
19.04 1.94517
19.05 2.06933
19.06 1.77963
19.07 2.19349
19.08 1.69685
19.09 2.15211
19.1 1.94517
19.11 1.73824
19.12 1.8624
19.13 1.77963
19.14 1.94517
19.15 1.65547
19.16 1.8624
19.17 1.90379
19.18 1.73824
19.19 2.02795
19.2 1.61408
19.21 2.06933
19.22 1.90379
19.23 1.77963
19.24 1.90379
19.25 1.82101
19.26 2.02795
19.27 1.90379
19.28 1.73824
19.29 2.02795
19.3 1.73824
19.31 2.02795
19.32 1.73824
19.33 1.73824
19.34 1.65547
19.35 1.57269
19.36 1.57269
19.37 1.57269
19.38 1.98656
19.39 1.73824
19.4 1.57269
19.41 1.69685
19.42 1.65547
19.43 1.90379
19.44 1.65547
19.45 1.77963
19.46 1.90379
19.47 1.57269
19.48 1.98656
19.49 1.69685
19.5 1.90379
19.51 1.94517
19.52 1.65547
19.53 1.94517
19.54 1.73824
19.55 1.90379
19.56 1.82101
19.57 1.40715
19.58 1.94517
19.59 1.73824
19.6 1.69685
19.61 1.65547
19.62 1.65547
19.63 1.90379
19.64 1.69685
19.65 1.94517
19.66 1.73824
19.67 1.94517
19.68 1.8624
19.69 1.73824
19.7 1.90379
19.71 1.82101
19.72 1.90379
19.73 1.82101
19.74 1.8624
19.75 1.94517
19.76 1.69685
19.77 1.98656
19.78 1.82101
19.79 1.90379
19.8 2.02795
19.81 1.69685
19.82 1.57269
19.83 1.48992
19.84 1.61408
19.85 1.73824
19.86 1.57269
19.87 1.98656
19.88 1.77963
19.89 1.8624
19.9 1.8624
19.91 1.82101
19.92 1.77963
19.93 1.77963
19.94 1.82101
19.95 1.82101
19.96 1.90379
19.97 1.8624
19.98 1.73824
19.99 1.82101
20 1.8624
20.01 1.90379
20.02 1.8624
20.03 1.69685
20.04 1.94517
20.05 1.73824
20.06 1.73824
20.07 1.65547
20.08 1.48992
20.09 1.77963
20.1 1.53131
20.11 1.57269
20.12 1.73824
20.13 1.82101
20.14 1.82101
20.15 1.73824
20.16 1.77963
20.17 1.8624
20.18 1.82101
20.19 1.94517
20.2 1.73824
20.21 1.98656
20.22 1.69685
20.23 1.82101
20.24 1.8624
20.25 1.8624
20.26 1.90379
20.27 1.82101
20.28 1.77963
20.29 1.65547
20.3 1.69685
20.31 1.65547
20.32 1.65547
20.33 1.73824
20.34 1.73824
20.35 1.65547
20.36 1.77963
20.37 1.82101
20.38 1.82101
20.39 1.69685
20.4 1.73824
20.41 1.57269
20.42 1.90379
20.43 1.77963
20.44 1.61408
20.45 1.82101
20.46 1.82101
20.47 1.77963
20.48 1.77963
20.49 1.73824
20.5 1.82101
20.51 1.77963
20.52 1.82101
20.53 1.8624
20.54 1.8624
20.55 1.8624
20.56 1.77963
20.57 1.61408
20.58 1.77963
20.59 1.82101
20.6 1.8624
20.61 1.73824
20.62 1.8624
20.63 1.82101
20.64 1.77963
20.65 1.77963
20.66 1.48992
20.67 1.77963
20.68 1.40715
20.69 1.73824
20.7 1.53131
20.71 1.82101
20.72 1.69685
20.73 1.53131
20.74 1.69685
20.75 1.65547
20.76 1.61408
20.77 1.65547
20.78 1.61408
20.79 1.77963
20.8 1.53131
20.81 1.69685
20.82 1.69685
20.83 1.61408
20.84 1.73824
20.85 1.48992
20.86 1.77963
20.87 1.61408
20.88 1.73824
20.89 1.73824
20.9 1.48992
20.91 1.73824
20.92 1.65547
20.93 1.65547
20.94 1.73824
20.95 1.57269
20.96 1.77963
20.97 1.44853
20.98 1.73824
20.99 1.69685
21 1.65547
21.01 1.77963
21.02 1.48992
21.03 1.73824
21.04 1.69685
21.05 1.65547
21.06 1.69685
21.07 1.57269
21.08 1.77963
21.09 1.57269
21.1 1.65547
21.11 1.73824
21.12 1.61408
21.13 1.77963
21.14 1.48992
21.15 1.73824
21.16 1.65547
21.17 1.69685
21.18 1.73824
21.19 1.53131
21.2 1.73824
21.21 1.65547
21.22 1.65547
21.23 1.73824
21.24 1.53131
21.25 1.82101
21.26 1.44853
21.27 1.73824
21.28 1.69685
21.29 1.65547
21.3 1.77963
21.31 1.48992
21.32 1.77963
21.33 1.69685
21.34 1.65547
21.35 1.77963
21.36 1.53131
21.37 1.8624
21.38 1.61408
21.39 1.82101
21.4 1.77963
21.41 1.69685
21.42 1.90379
21.43 1.57269
21.44 1.90379
21.45 1.73824
21.46 1.8624
21.47 1.90379
21.48 1.57269
21.49 1.8624
21.5 1.65547
21.51 1.82101
21.52 1.82101
21.53 1.65547
21.54 1.94517
21.55 1.53131
21.56 1.90379
21.57 1.73824
21.58 1.90379
21.59 1.8624
21.6 1.65547
21.61 1.90379
21.62 1.69685
21.63 1.8624
21.64 1.77963
21.65 1.69685
21.66 1.98656
21.67 1.73824
21.68 1.8624
21.69 1.8624
21.7 1.8624
21.71 1.98656
21.72 1.69685
21.73 2.02795
21.74 1.82101
21.75 1.98656
21.76 1.73824
21.77 1.53131
21.78 1.69685
21.79 1.36576
21.8 1.44853
21.81 1.61408
21.82 1.57269
21.83 1.73824
21.84 1.57269
21.85 1.82101
21.86 1.82101
21.87 1.82101
21.88 2.02795
21.89 1.73824
21.9 1.8624
21.91 1.8624
21.92 1.8624
21.93 2.11072
21.94 1.65547
21.95 1.90379
21.96 1.77963
21.97 1.82101
21.98 2.02795
21.99 1.8624
22 1.94517
22.01 1.77963
22.02 1.8624
22.03 1.82101
22.04 1.82101
22.05 1.90379
22.06 1.48992
22.07 1.53131
22.08 1.48992
22.09 1.57269
22.1 1.90379
22.11 1.57269
22.12 1.8624
22.13 1.73824
22.14 1.69685
22.15 1.90379
22.16 1.73824
22.17 1.94517
22.18 1.65547
22.19 1.69685
22.2 1.82101
22.21 1.69685
22.22 1.90379
22.23 1.77963
22.24 1.94517
22.25 1.73824
22.26 1.8624
22.27 1.8624
22.28 1.77963
22.29 1.82101
22.3 1.82101
22.31 1.82101
22.32 1.94517
22.33 1.82101
22.34 2.02795
22.35 1.8624
22.36 1.73824
22.37 1.94517
22.38 1.8624
22.39 1.90379
22.4 1.90379
22.41 1.8624
22.42 1.90379
22.43 1.82101
22.44 2.02795
22.45 1.82101
22.46 1.94517
22.47 1.90379
22.48 1.73824
22.49 2.02795
22.5 1.82101
22.51 1.98656
22.52 1.94517
22.53 1.77963
22.54 1.8624
22.55 1.8624
22.56 1.98656
22.57 1.90379
22.58 1.8624
22.59 1.8624
22.6 1.82101
22.61 1.90379
22.62 1.8624
22.63 1.98656
22.64 1.73824
22.65 1.69685
22.66 1.94517
22.67 1.73824
22.68 1.98656
22.69 1.69685
22.7 1.90379
22.71 1.82101
22.72 1.8624
22.73 2.06933
22.74 1.77963
22.75 2.02795
22.76 1.82101
22.77 1.82101
22.78 1.98656
22.79 1.82101
22.8 2.06933
22.81 1.8624
22.82 1.90379
22.83 1.90379
22.84 1.73824
22.85 2.06933
22.86 1.69685
22.87 1.98656
22.88 1.8624
22.89 1.65547
22.9 1.73824
22.91 1.82101
22.92 1.8624
22.93 1.69685
22.94 1.90379
22.95 1.8624
22.96 1.73824
22.97 1.90379
22.98 1.77963
22.99 1.8624
23 1.8624
23.01 1.77963
23.02 1.94517
23.03 1.82101
23.04 1.90379
23.05 1.82101
23.06 1.8624
23.07 1.8624
23.08 1.82101
23.09 1.94517
23.1 1.57269
23.11 1.61408
23.12 1.82101
23.13 1.69685
23.14 1.90379
23.15 1.69685
23.16 1.69685
23.17 1.65547
23.18 1.57269
23.19 1.82101
23.2 1.73824
23.21 1.69685
23.22 1.73824
23.23 1.73824
23.24 1.94517
23.25 1.65547
23.26 1.90379
23.27 1.77963
23.28 1.8624
23.29 1.77963
23.3 1.69685
23.31 1.90379
23.32 1.77963
23.33 1.73824
23.34 1.73824
23.35 1.61408
23.36 1.73824
23.37 1.82101
23.38 1.77963
23.39 1.8624
23.4 1.65547
23.41 1.8624
23.42 1.77963
23.43 1.98656
23.44 1.90379
23.45 1.73824
23.46 1.8624
23.47 1.77963
23.48 1.90379
23.49 1.90379
23.5 1.8624
23.51 1.82101
23.52 1.57269
23.53 1.90379
23.54 1.73824
23.55 1.61408
23.56 1.77963
23.57 1.73824
23.58 1.65547
23.59 1.73824
23.6 1.69685
23.61 1.82101
23.62 1.65547
23.63 1.73824
23.64 1.73824
23.65 1.69685
23.66 1.90379
23.67 1.65547
23.68 1.8624
23.69 1.53131
23.7 1.73824
23.71 2.02795
23.72 1.57269
23.73 1.98656
23.74 1.65547
23.75 1.82101
23.76 1.69685
23.77 1.69685
23.78 1.98656
23.79 1.69685
23.8 1.69685
23.81 1.57269
23.82 1.53131
23.83 1.61408
23.84 1.65547
23.85 1.73824
23.86 1.53131
23.87 1.61408
23.88 1.57269
23.89 1.73824
23.9 1.57269
23.91 1.73824
23.92 1.53131
23.93 1.69685
23.94 1.53131
23.95 1.77963
23.96 1.77963
23.97 1.61408
23.98 1.65547
23.99 1.61408
24 1.69685
24.01 1.77963
24.02 1.65547
24.03 1.77963
24.04 1.65547
24.05 1.73824
24.06 1.77963
24.07 1.82101
24.08 1.69685
24.09 1.69685
24.1 1.69685
24.11 1.73824
24.12 1.90379
24.13 1.73824
24.14 1.73824
24.15 1.82101
24.16 1.69685
24.17 1.69685
24.18 1.90379
24.19 1.69685
24.2 1.69685
24.21 1.61408
24.22 1.65547
24.23 1.57269
24.24 1.77963
24.25 1.53131
24.26 1.53131
24.27 1.65547
24.28 1.57269
24.29 1.82101
24.3 1.69685
24.31 1.61408
24.32 1.65547
24.33 1.69685
24.34 1.57269
24.35 1.82101
24.36 1.90379
24.37 1.69685
24.38 1.73824
24.39 1.61408
24.4 1.77963
24.41 1.8624
24.42 1.73824
24.43 1.69685
24.44 1.77963
24.45 1.61408
24.46 1.77963
24.47 1.69685
24.48 1.57269
24.49 1.48992
24.5 1.40715
24.51 1.36576
24.52 1.53131
24.53 1.69685
24.54 1.53131
24.55 1.69685
24.56 1.73824
24.57 1.48992
24.58 2.02795
24.59 1.61408
24.6 1.77963
24.61 1.69685
24.62 1.53131
24.63 1.77963
24.64 1.61408
24.65 1.90379
24.66 1.77963
24.67 1.69685
24.68 1.82101
24.69 1.77963
24.7 1.98656
24.71 1.65547
24.72 1.94517
24.73 1.8624
24.74 1.77963
24.75 1.98656
24.76 1.8624
24.77 2.02795
24.78 1.65547
24.79 1.8624
24.8 1.8624
24.81 1.82101
24.82 2.02795
24.83 1.73824
24.84 1.98656
24.85 1.8624
24.86 1.73824
24.87 2.06933
24.88 1.77963
24.89 1.98656
24.9 1.77963
24.91 1.82101
24.92 1.90379
24.93 1.90379
24.94 2.02795
24.95 1.73824
24.96 1.94517
24.97 1.94517
24.98 1.8624
24.99 2.06933
