175.185 13
175.326 14
175.332 15
175.541 16
175.733 17
175.982 18
176.235 12
176.345 13
176.491 14
176.842 15
179.557 16
179.912 17
180.158 18
180.351 19
180.521 20
180.666 21
180.792 22
180.913 23
181.022 24
181.123 25
181.217 26
181.305 27
181.387 28
181.469 29
181.545 30
181.621 31
181.69 32
181.753 33
181.822 34
181.885 35
181.942 36
181.999 37
182.056 38
182.112 39
182.169 40
182.22 41
182.27 42
182.321 43
182.371 44
182.415 45
182.459 46
182.51 47
182.554 48
182.636 49
182.724 50
182.8 51
182.85 52
182.913 53
182.976 54
183.033 55
183.09 56
183.14 57
183.191 58
183.235 59
183.279 60
183.323 61
183.361 62
183.399 63
183.443 64
183.481 65
183.518 66
183.556 67
183.594 68
183.632 69
183.67 70
183.708 71
183.739 72
183.777 73
183.815 74
183.846 75
183.878 76
183.909 77
183.941 78
183.972 79
184.004 80
184.041 56
184.798 57
184.854 58
184.974 59
185.062 60
185.157 61
185.251 62
185.34 63
185.415 64
185.504 65
185.579 66
185.68 67
185.781 68
185.888 69
185.995 70
186.102 71
186.228 49
186.852 50
186.921 51
187.016 35
187.337 36
187.482 37
187.608 38
187.791 39
187.974 40
188.132 28
188.377 29
188.422 30
188.585 31
188.781 32
189.027 33
189.38 34
190.061 23
190.282 24
190.288 25
190.37 26
190.484 27
190.597 28
190.729 29
190.874 30
191.045 31
191.24 32
191.486 33
191.839 34
193.068 23
193.276 24
193.282 25
193.364 26
193.477 27
193.591 28
193.723 29
193.868 30
194.038 31
194.234 32
194.48 33
194.833 34
195.98 23
196.201 24
196.207 25
196.289 26
196.403 27
196.516 28
196.648 29
196.793 30
196.964 31
197.159 32
197.405 33
197.758 34
198.395 23
198.603 24
198.609 25
198.691 26
198.804 27
198.918 28
199.05 29
199.195 30
199.365 31
199.561 32
199.807 33
