951.091 1
951.116 3
951.142 5
951.155 6
951.168 6
951.174 7
951.212 8
951.263 9
951.32 10
951.383 11
951.452 12
951.528 13
951.61 14
951.698 15
951.793 16
951.893 17
952.001 18
952.114 19
952.234 20
952.36 21
952.493 22
952.631 23
952.776 24
952.928 25
953.085 26
953.249 27
953.306 13
953.47 15
953.514 16
953.615 17
953.722 18
953.836 19
953.956 20
954.082 21
954.214 22
954.353 23
954.498 24
954.649 25
954.807 26
954.87 13
955.083 14
955.159 15
955.254 16
955.354 17
955.532 8
955.698 9
955.71 10
955.773 11
955.843 12
955.931 6
956.001 7
956.001 9
956.051 10
956.114 5
956.171 6
956.171 8
956.209 9
956.266 10
956.329 11
956.398 12
956.474 13
956.556 14
956.644 15
956.738 16
956.839 17
956.947 18
957.06 19
957.18 20
957.306 21
957.438 22
957.577 23
957.722 24
957.873 25
958.031 26
958.195 27
958.365 28
958.541 29
958.724 30
958.913 31
958.938 15
959.147 16
959.191 17
959.298 18
959.336 9
959.443 11
959.487 12
959.562 13
959.644 14
959.733 15
959.827 16
959.928 17
960.035 18
960.149 19
960.269 20
960.395 21
960.527 22
960.666 23
960.754 11
961.716 1
961.737 5
961.759 6
961.798 7
961.844 8
961.896 9
961.953 10
962.016 11
962.085 12
962.161 13
962.243 14
962.331 15
962.425 16
962.526 17
962.634 18
962.747 19
962.867 20
962.955 10
964.075 1
964.101 5
964.127 6
964.153 7
964.197 8
964.247 9
964.304 10
964.367 11
964.437 12
964.512 13
964.594 14
964.682 15
964.777 16
964.878 17
964.985 18
965.099 19
965.218 20
965.269 10
965.388 12
965.426 13
965.508 14
965.596 15
965.691 16
965.792 17
965.899 18
966.013 19
966.132 20
966.258 21
966.391 22
966.516 11
966.649 12
966.649 14
966.731 15
966.826 16
966.927 17
967.034 18
967.147 19
967.267 20
967.393 21
967.526 22
967.664 23
967.809 24
967.961 25
968.118 26
968.282 27
968.452 28
968.629 29
968.812 30
969.001 31
969.196 32
969.398 33
969.606 34
969.82 35
970.041 36
970.268 37
970.501 38
970.741 39
970.987 40
971.131 20
971.377 22
971.396 23
971.541 24
971.692 25
971.768 12
971.919 14
971.957 15
972.052 16
972.152 17
972.26 18
972.373 19
972.493 20
972.619 21
972.676 10
972.802 12
972.827 13
972.909 14
972.997 15
973.092 16
973.205 8
973.3 9
973.3 11
973.363 12
973.439 13
973.521 14
973.609 15
973.703 16
973.785 8
973.879 10
973.905 11
973.974 12
974.05 13
974.132 14
974.22 15
974.334 7
974.46 8
974.472 9
975.491 1
975.517 2
975.543 4
976.543 1
976.569 2
976.595 3
976.626 4
976.658 5
976.69 6
976.727 7
976.772 8
976.822 9
976.879 10
976.942 11
977.011 12
977.087 13
977.169 14
977.257 15
977.352 16
977.453 17
977.56 18
977.674 19
977.793 20
977.92 21
978.052 22
978.191 23
978.336 24
978.487 25
978.645 26
978.809 27
978.979 28
979.155 29
979.338 30
979.527 31
979.723 32
979.925 33
980.089 16
980.296 17
980.296 18
980.403 19
980.523 20
980.65 21
980.782 22
980.921 23
981.066 24
981.217 25
981.375 26
981.538 27
981.709 28
981.885 29
982.068 30
982.257 31
982.453 32
982.654 33
982.862 34
983.077 35
983.297 36
983.335 18
983.555 20
983.656 21
983.789 22
983.927 23
984.072 24
984.224 25
984.381 26
984.545 27
984.715 28
984.892 29
985.075 30
985.264 31
985.459 32
985.604 16
985.913 17
985.951 18
986.052 9
986.983 1
989.008 2
989.033 3
989.039 4
989.065 5
989.084 7
990.084 1
990.11 3
990.162 4
990.194 5
990.226 6
990.264 7
990.308 8
990.358 9
990.415 10
990.478 11
990.548 12
990.623 13
990.705 14
990.793 15
990.888 16
990.989 17
991.096 18
991.21 19
991.329 20
991.456 21
991.588 22
991.727 23
991.872 24
992.023 25
992.181 26
992.344 27
992.515 28
992.692 29
992.874 30
993.063 31
993.259 32
993.461 33
993.612 16
993.82 17
993.82 18
993.839 19
993.958 20
994.084 21
994.217 22
994.356 23
994.501 24
994.652 25
994.81 26
994.974 27
995.144 28
995.32 29
995.503 30
995.692 31
995.825 15
996.064 16
996.076 17
996.184 18
996.297 19
996.417 20
996.543 21
996.675 22
996.814 23
996.985 11
997.877 1
997.895 5
997.914 6
997.949 7
997.991 8
998.041 9
998.098 10
998.136 5
998.238 6
998.257 7
998.301 8
998.351 9
998.408 10
998.471 11
998.54 12
998.616 13
998.698 14
998.786 15
998.881 16
998.982 17
999.09 18
999.204 19
999.323 20
999.449 21
999.582 22
999.721 23
999.865 24
1000.02 25
1000.17 26
1000.34 27
1000.51 28
1000.69 29
1000.87 30
1001.06 31
1001.25 32
1001.45 33
1001.66 34
1001.88 35
1002.1 36
1002.32 37
1002.54 18
1002.85 19
1002.94 20
1003.06 21
1003.14 10
1003.26 12
1003.31 13
1003.39 6
1003.48 7
1003.48 8
1003.52 4
1003.6 5
1003.6 6
1003.62 7
1003.67 8
1003.72 9
1003.78 10
1003.84 11
1003.91 12
1003.98 13
1004.07 14
1004.15 15
1004.25 16
1004.35 17
1004.46 18
1004.57 19
1004.62 9
1005.59 1
1005.64 2
1005.75 3
1005.75 5
1005.8 6
1005.83 7
1005.88 8
1005.9 4
1005.95 6
1005.97 7
1006.02 8
1006.07 9
1006.13 10
1006.19 11
1006.26 12
1006.33 13
1006.42 14
1006.5 15
1006.6 16
1006.7 17
1006.81 18
1006.92 19
1007.04 20
1007.17 21
1007.3 22
1007.44 23
1007.58 24
1007.73 25
1007.8 12
1008.77 1
1008.8 6
1008.82 7
1008.83 9
1008.9 10
1008.96 11
1009.03 12
1009.11 13
1009.2 6
1009.27 7
1009.27 9
1009.33 10
1009.39 11
1009.46 12
1009.54 13
1009.62 14
1009.71 15
1009.8 16
1009.9 17
1010.01 18
1010.06 9
1010.17 11
1010.23 12
1010.29 6
1010.36 8
1010.39 4
1010.44 5
1010.44 7
1010.48 8
1010.53 9
1010.59 10
1010.65 11
1010.72 12
1010.8 13
1010.88 14
1010.97 15
1011.06 16
1011.16 17
1011.27 18
1011.38 19
1011.5 20
1011.63 21
1011.76 22
1011.9 23
1012.05 24
1012.2 25
1012.36 26
1012.52 27
1012.71 13
1012.88 14
1012.88 15
1012.9 16
1013 17
1013.11 18
1013.22 19
1013.34 20
1013.39 10
1014.5 1
1014.55 2
1014.57 3
1014.58 4
1014.6 5
1014.61 5
1014.63 6
1014.66 7
1014.71 8
1014.76 9
1014.82 10
1014.88 11
1014.95 12
1015.02 13
1015.11 14
1015.19 15
1015.29 16
1015.39 17
1015.5 18
1015.61 19
1015.73 20
1015.86 21
1015.99 22
1016.13 23
1016.27 24
1016.42 25
1016.58 26
1016.75 27
1016.92 28
1017.09 29
1017.27 30
1017.46 31
1017.66 32
1017.86 33
1018.07 34
1018.28 35
1018.5 36
1018.6 18
1018.83 19
1018.87 20
1019 21
1019.13 22
1019.27 23
1019.41 24
1019.56 25
1019.63 12
1019.78 14
1019.81 15
1019.9 16
1020 17
1020.11 18
1020.23 19
1020.34 20
1020.47 21
1020.6 22
1020.73 11
1020.95 12
1020.97 6
1021.04 7
1021.08 3
1022.04 1
1022.06 2
1022.11 3
1022.14 4
1022.17 5
1022.21 6
1022.24 7
1022.29 8
1022.34 9
1022.4 10
1022.46 11
1022.53 12
1022.6 13
1022.69 14
1022.78 15
1022.87 16
1022.97 17
1023.08 18
1023.19 19
1023.31 20
1023.44 21
1023.57 22
1023.71 23
1023.85 24
1023.89 12
1024.03 14
1024.1 15
1024.19 16
1024.3 17
1024.4 18
1024.5 9
1025.6 1
1025.66 2
1025.68 3
1025.69 4
1025.7 4
1025.71 5
1025.74 6
1025.78 7
1025.82 8
1025.87 9
1025.93 10
1025.99 11
1026.06 12
1026.14 13
1026.22 14
1026.31 15
1026.4 16
1026.5 17
1026.61 18
1026.72 19
1026.84 20
1026.97 21
1027.1 22
1027.24 23
1027.38 24
1027.54 25
1027.69 26
1027.86 27
1028.03 28
1028.2 29
1028.39 30
1028.58 31
1028.77 32
1028.97 33
1029.18 34
1029.44 17
1030.62 1
1030.65 2
1030.67 8
1030.68 9
1030.68 12
1030.7 13
1030.76 14
1030.85 15
1030.95 16
1031.05 17
1031.15 18
1031.27 19
1031.41 9
1031.52 10
1031.52 12
1031.58 6
1031.65 7
1031.65 9
1031.7 4
1031.77 5
1031.77 6
1031.8 7
1031.84 8
1031.89 9
1031.95 10
1032.01 11
1032.08 12
1032.16 13
1032.24 14
1032.33 15
1032.42 16
1032.52 17
1032.63 18
1032.74 19
1032.86 20
1032.99 21
1033.12 22
1033.26 23
1033.41 24
1033.45 12
1033.6 14
1033.63 7
1033.79 8
1033.8 9
1033.85 10
1033.92 11
1033.99 12
1034.06 13
1034.12 6
1034.2 9
1034.24 10
1034.3 11
1034.37 12
1034.45 13
1034.53 14
1034.62 15
1034.71 16
1034.81 17
1034.92 18
1035.03 19
1035.15 20
1035.25 10
1036.35 1
1036.37 5
1036.4 6
1036.44 7
1036.48 8
1036.52 4
1036.56 7
1036.61 8
1036.66 9
1036.72 10
1036.78 11
1036.85 12
1036.92 13
1037.01 14
1037.09 15
1037.19 16
1037.29 17
1037.4 18
1037.51 19
1037.55 9
1037.69 10
1037.74 11
1037.84 5
1037.91 6
1037.91 7
1037.93 8
1037.98 9
1038.07 4
1038.17 6
1038.2 7
1038.25 8
1038.3 9
1038.36 10
1038.42 11
1038.49 12
1038.57 13
1038.65 14
1038.74 15
1038.83 16
1038.93 17
1039.04 18
1039.15 19
1039.27 20
1039.4 21
1039.53 22
1039.62 11
1039.8 12
1039.81 13
1039.89 14
1039.98 15
1040.07 16
1040.15 8
1040.26 10
1040.32 11
1040.39 12
1040.46 13
1040.55 14
1040.65 7
1040.73 8
1040.73 10
1040.8 5
1040.86 6
1040.86 7
1040.88 8
1040.93 9
1040.99 10
1041.05 11
1041.12 12
1041.22 6
1041.29 7
1041.29 8
1041.31 9
1041.36 10
1041.43 11
1041.5 12
1041.55 6
1041.62 9
1041.67 10
1041.74 11
1041.81 12
1041.84 6
1041.91 8
1041.94 9
1041.99 10
1042.06 11
1042.13 12
1042.2 13
1042.28 14
1042.37 15
1042.47 16
1042.57 17
1042.68 18
1042.79 19
1042.91 20
1043.04 21
1043.17 22
1043.31 23
1043.45 24
1043.6 25
1043.76 26
1043.92 27
1044.09 28
1044.27 29
1044.45 30
1044.64 31
1044.84 32
1045.04 33
1045.25 34
1045.37 17
1045.61 18
1045.62 19
1045.74 20
1045.87 21
1046 22
1046.14 23
1046.28 24
1046.43 25
1046.5 12
1046.67 13
1046.72 14
1046.81 15
1046.9 16
1047 17
1047.11 18
1047.22 19
1047.34 20
1047.47 21
1047.6 22
1047.74 23
1047.88 24
1047.95 12
1048.1 14
1048.17 15
1048.26 16
1048.36 17
1048.47 18
1048.58 19
1048.7 20
1048.83 21
1048.96 22
1049.1 23
1049.24 24
1049.4 25
1049.53 12
1049.68 13
1049.68 15
1049.76 16
1049.86 17
1049.96 18
1050.06 9
1050.42 10
1050.46 11
1050.52 12
1050.6 13
1050.68 14
1050.77 15
1050.87 16
1050.97 17
1051.07 18
1051.19 19
1051.31 20
1051.43 21
1051.52 10
1051.65 12
1051.67 13
1051.75 14
1051.84 15
1051.94 16
1052.04 17
1052.15 18
1052.26 19
1052.38 20
1052.5 10
1052.62 11
1052.62 13
1052.69 14
1052.78 15
1052.83 7
1052.92 9
1052.95 10
1053.01 11
1053.08 12
1053.15 13
1053.24 14
1053.32 15
1053.42 16
1053.52 17
1053.61 8
1053.71 9
1053.71 10
1053.75 11
1053.82 12
1053.9 13
1053.98 14
1054.07 15
1054.16 16
1054.26 17
1054.37 18
1054.48 19
1054.6 20
1054.73 21
1054.81 10
1054.93 13
1055.01 14
1055.1 15
1055.19 16
1055.29 17
1055.35 8
1055.45 10
1055.5 11
1055.57 12
1055.62 6
1055.69 9
1055.74 10
1055.81 11
1055.83 5
1055.9 7
1055.92 8
1055.97 9
1056.03 10
1056.09 11
1056.16 12
1056.24 13
1056.32 14
1056.41 15
1056.5 16
1056.6 17
1056.71 18
1056.82 19
1056.94 20
1057.07 21
1057.2 22
1057.34 23
1057.38 11
1057.52 13
1057.57 14
1057.6 7
1058.57 1
1058.6 3
1058.63 4
1058.66 5
1058.71 2
1058.77 3
1058.77 5
1058.81 6
1058.85 7
1058.89 8
1058.94 9
1059 10
1059.06 11
1059.13 12
1059.21 13
1059.29 14
1059.38 15
1059.47 16
1059.57 17
1059.68 18
1059.79 19
1059.91 20
1060.04 21
1060.17 22
1060.31 23
1060.46 24
1060.61 25
1060.77 26
1060.94 13
1061.14 14
1061.16 15
1061.25 16
1061.3 8
1061.41 9
1061.43 10
1061.49 11
1061.53 5
1061.6 7
1061.65 8
1061.7 9
1061.75 10
1061.82 11
1061.89 12
1061.96 13
1062.04 6
1062.13 7
1062.13 8
1062.16 9
1062.22 10
1062.25 5
1062.3 7
1062.33 8
1062.39 9
1062.44 10
1062.51 11
1062.57 12
1062.65 13
1062.73 14
1062.82 15
1062.91 16
1063.02 17
1063.12 18
1063.24 19
1063.36 20
1063.48 21
1063.61 22
1063.75 23
1063.9 24
1064.05 25
1064.21 26
1064.37 27
1064.54 28
1064.72 29
1064.9 30
1065.09 31
1065.29 32
1065.35 16
1065.58 17
1065.61 18
1065.73 19
1065.85 20
1065.97 21
1066.1 22
1066.24 23
1066.38 11
1067.51 1
1067.53 5
1067.56 6
1067.6 7
1067.64 8
1067.69 9
1067.75 10
1067.81 11
1067.88 12
1067.96 13
1068.04 14
1068.13 15
1068.22 16
1068.32 17
1068.43 18
1068.54 19
1068.66 20
1068.79 21
1068.92 22
1069.06 23
1069.21 24
1069.36 25
1069.52 26
1069.67 13
1069.83 14
1069.83 16
1069.92 17
1070.03 18
1070.14 19
1070.26 20
1070.38 21
1070.52 22
1070.66 23
1070.83 11
1070.99 12
1071.01 13
1071.1 14
1071.16 7
1071.24 10
1071.3 5
1072.34 1
1072.36 2
1072.39 3
1072.39 4
1072.43 5
1072.47 6
1072.5 7
1072.55 8
1072.6 9
1072.65 10
1072.72 11
1072.79 12
1072.86 13
1072.94 14
1073.03 15
1073.13 16
1073.23 17
1073.34 18
1073.45 19
1073.57 20
1073.7 21
1073.83 22
1073.97 23
1074.11 24
1074.26 25
1074.42 26
1074.58 27
1074.75 28
1074.93 29
1075.11 30
1075.15 15
1075.37 16
1075.47 17
1075.57 18
1075.69 19
1075.81 20
1075.85 10
1075.96 12
1076.02 13
1076.1 14
1076.19 15
1076.28 16
1076.39 8
1076.48 9
1076.48 11
1076.54 12
1076.61 13
1076.7 14
1076.78 15
1076.88 16
1076.98 17
1077.09 18
1077.2 19
1077.32 20
1077.45 21
1077.51 10
1077.63 12
1077.65 13
1077.74 14
1077.82 15
1077.92 16
1078.02 17
1078.13 18
1078.24 19
1078.36 20
1078.49 21
1078.62 22
1078.76 23
1078.9 24
1079.05 25
1079.21 26
1079.38 27
1079.55 28
1079.72 29
1079.9 30
1080.09 31
1080.29 32
1080.49 33
1080.71 16
1081.68 1
1081.73 8
1081.75 9
1081.78 10
1081.85 11
1081.92 12
1081.99 13
1082.07 14
1082.16 15
1082.26 16
1082.36 17
1082.47 18
1082.58 19
1082.7 20
1082.82 21
1082.96 22
1083.1 23
1083.25 11
1083.39 12
1083.39 13
1083.43 14
1083.51 7
1083.6 8
1083.61 9
1083.67 10
1083.73 11
1083.8 12
1083.88 13
1083.96 14
1084.04 7
1085.01 1
1085.04 3
1086.04 1
1086.06 2
1086.09 3
1086.12 4
1086.15 5
1086.19 6
1086.22 7
1086.27 8
1086.32 9
1086.38 10
1086.44 11
1086.51 12
1086.58 13
1086.67 14
1086.75 15
1086.85 16
1086.95 17
1087.06 18
1087.17 19
1087.29 20
1087.42 21
1087.54 10
1088.67 1
1088.69 5
1088.72 6
1088.76 7
1088.8 8
1088.85 9
1088.91 10
1088.97 11
1089.04 12
1089.12 13
1089.2 14
1089.29 15
1089.38 16
1089.48 17
1089.59 18
1089.7 19
1089.82 20
1089.95 21
1090.08 22
1090.22 23
1090.37 24
1090.43 12
1090.57 14
1090.61 15
1090.71 16
1090.81 17
1090.91 18
1091.03 19
1091.15 20
1091.27 21
1091.41 22
1091.54 23
1091.69 24
1091.84 25
1092 26
1092.12 13
1093.26 1
1093.29 3
1093.33 4
1093.33 5
1093.35 6
1093.35 6
1093.36 7
1093.4 8
1093.45 9
1093.5 10
1093.57 11
1093.64 12
1093.71 13
1093.79 14
1093.88 15
1093.98 16
1094.08 17
1094.19 18
1094.3 19
1094.42 20
1094.54 21
1094.68 22
1094.71 11
1094.85 13
1094.88 6
1095 7
1095.02 8
1095.07 9
1095.13 10
1095.19 11
1095.26 12
1095.33 13
1095.42 14
1095.5 15
1095.6 16
1095.7 17
1095.81 18
1095.93 9
1096.04 10
1096.04 12
1096.1 13
1096.15 6
1097.13 1
1097.15 3
1097.18 4
1097.19 5
1097.22 6
1097.26 7
1097.3 8
1097.35 9
1097.41 10
1097.47 11
1097.54 12
1097.62 13
1097.7 14
1097.79 15
1097.88 16
1097.98 17
1098.09 18
1098.19 9
1098.3 10
1098.3 12
1098.36 13
1098.44 14
1098.53 15
1098.62 16
1098.73 17
1098.83 18
1098.95 19
1099.07 20
1099.19 21
1099.36 10
1100.3 1
1100.32 3
1100.33 4
1100.34 5
1100.35 5
1100.35 6
1100.37 7
1100.41 8
1100.5 4
1101.53 1
1101.55 2
1101.58 2
1101.59 3
1101.61 4
1101.66 2
1101.68 3
1101.68 6
1101.74 7
1101.78 8
1101.83 9
1101.89 10
1101.95 11
1102.02 12
1102.1 13
1102.18 14
1102.27 15
1102.36 16
1102.46 17
1102.57 8
1103.55 1
1103.57 4
1103.6 5
1103.6 7
1103.61 12
1103.66 13
1103.75 14
1103.83 15
1103.93 16
1104.03 17
1104.14 18
1104.25 19
1104.37 20
1104.5 21
1104.63 22
1104.77 23
1104.91 24
1105.06 25
1105.22 26
1105.38 27
1105.55 28
1105.73 29
1105.91 30
1106.1 31
1106.3 32
1106.5 33
1106.71 34
1106.92 35
1106.97 17
1107.19 19
1107.26 20
1107.39 21
1107.52 22
1107.66 23
1107.81 24
1107.96 25
1108.11 26
1108.28 27
1108.47 13
1108.66 14
1108.66 15
1108.71 7
1108.79 9
1108.82 10
1108.88 11
1108.95 12
1109.03 13
1109.11 14
1109.2 15
1109.29 7
1109.38 8
1109.38 10
1109.42 11
1109.5 5
1110.46 1
1110.48 2
1110.51 3
1110.51 5
1110.56 6
1110.59 7
1110.64 8
1110.69 9
1110.74 10
1110.81 11
1110.88 12
1110.95 13
1111.03 14
1111.12 15
1111.22 16
1111.32 17
1111.43 18
1111.54 19
1111.66 20
1111.79 21
1111.92 22
1112.06 23
1112.2 24
1112.35 25
1112.51 26
1112.68 27
1112.85 28
1113.02 29
1113.21 30
1113.4 31
1113.59 32
1113.79 33
1113.87 16
1114.18 17
1114.2 8
1114.33 9
1114.38 10
1114.45 11
1114.52 12
1114.59 13
1114.66 6
1114.74 7
1114.74 9
1114.78 10
1114.83 5
1114.88 7
1114.91 8
1114.97 9
1115.02 10
1115.08 11
1115.15 12
1115.23 13
1115.31 14
1115.4 15
1115.49 16
1115.6 17
1115.7 18
1115.82 19
1115.94 20
1116.06 21
1116.19 22
1116.33 23
1116.48 24
1116.63 25
1116.79 26
1116.95 27
1117.03 13
1117.3 14
1117.3 7
1117.4 8
1117.45 9
1117.51 10
1117.57 11
1117.64 12
1117.71 13
1117.8 14
1117.88 15
1117.98 16
1118.08 17
1118.14 8
1118.24 11
1118.31 12
1118.38 13
1118.46 14
1118.55 15
1118.65 16
1118.75 17
1118.85 18
1118.97 19
1119.09 20
1119.21 21
1119.35 22
1119.48 23
1119.63 24
1119.78 25
1119.94 26
1120.1 27
1120.27 28
1120.45 29
1120.63 30
1120.82 31
1121.02 32
1121.2 16
1121.39 17
1121.39 19
1121.5 20
1121.63 21
1121.76 22
1121.9 23
1122.04 24
1122.2 25
1122.34 12
1122.51 13
1122.51 14
1122.57 15
1122.67 16
1122.77 17
1122.88 18
1122.99 19
1123.11 20
1123.24 21
1123.37 22
1123.51 23
1123.56 11
1123.71 12
1123.74 6
1123.81 7
1123.81 9
1123.85 10
1123.92 11
1123.99 12
1124.01 6
1124.14 7
1124.17 8
1124.25 4
1124.31 5
1124.31 6
1124.34 7
1124.38 8
1124.43 9
1124.49 10
1124.55 11
1124.62 12
1124.7 13
1124.78 14
1124.87 15
1124.96 16
1125.07 17
1125.17 18
1125.29 19
1125.41 20
1125.53 21
1125.68 10
1126.8 1
1128.82 2
1128.85 3
1128.88 4
1128.91 5
1128.95 6
1129 3
1129.05 4
1129.07 5
1129.11 6
1129.14 7
1129.19 8
1129.24 9
1129.29 10
1129.36 11
1129.43 12
1129.5 13
1129.58 14
1129.67 15
1129.77 16
1129.87 17
1129.98 18
1130.01 9
1130.12 11
1130.17 12
1130.24 13
1130.32 14
1130.41 7
1130.56 8
1130.56 9
1130.6 10
1130.66 11
1130.73 12
1130.81 13
1130.89 14
1130.98 15
1131.07 16
1131.17 17
1131.28 18
1131.39 19
1131.51 20
1131.64 21
1131.77 22
1131.91 23
1132.06 24
1132.21 25
1132.37 26
1132.53 27
1132.7 28
1132.88 29
1133.06 30
1133.25 31
1133.44 32
1133.65 33
1133.85 34
1134.07 35
1134.29 36
1134.52 37
1134.75 38
1134.86 19
1135.1 21
1135.23 22
1135.37 23
1135.52 24
1135.67 25
1135.84 12
1136.97 1
1137.02 2
1137.04 3
1137.04 4
1137.06 5
1137.06 6
1137.07 6
1137.08 7
1137.11 8
1137.16 9
1137.22 10
1137.29 11
1137.36 12
1137.43 13
1137.52 14
1137.61 15
1137.7 16
1137.8 17
1137.91 18
1138.02 19
1138.14 20
1138.27 21
1138.4 22
1138.46 11
1139.59 1
1139.62 5
1139.65 6
1139.68 7
1139.73 8
1139.78 9
1139.84 10
1139.9 11
1139.97 12
1140.04 13
1140.13 14
1140.23 7
1140.31 8
1140.31 10
1140.36 11
1140.43 12
1140.5 13
1140.59 14
1140.67 15
1140.77 16
1140.87 17
1140.98 18
1141.09 19
1141.21 20
1141.27 10
1141.44 11
1141.48 12
1141.55 13
1141.65 6
1141.74 7
1141.74 8
1141.78 9
1141.82 4
1141.87 7
1141.91 8
1141.96 9
1142.02 10
1142.08 11
1142.15 12
1142.23 13
1142.31 14
1142.4 15
1142.5 7
1143.59 1
1143.64 2
1143.66 3
1143.67 3
1143.69 4
1143.71 5
1143.75 6
1143.78 7
1143.83 8
1143.88 9
1143.94 10
1144 11
1144.07 12
1144.14 13
1144.23 14
1144.31 15
1144.41 16
1144.51 17
1144.62 18
1144.73 19
1144.85 20
1144.98 21
1145.11 22
1145.25 23
1145.39 24
1145.54 25
1145.7 26
1145.86 27
1146.04 28
1146.21 29
1146.39 30
1146.58 31
1146.78 32
1146.92 16
1147.13 17
1147.13 18
1147.18 19
1147.21 9
1148.33 1
1148.39 2
1149.39 1
1149.42 2
1149.45 3
1149.48 4
1149.52 5
1149.55 6
1149.59 7
1149.63 8
1149.68 9
1149.74 10
1149.8 11
1149.87 12
1149.95 13
1150.03 14
1150.12 15
1150.21 16
1150.31 17
1150.42 18
1150.53 19
1150.65 20
1150.78 21
1150.91 22
1151.05 23
1151.19 24
1151.35 25
1151.5 26
1151.67 27
1151.78 13
1152.76 1
1152.78 6
1152.81 7
1153.81 1
1153.83 3
1153.85 3
1153.86 4
1153.89 5
1153.93 6
1153.96 7
1154.01 8
1154.06 9
1154.11 10
1154.18 11
1154.25 12
1154.32 13
1154.4 14
1154.49 15
1154.59 16
1154.69 17
1154.8 18
1154.85 9
1155.83 1
1155.86 4
1155.89 5
1155.92 6
1155.96 7
1156 8
1156.05 9
1156.11 10
1156.17 11
1156.24 12
1156.3 6
1156.38 8
1156.42 9
1156.46 4
1156.51 6
1156.54 7
1156.59 3
1156.63 4
1156.63 7
1156.68 8
1156.73 9
1156.79 10
1156.85 11
1156.92 12
1157 13
1157.08 14
1157.17 15
1157.26 16
1157.34 8
1157.43 11
1157.5 12
1157.58 13
1157.66 14
1157.75 15
1157.84 16
1157.95 17
1158.05 18
1158.17 19
1158.29 20
1158.41 21
1158.54 22
1158.68 23
1158.83 24
1158.98 25
1159.14 26
1159.3 27
1159.47 28
1159.65 29
1159.83 30
1160.02 31
1160.21 32
1160.3 16
1160.5 18
1160.57 9
1160.67 10
1160.67 12
1160.74 13
1160.83 14
1160.91 15
1161.01 16
1161.11 17
1161.22 18
1161.33 19
1161.45 20
1161.58 21
1161.71 22
1161.85 23
1161.99 24
1162.14 25
1162.3 26
1162.47 27
1162.59 13
1162.76 14
1162.76 15
1162.83 16
1162.93 17
1163.04 18
1163.15 19
1163.27 20
1163.4 21
1163.53 22
1163.61 11
1164.69 1
1164.73 5
1164.8 2
1164.84 3
1164.84 6
1164.9 7
1164.94 8
1164.99 9
1165.05 10
1165.11 11
1165.18 12
1165.26 13
1165.34 14
1165.43 15
1165.52 16
1165.62 17
1165.73 18
1165.84 19
1165.96 20
1166.09 21
1166.22 22
1166.36 23
1166.5 24
1166.65 25
1166.81 26
1166.98 27
1167.15 28
1167.28 14
1167.45 15
1167.45 17
1167.54 18
1167.66 19
1167.78 20
1167.9 21
1168.03 22
1168.17 23
1168.32 24
1168.47 25
1168.63 26
1168.79 27
1168.96 28
1169.14 29
1169.33 14
1169.51 15
1169.51 16
1169.54 17
1169.62 8
1169.72 10
1169.77 11
1169.84 12
1169.91 13
1170 14
1170.08 15
1170.18 16
1170.28 17
1170.39 8
1170.49 9
1170.49 11
1170.54 5
1170.6 6
1170.6 8
1170.66 4
1170.82 5
1170.82 6
1170.85 7
1170.89 8
1170.94 9
1171 10
1171.06 11
1171.13 12
1171.21 13
1171.29 14
1171.38 15
1171.42 7
1171.51 9
1171.53 10
1171.59 11
1171.66 12
1171.74 13
1171.82 14
1171.91 15
1172 16
1172.11 17
1172.21 18
1172.33 19
1172.45 20
1172.57 21
1172.7 22
1172.84 23
1172.99 24
1173.14 25
1173.3 26
1173.44 13
1173.64 14
1173.64 15
1173.73 7
1173.81 8
1173.81 10
1173.86 11
1173.9 5
1173.96 6
1173.98 7
1174.02 8
1174.07 9
1174.13 10
1174.19 11
1174.26 12
1174.34 13
1174.42 14
1174.51 15
1174.6 16
1174.7 17
1174.82 8
1174.92 9
1174.92 10
1174.94 11
1175 12
1175.08 13
1175.16 14
1175.25 15
1175.35 16
1175.45 17
1175.55 18
1175.67 19
1175.79 20
1175.82 10
1175.98 11
1176.01 5
1176.08 7
1176.1 8
1176.15 9
1176.2 10
1176.3 5
1176.37 6
1176.39 7
1176.43 8
1176.48 9
1176.54 10
1176.6 11
1176.67 12
1176.75 13
1176.83 14
1176.92 15
1177.01 16
1177.11 17
1177.22 18
1177.33 19
1177.45 20
1177.58 21
1177.71 22
1177.74 11
1177.89 12
1177.93 6
1178 7
1178 9
1178.03 4
1178.1 5
1178.11 6
1178.15 7
1178.19 8
1178.24 9
1178.3 10
1178.36 11
1178.43 12
1178.51 13
1178.59 14
1178.68 15
1178.77 16
1178.87 17
1178.98 18
1179.09 19
1179.21 20
1179.34 21
1179.47 22
1179.61 23
1179.75 24
1179.91 25
1180.06 26
1180.23 27
1180.4 28
1180.57 29
1180.76 30
1180.95 31
1180.99 15
1182.18 1
1184.2 2
1184.23 3
1184.23 88
1184.4 44
1185.71 1
1185.87 2
1185.9 3
1185.92 4
1185.92 5
1185.93 6
1185.96 3
1185.99 4
1185.99 6
1186.03 7
1186.07 8
1186.12 9
1186.18 10
1186.24 11
1186.31 12
1186.39 13
1186.47 14
1186.56 15
1186.65 16
1186.75 17
1186.86 18
1186.97 19
1187.09 20
1187.22 21
1187.35 22
1187.39 11
1187.52 13
1187.57 6
1188.54 1
1188.59 2
1188.61 3
1188.62 3
1188.64 4
1188.66 5
1188.69 6
1188.73 7
1188.78 8
1188.83 9
1188.88 10
1188.95 11
1189.02 12
1189.09 13
1189.17 14
1189.26 15
1189.36 16
1189.46 17
1189.56 18
1189.68 19
1189.8 20
1189.92 21
1190.06 22
1190.19 23
1190.34 24
1190.49 25
1190.65 26
1190.77 13
1190.93 14
1190.93 16
1191.01 17
1191.12 18
1191.23 19
1191.35 20
1191.48 21
1191.61 22
1191.75 23
1191.9 24
1192.05 25
1192.13 12
1192.33 13
1192.38 14
1192.47 15
1192.57 7
1192.66 8
1192.66 10
1192.7 11
1192.77 12
1192.85 13
1192.93 14
1193.01 7
1193.11 8
1193.11 9
1193.16 10
1193.23 11
1193.3 12
1193.37 13
1193.42 6
1193.54 7
1193.57 8
1193.62 9
1193.68 10
1193.71 5
1193.76 7
1193.79 8
1193.84 9
1193.9 10
1193.96 11
1194.03 5
1195 1
1195.03 2
1196.03 1
1196.05 2
1196.08 3
1196.11 4
1197.12 1
1197.15 2
1197.17 3
1197.21 4
1197.24 5
1197.27 6
1197.31 7
1197.36 8
1197.41 9
1197.46 10
1197.53 11
1197.6 12
1197.67 13
1197.75 14
1197.84 15
1197.94 16
1198.04 17
1198.14 8
1199.09 1
1199.11 2
1199.14 4
1199.15 5
1199.15 6
1199.19 7
1199.23 8
1199.28 9
1199.35 4
1199.4 5
1199.4 7
1199.43 8
1199.48 9
1199.54 10
1199.6 11
1199.67 12
1199.75 13
1199.83 14
1199.92 15
1200.01 16
1200.11 17
1200.22 18
1200.33 19
1200.45 20
1200.58 21
1200.71 22
1200.85 23
1200.99 24
1201.15 25
1201.3 26
1201.47 27
1201.5 13
1201.73 14
1201.81 15
1201.91 16
1202.01 17
1202.12 18
1202.23 19
1202.35 20
1202.42 10
1202.54 12
1202.56 13
1202.64 14
1202.73 15
1202.82 16
1202.87 8
1202.97 10
1203.04 11
1203.11 12
1203.18 13
1203.26 14
1203.35 15
1203.45 16
1203.55 17
1203.65 8
1204.74 1
1204.8 2
1204.82 3
1204.88 2
1205 3
1205 5
1205.05 6
1205.11 3
1205.15 4
1205.15 6
1205.2 7
1205.24 8
1205.29 9
1205.35 10
1205.41 11
1205.48 12
1205.56 13
1205.64 14
1205.73 15
1205.82 16
1205.92 17
1206.03 18
1206.14 19
1206.26 20
1206.39 21
1206.52 22
1206.66 23
1206.8 24
1206.96 25
1207.11 26
1207.3 13
1207.56 14
1207.57 7
1207.65 9
1207.7 10
1207.76 11
1207.83 12
1207.91 13
1207.99 14
1208.06 7
1208.14 8
1208.14 10
1208.19 11
1208.26 12
1208.34 13
1208.42 14
1208.51 15
1208.56 7
1208.65 10
1208.71 5
1209.68 1
1209.71 2
1209.73 3
1209.77 4
1209.8 5
1209.83 6
1209.86 3
1209.89 6
1209.94 7
1209.98 8
1210.03 9
1210.09 10
1210.15 11
1210.22 5
1210.28 6
1210.28 8
1210.31 9
1210.37 10
1210.43 11
1210.5 12
1210.54 6
1210.61 8
1210.63 9
1210.69 10
1210.75 11
1210.82 12
1210.9 13
1210.98 14
1211.07 15
1211.15 7
1211.25 8
1211.26 9
1211.32 10
1211.38 11
1211.45 12
1211.53 13
1211.61 14
1211.7 15
1211.79 16
1211.89 17
1212 18
1212.11 19
1212.18 9
1212.31 11
1212.35 12
1212.42 13
1212.51 14
1212.59 15
1212.69 16
1212.79 17
1212.9 18
1213.01 19
1213.13 20
1213.26 21
1213.31 10
1213.45 11
1213.51 5
1214.48 1
1214.53 2
1214.56 2
1214.57 3
1214.59 4
1214.62 5
1214.66 6
1214.69 7
1214.74 8
1214.79 9
1214.84 10
1214.9 5
1214.95 8
1215 9
1215.05 10
1215.1 5
1215.16 8
1215.2 9
1215.25 4
1215.31 7
1215.34 8
1215.4 9
1215.45 10
1215.51 11
1215.58 12
1215.66 13
1215.74 14
1215.83 15
1215.92 16
1216.03 17
1216.13 18
1216.25 19
1216.37 20
1216.49 21
1216.62 22
1216.76 23
1216.91 24
1217.06 25
1217.22 26
1217.38 27
1217.55 28
1217.73 29
1217.91 30
1218.1 31
1218.25 15
1218.44 16
1218.44 18
1218.54 19
1218.61 9
1218.72 12
1218.79 13
1218.87 14
1218.96 15
1219.05 16
1219.15 17
1219.26 18
1219.37 19
1219.49 20
1219.62 21
1219.75 22
1219.89 23
1220.04 24
1220.19 25
1220.34 26
1220.51 27
1220.68 28
1220.86 29
1221.04 30
1221.23 31
1221.42 32
1221.62 33
1221.83 34
1221.87 17
1222.12 18
1222.21 19
1222.33 20
1222.37 10
1223.34 1
1223.37 5
1223.4 12
1223.46 13
1223.54 14
1223.63 15
1223.72 16
1223.82 17
1223.93 18
1223.95 9
1224.06 11
1224.12 12
1224.19 13
1224.28 14
1224.36 15
1224.46 16
1224.56 17
1224.67 18
1224.78 19
1224.9 20
1225.03 21
1225.16 22
1225.3 23
1225.44 24
1225.59 25
1225.75 26
1225.92 27
1226.09 28
1226.14 14
1227.28 1
1227.31 3
1227.33 4
1227.34 7
1227.37 8
1228.39 1
1228.43 4
1228.46 5
1228.49 6
1228.53 7
1228.57 8
1228.62 9
1228.68 10
1228.74 11
1228.81 12
1228.89 13
1228.97 14
1229.06 15
1229.15 16
1229.25 17
1229.36 18
1229.47 19
1229.59 20
1229.72 21
1229.85 22
1229.99 23
1230.13 24
1230.29 25
1230.44 26
1230.61 27
1230.78 28
1230.93 14
1231.15 15
1231.15 16
1231.25 17
1231.36 18
1231.43 9
1232.41 1
1234.43 2
1234.46 3
1234.46 4
1234.46 5
1234.49 6
1234.54 3
1234.58 4
1234.58 6
1234.61 7
1234.65 8
1234.7 9
1234.76 10
1234.82 11
1234.89 12
1234.97 13
1235.05 14
1235.14 15
1235.23 16
1235.33 17
1235.44 18
1235.55 19
1235.67 20
1235.8 10
1235.92 11
1235.92 13
1235.95 6
1236.02 8
1236.04 9
1236.09 4
1236.21 5
1236.22 6
1236.26 7
1236.3 8
1236.33 4
1236.38 6
1236.4 7
1236.44 8
1236.49 9
1236.55 10
1236.61 11
1236.68 12
1236.76 13
1236.84 14
1236.93 15
1237.02 16
1237.12 17
1237.23 18
1237.34 19
1237.41 9
1237.53 12
1237.6 13
1237.68 14
1237.77 15
1237.86 16
1237.96 17
1238.02 8
1238.12 9
1238.14 10
1238.2 11
1238.27 12
1238.35 13
1238.43 14
1238.52 15
1238.61 16
1238.71 17
1238.82 18
1238.93 19
1239.05 20
1239.18 21
1239.24 10
1239.37 12
1239.4 6
1239.48 7
1239.48 8
1239.52 4
1239.57 7
1239.61 8
1239.66 9
1239.71 10
1239.78 11
1239.85 12
1239.92 13
1240 14
1240.09 15
1240.19 16
1240.29 17
1240.4 18
1240.51 19
1240.63 20
1240.67 10
1240.79 12
1240.86 13
1240.94 14
1241.02 7
1242.1 1
1242.13 3
1242.16 4
1242.19 5
1242.22 6
1242.26 7
1242.31 8
1242.36 9
1242.41 10
1242.48 11
1242.54 12
1242.62 13
1242.7 14
1242.79 15
1242.89 16
1242.99 17
1243.09 18
1243.21 19
1243.33 20
1243.36 10
1243.48 12
1243.55 6
1243.62 7
1243.62 8
1243.67 4
1243.71 5
1243.71 7
1243.76 8
1243.81 9
1243.86 10
1243.93 11
1244 12
1244.07 13
1244.15 14
1244.24 15
1244.34 16
1244.44 17
1244.54 18
1244.66 19
1244.78 20
1244.9 21
1245.04 22
1245.14 11
1245.27 12
1245.27 14
1245.35 15
1245.44 16
1245.57 8
1246.53 1
1246.56 4
1246.59 5
1246.61 6
1246.64 7
1246.68 8
1246.73 9
1246.79 10
1246.85 11
1246.92 12
1247 13
1247.08 14
1247.17 15
1247.2 7
1247.29 9
1247.32 10
1247.38 11
1247.45 12
1247.53 13
1247.61 14
1247.7 15
1247.79 16
1247.89 17
1248 18
1248.11 19
1248.23 20
1248.36 21
1248.49 22
1248.63 23
1248.71 11
1248.95 12
1248.98 6
1249.05 8
1249.09 9
1249.15 10
1249.21 11
1249.28 12
1249.36 13
1249.43 6
1249.5 7
1249.5 9
1249.54 10
1249.6 11
1249.67 12
1249.75 13
1249.83 14
1249.92 15
1249.99 7
1250.07 8
1250.07 10
1250.12 11
1250.19 12
1250.26 13
1250.35 14
1250.43 15
1250.53 16
1250.63 17
1250.74 18
1250.85 19
1250.97 20
1251.1 21
1251.23 22
1251.37 23
1251.51 24
1251.66 25
1251.82 26
1251.98 27
1252.15 28
1252.33 29
1252.51 30
1252.7 31
1252.9 32
1253.1 33
1253.18 16
1253.38 18
1253.42 19
1253.54 20
1253.67 21
1253.8 22
1253.94 23
1254.08 24
1254.12 12
1254.31 13
1254.38 14
1254.47 15
1254.56 16
1254.66 17
1254.77 18
1254.88 19
1255 20
1255.13 21
1255.18 10
1255.4 11
1255.46 12
1255.53 13
1255.62 14
1255.7 15
1255.8 16
1255.9 17
1256.01 18
1256.12 19
1256.24 20
1256.37 21
1256.5 22
1256.57 11
1256.7 13
1256.73 14
1256.8 7
1256.88 8
1256.88 10
1256.93 11
1257 12
1257.08 13
1257.16 14
1257.25 15
1257.34 16
1257.45 17
1257.55 18
1257.67 19
1257.79 20
1257.91 21
1258.04 22
1258.18 23
1258.33 24
1258.48 25
1258.64 26
1258.8 27
1258.97 28
1259.15 29
1259.33 30
1259.53 15
1260.72 1
1260.75 7
1260.77 8
1261.77 1
1262.86 2
1262.88 3
1262.91 4
1262.94 5
1262.97 6
1263.01 7
1263.05 8
1263.1 9
1263.16 10
1263.22 11
1263.29 12
1263.37 13
1263.45 14
1263.54 15
1263.63 16
1263.73 17
1263.84 18
1263.96 19
1264.08 20
1264.2 21
1264.33 22
1264.47 23
1264.62 24
1264.77 25
1264.93 26
1265.01 13
1265.27 14
1265.36 15
1265.45 16
1265.55 17
1265.66 18
1265.77 19
1265.89 20
1266.02 21
1266.08 10
1266.23 11
1266.25 12
1266.33 13
1266.41 14
1266.5 15
1266.59 16
1266.69 17
1266.8 18
1266.91 19
1267.03 20
1267.15 10
1267.27 11
1267.27 13
1267.33 14
1267.42 15
1267.52 16
1267.62 17
1267.73 18
1267.84 19
1267.96 20
1268.09 21
1268.22 22
1268.29 11
1268.47 12
1268.53 13
1268.61 14
1268.7 15
1268.79 16
1268.89 17
1269 18
1269.11 19
1269.23 20
1269.35 10
1269.48 11
1269.5 12
1269.58 13
1269.66 14
1269.75 15
1269.84 16
1269.94 17
1270.05 18
1270.16 19
1270.28 20
1270.41 21
1270.54 22
1270.68 23
1270.83 24
1270.98 12
1271.12 13
1271.12 15
1271.21 16
1271.31 17
1271.41 18
1271.53 19
1271.62 9
1272.73 1
1272.75 4
1272.78 5
1272.78 6
1272.79 10
1272.85 11
1272.92 12
1273 13
1273.08 14
1273.17 15
1273.26 16
1273.36 8
1274.32 1
1274.35 2
1274.37 4
1274.38 5
1274.38 15
1274.45 7
1274.54 8
1274.54 10
1274.59 11
1274.66 12
1274.73 13
1274.81 14
1274.9 15
1275 16
1275.1 17
1275.16 8
1276.24 1
1276.29 2
1276.31 3
1276.32 4
1276.33 4
1276.35 5
1276.44 2
1276.54 3
1276.54 5
1276.59 6
1276.63 7
1276.67 8
1276.72 9
1276.8 4
1276.87 5
1276.87 6
1276.9 7
1276.94 8
1276.99 9
1277.05 10
1277.11 11
1277.18 12
1277.26 13
1277.34 14
1277.43 15
1277.51 7
1277.6 8
1277.6 10
1277.64 11
1277.71 12
1277.79 13
1277.87 14
1277.96 15
1278.05 16
1278.15 17
1278.26 18
1278.29 9
1278.51 10
1278.57 11
1278.64 12
1278.72 13
1278.8 14
1278.89 15
1279.01 7
1279.1 8
1279.1 9
1279.14 10
1279.2 11
1279.27 12
1279.35 13
1279.43 14
1279.52 15
1279.59 7
1279.74 8
1279.74 9
1279.79 10
1279.85 11
1279.92 12
1280 13
1280.08 14
1280.17 15
1280.26 16
1280.36 17
1280.47 18
1280.58 19
1280.68 9
1280.79 10
1280.79 12
1280.85 13
1280.93 14
1281.02 15
1281.11 16
1281.21 8
1281.31 9
1281.31 11
1281.38 12
1281.45 13
1281.53 14
1281.62 15
1281.72 16
1281.79 8
1281.89 10
1281.94 11
1282.01 12
1282.08 13
1282.16 14
1282.25 15
1282.35 16
1282.45 17
1282.52 8
1282.83 9
1282.86 4
1283.83 1
1283.89 2
1283.91 2
1283.92 3
1283.94 4
1283.98 5
1284.01 6
1284.05 7
1284.09 8
1284.14 9
1284.2 10
1284.26 11
1284.33 12
1284.42 6
1284.49 7
1284.49 9
1284.53 10
1284.6 11
1284.66 12
1284.74 13
1284.82 14
1284.91 15
1285.01 16
1285.11 17
1285.21 18
1285.33 19
1285.45 20
1285.57 21
1285.7 22
1285.84 23
1285.99 24
1286.14 25
1286.3 26
1286.5 13
1286.66 14
1286.66 15
1286.71 16
1286.83 8
1286.93 9
1286.93 11
1287 12
1287.07 13
1287.15 14
1287.24 15
1287.34 16
1287.37 8
1287.47 9
1287.53 10
1287.59 11
1287.66 12
1287.72 6
1287.78 8
1287.83 9
1287.89 10
1287.94 5
1288 8
1288.06 4
1288.11 5
1288.11 6
1288.15 7
1288.19 8
1288.24 9
1288.3 10
1288.36 11
1288.43 12
1288.51 13
1288.59 14
1288.63 7
1288.71 9
1288.74 10
1288.8 11
1288.88 5
1288.94 6
1288.94 8
1288.97 9
1289.02 4
1289.07 5
1289.07 7
1289.1 8
1289.15 9
1289.21 10
1289.27 11
1289.34 12
1289.41 13
1289.5 14
1289.58 15
1289.68 16
1289.78 17
1289.89 18
1290 19
1290.12 20
1290.25 21
1290.38 22
1290.44 11
1290.57 13
1290.61 14
1290.69 15
1290.79 16
1290.89 17
1291.02 8
1291.12 9
1291.12 11
1291.17 12
1291.25 13
1291.33 14
1291.42 15
1291.51 16
1291.61 17
1291.72 18
1291.83 19
1291.95 20
1292.08 21
1292.21 22
1292.35 23
1292.5 24
1292.65 25
1292.81 26
1292.86 13
1293.01 15
1293.07 16
1293.17 17
1293.28 18
1293.39 19
1293.52 9
1293.64 10
1293.64 12
1293.69 13
1293.78 14
1293.86 15
1293.96 16
1294.06 17
1294.17 18
1294.28 19
1294.4 20
1294.53 21
1294.66 22
1294.8 23
1294.94 11
1295.08 12
1295.08 14
1295.15 15
1295.25 16
1295.35 17
1295.45 18
1295.57 19
1295.69 20
1295.81 21
1295.94 10
1296.09 11
1296.12 12
1296.19 13
1296.27 14
1296.36 15
1296.46 16
1296.56 17
1296.66 18
1296.78 19
1296.9 20
1297.02 21
1297.16 22
1297.29 23
1297.44 24
1297.59 25
1297.75 26
1297.91 27
1298.02 13
1298.28 15
1298.37 16
1298.47 17
1298.58 18
1298.69 19
1298.81 20
1298.94 21
1299.05 10
1299.22 11
1299.23 12
1299.27 6
1299.34 8
1299.36 9
1299.42 10
1299.48 11
1299.55 12
1299.63 13
1299.71 14
1299.8 15
1299.9 7
1299.99 8
1299.99 10
1300.04 11
1300.11 12
1300.21 6
1300.28 7
1300.28 9
1300.33 10
1300.39 11
1300.46 12
1300.53 13
1300.62 14
1300.7 15
1300.8 16
1300.9 17
1301.01 18
1301.12 19
1301.24 20
1301.37 21
1301.5 22
1301.64 23
1301.78 24
1301.93 25
1302.09 26
1302.26 27
1302.43 28
1302.6 29
1302.73 14
1302.91 15
1302.91 17
1303 18
1303.11 19
1303.23 20
1303.36 21
1303.48 10
1303.62 11
1303.62 12
1303.68 6
1303.75 7
1303.75 9
1303.79 10
1303.86 11
1303.93 12
1304 13
1304.08 14
1304.17 15
1304.27 16
1304.37 17
1304.47 18
1304.59 19
1304.71 20
1304.83 21
1304.88 10
1305 12
1305.04 13
1305.12 14
1305.21 15
1305.31 16
1305.41 17
1305.51 18
1305.63 19
1305.69 9
1305.8 12
1305.87 6
1305.94 7
1305.94 9
1305.99 10
1306.04 5
1306.1 7
1306.12 8
1306.17 9
1306.23 10
1306.29 11
1306.36 12
1306.43 13
1306.52 14
1306.61 15
1306.7 16
1306.8 17
1306.91 18
1307.02 19
1307.14 20
1307.27 21
1307.4 22
1307.54 23
1307.68 11
1308.65 1
1308.68 4
1308.7 5
1308.71 6
1308.71 7
1308.72 8
1308.76 9
1308.81 10
1308.88 11
1308.94 12
1309.02 13
1309.1 14
1309.15 7
1309.23 9
1309.25 10
1309.32 11
1309.39 12
1309.46 13
1309.54 14
1309.63 15
1309.73 16
1309.83 17
1309.93 18
1310.05 19
1310.17 20
1310.23 10
1311.19 1
1311.22 2
1311.24 3
1311.25 5
1311.27 6
1311.31 7
1311.36 8
1311.41 9
1311.47 10
1311.53 11
1311.6 12
1311.67 13
1311.76 14
1311.84 15
1311.94 16
1312.04 17
1312.15 18
1312.26 19
1312.38 20
1312.51 21
1312.64 22
1312.78 23
1312.92 24
1313.07 25
1313.23 26
1313.4 27
1313.57 28
1313.74 29
1313.92 30
1314.11 31
1314.31 32
1314.51 33
1314.72 34
1314.89 17
1315.22 18
1315.24 9
1315.4 10
1315.43 5
1316.48 1
1316.51 2
1316.53 3
1316.54 4
1316.58 5
1316.61 6
1316.66 3
1316.69 4
1316.69 6
1316.72 7
1316.77 8
1316.83 4
1316.94 5
1316.94 6
1316.98 7
1317.02 8
1317.07 9
1317.13 10
1317.19 11
1317.26 12
1317.34 13
1317.42 14
1317.51 15
1317.6 16
1317.7 17
1317.81 18
1317.93 19
1318.05 20
1318.17 21
1318.3 22
1318.44 23
1318.59 24
1318.74 25
1318.9 26
1319.05 13
1319.21 14
1319.21 16
1319.3 17
1319.41 18
1319.52 19
1319.64 20
1319.77 21
1319.9 22
1320.04 23
1320.09 11
1320.26 12
1320.31 13
1320.4 14
1320.48 15
1320.58 16
1320.68 17
1320.79 18
1320.93 9
1321.05 10
1321.05 11
1321.13 5
1321.32 6
1321.33 7
1321.37 8
1321.42 9
1321.48 10
1321.54 11
1321.61 12
1321.69 13
1321.77 14
1321.86 15
1321.95 16
1322.06 17
1322.16 18
1322.28 19
1322.4 20
1322.52 21
1322.65 22
1322.79 23
1322.94 24
1323.09 25
1323.24 12
1323.39 13
1323.39 15
1323.46 16
1323.56 17
1323.68 8
1323.84 9
1323.84 10
1323.89 11
1323.96 12
1324.04 13
1324.12 14
1324.21 15
1324.31 7
1324.4 8
1324.4 9
1324.45 10
1324.51 11
1324.58 12
1324.66 13
1324.74 14
1324.83 15
1324.92 16
1325.03 17
1325.13 18
1325.25 19
1325.37 20
1325.49 21
1325.62 22
1325.76 23
1325.91 24
1326.06 25
1326.22 26
1326.38 27
1326.55 28
1326.73 29
1326.91 30
1327.1 31
1327.29 32
1327.5 33
1327.7 34
1327.92 35
1328.14 36
1328.37 37
1328.6 38
1328.66 19
1328.92 20
1328.99 21
1329.12 22
1329.26 23
1329.41 24
1329.56 25
1329.72 26
1329.86 13
1330.02 14
1330.02 15
1330.04 16
1330.14 17
1330.25 18
1330.37 19
1330.49 20
1330.61 21
1330.74 22
1330.88 23
1330.95 11
1331.11 13
1331.19 14
1331.28 15
1331.37 16
1331.47 17
1331.58 18
1331.69 19
1331.81 20
1331.94 21
1332.07 22
1332.21 23
1332.31 11
1332.45 12
1332.45 14
1332.51 15
1332.55 7
1332.63 9
1332.67 10
1332.73 11
1332.8 12
1332.87 13
1332.96 14
1333.04 15
1333.15 7
1333.24 8
1333.24 10
1333.28 11
1333.35 12
1333.43 13
1333.51 14
1333.6 15
1333.69 16
1333.79 17
1333.9 18
1334.02 19
1334.13 20
1334.26 21
1334.39 22
1334.42 11
1334.56 13
1334.62 14
1334.71 15
1334.8 16
1334.9 17
1335.01 18
1335.12 19
1335.24 20
1335.37 21
1335.5 22
1335.64 23
1335.73 11
1335.87 14
1335.94 15
1336.04 16
1336.07 8
1337.16 1
1337.19 3
1337.22 4
1337.25 5
1337.28 6
1337.32 7
1337.36 8
1337.41 9
1337.47 10
1337.53 11
1337.6 12
1337.68 13
1337.76 14
1337.85 15
1337.94 16
1338.04 17
1338.15 18
1338.21 9
1338.31 11
1338.34 12
1338.41 13
1338.5 14
1338.58 15
1338.68 16
1338.78 17
1338.87 8
1338.97 9
1338.97 11
1339.03 12
1339.1 13
1339.18 14
1339.24 7
1339.33 9
1339.37 10
1339.43 11
1339.5 12
1339.57 13
1339.66 6
1339.73 7
1339.73 9
1339.78 4
1339.83 5
1339.83 6
1339.85 7
1339.9 8
1339.95 9
1340.01 10
1340.06 5
1340.13 6
1340.14 7
1340.19 8
1340.24 9
1340.32 4
1340.43 5
1340.43 6
1340.48 3
1340.55 4
1340.55 5
1340.58 6
1340.62 7
1340.66 8
1340.71 9
1340.77 10
1340.83 11
1340.9 12
1340.98 13
1341.06 14
1341.15 15
1341.24 16
1341.34 17
1341.45 18
1341.56 19
1341.68 20
1341.81 21
1341.94 22
1342.08 23
1342.22 24
1342.38 25
1342.5 12
1342.65 13
1342.65 15
1342.73 16
1342.83 17
1342.94 18
1343.05 19
1343.17 20
1343.3 21
1343.43 22
1343.57 23
1343.71 24
1343.86 25
1344.02 26
1344.17 13
1344.32 14
1344.32 16
1344.42 17
1344.53 18
1344.64 19
1344.78 9
1344.9 10
1344.9 12
1344.96 13
1345.04 14
1345.13 15
1345.22 7
1345.31 8
1345.31 10
1345.37 11
1345.44 5
1345.63 6
1345.63 7
1345.67 8
1345.72 9
1345.78 10
1345.84 11
1345.92 5
1346.87 1
1346.9 2
1347.9 1
1347.92 2
1347.94 3
1347.94 4
1347.97 5
1348.01 6
1348.05 7
1348.09 8
1348.14 9
1348.2 10
1348.26 11
1348.33 12
1348.41 13
1348.49 14
1348.58 15
1348.67 16
1348.77 17
1348.87 8
1348.97 9
1348.97 11
1349.02 5
1350.08 1
1350.1 2
1350.13 3
1350.16 4
1350.19 5
1350.23 6
1350.27 7
1350.31 8
1350.36 9
1350.42 10
1350.48 11
1350.55 12
1350.57 6
1350.64 8
1350.68 9
1350.74 10
1350.77 5
1350.83 7
1350.85 8
1350.9 9
1350.96 10
1351.02 11
1351.1 5
1351.17 6
1351.17 7
1351.21 8
1351.26 9
1351.31 10
1351.38 11
1351.45 12
1351.52 13
1351.6 14
1351.69 15
1351.79 16
1351.89 17
1351.99 18
1352.11 9
1352.21 10
1352.21 12
1352.29 13
1352.37 14
1352.46 15
1352.55 16
1352.66 17
1352.76 18
1352.88 19
1353 20
1353.12 21
1353.25 22
1353.29 11
1353.48 5
1354.46 1
1354.49 2
1354.51 3
1354.51 4
1354.55 5
1354.58 2
1354.6 5
1354.64 6
1354.68 7
1354.73 8
1354.78 9
1354.83 10
1354.9 11
1354.97 12
1355.04 13
1355.12 14
1355.21 15
1355.31 16
1355.41 17
1355.51 18
1355.6 9
1355.72 10
1355.72 11
1355.75 12
1355.83 13
1355.91 14
1356 15
1356.09 16
1356.19 17
1356.3 18
1356.42 19
1356.54 20
1356.66 21
1356.79 22
1356.93 23
1357.08 24
1357.23 25
1357.39 26
1357.55 27
1357.72 28
1357.9 29
1358.08 30
1358.27 31
1358.46 32
1358.67 33
1358.87 34
1359.09 35
1359.31 36
1359.54 37
1359.61 18
1360.57 1
1360.6 2
1360.63 7
1360.63 8
1360.65 9
1360.66 10
1360.7 11
1360.72 12
1360.8 13
1360.89 14
1360.97 15
1361.07 16
1361.17 17
1361.28 18
1361.39 19
1361.51 20
1361.67 10
1362.77 1
1362.79 2
1362.83 3
1362.85 4
1362.85 5
1362.86 5
1362.87 6
1362.9 7
1362.95 8
1363 9
1363.05 10
1363.12 11
1363.19 12
1363.26 13
1363.34 14
1363.43 15
1363.53 16
1363.63 17
1363.74 18
1363.85 19
1363.97 20
1364.09 21
1364.23 22
1364.37 23
1364.51 24
1364.66 25
1364.82 26
1364.98 27
1365.15 28
1365.22 14
1365.45 15
1365.54 16
1365.65 17
1365.75 18
1365.87 19
1365.99 20
1366.11 10
1367.08 1
1367.11 5
1367.13 6
1367.17 7
1367.22 8
1367.27 9
1367.32 10
1367.39 11
1367.46 12
1367.54 6
1367.61 7
1367.61 8
1367.63 9
1367.68 10
1367.75 5
1367.81 7
1367.83 8
1367.87 4
1367.92 5
1367.94 6
1367.98 7
1368.02 8
1368.08 9
1368.13 10
1368.2 11
1368.28 5
1368.39 6
1368.39 7
1368.44 3
1368.47 4
1368.47 7
1368.53 8
1368.58 9
1368.63 10
1368.7 11
1368.76 12
1368.84 13
1368.92 14
1369.01 15
1369.11 16
1369.21 17
1369.31 18
1369.43 19
1369.55 20
1369.67 21
1369.81 22
1369.94 23
1370.09 24
1370.24 25
1370.4 26
1370.56 27
1370.73 28
1370.87 14
1371.07 15
1371.12 7
1371.2 8
1371.2 10
1371.26 11
1371.33 12
1371.41 13
1371.49 14
1371.58 15
1371.67 16
1371.77 17
1371.88 18
1371.99 19
1372.11 20
1372.24 21
1372.37 22
1372.51 23
1372.65 24
1372.68 12
1372.82 14
1372.9 15
1372.99 16
1373.1 17
1373.2 18
1373.32 19
1373.44 20
1373.56 21
1373.69 22
1373.84 11
1373.98 12
1373.98 13
1374.01 6
1374.09 7
1374.09 9
1374.12 10
1374.19 11
1374.26 12
1374.32 6
1374.39 7
1374.39 9
1374.46 4
1374.51 5
1374.51 7
1374.55 8
1374.6 9
1374.66 10
1374.71 5
1374.77 8
1374.81 9
1374.87 10
1374.91 5
1374.98 6
1375.02 7
1375.06 8
1375.11 9
1375.17 10
1375.23 11
1375.3 12
1375.37 13
1375.46 14
1375.54 15
1375.64 16
1375.74 17
1375.85 18
1375.96 19
1376.08 20
1376.21 21
1376.34 22
1376.48 23
1376.62 24
1376.79 12
1376.94 13
1376.94 15
1377.02 16
1377.12 17
1377.23 18
1377.34 19
1377.46 20
1377.59 21
1377.72 22
1377.86 23
1378 24
1378.15 25
1378.31 26
1378.48 27
1378.65 28
1378.82 29
1378.85 14
1379.04 15
1379.13 16
1379.23 17
1379.34 18
1379.45 19
1379.57 20
1379.64 10
1379.76 12
1379.78 13
1379.86 14
1379.95 15
1380.05 16
1380.15 17
1380.25 18
1380.37 19
1380.49 20
1380.61 21
1380.75 22
1380.88 23
1381.03 24
1381.18 25
1381.34 26
1381.5 13
1381.75 14
1381.75 15
1381.84 16
1381.94 17
1382.06 8
1383.15 1
1383.21 2
1383.24 3
1383.24 4
1383.26 4
1383.27 5
1383.29 6
1383.33 7
1383.37 3
1383.41 6
1383.44 7
1383.48 8
1383.53 9
1383.59 10
1383.65 11
1383.72 12
1383.8 13
1383.88 14
1383.97 15
1384.06 16
1384.16 17
1384.27 18
1384.39 19
1384.51 20
1384.63 21
1384.76 22
1384.82 11
1384.96 13
1385.03 14
1385.12 15
1385.21 16
1385.29 8
1385.38 9
1385.38 11
1385.44 12
1385.51 13
1385.6 14
1385.68 15
1385.78 16
1385.88 17
1385.99 18
1386.1 19
1386.22 20
1386.35 21
1386.48 22
1386.62 23
1386.76 24
1386.91 25
1387.07 26
1387.24 27
1387.34 13
1387.51 14
1387.51 16
1387.59 8
1388.57 1
1388.59 4
1388.62 5
1388.65 6
1388.68 7
1388.73 8
1388.78 9
1388.83 10
1388.9 11
1388.97 12
1389.04 13
1389.14 6
1389.22 7
1389.22 9
1389.28 10
1389.34 11
1389.41 5
1389.48 6
1389.48 7
1389.52 8
1389.57 4
1389.62 6
1389.64 7
1389.69 8
1389.74 9
1389.79 10
1389.86 11
1389.93 12
1390 13
1390.08 14
1390.17 15
1390.27 16
1390.37 17
1390.47 18
1390.59 19
1390.71 20
1390.83 21
1390.97 22
1391.11 23
1391.25 24
1391.4 25
1391.47 12
1391.64 13
1391.68 14
1391.77 15
1391.86 16
1391.96 17
1392.08 8
1392.25 9
1392.25 10
1392.28 5
1392.34 7
1392.36 8
1392.41 9
1392.47 10
1392.51 5
1392.57 8
1392.62 9
1392.69 4
1392.74 5
1392.74 7
1392.76 8
1392.8 4
1392.84 6
1392.86 7
1392.9 8
1392.95 9
1393.01 10
1393.07 11
1393.14 12
1393.22 13
1393.3 14
1393.39 15
1393.48 16
1393.58 17
1393.69 18
1393.82 9
1393.93 10
1393.93 12
1393.99 13
1394.07 14
1394.1 7
1394.2 8
1394.26 4
1394.3 5
1394.3 7
1394.35 8
1394.4 9
1394.46 10
1394.52 11
1394.59 12
1394.66 13
1394.75 14
1394.83 15
1394.93 16
1395.03 17
1395.14 18
1395.25 19
1395.37 20
1395.5 21
1395.53 10
1396.5 1
1396.52 2
1396.55 5
1396.57 12
1396.66 13
1396.74 14
1396.83 15
1396.92 16
1397.02 17
1397.13 18
1397.24 19
1397.37 9
1398.48 1
1398.51 4
1398.53 5
1398.55 6
1398.59 7
1398.63 8
1398.68 9
1398.74 10
1398.8 11
1398.88 5
1398.95 6
1398.95 8
1398.98 9
1399.04 10
1399.1 11
1399.18 5
1399.24 6
1399.24 8
1399.28 9
1399.34 10
1399.4 11
1399.47 12
1399.54 13
1399.63 14
1399.71 15
1399.81 16
1399.91 17
1400.02 18
1400.13 19
1400.25 20
1400.38 21
1400.51 22
1400.65 23
1400.79 24
1400.94 25
1401.1 26
1401.27 27
1401.44 28
1401.61 29
1401.8 30
1401.98 31
1402.18 32
1402.38 33
1402.59 34
1402.8 35
1403.04 17
1403.26 18
1403.26 19
1403.33 9
1403.45 10
1403.45 11
1403.5 12
1403.58 13
1403.66 14
1403.7 7
1403.78 9
1403.81 10
1403.88 11
1403.94 12
1404.02 13
1404.1 14
1404.19 15
1404.29 16
1404.39 17
1404.49 18
1404.61 19
1404.73 20
1404.85 21
1404.98 22
1405.12 23
1405.27 24
1405.42 25
1405.58 26
1405.74 27
1405.91 28
1406.09 29
1406.27 30
1406.46 31
1406.66 32
1406.86 33
1407.07 34
1407.28 35
1407.5 36
1407.73 37
1407.96 38
1408.2 39
1408.45 40
1408.7 41
1408.96 42
1409.22 43
1409.49 44
1409.77 45
1410.05 46
1410.34 47
1410.64 48
1410.94 49
1411.25 50
1411.57 51
1411.89 52
1412.22 53
1412.55 54
1412.91 27
1413.39 28
1413.39 29
1413.57 30
1413.76 31
1413.96 32
1414.16 33
1414.36 34
1414.58 35
1414.8 36
1415.03 37
1415.26 38
1415.5 39
1415.54 19
1415.81 20
1415.93 21
1416.07 22
1416.16 11
1416.37 12
1416.42 13
1416.5 14
1416.59 15
1416.69 7
1416.78 8
1416.78 10
1416.84 11
1416.91 12
1416.99 13
1417.07 14
1417.16 15
1417.25 16
1417.35 17
1417.46 18
1417.57 19
1417.69 20
1417.82 21
1417.85 10
1418.82 1
1418.87 2
1418.9 3
1418.9 4
1418.92 5
1418.93 5
1418.96 6
1419 7
1419.04 8
1419.09 9
1419.15 10
1419.21 11
1419.28 12
1419.36 13
1419.44 14
1419.53 15
1419.62 16
1419.72 17
1419.83 18
1419.94 19
1420.06 20
1420.19 21
1420.32 22
1420.46 23
1420.61 24
1420.76 25
1420.91 26
1421.08 27
1421.25 28
1421.32 14
1421.49 16
1421.53 17
1421.64 18
1421.75 19
1421.87 20
1422 21
1422.13 10
1422.28 11
1422.28 12
1422.35 13
1422.43 14
1422.52 15
1422.62 16
1422.72 17
1422.83 8
1422.96 9
1422.96 10
1423.01 11
1423.08 12
1423.16 13
1423.24 14
1423.3 7
1423.38 10
1423.44 11
1423.51 12
1423.59 13
1423.67 14
1423.76 15
1423.85 16
1423.95 17
1423.99 8
1424.09 10
1424.12 11
1424.19 12
1424.27 13
1424.35 14
1424.44 15
1424.53 16
1424.63 17
1424.74 18
1424.86 19
1424.97 20
1425.1 21
1425.23 22
1425.28 11
1425.42 13
1425.46 14
1425.55 15
1425.64 16
1425.74 17
1425.85 18
1425.96 19
1426.08 20
1426.21 21
1426.34 22
1426.48 23
1426.63 24
1426.78 12
1427.02 13
1427.04 14
1427.12 15
1427.22 16
1427.32 17
1427.42 8
1428.39 1
1428.43 2
1428.46 3
1428.46 4
1428.48 4
1428.49 5
1428.51 6
1428.55 7
1428.6 8
1428.65 9
1428.7 10
1428.77 11
1428.83 12
1428.91 13
1428.99 14
1429.08 15
1429.18 16
1429.28 17
1429.38 18
1429.5 19
1429.62 20
1429.74 21
1429.88 22
1430.01 23
1430.16 24
1430.31 25
1430.47 26
1430.63 27
1430.8 28
1430.98 29
1431.15 14
1432.03 1
1432.05 3
1432.07 4
1432.08 5
1432.08 6
1432.09 7
1432.1 7
1432.1 8
1432.12 9
1432.16 10
1432.22 11
1432.29 12
1432.37 13
1432.45 14
1432.54 15
1432.63 16
1432.73 17
1432.84 18
1432.95 19
1433.04 9
1433.23 10
1433.24 5
1433.37 6
1433.37 7
1433.42 8
1433.47 9
1433.52 10
1433.59 11
1433.66 12
1433.73 13
1433.81 14
1433.9 15
1434 16
1434.1 17
1434.2 18
1434.34 9
1434.48 10
1434.49 11
1434.55 5
1434.61 6
1434.61 8
1434.65 9
1434.7 10
1434.77 11
1434.81 5
1434.87 8
1434.92 9
1434.97 10
1435.04 11
1435.11 12
1435.18 13
1435.26 14
1435.37 7
1435.46 8
1435.46 9
1435.5 4
1435.55 5
1435.55 7
1435.57 8
1435.62 9
1435.68 10
1435.74 11
1435.81 12
1435.88 6
1436.85 1
1436.87 3
1436.89 4
1436.91 5
1436.94 6
1436.98 7
1437.03 8
1437.08 9
1437.14 10
1437.2 11
1437.27 12
1437.35 13
1437.43 14
1437.52 15
1437.58 7
1437.71 9
1437.76 4
1437.81 5
1437.81 7
1437.84 8
1437.89 9
1437.94 10
1438.01 11
1438.07 12
1438.15 13
1438.23 14
1438.32 15
1438.42 16
1438.52 17
1438.62 18
1438.74 19
1438.83 9
1438.95 10
1438.95 11
1439.01 12
1439.09 13
1439.17 14
1439.26 15
1439.34 7
1439.43 8
1439.43 10
1439.47 11
1439.54 12
1439.62 13
1439.7 14
1439.8 7
1439.88 8
1439.88 10
1439.93 11
1440 12
1440.08 13
1440.16 14
1440.19 7
1440.28 8
1440.3 9
1440.36 10
1440.42 11
1440.49 12
1440.57 13
1440.65 14
1440.68 7
1440.77 8
1440.79 9
1440.84 10
1440.92 5
1440.99 6
1440.99 7
1441.03 8
1441.08 9
1441.13 4
1441.18 5
1441.2 6
1441.24 7
1441.28 8
1441.33 9
1441.39 10
1441.45 11
1441.52 12
1441.6 13
1441.68 14
1441.77 15
1441.86 16
1441.96 17
1442.07 18
1442.18 19
1442.3 20
1442.43 21
1442.56 22
1442.7 23
1442.84 24
1442.99 25
1443.15 26
1443.32 27
1443.49 28
1443.66 29
1443.85 30
1444.03 31
1444.21 15
1444.48 16
1444.54 17
1444.65 18
1444.69 9
1445.66 1
1445.68 4
1445.72 5
1445.76 6
1445.79 7
1445.84 8
1445.89 9
1445.95 10
1446.01 11
1446.08 12
1446.15 13
1446.24 14
1446.32 15
1446.42 16
1446.52 17
1446.63 18
1446.74 19
1446.86 20
1446.99 21
1447.12 22
1447.26 23
1447.4 24
1447.48 12
1447.63 14
1447.67 15
1447.77 16
1447.87 17
1447.98 18
1448.09 19
1448.21 20
1448.33 21
1448.47 22
1448.61 23
1448.75 24
1448.9 25
1449.06 26
1449.22 27
1449.39 28
1449.57 29
1449.75 30
1449.94 31
1450.14 32
1450.34 33
1450.55 34
1450.72 17
1450.94 18
1450.96 19
1451.08 20
1451.15 10
1451.27 12
1451.29 13
1451.37 14
1451.46 15
1451.56 16
1451.66 17
1451.76 18
1451.88 19
1452 20
1452.12 21
1452.26 22
1452.36 11
1452.49 12
1452.49 13
1452.58 14
1452.67 15
1452.75 7
1452.84 8
1452.84 10
1452.88 5
1452.94 8
1453.01 4
1453.06 5
1453.06 7
1453.09 8
1453.14 9
1453.2 10
1453.26 11
1453.33 12
1453.41 13
1453.49 14
1453.58 15
1453.67 16
1453.78 17
1453.9 8
1454.01 9
1454.01 10
1454.06 11
1454.13 12
1454.2 13
1454.29 14
1454.37 15
1454.47 16
1454.57 17
1454.68 18
1454.79 19
1454.91 20
1455.04 21
1455.17 22
1455.31 23
1455.45 24
1455.6 25
1455.76 26
1455.93 27
1456.1 28
1456.27 29
1456.46 30
1456.64 31
1456.74 15
1457.92 1
1457.94 7
1457.97 8
1458.02 9
1458.08 10
1458.14 11
1458.21 12
1458.28 13
1458.37 14
1458.45 15
1458.55 16
1458.65 17
1458.76 18
1458.87 19
1458.99 20
1459.12 21
1459.19 10
1459.31 13
1459.39 14
1459.48 15
1459.58 16
1459.63 8
1459.78 9
1459.8 4
1460.78 1
1460.81 2
1460.83 3
1460.86 4
1460.89 5
1460.92 6
1460.95 3
1461.93 1
1461.95 2
1461.98 3
1462.01 4
1462.04 5
1462.07 6
1462.11 7
1462.16 8
1462.21 9
1462.26 10
1462.33 11
1462.4 12
1462.47 13
1462.55 14
1462.64 15
1462.74 16
1462.84 17
1462.96 8
1463.94 1
1463.96 4
1463.99 5
1463.99 6
1463.99 15
1464.05 7
1464.14 10
1464.19 11
1464.26 12
1464.34 13
1464.42 14
1464.51 15
1464.6 16
1464.7 17
1464.81 18
1464.92 19
1465.04 20
1465.17 21
1465.3 22
1465.4 11
1465.53 12
1465.53 14
1465.61 15
1465.7 16
1465.8 17
1465.88 8
1465.98 10
1466 11
1466.07 12
1466.15 13
1466.23 14
1466.32 15
1466.41 16
1466.51 17
1466.62 18
1466.73 19
1466.85 20
1466.98 21
1467.11 22
1467.25 23
1467.39 24
1467.54 25
1467.7 26
1467.8 13
1467.96 16
1468.06 17
1468.16 18
1468.28 19
1468.4 20
1468.52 21
1468.66 10
1468.85 11
1468.88 12
1468.93 6
1468.99 7
1469.01 8
1469.06 9
1469.11 10
1469.18 11
1469.25 12
1469.32 13
1469.4 14
1469.49 15
1469.59 16
1469.69 17
1469.8 18
1469.91 9
1470.02 10
1470.02 12
1470.09 13
1470.17 14
1470.26 15
1470.35 16
1470.45 17
1470.56 18
1470.67 19
1470.79 20
1470.92 21
1470.99 10
1471.97 1
1471.99 5
1472.01 5
1472.01 6
1472.02 8
1472.08 9
1472.14 4
1473.11 1
1473.16 2
1473.18 2
1473.19 3
1473.22 4
1473.28 2
1474.31 1
1474.33 2
1474.35 3
1474.37 4
1474.4 5
1474.44 6
1474.47 7
1474.53 3
1474.57 4
1474.57 7
1474.63 3
1474.67 4
1474.67 7
1474.72 8
1474.77 9
1474.83 10
1474.89 11
1474.96 12
1475.04 13
1475.12 14
1475.21 15
1475.3 16
1475.4 17
1475.51 18
1475.62 19
1475.74 20
1475.81 10
1475.94 12
1476.02 13
1476.1 14
1476.19 15
1476.28 16
1476.38 17
1476.49 18
1476.6 19
1476.72 20
1476.8 10
1476.94 11
1476.97 12
1477.04 13
1477.13 14
1477.21 15
1477.31 16
1477.41 17
1477.52 18
1477.63 19
1477.71 9
1478.63 1
1478.66 4
1478.68 4
1479.68 1
1479.71 2
1479.74 3
1479.76 6
1479.81 7
1479.85 8
1479.9 9
1479.96 10
1480.02 11
1480.09 12
1480.17 13
1480.25 14
1480.34 15
1480.44 16
1480.54 17
1480.64 18
1480.76 19
1480.88 20
1481 21
1481.13 22
1481.17 11
1481.3 13
1481.38 14
1481.47 15
1481.56 16
1481.66 17
1481.77 18
1481.89 19
1482 20
1482.13 21
1482.26 22
1482.38 11
1482.52 12
1482.52 14
1482.59 15
1482.69 16
1482.8 8
1482.92 9
1482.93 10
1482.99 11
1483.06 12
1483.14 13
1483.22 14
1483.31 15
1483.4 16
1483.47 8
1483.56 11
1483.63 12
1483.71 13
1483.79 14
1483.88 15
1483.97 16
1484.07 17
1484.18 18
1484.22 9
1484.33 11
1484.37 12
1484.44 13
1484.53 14
1484.61 15
1484.71 16
1484.81 17
1484.92 18
1485.03 19
1485.15 20
1485.28 21
1485.41 22
1485.55 23
1485.69 24
1485.74 12
1485.89 13
1485.94 14
1486.03 15
