950.002 18
950.116 19
950.236 20
950.362 21
950.494 22
950.633 23
950.778 24
950.929 25
951.087 26
951.257 13
951.478 14
951.478 15
951.572 16
951.616 8
951.711 10
951.761 11
951.83 12
951.906 13
951.988 14
952.077 15
952.146 7
952.291 8
952.303 9
952.36 10
952.423 11
952.493 12
952.568 13
952.65 14
952.739 15
952.833 16
952.934 17
953.041 18
953.155 19
953.274 20
953.3 10
953.426 11
953.483 12
953.558 13
953.64 14
953.741 7
953.823 8
953.823 9
953.867 10
953.93 11
953.999 12
954.075 13
954.157 14
954.245 15
954.34 16
954.46 8
954.561 9
954.561 10
954.624 11
954.693 12
954.769 13
954.851 14
954.939 15
955.033 16
955.134 17
955.241 18
955.355 19
955.475 20
955.557 10
955.676 12
955.701 13
955.783 14
955.872 15
955.954 7
956.042 8
956.061 9
956.13 4
956.185 5
956.185 7
956.234 8
956.284 9
956.341 10
956.404 11
956.473 12
956.549 13
956.631 14
956.72 15
956.814 16
956.915 17
957.022 18
957.136 19
957.256 20
957.382 21
957.514 22
957.653 23
957.798 24
957.949 25
958.107 26
958.271 27
958.315 13
958.567 14
958.655 15
958.749 16
958.85 17
958.957 18
959.071 19
959.191 20
959.317 21
959.449 22
959.588 23
959.733 24
959.885 25
960.042 26
960.206 27
960.376 28
960.553 29
960.736 30
960.817 15
961 17
961.038 18
961.151 19
961.271 20
961.397 21
961.53 22
961.668 23
961.813 24
961.965 25
962.123 26
962.286 27
962.457 28
962.633 29
962.816 30
963.005 31
963.201 32
963.402 33
963.61 34
963.825 35
964.02 17
964.234 18
964.234 20
964.348 21
964.48 22
964.619 23
964.764 24
964.915 25
965.073 26
965.237 27
965.407 28
965.583 29
965.766 30
965.955 31
966.151 32
966.353 33
966.561 34
966.775 35
966.996 36
967.223 37
967.456 38
967.695 39
967.941 40
968.193 41
968.452 42
968.647 21
968.906 22
968.906 24
969.044 25
969.202 26
969.366 27
969.536 28
969.713 29
969.769 14
969.946 16
969.996 17
970.103 18
970.217 19
970.337 20
970.381 10
970.519 11
970.57 12
970.645 13
970.69 6
971.664 1
971.694 3
971.724 4
971.754 5
971.789 6
971.828 7
971.872 8
971.923 9
971.979 10
972.042 11
972.112 12
972.187 13
972.269 14
972.358 15
972.452 16
972.553 17
972.66 18
972.723 9
972.83 11
972.849 12
972.925 13
973.007 14
973.095 15
973.215 7
973.309 8
973.309 9
973.335 10
973.385 5
973.442 8
973.486 9
973.543 10
973.606 11
973.675 12
973.751 13
973.833 14
973.921 15
974.016 16
974.117 17
974.224 18
974.4 9
975.431 1
975.49 2
975.519 3
975.525 4
975.549 4
975.555 5
975.585 6
975.61 3
975.642 5
975.672 6
975.704 3
975.75 5
975.786 6
975.824 7
975.868 8
975.919 9
975.976 10
976.039 11
976.108 12
976.184 13
976.266 14
976.354 15
976.448 16
976.549 17
976.656 18
976.77 19
976.909 9
977.884 1
977.943 2
977.972 3
977.979 4
978.002 4
978.008 5
978.038 6
978.076 7
978.12 8
978.171 9
978.227 10
978.29 11
978.36 12
978.435 13
978.517 14
978.606 15
978.7 16
978.801 17
978.908 18
979.022 19
979.142 20
979.268 21
979.4 22
979.552 11
979.684 12
979.684 14
979.76 15
979.854 16
979.955 17
980.062 18
980.132 9
981.088 1
981.116 4
981.145 5
981.158 6
981.181 7
981.226 8
981.276 9
981.333 10
981.396 11
981.465 12
981.541 13
981.623 14
981.711 15
981.806 16
981.907 17
982.014 18
982.127 19
982.247 20
982.373 21
982.505 22
982.644 23
982.789 24
982.94 25
983.098 26
983.262 27
983.432 28
983.539 14
983.709 17
983.81 18
983.924 19
984.044 20
984.17 21
984.302 22
984.441 23
984.586 24
984.737 25
984.895 26
985.059 27
985.229 28
985.405 29
985.588 30
985.777 31
985.865 15
987.055 1
987.085 2
987.115 4
987.121 7
987.145 8
987.151 11
987.214 12
987.29 13
987.372 14
987.46 15
987.555 16
987.656 17
987.763 18
987.876 19
987.996 20
988.122 21
988.255 22
988.393 23
988.538 24
988.69 25
988.797 12
988.954 13
988.954 14
989.004 15
989.099 16
989.219 8
990.314 1
990.384 2
991.384 1
993.41 2
993.436 3
993.473 4
993.509 5
993.546 6
993.609 3
993.651 4
993.651 5
993.681 6
993.719 7
993.764 8
993.814 9
993.871 10
993.934 11
994.003 12
994.079 13
994.161 14
994.249 15
994.343 16
994.444 17
994.552 18
994.666 9
995.577 1
995.598 2
995.62 3
995.627 4
995.643 5
995.643 6
995.67 7
995.705 8
995.757 9
995.814 10
995.877 11
995.947 12
996.022 13
996.104 14
996.193 15
996.287 16
996.388 17
996.495 18
996.609 19
996.728 20
996.854 21
996.981 10
997.113 11
997.113 12
997.145 13
997.227 14
997.315 15
997.41 16
997.51 17
997.618 18
997.731 19
997.851 20
997.977 21
998.027 10
998.996 1
999.021 4
999.047 5
999.068 6
1000.1 1
1000.12 3
1000.14 3
1000.15 4
1000.17 5
1000.21 6
1000.25 7
1000.3 8
1000.35 9
1000.4 10
1000.47 11
1000.54 12
1000.61 13
1000.69 14
1000.78 15
1000.88 16
1000.98 17
1001.08 18
1001.2 19
1001.32 20
1001.44 21
1001.58 22
1001.71 23
1001.86 24
1002.01 25
1002.17 26
1002.33 27
1002.5 28
1002.68 29
1002.86 30
1003.05 31
1003.25 32
1003.45 33
1003.52 16
1003.83 17
1003.85 8
1004.83 1
1004.89 2
1004.91 3
1004.92 4
1004.94 4
1004.97 5
1005.01 6
1005.05 3
1005.1 6
1005.15 7
1005.19 8
1005.24 9
1005.3 10
1005.36 11
1005.43 12
1005.51 13
1005.59 14
1005.68 15
1005.77 16
1005.87 17
1005.98 18
1006.1 19
1006.22 20
1006.34 21
1006.47 22
1006.57 11
1006.71 12
1006.71 14
1006.76 7
1006.86 8
1006.88 9
1006.93 10
1006.98 5
1007.03 8
1007.09 9
1007.14 10
1007.2 11
1007.27 12
1007.35 13
1007.43 14
1007.52 15
1007.61 16
1007.72 17
1007.82 18
1007.94 19
1008.06 20
1008.18 21
1008.31 22
1008.45 23
1008.59 11
1008.82 12
1008.82 13
1008.89 14
1008.98 15
1009.13 7
1009.22 8
1009.22 9
1009.28 10
1009.34 11
1009.41 12
1009.49 13
1009.57 14
1009.66 15
1009.75 16
1009.85 17
1009.96 18
1010.07 19
1010.19 20
1010.32 21
1010.35 10
1010.48 12
1010.53 13
1010.61 14
1010.7 15
1010.79 16
1010.82 8
1010.92 9
1010.94 10
1010.97 5
1011.94 1
1011.97 2
1012.02 3
1012.06 4
1012.12 2
1012.15 3
1012.15 6
1012.21 7
1012.25 8
1012.3 9
1012.36 10
1012.42 11
1012.49 12
1012.57 13
1012.65 14
1012.74 15
1012.83 16
1012.93 17
1013.04 18
1013.15 19
1013.27 20
1013.4 10
1013.52 11
1013.52 12
1013.58 13
1013.66 14
1013.75 15
1013.84 16
1013.94 17
1014.05 18
1014.16 19
1014.28 20
1014.41 21
1014.54 22
1014.68 23
1014.82 24
1014.97 25
1015.13 26
1015.3 27
1015.47 28
1015.64 29
1015.83 30
1016.01 31
1016.21 32
1016.41 33
1016.64 16
1017.59 1
1017.62 2
1017.65 3
1017.66 4
1018.66 1
1018.69 2
1018.72 3
1018.72 6
1018.75 7
1018.75 8
1019.79 1
1019.85 2
1019.88 3
1019.89 4
1019.91 5
1019.94 6
1019.98 7
1020.02 8
1020.08 9
1020.13 10
1020.2 11
1020.26 12
1020.34 13
1020.42 14
1020.51 15
1020.6 16
1020.71 17
1020.81 18
1020.93 19
1021.05 20
1021.17 21
1021.3 22
1021.44 23
1021.59 24
1021.66 12
1021.81 13
1021.83 14
1021.92 15
1022 7
1022.1 8
1022.1 9
1022.14 10
1022.21 11
1022.28 12
1022.35 13
1022.43 14
1022.52 15
1022.62 16
1022.72 17
1022.76 8
1023.84 1
1023.87 2
1024.87 1
1024.9 2
1024.93 3
1024.94 4
1024.97 5
1025.01 6
1025.05 7
1025.09 8
1025.14 9
1025.2 10
1025.26 11
1025.33 12
1025.41 13
1025.49 14
1025.58 15
1025.67 16
1025.78 17
1025.88 18
1026 19
1026.12 20
1026.24 21
1026.37 22
1026.51 23
1026.66 24
1026.81 25
1026.97 26
1027.06 13
1028.21 1
1028.24 6
1028.27 7
1028.28 8
1028.32 9
1028.38 10
1028.44 11
1028.51 12
1028.61 6
1029.67 1
1029.7 3
1029.73 4
1029.77 5
1029.8 6
1029.84 7
1029.88 8
1029.93 9
1029.99 10
1030.05 11
1030.12 12
1030.2 13
1030.28 14
1030.36 7
1030.44 8
1030.44 10
1030.5 11
1030.56 12
1030.64 13
1030.72 14
1030.81 15
1030.91 16
1031.01 17
1031.11 18
1031.23 19
1031.32 9
1031.51 11
1031.59 5
1031.65 6
1031.65 8
1031.68 9
1031.74 10
1031.8 5
1031.86 6
1031.86 8
1031.9 9
1031.95 10
1032.02 11
1032.08 12
1032.16 13
1032.24 14
1032.33 15
1032.42 16
1032.53 17
1032.63 18
1032.75 19
1032.82 9
1032.93 12
1033 13
1033.08 14
1033.17 15
1033.26 16
1033.36 17
1033.47 18
1033.58 19
1033.7 20
1033.83 21
1033.96 22
1034.1 23
1034.25 24
1034.4 25
1034.56 26
1034.72 27
1034.82 13
1035 15
1035.1 16
1035.2 17
1035.28 8
1035.38 9
1035.38 11
1035.43 12
1035.51 13
1035.55 6
1036.52 1
1036.55 3
1036.59 4
1036.62 5
1036.66 6
1036.69 7
1036.74 8
1036.79 9
1036.85 10
1036.91 11
1036.98 12
1037.06 13
1037.14 14
1037.23 15
1037.32 16
1037.42 17
1037.53 18
1037.64 19
1037.76 20
1037.89 21
1038.02 22
1038.16 23
1038.3 24
1038.46 25
1038.61 26
1038.78 27
1038.95 28
1039.12 29
1039.31 30
1039.5 31
1039.68 15
1039.87 16
1039.87 18
1039.99 19
1040.09 9
1040.24 10
1040.24 11
1040.3 12
1040.38 13
1040.46 14
1040.55 15
1040.64 16
1040.74 17
1040.81 8
1040.91 11
1040.97 12
1041.05 13
1041.13 14
1041.22 7
1041.3 8
1041.3 10
1041.37 5
1041.44 6
1041.44 7
1041.49 8
1041.54 9
1041.59 10
1041.66 11
1041.73 12
1041.8 13
1041.88 14
1041.97 15
1042.07 16
1042.17 17
1042.27 18
1042.36 9
1042.48 10
1042.48 11
1042.51 12
1042.58 13
1042.66 14
1042.75 15
1042.85 16
1042.95 17
1043.06 18
1043.15 9
1043.26 10
1043.26 11
1043.31 12
1043.39 13
1043.47 14
1043.53 7
1043.61 10
1043.67 11
1043.74 12
1043.82 13
1043.9 14
1043.99 15
1044.08 16
1044.18 17
1044.29 18
1044.4 19
1044.52 20
1044.65 21
1044.78 22
1044.92 23
1045.07 24
1045.22 25
1045.38 26
1045.54 27
1045.71 28
1045.89 29
1046.07 30
1046.26 31
1046.45 32
1046.66 33
1046.86 34
1047.08 35
1047.3 36
1047.53 37
1047.76 38
1047.85 19
1048.16 20
1048.21 10
1048.37 11
1048.42 12
1048.5 13
1048.58 14
1048.67 15
1048.76 16
1048.86 17
1048.97 18
1049.08 19
1049.13 9
1049.24 10
1049.26 11
1049.34 5
1049.42 6
1049.42 7
1049.44 8
1049.49 9
1049.55 10
1049.61 11
1049.68 12
1049.76 13
1049.84 14
1049.93 15
1050.02 16
1050.12 17
1050.24 8
1050.34 9
1050.34 11
1050.36 5
1050.44 6
1050.45 7
1050.49 8
1050.54 9
1050.6 10
1050.66 11
1050.73 12
1050.81 13
1050.89 14
1050.98 15
1051.07 16
1051.18 17
1051.28 18
1051.4 19
1051.52 20
1051.64 21
1051.77 22
1051.91 23
1052.06 24
1052.21 25
1052.37 26
1052.53 27
1052.7 28
1052.82 14
1053 15
1053 16
1053.02 17
1053.13 18
1053.24 19
1053.36 20
1053.49 21
1053.62 22
1053.76 23
1053.9 24
1054.06 25
1054.21 26
1054.38 27
1054.55 28
1054.72 29
1054.91 30
1055.1 31
1055.29 32
1055.49 33
1055.7 34
1055.93 17
1056.14 18
1056.14 20
1056.25 21
1056.38 22
1056.46 11
1056.6 13
1056.66 14
1056.75 15
1056.84 16
1056.94 17
1057.05 18
1057.16 19
1057.28 20
1057.41 21
1057.54 22
1057.68 23
1057.83 24
1057.98 25
1058.1 12
1058.25 13
1058.25 15
1058.33 16
1058.43 17
1058.54 18
1058.65 19
1058.77 20
1058.84 10
1058.96 12
1058.99 6
1059.06 9
1059.12 10
1059.18 11
1059.25 12
1059.33 13
1059.41 14
1059.45 7
1059.53 8
1059.58 9
1059.64 10
1059.7 11
1059.77 12
1059.85 13
1059.92 6
1059.99 8
1060.02 9
1060.08 10
1060.14 11
1060.21 12
1060.28 13
1060.37 14
1060.45 15
1060.55 16
1060.65 17
1060.76 18
1060.87 19
1060.99 20
1061.12 21
1061.25 22
1061.39 23
1061.53 24
1061.68 25
1061.84 26
1062.01 27
1062.18 28
1062.35 29
1062.54 30
1062.72 31
1062.92 32
1063.12 33
1063.33 34
1063.54 35
1063.76 36
1063.99 37
1064.22 38
1064.41 19
1065.64 1
1065.69 5
1065.73 6
1065.74 7
1065.74 8
1065.75 9
1065.75 9
1065.76 10
1065.82 11
1065.91 5
1065.97 6
1065.97 8
1066.01 9
1066.06 10
1066.13 11
1066.2 12
1066.27 13
1066.35 14
1066.42 7
1066.55 8
1066.56 9
1066.62 10
1066.68 11
1066.75 12
1066.83 13
1066.91 14
1067 15
1067.09 16
1067.19 17
1067.25 8
1067.35 11
1067.42 12
1067.49 13
1067.58 14
1067.66 15
1067.76 16
1067.86 17
1067.97 18
1068.08 19
1068.2 20
1068.33 21
1068.46 22
1068.6 23
1068.69 11
1069.66 1
1069.69 5
1069.72 6
1069.72 16
1069.83 8
1069.92 9
1069.92 11
1069.98 12
1070.06 13
1070.14 14
1070.23 15
1070.32 16
1070.42 17
1070.53 18
1070.64 19
1070.76 20
1070.82 10
1070.94 12
1070.97 13
1071.05 14
1071.14 15
1071.23 16
1071.3 8
1071.4 11
1071.46 12
1071.54 13
1071.62 14
1071.71 15
1071.8 16
1071.86 8
1071.98 9
1072.06 4
1072.25 5
1072.27 6
1072.31 7
1072.35 8
1072.41 9
1072.46 10
1072.53 11
1072.59 12
1072.67 13
1072.75 14
1072.84 15
1072.94 16
1073.06 8
1073.16 9
1073.16 11
1073.2 5
1073.26 8
1073.31 9
1073.37 10
1073.43 11
1073.5 12
1073.58 13
1073.66 14
1073.75 15
1073.84 16
1073.94 17
1074.05 18
1074.16 19
1074.22 9
1074.33 11
1074.35 12
1074.43 13
1074.51 14
1074.6 15
1074.71 7
1074.8 8
1074.8 10
1074.85 11
1074.91 12
1074.99 13
1075.07 14
1075.14 7
1076.2 1
1076.23 3
1077.23 1
1077.28 2
1077.31 3
1077.33 4
1077.37 5
1077.41 6
1077.44 7
1077.49 8
1077.54 9
1077.59 10
1077.66 11
1077.73 12
1077.8 13
1077.88 14
1077.97 15
1078.07 16
1078.17 17
1078.28 18
1078.39 19
1078.51 20
1078.64 21
1078.77 22
1078.91 23
1079.05 24
1079.2 25
1079.36 26
1079.52 27
1079.69 28
1079.78 14
1079.95 16
1079.98 17
1080.09 18
1080.2 19
1080.31 9
1080.43 10
1080.43 12
1080.49 13
1080.57 14
1080.66 15
1080.71 7
1081.79 1
1081.82 3
1081.85 4
1081.89 5
1081.92 6
1081.96 7
1082.01 8
1082.06 9
1082.11 10
1082.18 11
1082.25 12
1082.32 13
1082.4 14
1082.49 15
1082.59 16
1082.69 17
1082.79 18
1082.91 19
1083.03 20
1083.15 21
1083.24 10
1083.36 13
1083.43 14
1083.52 15
1083.54 7
1083.63 9
1083.67 10
1083.73 11
1083.8 12
1083.88 13
1083.96 14
1084.97 1
1085 2
1085.03 3
1085.03 4
1085.06 5
1085.06 6
1086.06 1
1086.09 2
1086.12 3
1087.12 1
1087.18 2
1087.21 3
1087.25 4
1087.28 5
1087.32 2
1087.35 6
1087.4 7
1087.45 8
1087.5 9
1087.55 10
1087.62 11
1087.69 12
1087.76 13
1087.84 14
1087.93 15
1088.03 16
1088.13 17
1088.24 18
1088.35 19
1088.47 20
1088.6 21
1088.73 22
1088.77 11
1088.95 12
1089.02 13
1089.11 14
1089.19 15
1089.29 16
1089.37 8
1090.35 1
1090.38 4
1090.41 5
1090.45 6
1090.49 7
1090.53 8
1090.58 9
1090.64 10
1090.7 11
1090.77 12
1090.84 13
1090.93 14
1091.01 15
1091.11 16
1091.21 17
1091.32 18
1091.43 19
1091.54 9
1091.68 10
1091.74 5
1091.8 6
1091.8 7
1091.84 3
1091.88 4
1091.88 6
1091.92 7
1091.97 8
1092.02 9
1092.08 10
1092.14 11
1092.21 12
1092.28 13
1092.37 14
1092.46 15
1092.55 16
1092.65 17
1092.71 8
1092.85 9
1092.9 10
1092.96 11
1093.03 12
1093.1 13
1093.19 14
1093.27 15
1093.37 16
1093.47 17
1093.58 18
1093.69 19
1093.81 20
1093.94 21
1094.07 22
1094.21 23
1094.35 24
1094.5 25
1094.66 26
1094.72 13
1095.69 1
1095.75 6
1095.78 7
1095.83 8
1095.88 9
1095.94 10
1096 11
1096.07 12
1096.15 13
1096.23 14
1096.32 15
1096.41 16
1096.51 17
1096.62 18
1096.73 19
1096.85 20
1096.98 21
1097.06 10
1098.19 1
1098.26 2
1098.38 3
1098.38 5
1099.39 1
1099.42 2
1099.45 2
1099.46 3
1099.51 4
1099.54 5
1099.57 6
1099.61 7
1099.65 8
1099.7 9
1099.76 10
1099.82 11
1099.89 12
1099.97 13
1100.05 14
1100.14 15
1100.23 16
1100.33 17
1100.44 18
1100.56 19
1100.68 20
1100.8 21
1100.94 22
1101.08 23
1101.22 24
1101.37 25
1101.53 26
1101.57 13
1101.73 15
1101.79 16
1101.9 17
1102 18
1102.12 19
1102.24 20
1102.36 21
1102.49 22
1102.63 23
1102.78 24
1102.93 25
1103.09 26
1103.25 27
1103.42 28
1103.6 29
1103.66 14
1103.94 15
1104 16
1104.1 17
1104.21 18
1104.32 19
1104.44 20
1104.57 21
1104.68 10
1104.88 11
1104.88 12
1104.95 13
1105.03 14
1105.12 15
1105.21 16
1105.31 17
1105.42 18
1105.53 19
1105.65 20
1105.78 21
1105.91 22
1106.01 11
1106.15 12
1106.15 13
1106.19 14
1106.28 15
1106.37 16
1106.47 17
1106.58 18
1106.69 19
1106.81 20
1106.94 21
1107.04 10
1107.18 12
1107.24 13
1107.32 14
1107.41 15
1107.51 16
1107.61 17
1107.71 18
1107.83 19
1107.95 20
1108.07 21
1108.15 10
1108.35 12
1108.43 13
1108.51 14
1108.6 7
1108.68 8
1108.68 10
1108.73 11
1108.8 12
1108.87 13
1108.96 14
1109.04 15
1109.14 16
1109.24 17
1109.35 18
1109.46 19
1109.58 20
1109.71 21
1109.84 22
1109.98 23
1110.12 24
1110.27 25
1110.43 26
1110.6 27
1110.77 28
1110.94 29
1111.12 30
1111.31 31
1111.51 32
1111.71 33
1111.92 34
1112.13 35
1112.35 36
1112.58 37
1112.81 38
1113.05 39
1113.3 40
1113.65 20
1114.05 21
1114.06 10
1114.18 11
1114.25 12
1114.33 13
1114.41 14
1114.5 15
1114.6 7
1114.77 8
1114.79 9
1114.85 10
1114.91 11
1114.98 12
1115.05 13
1115.14 14
1115.22 15
1115.32 16
1115.42 17
1115.53 18
1115.64 19
1115.76 20
1115.89 21
1116.02 22
1116.16 23
1116.3 24
1116.45 25
1116.61 26
1116.77 13
1117.93 1
1117.99 2
1118.02 3
1118.03 4
1118.05 5
1118.06 6
1118.06 6
1118.09 3
1118.13 4
1118.13 6
1118.16 7
1118.21 8
1118.26 9
1118.36 4
1118.55 5
1118.55 6
1118.58 7
1118.63 8
1118.68 9
1118.74 10
1118.8 11
1118.87 12
1118.95 13
1119.03 14
1119.12 15
1119.21 16
1119.26 8
1119.35 10
1119.4 11
1119.47 12
1119.55 13
1119.63 14
1119.72 15
1119.81 16
1119.91 17
1120.01 8
1120.12 9
1120.12 10
1120.17 11
1120.24 12
1120.31 13
1120.39 14
1120.48 15
1120.58 16
1120.61 8
1120.71 10
1120.75 11
1120.81 12
1120.89 13
1120.97 14
1121.04 7
1121.12 9
1121.14 10
1121.2 11
1121.28 5
1121.34 6
1121.34 8
1121.37 9
1121.43 10
1121.49 11
1121.56 12
1121.63 13
1121.72 14
1121.8 15
1121.9 16
1122 17
1122.11 18
1122.22 19
1122.34 20
1122.47 21
1122.6 22
1122.74 23
1122.88 24
1123.03 25
1123.19 26
1123.36 27
1123.53 28
1123.7 29
1123.89 30
1124.07 31
1124.27 32
1124.47 33
1124.62 16
1124.94 17
1124.96 8
1125.06 9
1125.11 10
1125.17 11
1125.24 12
1125.32 13
1125.4 14
1125.49 15
1125.57 7
1126.64 1
1126.67 3
1126.7 4
1126.7 5
1126.71 7
1126.77 8
1126.84 4
1126.88 5
1126.88 6
1126.91 7
1126.96 8
1127.02 4
1127.07 5
1127.07 7
1127.1 8
1127.15 9
1127.21 10
1127.27 11
1127.34 12
1127.42 13
1127.5 14
1127.59 15
1127.68 16
1127.78 17
1127.89 18
1128 19
1128.12 20
1128.25 21
1128.38 22
1128.52 23
1128.67 24
1128.82 25
1128.91 12
1129.11 13
1129.16 14
1129.25 15
1129.35 16
1129.45 17
1129.55 18
1129.67 19
1129.79 20
1129.91 21
1129.99 10
1130.15 11
1130.17 12
1130.24 13
1130.32 14
1130.41 7
1131.38 1
1131.41 3
1131.44 4
1131.47 5
1131.51 6
1131.55 7
1131.59 8
1131.64 9
1131.7 10
1131.76 11
1131.83 12
1131.91 13
1131.99 14
1132.08 15
1132.17 16
1132.27 17
1132.3 8
1132.4 10
1132.44 11
1132.51 12
1132.6 6
1132.73 7
1132.73 8
1132.75 4
1132.81 5
1132.85 6
1132.89 7
1132.93 8
1132.98 9
1133.04 10
1133.1 11
1133.17 12
1133.25 13
1133.3 6
1133.38 9
1133.42 10
1133.49 11
1133.56 12
1133.63 13
1133.71 14
1133.8 15
1133.9 16
1134 17
1134.1 18
1134.22 19
1134.34 20
1134.46 21
1134.6 22
1134.73 23
1134.88 24
1135.03 25
1135.19 26
1135.35 27
1135.52 28
1135.7 29
1135.88 30
1136.07 31
1136.27 32
1136.47 33
1136.68 34
1136.89 35
1137.11 36
1137.34 37
1137.57 38
1137.81 39
1138.04 19
1139 1
1139.03 5
1139.06 8
1139.07 9
1139.07 10
1140.07 1
1140.1 5
1140.13 6
1140.17 7
1140.21 3
1140.34 4
1140.36 5
1140.39 6
1140.43 7
1140.48 8
1140.53 9
1140.58 10
1140.65 11
1140.72 12
1140.79 13
1140.87 14
1140.96 15
1141.06 16
1141.16 17
1141.26 18
1141.38 19
1141.5 20
1141.6 10
1141.72 11
1141.72 13
1141.79 14
1141.82 7
1141.9 9
1141.94 10
1142.01 5
1142.07 6
1142.07 8
1142.11 9
1142.15 4
1142.24 6
1142.29 7
1142.33 8
1142.38 9
1142.44 10
1142.5 5
1142.56 6
1142.56 8
1142.6 9
1142.66 4
1142.84 5
1142.87 2
1142.89 3
1142.92 4
1142.95 5
1142.99 6
1143.03 7
1143.07 8
1143.12 9
1143.18 10
1143.24 11
1143.31 12
1143.39 13
1143.47 14
1143.56 15
1143.65 16
1143.75 17
1143.83 8
1143.94 9
1143.94 10
1143.98 5
1144.05 6
1144.05 7
1144.08 8
1144.13 9
1144.19 10
1144.25 11
1144.32 12
1144.39 13
1144.48 14
1144.56 15
1144.66 16
1144.69 8
1144.84 9
1144.87 10
1144.94 11
1145.01 12
1145.08 13
1145.19 6
1145.26 7
1145.26 9
1145.31 10
1145.37 11
1145.44 12
1145.52 13
1145.6 14
1145.69 15
1145.78 16
1145.88 17
1145.99 18
1146.1 19
1146.22 20
1146.35 21
1146.48 22
1146.62 23
1146.76 24
1146.92 25
1146.95 12
1147.11 14
1147.16 15
1147.26 16
1147.36 17
1147.46 18
1147.58 19
1147.7 20
1147.82 21
1147.96 22
1148.04 11
1148.27 12
1148.28 13
1148.37 14
1148.49 7
1148.59 8
1148.63 9
1148.69 10
1148.75 11
1148.82 12
1148.9 13
1148.98 14
1149.07 15
1149.16 16
1149.26 17
1149.37 18
1149.47 9
1149.58 10
1149.58 12
1149.64 13
1149.67 6
1150.64 1
1150.7 2
1150.73 3
1150.74 3
1150.77 4
1150.81 5
1150.84 6
1150.88 7
1150.93 8
1150.98 9
1151.03 10
1151.1 11
1151.17 12
1151.24 13
1151.32 14
1151.36 7
1151.44 9
1151.49 10
1151.56 11
1151.63 12
1151.68 6
1151.75 9
1151.81 4
1152.77 1
1152.83 2
1153.83 1
1153.85 2
1153.88 3
1153.92 4
1153.96 5
1153.99 6
1154.03 7
1154.1 3
1154.15 4
1154.15 6
1154.19 7
1154.23 8
1154.28 9
1154.34 10
1154.4 11
1154.47 12
1154.58 6
1154.72 7
1154.72 8
1154.77 9
1154.83 10
1154.89 11
1154.97 5
1155.04 6
1155.04 8
1155.07 9
1155.13 10
1155.19 11
1155.26 12
1155.33 13
1155.42 14
1155.5 15
1155.6 16
1155.7 17
1155.81 18
1155.92 19
1156.04 20
1156.17 21
1156.3 22
1156.44 23
1156.58 24
1156.73 25
1156.89 26
1157.05 27
1157.22 28
1157.4 29
1157.58 30
1157.77 31
1157.97 32
1158.17 33
1158.38 34
1158.59 35
1158.81 36
1159.04 37
1159.27 38
1159.44 19
1159.76 20
1159.84 21
1159.97 22
1160.11 23
1160.27 11
1161.24 1
1161.27 5
1161.3 6
1161.34 7
1161.38 8
1161.43 9
1161.49 10
1161.55 11
1161.62 12
1161.69 13
1161.78 14
1161.86 15
1161.96 16
1162.06 17
1162.17 18
1162.28 19
1162.4 20
1162.44 10
1162.56 12
1162.61 13
1162.69 14
1162.78 15
1162.87 16
1162.97 17
1163.08 18
1163.19 19
1163.31 20
1163.44 21
1163.55 10
1163.75 11
1163.77 5
1163.83 6
1163.86 7
1163.91 8
1163.96 9
1164.01 10
1164.08 11
1164.15 12
1164.22 13
1164.3 14
1164.39 15
1164.49 16
1164.59 17
1164.68 8
1165.78 1
1165.83 2
1165.86 3
1165.86 4
1165.89 4
1165.89 5
1165.92 6
1165.96 3
1166 5
1166.04 2
1166.07 6
1166.12 7
1166.17 8
1166.22 9
1166.28 10
1166.34 11
1166.41 12
1166.48 13
1166.57 14
1166.65 15
1166.75 16
1166.85 17
1166.96 18
1167.07 19
1167.19 20
1167.32 21
1167.45 22
1167.59 23
1167.73 24
1167.88 25
1168.04 26
1168.21 27
1168.38 28
1168.55 29
1168.61 14
1168.79 16
1168.84 17
1168.95 8
1169.06 9
1169.06 11
1169.13 12
1169.2 13
1169.28 14
1169.37 15
1169.47 16
1169.57 17
1169.67 18
1169.79 19
1169.91 20
1170.03 21
1170.17 22
1170.27 11
1170.42 12
1170.42 13
1170.46 14
1170.55 15
1170.64 16
1170.75 17
1170.85 18
1170.97 19
1171.09 20
1171.21 21
1171.34 22
1171.48 23
1171.63 24
1171.71 12
1171.96 13
1172.01 6
1173.07 1
1173.13 2
1173.15 3
1173.16 3
1173.17 4
1173.2 5
1173.23 6
1173.27 7
1173.32 8
1173.37 9
1173.42 10
1173.49 11
1173.56 12
1173.63 13
1173.71 14
1173.76 7
1173.85 9
1173.87 10
1173.93 5
1173.99 6
1173.99 8
1174.02 9
1174.08 10
1174.14 11
1174.21 12
1174.29 13
1174.37 14
1174.46 15
1174.55 16
1174.65 17
1174.76 18
1174.87 19
1174.99 20
1175.12 21
1175.25 22
1175.39 23
1175.54 24
1175.69 25
1175.85 26
1175.88 13
1176.04 15
1176.13 16
1176.23 17
1176.33 8
1176.45 9
1176.47 4
1176.52 5
1176.52 7
1176.55 8
1176.6 9
1176.66 10
1176.72 11
1176.79 12
1176.82 6
1177.88 1
1177.94 2
1177.97 3
1177.98 3
1178.06 2
1178.18 4
1178.21 5
1178.25 6
1178.29 7
1178.33 8
1178.38 9
1178.44 10
1178.5 11
1178.57 12
1178.65 13
1178.73 14
1178.82 15
1178.91 16
1179.01 17
1179.12 18
1179.23 19
1179.35 20
1179.48 21
1179.61 22
1179.75 23
1179.9 24
1180.05 25
1180.21 26
1180.37 27
1180.54 28
1180.72 29
1180.9 30
1181.09 31
1181.15 15
1181.35 16
1181.38 17
1181.49 18
1181.52 9
1181.62 11
1181.68 12
1181.76 13
1181.84 14
1181.93 15
1182.02 16
1182.12 17
1182.17 8
1183.27 1
1183.3 4
1183.33 5
1183.34 6
1183.4 3
1183.43 4
1183.43 6
1183.47 7
1183.51 8
1183.54 4
1183.59 6
1183.61 7
1183.66 8
1183.7 4
1184.67 1
1184.7 2
1184.73 3
1184.76 4
1184.8 5
1185.83 1
1187.86 2
1187.89 3
1187.92 4
1187.96 5
1188 6
1188.03 7
1188.08 8
1188.13 9
1188.19 10
1188.25 11
1188.32 12
1188.37 6
1188.49 7
1188.5 8
1188.55 9
1188.61 10
1188.67 11
1188.74 12
1188.82 13
1188.88 6
1188.95 8
1188.99 9
1189.05 10
1189.08 5
1190.05 1
1192.08 2
1192.12 3
1192.15 4
1192.19 5
1192.22 2
1192.25 5
1192.29 6
1192.33 7
1192.37 8
1192.43 9
1192.48 10
1192.53 5
1192.59 7
1192.62 8
1192.65 4
1193.62 1
1193.65 2
1193.68 2
1193.71 3
1194.71 1
1194.77 2
1194.81 3
1194.85 4
1194.88 5
1194.92 6
1194.96 7
1195 8
1195.06 4
1195.1 5
1195.1 7
1195.14 8
1195.19 9
1195.25 10
1195.31 11
1195.38 12
1195.46 13
1195.54 14
1195.63 15
1195.72 16
1195.82 17
1195.93 18
1196.04 19
1196.13 9
1196.26 10
1196.26 11
1196.32 12
1196.38 6
1196.45 8
1196.49 9
1196.55 10
1196.61 11
1196.68 12
1196.72 6
1196.79 8
1196.82 9
1196.88 10
1196.94 11
1197 5
1197.14 6
1197.17 7
1197.21 8
1197.26 9
1197.34 4
1197.39 5
1197.39 7
1197.42 8
1197.47 9
1197.52 10
1197.59 11
1197.66 12
1197.73 13
1197.81 14
1197.9 15
1198 16
1198.1 17
1198.2 18
1198.27 9
1198.37 11
1198.42 12
1198.5 13
1198.58 14
1198.67 15
1198.78 7
1198.88 8
1198.88 9
1198.93 10
1198.99 11
1199.06 12
1199.14 13
1199.17 6
1200.14 1
1200.17 3
1200.22 4
1200.28 2
1200.31 3
1200.31 6
1200.36 7
1200.41 8
1200.47 4
1200.57 5
1200.57 6
1200.6 7
1200.65 3
1200.68 4
1200.68 7
1200.74 8
1200.79 9
1200.85 10
1200.91 11
1200.98 12
1201.06 13
1201.14 14
1201.23 15
1201.32 16
1201.42 17
1201.51 8
1201.61 9
1201.61 11
1201.66 12
1201.76 6
1201.82 7
1201.82 9
1201.87 10
1201.93 11
1202 12
1202.08 13
1202.16 14
1202.25 15
1202.34 16
1202.44 17
1202.55 18
1202.66 19
1202.75 9
1203.86 1
1203.89 4
1204.89 1
1204.95 2
1204.98 2
1204.99 3
1205.02 4
1205.05 5
1205.09 6
1205.13 7
1205.17 8
1205.22 9
1205.28 10
1205.34 11
1205.41 12
1205.49 13
1205.57 14
1205.66 15
1205.75 16
1205.85 17
1205.96 18
1206.07 19
1206.19 20
1206.32 21
1206.45 22
1206.59 23
1206.73 24
1206.89 25
1206.97 12
1207.12 15
1207.21 16
1207.31 17
1207.42 18
1207.53 19
1207.65 20
1207.78 21
1207.91 22
1208.06 11
1208.2 12
1208.2 14
1208.27 15
1208.37 7
1208.46 8
1208.46 10
1208.5 11
1208.56 5
1208.62 6
1208.62 8
1208.66 9
1208.71 4
1208.84 5
1208.84 6
1208.88 7
1208.92 8
1208.97 9
1209.03 10
1209.09 11
1209.16 12
1209.24 13
1209.32 14
1209.41 15
1209.5 16
1209.6 17
1209.71 18
1209.82 19
1209.94 20
1210.07 21
1210.21 10
1210.34 11
1210.34 13
1210.4 14
1210.49 15
1210.59 16
1210.69 17
1210.79 18
1210.91 19
1211.03 20
1211.14 10
1211.37 11
1211.39 12
1211.46 13
1211.54 14
1211.63 15
1211.73 16
1211.83 17
1211.93 18
1212.05 19
1212.17 20
1212.29 21
1212.43 22
1212.57 23
1212.71 24
1212.86 25
1213.02 26
1213.18 27
1213.38 13
1213.54 14
1213.54 16
1213.64 17
1213.74 18
1213.78 9
1213.88 11
1213.93 12
1214.01 13
1214.08 6
1215.15 1
1215.18 3
1215.21 4
1215.24 5
1215.28 6
1215.32 7
1215.36 8
1215.43 4
1215.48 5
1215.48 7
1215.52 8
1215.57 9
1215.63 10
1215.69 11
1215.76 12
1215.79 6
1215.91 7
1215.95 8
1216 9
1216.06 10
1216.12 11
1216.19 12
1216.26 13
1216.35 14
1216.43 15
1216.53 16
1216.63 17
1216.74 18
1216.85 19
1216.97 20
1217.1 21
1217.2 10
1217.32 11
1217.32 13
1217.4 14
1217.47 7
1217.6 8
1217.6 9
1217.66 10
1217.72 11
1217.79 12
1217.86 13
1217.95 14
1218.04 15
1218.13 16
1218.23 17
1218.34 18
1218.45 19
1218.57 20
1218.7 21
1218.78 10
1218.91 13
1218.94 6
1219.01 8
1219.04 9
1219.08 4
1219.15 5
1219.16 6
1219.24 3
1219.42 4
1219.44 5
1219.48 2
1219.51 6
1219.56 7
1219.61 8
1219.66 9
1219.72 10
1219.78 11
1219.85 12
1219.92 13
1220.01 14
1220.09 15
1220.19 16
1220.29 17
1220.4 18
1220.51 19
1220.63 20
1220.76 21
1220.89 22
1221.03 23
1221.13 11
1221.34 12
1221.34 13
1221.44 6
1221.52 7
1221.52 8
1221.56 4
1221.61 5
1221.61 7
1221.64 8
1221.73 4
1221.8 5
1221.81 6
1221.85 3
1221.94 5
1221.98 6
1222.02 7
1222.06 8
1222.11 9
1222.17 10
1222.23 11
1222.3 12
1222.38 13
1222.46 14
1222.55 15
1222.64 16
1222.71 8
1223.8 1
1223.87 2
1223.9 3
1223.91 4
1224.91 1
1224.94 2
1224.97 3
1225 4
1225.04 2
1225.07 5
1225.12 6
1225.16 7
1225.2 8
1225.25 9
1225.31 10
1225.37 11
1225.44 12
1225.52 13
1225.6 14
1225.69 15
1225.78 16
1225.88 17
1225.99 18
1226.11 9
1227.22 1
1227.3 2
1227.33 3
1227.34 4
1227.36 4
1227.37 5
1227.4 6
1227.43 7
1227.48 8
1227.53 9
1227.58 10
1227.65 11
1227.72 12
1227.79 13
1227.87 14
1227.96 15
1228.06 16
1228.16 17
1228.27 18
1228.38 19
1228.5 20
1228.65 10
1228.78 11
1228.8 12
1228.87 13
1228.95 14
1229.04 15
1229.14 16
1229.24 17
1229.34 18
1229.4 9
1229.51 11
1229.53 12
1229.61 13
1229.69 14
1229.78 15
1229.87 16
1229.97 17
1230.08 18
1230.2 19
1230.31 20
1230.37 10
1231.34 1
1231.37 5
1231.4 6
1232.4 1
1232.44 3
1232.47 4
1232.5 5
1232.54 6
1232.58 7
1232.62 8
1232.67 9
1232.73 10
1232.79 11
1232.86 12
1232.94 13
1233.02 14
1233.11 15
1233.2 16
1233.3 17
1233.41 18
1233.52 19
1233.64 20
1233.77 21
1233.9 22
1234.04 23
1234.18 24
1234.34 25
1234.49 26
1234.66 27
1234.83 28
1235 29
1235.19 30
1235.38 31
1235.57 32
1235.74 16
1236.01 17
1236.01 18
1236.1 9
1236.21 10
1236.21 12
1236.27 13
1236.38 6
1236.46 7
1236.46 9
1236.5 4
1236.55 7
1236.59 8
1236.64 9
1236.7 10
1236.76 11
1236.86 5
1236.92 6
1236.92 8
1237 4
1237.08 5
1237.08 6
1237.12 7
1237.16 8
1237.22 9
1237.27 10
1237.34 11
1237.41 12
1237.48 13
1237.56 14
1237.65 15
1237.75 16
1237.85 17
1237.95 18
1238.07 19
1238.19 20
1238.31 21
1238.53 10
1239.41 1
1239.44 5
1239.47 6
1239.48 7
1239.51 8
1239.55 9
1239.61 10
1239.66 5
1239.71 8
1239.76 9
1239.82 10
1239.85 5
1239.92 6
1239.93 7
1239.97 3
1240.02 5
1240.05 6
1240.09 7
1240.13 8
1240.18 9
1240.24 10
1240.3 11
1240.34 5
1240.41 8
1240.46 9
1240.51 10
1240.58 11
1240.64 12
1240.72 13
1240.8 14
1240.89 15
1241.02 7
1241.12 8
1241.12 9
1241.19 4
1241.25 5
1241.25 7
1241.3 8
1241.35 9
1241.4 10
1241.47 11
1241.54 12
1241.61 13
1241.69 14
1241.78 15
1241.88 16
1241.98 17
1242.09 18
1242.2 19
1242.25 9
1242.37 11
1242.43 12
1242.51 13
1242.59 14
1242.68 15
1242.77 16
1242.87 17
1242.98 18
1243.09 19
1243.21 20
1243.34 21
1243.47 22
1243.61 23
1243.76 24
1243.91 25
1244.07 26
1244.23 27
1244.4 28
1244.58 29
1244.76 30
1244.95 31
1245.14 32
1245.35 33
1245.55 34
1245.77 35
1245.99 36
1246.1 18
1246.37 19
1246.42 20
1246.55 21
1246.68 22
1246.82 23
1246.97 24
1247.12 25
1247.27 26
1247.44 27
1247.6 13
1248.57 1
1248.6 6
1248.63 7
1248.67 8
1248.73 9
1248.78 10
1248.85 11
1248.91 12
1248.99 13
1249.05 6
1249.14 7
1249.19 3
1249.25 4
1249.25 5
1249.28 6
1249.32 7
1249.38 3
1249.42 4
1249.42 7
1249.48 8
1249.53 9
1249.58 10
1249.65 11
1249.72 12
1249.79 13
1249.87 14
1249.96 15
1250.06 16
1250.16 17
1250.26 18
1250.38 19
1250.5 20
1250.62 21
1250.76 22
1250.94 11
1251.09 12
1251.11 13
1251.19 14
1251.28 15
1251.37 16
1251.47 17
1251.58 18
1251.7 19
1251.81 20
1251.87 10
1252.83 1
1252.86 3
1252.88 5
1252.89 6
1252.89 7
1252.95 8
1253.02 4
1253.21 5
1253.24 2
1253.27 3
1253.28 4
1253.31 5
1253.34 6
1253.38 7
1253.43 8
1253.48 9
1253.53 10
1253.6 11
1253.67 12
1253.74 13
1253.82 14
1253.91 15
1254.01 16
1254.07 8
1255.16 1
1255.22 2
1255.25 3
1255.26 4
1255.28 4
1255.31 2
1255.34 3
1255.34 6
1255.4 7
1255.46 3
1255.58 5
1255.62 6
1255.66 7
1255.7 8
1255.74 4
1255.8 5
1255.82 6
1255.86 7
1255.9 8
1255.95 9
1256.01 10
1256.07 11
1256.14 12
1256.22 13
1256.29 6
1256.41 7
1256.41 8
1256.46 9
1256.51 10
1256.58 11
1256.65 12
1256.72 13
1256.84 6
1256.92 7
1256.92 8
1256.94 9
1257.01 4
1257.06 5
1257.06 7
1257.09 8
1257.14 9
1257.19 10
1257.26 11
1257.33 12
1257.42 6
1257.49 7
1257.49 9
1257.55 4
1257.65 5
1257.65 6
1257.68 7
1257.72 8
1257.77 9
1257.83 10
1257.89 11
1257.96 12
1258.04 13
1258.12 14
1258.21 15
1258.3 16
1258.41 17
1258.51 18
1258.63 19
1258.75 20
1258.87 21
1259 22
1259.14 23
1259.29 24
1259.44 25
1259.6 26
1259.76 27
1259.93 28
1260.11 29
1260.29 30
1260.48 31
1260.67 32
1260.88 33
1261.08 34
1261.15 17
1261.36 19
1261.44 20
1261.56 21
1261.7 22
1261.77 11
1261.92 12
1261.95 13
1262.03 14
1262.12 15
1262.21 16
1262.31 17
1262.42 18
1262.53 19
1262.65 20
1262.78 21
1262.91 22
1263.05 23
1263.2 24
1263.35 25
1263.51 26
1263.67 27
1263.84 28
1264.02 29
1264.07 14
1264.34 15
1264.41 16
1264.51 17
1264.61 18
1264.73 19
1264.85 20
1265 10
1265.21 11
1265.21 12
1265.27 13
1265.35 14
1265.44 15
1265.54 16
1265.64 17
1265.74 18
1265.86 19
1265.98 20
1266.1 21
1266.25 10
1266.38 11
1266.38 13
1266.44 14
1266.53 15
1266.63 16
1266.73 17
1266.83 18
1266.95 19
1267.07 20
1267.19 21
1267.27 10
1267.39 13
1267.47 14
1267.56 15
1267.65 16
1267.75 17
1267.86 18
1267.97 19
1268.09 20
1268.22 21
1268.28 10
1268.52 5
1268.58 6
1268.61 7
1268.65 8
1268.7 9
1268.76 10
1268.82 11
1268.89 12
1268.97 13
1269.05 14
1269.14 15
1269.23 16
1269.37 8
1270.33 1
1270.39 2
1270.42 3
1270.42 4
1270.52 2
1270.64 3
1270.64 5
1270.69 6
1270.73 7
1270.77 8
1270.82 9
1270.88 10
1270.94 11
1271.01 12
1271.09 13
1271.17 14
1271.26 15
1271.35 16
1271.45 17
1271.56 18
1271.67 19
1271.74 9
1271.85 12
1271.93 13
1272.01 14
1272.11 7
1272.19 8
1272.19 10
1272.24 11
1272.3 5
1272.36 7
1272.38 8
1272.43 9
1272.49 10
1272.55 11
1272.62 12
1272.69 13
1272.78 14
1272.86 15
1272.96 16
1273.06 17
1273.17 18
1273.28 19
1273.34 9
1273.46 12
1273.53 13
1273.62 14
1273.7 15
1273.8 16
1273.9 17
1273.96 8
1274.06 11
1274.13 12
1274.2 13
1274.28 14
1274.37 15
1274.42 7
1275.5 1
1275.52 3
1275.55 4
1275.56 5
1275.61 6
1275.66 3
1275.71 4
1275.71 6
1275.75 7
1275.79 8
1275.84 9
1275.9 10
1275.96 11
1276.03 12
1276.11 13
1276.19 14
1276.28 15
1276.37 16
1276.48 17
1276.58 18
1276.7 19
1276.76 9
1276.87 11
1276.91 12
1276.99 13
1277.07 14
1277.16 15
1277.25 16
1277.35 17
1277.46 18
1277.55 9
1277.68 10
1277.7 11
1277.77 12
1277.84 13
1277.89 6
1278.86 1
1278.92 2
1278.95 3
1278.96 3
1278.98 4
1279.01 5
1279.05 6
1279.09 7
1279.13 8
1279.18 9
1279.24 4
1279.3 5
1279.3 7
1279.35 8
1279.4 9
1279.45 10
1279.52 11
1279.59 12
1279.66 13
1279.74 14
1279.83 15
1279.93 16
1280.07 8
1280.99 1
1281.02 4
1281.04 4
1281.05 5
1281.07 6
1281.08 7
1281.13 8
1281.18 9
1281.24 10
1281.3 11
1281.37 12
1281.45 13
1281.53 14
1281.62 15
1281.71 16
1281.81 17
1281.92 18
1282.03 19
1282.15 20
1282.28 21
1282.41 22
1282.55 23
1282.7 24
1282.85 25
1283 26
1283.17 27
1283.34 28
1283.51 29
1283.7 30
1283.89 31
1284.08 32
1284.28 33
1284.31 16
1284.6 17
1284.71 18
1284.82 19
1284.94 20
1285.07 21
1285.2 22
1285.34 23
1285.48 24
1285.63 25
1285.68 12
1285.83 14
1285.88 15
1285.97 16
1286.04 8
1286.14 10
1286.16 11
1286.18 5
1286.25 6
1286.26 7
1286.31 8
1286.36 9
1286.41 10
1286.46 5
1286.52 8
1286.57 9
1286.62 10
1286.69 11
1286.76 12
1286.83 13
1286.91 14
1287 15
1287.1 16
1287.2 17
1287.32 8
1287.42 9
1287.42 11
1287.52 5
1288.56 1
1288.62 2
1288.65 2
1288.65 3
1288.68 4
1288.72 5
1288.75 2
1288.78 5
1288.82 6
1288.86 7
1288.89 3
1288.93 6
1288.97 7
1289 3
1289.04 6
1289.08 7
1289.13 8
1289.21 4
1289.27 5
1289.27 6
1289.31 7
1289.36 8
1289.41 9
1289.46 10
1289.53 11
1289.6 12
1289.63 6
1290.61 1
1290.64 3
1290.68 4
1290.71 5
1290.78 2
1290.84 3
1290.84 5
1290.89 6
1290.93 7
1290.97 8
1291.02 9
1291.08 10
1291.14 5
1292.19 1
1292.26 2
1292.29 2
1292.3 3
1292.32 4
1292.36 5
1292.4 6
1292.44 7
1292.48 8
1292.53 9
1292.59 10
1292.65 11
1292.72 12
1292.82 6
1292.89 7
1292.89 9
1292.94 10
1293 11
1293.07 12
1293.15 13
1293.23 14
1293.32 15
1293.41 16
1293.51 17
1293.62 18
1293.73 19
1293.85 20
1294.01 10
1294.22 11
1294.24 12
1294.31 13
1294.39 14
1294.48 15
1294.58 16
1294.68 17
1294.79 18
1294.92 9
1295.06 10
1295.06 11
1295.11 12
1295.19 13
1295.27 14
1295.36 15
1295.45 16
1295.55 17
1295.66 18
1295.78 19
1295.9 20
1296.02 10
1296.13 11
1296.13 13
1296.2 14
1296.29 15
1296.39 16
1296.49 17
1296.6 18
1296.71 19
1296.83 20
1296.95 21
1297.09 22
1297.23 23
1297.37 24
1297.52 25
1297.68 26
1297.75 13
1297.91 15
1297.93 7
1298.02 8
1298.02 10
1298.06 11
1298.13 12
1298.21 13
1298.29 14
1298.4 7
1298.5 8
1298.5 9
1298.55 10
1298.62 5
1298.68 6
1298.68 8
1298.71 9
1298.76 4
1298.81 7
1298.86 8
1298.91 9
1298.97 10
1299.03 11
1299.13 5
1299.19 6
1299.19 8
1299.23 9
1299.29 10
1299.35 11
1299.42 12
1299.5 13
1299.58 14
1299.67 15
1299.76 16
1299.86 17
1299.97 18
1300.08 19
1300.15 9
1300.27 12
1300.34 13
1300.42 14
1300.51 15
1300.6 16
1300.7 17
1300.81 18
1300.92 19
1301.04 20
1301.17 21
1301.3 10
1301.44 11
1301.44 12
1301.46 13
1301.55 14
1301.63 15
1301.73 16
1301.83 17
1301.94 18
1302.05 19
1302.17 20
1302.31 10
1302.43 11
1302.43 13
1302.47 6
1302.55 7
1302.57 8
1302.62 9
1302.68 10
1302.74 5
1302.79 6
1302.79 8
1302.83 9
1302.89 10
1302.95 11
1303.02 12
1303.08 6
1303.15 8
1303.19 9
1303.24 10
1303.31 11
1303.37 12
1303.44 6
1304.47 1
1304.53 2
1304.56 3
1304.57 3
1304.63 2
1304.66 5
1304.71 6
1304.75 7
1304.79 8
1304.84 9
1304.9 10
1304.96 11
1305.03 12
1305.11 13
1305.19 14
1305.28 15
1305.37 16
1305.47 17
1305.58 18
1305.7 19
1305.75 9
1306.72 1
1306.75 4
1306.78 5
1306.78 6
1306.8 7
1306.85 8
1306.9 9
1306.95 10
1307.02 11
1307.09 12
1307.16 13
1307.24 14
1307.33 15
1307.43 16
1307.53 17
1307.63 18
1307.76 9
1307.87 10
1307.87 12
1307.92 6
1308.89 1
1308.92 3
1308.95 3
1308.96 4
1309 5
1309.03 6
1309.07 7
1309.11 8
1309.14 4
1309.18 6
1309.21 7
1309.26 8
1309.31 9
1309.36 10
1309.43 11
1309.5 12
1309.57 13
1309.65 14
1309.74 15
1309.84 16
1309.94 17
1309.97 8
1311.07 1
1311.15 2
1311.18 3
1311.18 4
1311.21 4
1311.23 5
1311.26 6
1311.3 7
1311.34 8
1311.39 9
1311.45 10
1311.51 11
1311.58 12
1311.66 13
1311.74 14
1311.83 15
1311.92 16
1312.03 17
1312.13 18
1312.16 9
1313.14 1
1313.17 4
1313.22 5
1313.26 6
1313.3 7
1313.34 8
1313.39 9
1313.45 10
1313.51 11
1313.58 12
1313.66 13
1313.74 14
1313.83 15
1313.92 16
1314.02 17
1314.13 18
1314.24 19
1314.36 20
1314.49 21
1314.62 22
1314.76 23
1314.9 24
1315.06 25
1315.21 26
1315.38 27
1315.55 28
1315.63 14
1316.79 1
1316.85 2
1316.88 3
1316.88 4
1316.91 5
1316.91 6
1316.92 7
1316.93 7
1316.94 8
1316.98 9
1317.04 10
1317.1 11
1317.17 12
1317.25 13
1317.33 14
1317.42 15
1317.51 16
1317.61 17
1317.72 18
1317.83 19
1317.88 9
1318 11
1318.04 5
1318.1 6
1318.1 8
1318.13 9
1318.19 10
1318.24 5
1319.22 1
1319.25 2
1319.27 3
1319.3 4
1319.33 5
1319.36 6
1319.4 7
1319.45 8
1319.5 9
1319.56 10
1319.62 11
1319.69 12
1319.77 13
1319.85 14
1319.94 15
1320.03 16
1320.13 17
1320.24 18
1320.35 19
1320.47 20
1320.6 21
1320.73 22
1320.87 23
1321.01 24
1321.17 25
1321.32 26
1321.49 27
1321.66 28
1321.83 29
1322.02 30
1322.21 31
1322.41 15
1322.6 16
1322.6 18
1322.7 19
1322.72 9
1322.84 11
1322.89 12
1322.96 13
1323.04 14
1323.13 15
1323.17 7
1324.15 1
1324.17 3
1324.2 4
1324.21 5
1324.25 6
1324.29 7
1324.34 8
1324.39 9
1324.46 4
1325.43 1
1325.46 2
1325.49 3
1325.52 4
1325.56 5
1325.59 6
1325.63 7
1325.67 8
1325.72 9
1325.78 10
1325.84 11
1325.91 12
1325.99 13
1326.07 14
1326.16 15
1326.25 16
1326.35 17
1326.43 8
1326.58 9
1326.58 10
1326.65 11
1326.71 12
1326.79 13
1326.87 14
1326.96 15
1327.06 16
1327.16 17
1327.26 18
1327.38 19
1327.5 20
1327.57 10
1328.54 1
1328.56 5
1328.59 5
1328.6 6
1328.63 7
1328.67 3
1329.7 1
1329.73 2
1329.76 3
1329.8 4
1329.84 2
1329.96 4
1330 5
1330.03 6
1330.07 7
1330.12 8
1330.17 9
1330.22 10
1330.29 11
1330.36 12
1330.43 13
1330.51 14
1330.6 15
1330.7 16
1330.8 17
1330.9 18
1331.02 19
1331.14 20
1331.26 21
1331.4 22
1331.54 23
1331.68 24
1331.83 25
1331.99 26
1332.15 27
1332.34 13
1332.51 14
1332.51 15
1332.58 16
1332.68 17
1332.79 18
1332.9 19
1333.02 20
1333.14 10
1333.26 11
1333.26 13
1333.33 14
1333.39 7
1333.48 8
1334.48 1
1334.51 2
1334.54 3
1334.55 4
1334.57 4
1334.57 5
1335.6 1
1335.63 2
1335.66 2
1335.67 3
1335.67 4
1335.72 5
1335.75 2
1335.78 5
1335.83 6
1335.87 7
1335.91 8
1335.96 9
1336.02 4
1336.14 5
1336.14 6
1336.17 7
1336.22 3
1336.37 4
1336.4 5
1336.43 6
1336.47 7
1336.52 8
1336.57 9
1336.62 10
1336.69 11
1336.76 12
1336.83 6
1336.94 7
1336.96 8
1337.01 9
1337.03 4
1337.08 6
1337.11 7
1337.15 8
1337.2 9
1337.26 10
1337.32 11
1337.39 12
1337.47 13
1337.55 14
1337.64 15
1337.73 16
1337.83 17
1337.94 18
1338.05 19
1338.17 20
1338.3 21
1338.43 22
1338.57 23
1338.71 24
1338.88 12
1339.02 13
1339.02 15
1339.11 16
1339.21 17
1339.23 8
1340.33 1
1340.39 2
1340.42 3
1340.43 4
1340.45 4
1340.48 5
1340.52 6
1340.56 7
1340.6 8
1340.65 9
1340.71 10
1340.77 11
1340.84 12
1340.92 13
1341 14
1341.09 15
1341.18 16
1341.28 17
1341.39 18
1341.5 19
1341.53 9
1342.5 1
1342.54 4
1342.58 30
1342.66 15
1342.9 16
1343 17
1343.11 18
1343.22 19
1343.34 20
1343.47 21
1343.61 10
1343.74 11
1343.74 13
1343.8 14
1343.89 15
1343.99 16
1344.09 17
1344.16 8
1344.26 9
1344.26 11
1344.31 12
1344.39 13
1344.47 14
1344.56 15
1344.65 16
1344.81 8
1344.9 9
1344.9 10
1344.94 11
1345.01 12
1345.08 13
1345.17 14
1345.19 7
1345.3 8
1345.35 9
1345.41 10
1345.45 5
1346.49 1
1346.55 2
1346.57 2
1346.6 3
1346.63 4
1346.66 5
1346.7 6
1346.74 7
1346.78 8
1346.83 9
1346.89 10
1346.95 5
1347 6
1347 8
1347.04 9
1347.1 10
1347.16 11
1347.23 12
1347.29 6
1347.48 7
1347.5 3
1347.66 4
1347.68 5
1347.71 6
1347.75 7
1347.79 8
1347.84 9
1347.9 10
1347.96 11
1348.03 12
1348.11 13
1348.19 14
1348.28 15
1348.38 16
1348.48 17
1348.58 18
1348.7 19
1348.82 20
1348.94 21
1349.08 22
1349.21 23
1349.36 24
1349.51 25
1349.67 26
1349.83 27
1350 28
1350.18 29
1350.35 14
1350.53 15
1350.53 16
1350.56 17
1350.67 18
1350.78 19
1350.9 20
1351.03 21
1351.16 22
1351.2 11
1351.33 13
1351.39 14
1351.48 15
1351.57 16
1351.67 17
1351.78 18
1351.84 9
1351.94 11
1351.97 12
1352.05 13
1352.14 6
1353.18 1
1353.21 3
1353.24 4
1353.24 5
1353.29 6
1353.32 7
1353.37 8
1353.42 9
1353.48 10
1353.54 11
1353.61 12
1353.68 13
1353.77 14
1353.85 15
1353.95 16
1354.04 8
1355.01 1
1355.07 2
1355.1 3
1355.11 4
1355.13 4
1355.13 5
1355.16 6
1355.2 7
1355.25 8
1355.29 4
1356.32 1
1356.35 2
1356.38 3
1356.42 4
1356.45 5
1356.48 2
1356.51 5
1356.56 6
1356.59 7
1356.64 8
1356.69 9
1356.75 10
1356.81 11
1356.88 12
1356.95 13
1357.04 14
1357.12 15
1357.22 16
1357.32 17
1357.43 18
1357.54 19
1357.66 20
1357.79 21
1357.92 22
1358.06 23
1358.2 24
1358.35 25
1358.51 26
1358.67 27
1358.84 28
1359.02 29
1359.2 30
1359.39 31
1359.59 32
1359.79 33
1360 34
1360.21 35
1360.43 36
1360.67 18
1360.98 19
1361.03 9
1361.14 10
1361.14 11
1361.2 12
1361.27 13
1361.35 14
1361.44 15
1361.54 16
1361.64 17
1361.74 18
1361.86 19
1361.96 9
1362.07 10
1362.07 12
1362.13 13
1362.21 14
1362.3 15
1362.39 16
1362.49 17
1362.6 18
1362.71 19
1362.83 20
1362.96 21
1363.06 10
1363.28 11
1363.3 12
1363.38 13
1363.46 14
1363.55 15
1363.64 16
1363.74 17
1363.85 18
1363.96 19
1364.08 20
1364.2 10
1364.32 11
1364.32 12
1364.34 13
1364.42 14
1364.51 15
1364.6 16
1364.7 17
1364.81 18
1364.92 19
1365.04 20
1365.17 21
1365.3 22
1365.44 23
1365.58 24
1365.69 12
1365.84 14
1365.87 15
1365.96 16
1366.06 17
1366.17 18
1366.28 19
1366.42 9
1367.52 1
1367.58 2
1367.61 3
1367.61 4
1367.64 4
1367.64 5
1367.67 6
1367.71 7
1367.76 3
1367.79 4
1367.79 7
1367.85 8
1367.9 9
1367.96 10
1368.02 11
1368.09 12
1368.16 13
1368.25 14
1368.33 15
1368.43 16
1368.53 17
1368.64 18
1368.75 19
1368.87 20
1369 21
1369.14 10
1369.28 11
1369.28 12
1369.32 6
1369.45 7
1369.48 8
1369.53 4
1369.57 5
1369.57 7
1369.61 8
1369.66 9
1369.72 10
1369.78 11
1369.85 12
1369.93 13
1370.01 14
1370.1 15
1370.19 16
1370.29 17
1370.4 18
1370.51 19
1370.63 20
1370.76 21
1370.89 22
1371.03 23
1371.17 24
1371.33 25
1371.48 26
1371.61 13
1372.75 1
1372.78 6
1372.81 7
1372.81 14
1372.82 16
1373.82 1
1373.89 8
1373.92 9
1373.99 4
1374.05 6
1374.07 7
1374.12 8
1374.17 9
1374.23 10
1374.29 11
1374.36 12
1374.43 13
1374.52 14
1374.6 15
1374.7 16
1374.8 17
1374.91 18
1375.01 9
1375.13 10
1375.13 11
1375.22 5
1375.34 6
1375.34 7
1375.37 3
1375.41 4
1375.41 7
1375.46 8
1375.51 9
1375.57 10
1375.63 11
1375.7 12
1375.78 13
1375.86 14
1375.95 15
1376.04 16
1376.14 17
1376.25 18
1376.36 19
1376.48 20
1376.61 21
1376.74 22
1376.88 23
1377.03 24
1377.18 25
1377.34 26
1377.5 27
1377.53 13
1378.69 1
1378.76 2
1378.79 3
1378.8 4
1378.83 5
1378.86 2
1378.89 6
1378.94 7
1378.99 8
1379.04 9
1379.09 10
1379.16 11
1379.21 5
1379.33 6
1379.35 7
1379.39 8
1379.44 9
1379.5 10
1379.56 11
1379.64 5
1379.71 6
1379.71 8
1379.74 9
1379.8 10
1379.86 11
1379.96 5
1380.99 1
1381.02 2
1381.06 2
1381.08 3
1381.11 4
1381.15 5
1381.18 6
1381.22 7
1381.26 8
1381.31 9
1381.37 10
1381.43 11
1381.5 12
1381.58 13
1381.66 14
1381.75 15
1381.84 16
1381.94 17
1382.04 8
1382.14 9
1382.14 11
1382.18 5
1382.24 8
1382.28 4
1382.32 5
1382.32 7
1382.36 8
1382.41 9
1382.47 10
1382.5 5
1382.58 6
1382.61 7
1382.65 8
1382.71 9
1382.76 10
1382.81 5
1382.96 6
1382.98 7
1383.02 8
1383.07 9
1383.13 10
1383.19 11
1383.26 12
1383.34 13
1383.42 14
1383.51 15
1383.6 16
1383.7 17
1383.81 18
1383.92 19
1384.04 20
1384.17 21
1384.3 22
1384.44 23
1384.58 24
1384.74 25
1384.89 26
1385.06 27
1385.23 28
1385.4 29
1385.52 14
1385.69 15
1385.69 17
1385.78 18
1385.9 19
1386.04 9
1386.18 10
1386.2 11
1387.22 1
1387.25 2
1387.28 3
1387.29 4
1388.29 1
1388.32 2
1388.35 3
1388.36 4
1388.45 2
1388.49 3
1388.49 5
1388.53 6
1388.57 7
1388.61 8
1388.66 9
1388.72 10
1388.78 11
1388.85 12
1388.93 13
1389.01 14
1389.1 15
1389.19 16
1389.22 8
1389.34 9
1389.38 4
1389.44 6
1389.47 7
1389.52 8
1389.56 4
1389.66 5
1389.68 6
1389.74 3
1389.86 4
1389.88 5
1389.92 6
1389.96 7
1390.01 3
1390.06 4
1390.06 5
1390.09 6
1390.13 7
1390.17 8
1390.22 9
1390.28 10
1390.34 11
1390.41 12
1390.49 13
1390.57 14
1390.66 15
1390.75 16
1390.86 17
1390.98 8
1391.09 9
1391.09 10
1391.13 11
1391.2 12
1391.28 13
1391.36 14
1391.41 7
1391.56 8
1391.57 9
1391.6 4
1391.66 5
1391.67 6
1391.71 7
1391.76 3
1391.8 4
1391.8 7
1391.85 8
1391.9 9
1391.96 10
1392.02 11
1392.09 12
1392.12 6
1392.19 8
1392.22 9
1392.28 10
1392.34 11
1392.41 12
1392.49 13
1392.56 6
1392.64 7
1392.65 8
1392.7 4
1392.74 6
1392.76 7
1392.81 8
1392.86 9
1392.92 10
1392.98 11
1393.05 12
1393.13 13
1393.21 14
1393.3 15
1393.39 16
1393.49 17
1393.6 18
1393.71 19
1393.83 20
1393.96 21
1394.09 22
1394.23 23
1394.38 24
1394.53 25
1394.69 26
1394.85 27
1395.02 28
1395.2 29
1395.38 30
1395.57 31
1395.71 15
1395.9 16
1395.9 18
1395.99 19
1396.11 20
1396.24 10
1396.36 11
1396.36 13
1396.44 14
1396.53 15
1396.59 7
1396.68 9
1396.7 10
1396.77 11
1396.83 12
1396.91 13
1396.99 14
1397.08 15
1397.18 16
1397.28 17
1397.38 18
1397.5 19
1397.62 20
1397.76 10
1398.87 1
1398.91 5
1398.94 6
1398.98 7
1399.02 8
1399.07 9
1399.13 10
1399.19 11
1399.26 12
1399.34 13
1399.42 14
1399.51 15
1399.6 16
1399.7 17
1399.85 8
1400.93 1
1400.96 4
1400.99 5
1400.99 24
1401.15 25
1401.31 26
1401.47 27
1401.65 28
1401.82 29
1402 30
1402.19 31
1402.39 32
1402.59 33
1402.8 34
1403.01 35
1403.23 36
1403.46 37
1403.69 38
1403.93 39
1404.14 19
1404.38 20
1404.38 22
1404.5 23
1404.65 24
1404.8 12
1404.99 13
1405.02 14
1405.1 7
1406.18 1
1406.21 3
1407.21 1
1407.26 2
1407.29 3
1407.32 4
1407.36 5
1407.39 6
1407.43 7
1407.48 8
1407.53 9
1407.58 10
1407.63 5
1407.7 7
1407.73 8
1407.78 9
1407.84 10
1407.88 5
1407.95 6
1407.96 7
1408.01 8
1408.06 9
1408.12 10
1408.18 11
1408.25 12
1408.32 13
1408.41 14
1408.51 7
1408.6 8
1408.6 9
1408.62 10
1408.66 5
1408.79 6
1408.81 7
1408.85 3
1408.89 6
1408.92 7
1408.97 8
1409.02 9
1409.07 10
1409.14 11
1409.21 12
1409.28 13
1409.36 14
1409.45 15
1409.55 16
1409.65 17
1409.76 18
1409.87 19
1409.99 20
1410.11 21
1410.25 22
1410.39 23
1410.53 24
1410.68 25
1410.84 26
1411 27
1411.17 28
1411.35 29
1411.53 30
1411.7 15
1411.89 16
1411.89 18
1411.92 9
1412.03 11
1412.09 12
1412.16 13
1412.25 14
1412.33 15
1412.43 16
1412.53 17
1412.64 18
1412.75 19
1412.89 9
1413.98 1
1414.01 4
1414.04 5
1414.06 6
1414.11 3
1414.14 6
1414.18 7
1414.22 8
1414.27 9
1414.33 10
1414.39 11
1414.46 12
1414.54 13
1414.62 14
1414.71 15
1414.8 16
1414.9 17
1414.97 8
1415.07 11
1415.14 5
1415.26 6
1415.26 7
1415.29 8
1415.34 9
1415.39 10
1415.46 11
1415.54 5
1415.66 6
1415.66 7
1415.7 8
1415.75 9
1415.81 10
1415.87 11
1415.94 12
1416.02 13
1416.1 14
1416.19 15
1416.28 16
1416.38 17
1416.49 18
1416.58 9
1417.55 1
1417.62 2
1417.65 3
1417.65 4
1417.67 4
1417.68 5
1417.72 2
1417.75 3
1417.75 6
1417.8 7
1417.85 8
1417.9 9
1417.96 10
1418.02 11
1418.09 12
1418.16 13
1418.25 14
1418.33 15
1418.43 16
1418.53 17
1418.64 18
1418.75 19
1418.87 20
1419 21
1419.13 22
1419.27 23
1419.41 24
1419.56 25
1419.72 26
1419.88 27
1420.05 28
1420.14 14
1420.31 16
1420.35 17
1420.46 18
1420.57 19
1420.62 9
1421.59 1
1421.62 4
1421.66 5
1421.69 6
1421.73 7
1421.77 8
1421.83 9
1421.88 10
1421.94 11
1422.01 12
1422.09 13
1422.17 14
1422.26 15
1422.36 16
1422.46 17
1422.56 18
1422.68 19
1422.8 20
1422.92 21
1423.05 22
1423.19 23
1423.34 24
1423.49 25
1423.65 26
1423.81 27
1423.93 13
1424.1 14
1424.1 15
1424.16 16
1424.25 8
1424.35 9
1424.35 10
1424.42 11
1424.49 12
1424.56 13
1424.66 6
1424.74 7
1424.74 9
1424.78 10
1424.84 11
1424.91 12
1424.98 13
1425.07 14
1425.15 15
1425.22 7
1425.41 8
1425.43 9
1425.48 10
1425.55 11
1425.62 12
1425.69 6
1425.75 7
1425.75 9
1425.78 4
1425.83 7
1425.87 8
1425.92 9
1425.98 10
1426.04 11
1426.11 12
1426.19 13
1426.27 14
1426.36 15
1426.45 16
1426.55 17
1426.66 18
1426.78 9
1427.76 1
1427.81 2
1427.84 3
1427.85 4
1427.87 4
1427.87 5
1427.9 6
1427.94 7
1427.99 8
1428.04 9
1428.09 4
1428.15 5
1428.15 7
1428.19 8
1428.24 9
1428.3 10
1428.36 11
1428.43 12
1428.51 13
1428.59 14
1428.68 15
1428.71 7
1428.8 9
1428.83 10
1428.89 11
1428.96 12
1429.04 13
1429.16 6
1429.23 7
1429.23 8
1429.25 9
1429.31 10
1429.37 11
1429.44 12
1429.52 13
1429.6 14
1429.69 15
1429.78 16
1429.88 17
1429.99 18
1430.05 9
1430.15 11
1430.18 12
1430.25 13
1430.34 14
1430.42 15
1430.52 16
1430.62 17
1430.73 18
1430.84 19
1430.96 20
1431.09 21
1431.22 22
1431.36 23
1431.5 24
1431.65 25
1431.81 26
1431.97 27
1432.14 28
1432.31 14
1432.49 15
1432.49 17
1432.58 18
1432.6 9
1432.71 11
1432.77 12
1432.84 13
1432.94 6
1433.01 7
1433.01 9
1433.05 4
1433.1 5
1433.1 7
1433.13 8
1433.18 9
1433.24 10
1433.3 11
1433.37 5
1433.43 6
1433.43 8
1433.46 9
1433.52 10
1433.58 11
1433.65 12
1433.73 13
1433.81 14
1433.9 15
1433.99 16
1434.09 17
1434.2 18
1434.31 19
1434.43 20
1434.56 21
1434.69 22
1434.83 23
1434.96 11
1435.1 12
1435.1 14
1435.17 15
1435.26 16
1435.37 17
1435.43 8
1435.6 10
1435.67 11
1435.74 12
1435.81 13
1435.89 6
1436.94 1
1436.96 2
1436.98 3
1436.99 4
1437.03 5
1437.06 6
1437.1 7
1437.14 8
1437.2 9
1437.25 10
1437.32 11
1437.39 12
1437.46 13
1437.54 14
1437.63 15
1437.73 16
1437.76 8
1437.85 10
1437.9 11
1437.97 12
1438.04 13
1438.12 14
1438.21 15
1438.31 16
1438.42 8
1438.52 9
1438.52 10
1438.57 5
1438.65 6
1438.65 7
1438.7 8
1438.75 9
1438.8 10
1438.87 11
1438.94 12
1439.01 13
1439.09 14
1439.18 15
1439.28 16
1439.38 17
1439.48 18
1439.6 19
1439.72 20
1439.84 10
1439.96 11
1439.96 13
1440.03 14
1440.12 15
1440.22 16
1440.32 17
1440.42 18
1440.54 19
1440.66 20
1440.78 21
1440.93 10
1441.05 11
1441.05 13
1441.12 14
1441.21 15
1441.31 16
1441.41 17
1441.51 18
1441.58 9
1441.68 11
1441.7 12
1441.78 13
1441.86 14
1441.96 7
1442.06 8
1442.07 9
1442.13 4
1442.27 5
1442.27 6
1442.32 3
1442.35 4
1442.35 6
1442.39 7
1442.43 8
1442.48 9
1442.55 4
1442.6 5
1442.6 7
1442.63 8
1442.68 9
1442.74 10
1442.8 11
1442.87 12
1442.95 13
1443.03 14
1443.09 7
1443.19 9
1443.23 10
1443.29 11
1443.36 12
1443.44 13
1443.52 14
1443.61 15
1443.7 16
1443.8 17
1443.91 18
1444.03 19
1444.15 20
1444.22 10
1445.16 1
1445.19 3
1445.22 5
1445.23 6
1445.25 7
1445.32 3
1445.44 4
1445.44 5
1445.47 6
1445.5 7
1445.55 8
1445.6 9
1445.66 10
1445.72 11
1445.79 12
1445.85 6
1446 8
1446.05 9
1446.1 10
1446.17 11
1446.24 12
1446.33 6
1446.46 7
1446.49 8
1446.52 4
1446.57 5
1446.58 6
1446.62 7
1446.67 8
1446.72 9
1446.77 10
1446.85 5
1446.91 6
1446.91 8
1446.94 9
1447 10
1447.03 5
1447.08 7
1447.11 8
1447.17 4
1447.24 5
1447.24 6
1447.27 7
1447.32 8
1447.37 9
1447.43 10
1447.49 11
1447.56 12
1447.6 6
1447.67 8
1447.71 9
1447.77 10
1447.83 11
1447.9 12
1447.97 13
1448.06 14
1448.14 15
1448.22 7
1448.31 8
1448.31 9
1448.37 4
1448.42 5
1448.42 7
1448.45 8
1448.51 4
1448.56 5
1448.56 7
1448.6 8
1448.65 9
1448.71 10
1448.78 5
1448.84 6
1448.84 7
1448.87 3
1448.91 4
1448.91 7
1448.97 8
1449.02 9
1449.07 10
1449.14 11
1449.2 12
1449.28 13
1449.36 14
1449.45 15
1449.54 7
1450.46 1
1450.49 3
1450.52 4
1450.55 5
1450.59 6
1450.63 7
1450.67 8
1450.72 9
1450.78 10
1450.85 5
1450.91 6
1450.91 8
1450.95 9
1451.01 10
1451.07 11
1451.14 12
1451.21 13
1451.3 14
1451.38 15
1451.42 7
1451.51 9
1451.55 10
1451.62 11
1451.69 12
1451.76 13
1451.84 14
1451.93 15
1452.03 16
1452.13 17
1452.24 18
1452.35 19
1452.47 20
1452.59 21
1452.73 22
1452.87 23
1453.01 24
1453.16 25
1453.32 26
1453.48 27
1453.62 13
1453.81 14
1453.81 15
1453.87 7
1454.82 1
1454.85 3
1454.88 4
1454.88 5
1454.9 6
1454.93 7
1454.98 8
1455.03 9
1455.08 10
1455.15 11
1455.22 12
1455.29 13
1455.37 14
1455.46 15
1455.56 16
1455.66 17
1455.76 18
1455.88 19
1456 20
1456.11 10
1456.22 11
1456.22 13
1456.29 14
1456.38 15
1456.48 16
1456.58 17
1456.69 18
1456.77 9
1456.94 10
1456.96 5
1457.06 6
1457.06 7
1457.08 3
1457.12 6
1457.17 7
1457.21 8
1457.26 9
1457.32 10
1457.38 11
1457.45 12
1457.53 13
1457.61 14
1457.7 15
1457.79 16
1457.89 17
1458 18
1458.02 9
1459.13 1
1459.16 2
1459.19 4
1459.22 5
1459.25 6
1459.3 3
1459.33 4
1459.33 6
1459.37 7
1459.41 8
1459.46 9
1459.52 10
1459.58 11
1459.65 12
1459.76 6
1460.81 1
1460.84 2
1460.87 3
1460.9 3
1460.9 4
1460.93 5
1461.96 1
1461.98 2
1462.01 2
1462.02 3
1462.06 4
1462.09 5
1462.13 6
1462.17 7
1462.21 8
1462.26 9
1462.32 10
1462.38 11
1462.45 12
1462.5 6
1462.57 9
1462.63 10
1462.69 11
1462.76 12
1462.83 13
1462.92 14
1463 15
1463.1 16
1463.2 17
1463.31 18
1463.42 19
1463.54 20
1463.67 21
1463.8 22
1463.94 23
1464.08 24
1464.23 25
1464.39 26
1464.56 27
1464.73 28
1464.9 29
1465.09 30
1465.27 31
1465.47 32
1465.67 33
1465.88 34
1466.09 35
1466.26 17
1466.48 18
1466.48 20
1466.59 21
1466.74 10
1466.87 11
1466.87 13
1466.94 14
1467.03 15
1467.13 16
1467.23 17
1467.34 18
1467.45 19
1467.57 20
1467.7 21
1467.83 22
1467.97 23
1468.11 24
1468.26 25
1468.42 26
1468.58 27
1468.75 28
1468.93 29
1469.11 30
1469.3 31
1469.5 32
1469.7 33
1469.91 34
1470.12 35
1470.34 36
1470.57 37
1470.8 38
1470.99 19
1471.25 20
1471.25 21
1471.36 22
1471.5 23
1471.65 24
1471.8 25
1471.96 26
1472.12 27
1472.29 28
1472.47 29
1472.65 30
1472.84 31
1473.03 32
1473.24 33
1473.44 34
1473.66 35
1473.88 36
1474.11 37
1474.34 38
1474.52 19
1474.79 20
1474.79 21
1474.89 22
1475.03 23
1475.18 24
1475.33 25
1475.49 26
1475.65 27
1475.82 28
1476 29
1476.18 30
1476.37 31
1476.56 32
1476.77 33
1476.97 34
1477.19 35
1477.41 36
1477.64 37
1477.89 18
1478.13 19
1478.13 20
1478.22 21
1478.35 22
1478.49 23
1478.64 24
1478.75 12
1478.89 13
1478.89 15
1478.99 16
1479.09 17
1479.19 18
1479.31 19
1479.43 20
1479.55 21
1479.67 10
1479.8 11
1479.8 13
1479.86 14
1479.98 7
1480.06 8
1480.06 9
1480.11 4
1480.17 5
1480.17 6
1480.2 7
1480.25 8
1480.3 9
1480.35 10
1480.42 11
1480.49 12
1480.56 13
1480.65 14
1480.73 15
1480.83 16
1480.93 17
1481.04 18
1481.14 9
1481.25 10
1481.25 11
1481.27 5
1481.33 6
1481.33 8
1481.36 9
1481.42 10
1481.48 11
1481.55 12
1481.61 6
1481.68 9
1481.74 4
1481.79 5
1481.79 7
1481.82 8
1481.87 9
1481.93 10
1481.99 11
1482.06 12
1482.14 13
1482.22 14
1482.31 15
1482.4 16
1482.5 17
1482.61 18
1482.73 19
1482.85 20
1482.97 21
1483.1 22
1483.24 23
1483.39 24
1483.44 12
1483.59 14
1483.63 15
1483.73 16
1483.83 17
1483.94 18
1484.05 19
1484.17 20
1484.29 21
1484.37 10
1484.52 12
1484.59 13
1484.67 14
1484.76 15
1484.86 16
1484.96 17
1485.06 18
1485.18 19
1485.3 20
1485.42 21
1485.56 22
1485.69 23
1485.84 24
1485.99 25
1486.15 26
1486.31 27
1486.48 28
1486.66 29
1486.84 30
1487.03 31
1487.23 32
1487.43 33
1487.64 34
1487.85 35
1488.07 36
1488.3 37
1488.53 38
1488.77 39
1489.02 40
1489.27 41
1489.53 42
1489.79 43
1490.06 44
1490.34 45
1490.62 46
1490.91 47
1491.21 48
1491.51 49
1491.82 50
1492.14 51
1492.46 52
1492.79 53
1493.12 54
1493.48 27
1493.96 28
1493.96 29
1494.14 30
1494.33 31
1494.53 32
1494.73 33
1494.94 34
1495.15 35
1495.37 36
1495.6 37
1495.83 38
1496.07 39
1496.32 40
1496.57 41
1496.83 42
1497.09 43
1497.36 44
1497.64 45
1497.92 46
1498.21 47
1498.51 48
1498.81 49
1499.12 50
1499.44 51
1499.76 52
1500.09 53
1500.42 54
1500.78 27
1501.26 28
1501.26 29
1501.44 30
1501.63 31
1501.83 32
1502.03 33
1502.24 34
1502.45 35
1502.67 36
1502.9 37
1503.13 38
1503.37 39
1503.62 40
1503.87 41
1504.13 42
1504.39 43
1504.66 44
1504.94 45
1505.22 46
1505.51 47
1505.81 48
1506.11 49
1506.42 50
1506.74 51
1507.06 52
1507.39 53
1507.72 54
1508.08 27
1508.56 28
1508.56 29
1508.74 30
1508.93 31
1509.12 32
1509.33 33
1509.53 34
1509.75 35
1509.97 36
1510.2 37
1510.43 38
1510.67 39
1510.92 40
1511.17 41
1511.43 42
1511.69 43
1511.96 44
1512.24 45
1512.52 46
1512.81 47
1513.11 48
1513.41 49
1513.72 50
1514.04 51
1514.36 52
1514.68 53
1515.02 54
1515.38 27
1515.86 28
1515.86 29
1516.04 30
1516.23 31
1516.42 32
1516.63 33
1516.83 34
1517.05 35
1517.27 36
1517.5 37
1517.73 38
1517.97 39
1518.21 40
1518.47 41
1518.73 42
1518.99 43
1519.26 44
1519.54 45
1519.82 46
1520.11 47
1520.41 48
1520.71 49
1521.02 50
1521.34 51
1521.66 52
1521.98 53
1522.32 54
1522.68 27
1523.16 28
1523.16 29
1523.34 30
1523.53 31
1523.72 32
1523.93 33
1524.13 34
1524.35 35
1524.57 36
1524.8 37
1525.03 38
1525.27 39
1525.51 40
1525.77 41
1526.02 42
1526.29 43
1526.56 44
1526.84 45
1527.12 46
1527.41 47
1527.71 48
1528.01 49
1528.32 50
1528.63 51
1528.96 52
1529.28 53
1529.62 54
1529.98 27
1530.46 28
1530.46 29
1530.64 30
1530.83 31
1531.02 32
1531.22 33
1531.43 34
1531.65 35
1531.87 36
1532.09 37
1532.33 38
1532.57 39
1532.81 40
1533.07 41
1533.32 42
1533.59 43
1533.86 44
1534.14 45
1534.42 46
1534.71 47
1535.01 48
1535.31 49
1535.62 50
1535.93 51
1536.26 52
1536.58 53
