10 6.71838
10.15 8.11179
10.3 8.60843
10.45 8.85675
10.6 8.93952
10.75 8.85675
10.9 9.02229
11.05 9.02229
11.2 8.6912
11.35 6.87019
11.5 7.20128
11.65 7.20128
11.8 7.4496
11.95 7.69792
12.1 7.61515
12.25 7.61515
12.4 7.4496
12.55 7.69792
12.7 7.4496
12.85 7.4496
13 7.20128
13.15 6.04245
13.3 6.208
13.45 6.62187
13.6 6.87019
13.75 6.78741
13.9 7.11851
14.05 7.11851
14.2 7.20128
14.35 7.03573
14.5 6.12523
14.65 5.62859
14.8 6.12523
14.95 6.12523
15.1 6.04245
15.25 6.04245
15.4 6.208
15.55 6.04245
15.7 5.95968
15.85 6.04245
16 6.12523
16.15 6.29077
16.3 6.208
16.45 6.208
16.6 6.04245
16.75 6.45632
16.9 6.95296
17.05 6.78741
17.2 6.62187
17.35 6.37355
17.5 6.29077
17.65 6.37355
17.8 6.45632
17.95 6.70464
18.1 6.53909
18.25 6.45632
18.4 6.37355
18.55 7.53237
18.7 7.4496
18.85 7.53237
19 7.78069
19.15 8.11179
19.3 8.11179
19.45 8.6912
19.6 8.60843
19.75 9.10507
19.9 9.18784
