176.973 229
176.975 230
176.976 231
176.977 232
176.978 233
176.979 234
176.98 235
176.981 236
176.982 237
176.983 238
176.984 239
176.985 240
176.986 241
176.987 242
176.988 243
176.989 244
176.99 245
176.991 246
176.992 247
176.994 248
176.995 249
176.996 250
176.997 251
176.998 252
176.999 253
177.001 254
177.002 255
177.003 256
177.004 257
177.005 258
177.006 259
177.007 260
177.009 261
177.01 262
177.012 263
177.014 264
177.015 265
177.032 266
177.049 267
177.066 268
177.082 269
177.102 270
177.187 271
177.202 272
177.216 273
177.233 274
177.253 275
177.271 276
177.288 277
177.305 278
178.575 279
178.576 280
178.584 281
178.594 282
178.604 283
178.614 284
178.623 285
178.633 286
178.643 287
178.653 288
178.665 289
178.676 290
178.688 291
178.7 292
178.713 293
178.734 205
180.489 206
180.49 207
180.492 208
180.493 209
180.494 210
180.495 211
180.496 212
180.497 213
180.498 214
180.499 215
180.501 216
180.502 217
180.503 218
180.504 219
180.506 220
180.507 221
180.508 222
180.509 223
180.51 224
180.512 225
180.513 226
180.514 227
180.53 228
181.773 229
181.795 230
181.815 231
181.83 232
181.847 233
181.864 234
181.891 163
183.683 164
183.684 165
183.685 166
183.686 167
183.687 168
183.688 169
183.689 170
183.69 171
183.691 172
183.692 173
183.693 174
183.694 175
183.695 176
183.697 177
183.698 178
183.699 179
183.7 180
183.701 181
183.702 182
183.728 183
184.969 184
184.983 185
185.01 186
185.034 187
185.058 188
185.076 131
186.901 132
186.903 133
186.904 134
186.905 135
186.906 136
186.908 137
186.909 138
186.91 139
186.912 140
186.913 141
186.914 142
186.916 143
186.917 144
186.918 145
186.919 146
186.92 147
186.922 148
186.95 149
188.151 150
188.181 151
188.21 152
188.246 153
188.497 154
188.537 155
188.579 156
189.828 157
190.149 158
191.383 110
193.085 111
193.086 112
193.088 113
193.09 114
193.091 115
193.094 116
193.101 117
193.104 118
193.106 119
193.254 120
193.257 121
193.259 122
193.261 123
193.262 124
193.263 125
193.266 126
193.293 127
193.331 88
196.159 89
196.164 90
196.169 91
196.171 92
196.259 93
196.261 94
196.263 95
196.264 96
196.266 97
196.268 98
196.269 99
196.27 100
196.272 101
196.45 102
196.486 103
197.747 104
197.886 105
198.104 106
199.628 107
