10 2.71298
10.1 3.22816
10.2 2.85568
10.3 2.97984
10.4 2.97984
10.5 2.97984
10.6 2.85568
10.7 2.97984
10.8 2.97984
10.9 2.85568
11 2.97984
11.1 2.97984
11.2 2.85568
11.3 3.104
11.4 3.104
11.5 2.85568
11.6 2.97984
11.7 3.104
11.8 2.85568
11.9 2.85568
12 3.104
12.1 2.60736
12.2 3.104
12.3 3.104
12.4 2.73152
12.5 2.4832
12.6 2.35904
12.7 2.35904
12.8 2.60736
12.9 2.73152
13 2.73152
13.1 2.97984
13.2 2.85568
13.3 2.73152
13.4 2.60736
13.5 2.73152
13.6 2.60736
13.7 2.60736
13.8 2.60736
13.9 2.60736
14 2.4832
14.1 2.73152
14.2 2.4832
14.3 2.35904
14.4 2.60736
14.5 2.4832
14.6 2.35904
14.7 2.73152
14.8 2.60736
14.9 2.60736
15 2.60736
15.1 2.60736
15.2 2.4832
15.3 2.4832
15.4 2.73152
15.5 2.35904
15.6 2.73152
15.7 2.4832
15.8 2.4832
15.9 2.60736
16 2.35904
16.1 2.4832
16.2 2.4832
16.3 2.11072
16.4 2.11072
16.5 1.8624
16.6 1.98656
16.7 2.11072
16.8 2.11072
16.9 2.4832
17 1.61408
17.1 2.11072
17.2 1.61408
17.3 2.23488
17.4 2.23488
17.5 2.23488
17.6 2.11072
17.7 2.11072
17.8 1.98656
17.9 1.98656
18 1.8624
18.1 2.11072
18.2 2.23488
18.3 2.11072
18.4 2.11072
18.5 2.11072
18.6 1.98656
18.7 1.98656
18.8 1.98656
18.9 2.23488
19 1.98656
19.1 2.11072
19.2 1.98656
19.3 1.98656
19.4 1.98656
19.5 1.98656
19.6 2.11072
19.7 2.11072
19.8 1.8624
19.9 2.11072
