950.099 31
950.315 32
950.538 33
950.772 34
950.934 17
951.286 18
951.286 19
951.461 20
951.619 21
951.77 22
951.92 23
952.075 24
952.231 25
952.393 26
952.564 27
952.742 28
952.925 29
953.115 30
953.314 31
953.521 32
953.735 33
953.959 34
954.189 35
954.426 36
954.54 18
954.855 20
954.899 21
955.092 22
955.262 23
955.432 24
955.602 25
955.772 26
955.945 27
956.127 28
956.312 29
956.505 30
956.707 31
956.917 32
957.134 33
957.359 34
957.594 35
957.824 17
958.05 18
958.05 20
958.244 21
958.428 22
958.605 23
958.782 24
958.961 25
959.14 26
959.322 27
959.51 28
959.701 29
959.899 30
960.105 31
960.315 32
960.535 33
960.765 34
961 35
961.238 36
961.465 37
961.698 38
961.938 39
962.183 40
962.436 41
962.694 42
962.959 43
963.23 44
963.507 45
963.791 46
964.081 47
964.387 48
964.69 49
964.999 50
965.314 51
965.635 52
965.963 53
966.297 54
966.638 55
966.984 56
967.337 57
967.697 58
968.062 59
968.434 60
968.813 61
969.197 62
969.588 63
969.985 64
970.389 65
970.799 66
971.215 67
971.637 68
972.066 69
972.501 70
972.955 35
973.397 36
973.397 37
973.561 38
973.801 39
974.046 40
974.299 41
974.557 42
974.822 43
975.093 44
975.37 45
975.654 46
975.944 47
976.241 48
976.553 49
976.863 50
977.178 51
977.499 52
977.827 53
978.161 54
978.502 55
978.848 56
979.201 57
979.561 58
979.926 59
980.159 29
980.525 30
980.525 32
980.708 33
980.916 34
981.13 35
981.351 36
981.578 37
981.812 38
982.06 39
982.316 40
982.579 41
982.846 42
983.119 43
983.392 44
983.669 45
983.953 46
984.243 47
984.539 48
984.842 49
985.151 50
985.466 51
985.788 52
986.115 53
986.45 54
986.79 55
987.137 56
987.49 57
987.849 58
988.215 59
988.587 60
988.965 61
989.349 62
989.74 63
990.137 64
990.541 65
990.951 66
991.367 67
991.789 68
992.218 69
992.653 70
992.709 35
993.175 36
993.238 37
993.472 38
993.711 39
993.957 40
994.209 41
994.468 42
994.733 43
995.004 44
995.281 45
995.565 46
995.863 47
996.142 23
996.432 24
996.432 26
996.613 27
996.784 28
996.96 29
997.143 30
997.332 31
997.527 32
997.731 33
997.949 34
998.173 35
998.4 36
998.636 37
998.878 38
999.125 39
999.379 40
999.504 20
999.833 22
999.878 23
1000.07 24
1000.22 25
1000.38 26
1000.54 27
1000.71 28
1000.9 29
1001.09 30
1001.28 31
1001.48 32
1001.69 33
1001.91 34
1002.13 35
1002.36 36
1002.6 37
1002.84 38
1003.08 39
1003.33 40
1003.58 41
1003.84 42
1004.11 43
1004.38 44
1004.66 45
1004.94 46
1005.23 47
1005.53 48
1005.83 49
1006.14 50
1006.45 51
1006.77 52
1007.1 53
1007.44 54
1007.78 55
1008.12 56
1008.48 57
1008.84 58
1009.2 59
1009.57 60
1009.94 30
1010.38 31
1010.41 32
1010.61 33
1010.82 34
1011.03 35
1011.26 36
1011.48 37
1011.72 38
1011.96 39
1012.2 40
1012.46 41
1012.73 42
1013.01 43
1013.29 44
1013.38 22
1013.73 23
1013.76 24
1013.94 25
1014.1 26
1014.27 27
1014.44 28
1014.62 29
1014.8 30
1015 31
1015.21 32
1015.41 33
1015.63 34
1015.85 35
1016.08 36
1016.32 37
1016.56 38
1016.8 39
1017.05 40
1017.3 41
1017.56 42
1017.83 43
1018.1 44
1018.37 45
1018.66 46
1018.95 47
1019.24 48
1019.55 49
1019.86 50
1020.19 25
1020.52 26
1020.52 27
1020.57 28
1020.74 29
1020.93 30
1021.11 31
1021.31 32
1021.51 33
1021.73 34
1021.95 35
1022.18 36
1022.42 37
1022.66 38
1022.91 39
1023.16 40
1023.42 41
1023.55 20
1023.98 21
1024.07 22
1024.21 23
1024.35 24
1024.51 25
1024.67 26
1024.84 27
1025.01 28
1025.2 29
1025.39 30
1025.58 31
1025.79 32
1026 33
1026.21 34
1026.44 35
1026.67 36
1026.9 37
1027.14 38
1027.38 39
1027.63 40
1027.88 41
1028.14 42
1028.4 43
1028.67 44
1028.95 45
1029.23 46
1029.52 47
1029.82 48
1030.12 49
1030.43 50
1030.75 51
1031.07 52
1031.4 53
1031.73 54
1032.07 55
1032.42 56
1032.77 57
1033.13 58
1033.49 59
1033.87 29
1034.26 30
1034.26 31
1034.32 32
1034.52 33
1034.73 34
1034.94 35
1035.16 36
1035.39 37
1035.63 38
1035.87 39
1036.13 40
1036.39 41
1036.66 42
1036.93 43
1037.08 21
1037.35 24
1037.54 25
1037.7 26
1037.87 27
1038.04 28
1038.22 29
1038.41 30
1038.61 31
1038.81 32
1039.02 33
1039.23 34
1039.45 35
1039.68 36
1039.92 37
1040.1 18
1040.82 19
1040.82 20
1040.99 21
1041.18 22
1041.36 23
1041.56 24
1041.75 25
1041.96 26
1042.17 27
1042.39 28
1042.61 29
1042.84 30
1043.01 15
1043.52 16
1043.52 17
1043.69 18
1043.87 19
1044.05 20
1044.23 21
1044.42 22
1044.61 23
1044.8 24
1045 25
1045.21 26
1045.43 27
1045.65 28
1045.89 29
1046.12 30
1046.36 31
1046.56 32
1046.76 33
1046.97 34
1047.18 35
1047.4 36
1047.63 37
1047.87 38
1048.12 39
1048.37 40
1048.63 41
1048.89 42
1048.98 21
1049.28 22
1049.3 23
1049.48 24
1049.64 25
1049.8 26
1049.97 27
1050.14 28
1050.33 29
1050.51 30
1050.71 31
1050.91 32
1051.12 33
1051.34 34
1051.56 35
1051.79 36
1052.02 37
1052.23 18
1052.46 19
1052.46 21
1052.64 22
1052.8 23
1052.95 24
1053.11 25
1053.27 26
1053.43 27
1053.61 28
1053.79 29
1053.98 30
1054.17 31
1054.38 32
1054.59 33
1054.8 34
1055.03 35
1055.26 36
1055.49 37
1055.73 38
1055.97 39
1056.22 40
1056.47 41
1056.73 42
1056.99 43
1057.26 44
1057.54 45
1057.82 46
1058.11 47
1058.41 48
1058.71 49
1059.02 50
1059.34 51
1059.66 52
1059.99 53
1060.32 54
1060.66 55
1061.01 56
1061.36 57
1061.72 58
1062.09 59
1062.46 60
1062.72 30
1063.09 31
1063.09 33
1063.28 34
1063.5 35
1063.72 36
1063.95 37
1064.18 38
1064.42 39
1064.67 40
1064.92 41
1065.19 42
1065.46 43
1065.74 44
1066.03 45
1066.14 22
1066.51 23
1066.53 24
1066.71 25
1066.87 26
1067.03 27
1067.2 28
1067.38 29
1067.57 30
1067.76 31
1067.97 32
1068.18 33
1068.39 34
1068.61 35
1068.84 36
1069.08 37
1069.32 38
1069.57 39
1069.81 40
1070.06 41
1070.32 42
1070.59 43
1070.86 44
1071.14 45
1071.42 46
1071.71 47
1072.01 48
1072.31 49
1072.62 50
1072.69 25
1073.06 26
1073.2 27
1073.39 28
1073.58 29
1073.77 30
1073.96 31
1074.16 32
1074.37 33
1074.58 34
1074.8 35
1075.03 36
1075.26 37
1075.5 38
1075.75 39
1075.99 40
1076.24 41
1076.5 42
1076.77 43
1077.04 44
1077.32 45
1077.6 46
1077.89 47
1078.19 48
1078.49 49
1078.8 50
1078.95 25
1079.26 27
1079.33 28
1079.52 29
1079.72 30
1079.91 31
1080.11 32
1080.32 33
1080.53 34
1080.75 35
1080.98 36
1081.21 37
1081.45 38
1081.52 19
1081.84 20
1081.89 21
1082.06 22
1082.22 23
1082.37 24
1082.53 25
1082.69 26
1082.86 27
1083.03 28
1083.21 29
1083.4 30
1083.6 31
1083.8 32
1084.01 33
1084.23 34
1084.45 35
1084.68 36
1084.91 37
1084.99 18
1085.33 20
1085.4 21
1085.59 22
1085.76 23
1085.92 24
1086.09 25
1086.26 26
1086.43 27
1086.61 28
1086.79 29
1086.98 30
1087.18 31
1087.39 32
1087.6 33
1087.82 34
1088.05 35
1088.29 36
1088.51 18
1088.82 19
1088.82 20
1088.88 21
1089.08 22
1089.25 23
1089.43 24
1089.61 25
1089.79 26
1089.98 27
1090.18 28
1090.38 29
1090.59 30
1090.81 31
1091.04 32
1091.27 33
1091.46 16
1091.81 17
1091.82 18
1092.01 19
1092.18 20
1092.34 21
1092.5 22
1092.66 23
1092.83 24
1093 25
1093.18 26
1093.36 27
1093.55 28
1093.75 29
1093.95 30
1094.16 31
1094.38 32
1094.61 33
1094.85 34
1094.93 17
1095.16 19
1095.3 20
1095.47 21
1095.63 22
1095.78 23
1095.94 24
1096.1 25
1096.27 26
1096.44 27
1096.61 28
1096.8 29
1096.98 30
1097.18 31
1097.39 32
1097.6 33
1097.82 34
1098.05 35
1098.28 36
1098.31 18
1098.7 19
1098.89 20
1099.08 21
1099.25 22
1099.43 23
1099.61 24
1099.79 25
1099.98 26
1100.17 27
1100.37 28
1100.57 29
1100.78 30
1101 31
1101.23 32
1101.46 33
1101.57 16
1102.02 17
1102.17 18
1102.33 19
1102.49 20
1102.65 21
1102.81 22
1102.98 23
1103.15 24
1103.33 25
1103.51 26
1103.7 27
1103.9 28
1104.1 29
1104.32 30
1104.54 31
1104.77 32
1105 33
1105.24 34
1105.46 35
1105.68 36
1105.91 37
1106.14 38
1106.38 39
1106.63 40
1106.88 41
1107.14 42
1107.41 43
1107.69 44
1107.97 45
1108 22
1108.35 23
1108.39 24
1108.58 25
1108.77 26
1108.96 27
1109.15 28
1109.34 29
1109.55 30
1109.76 31
1109.97 32
1110.2 33
1110.43 34
1110.67 35
1110.74 17
1111.07 18
1111.09 19
1111.26 20
1111.41 21
1111.56 22
1111.72 23
1111.87 24
1112.03 25
1112.2 26
1112.36 27
1112.54 28
1112.73 29
1112.92 30
1113.12 31
1113.33 32
1113.54 33
1113.77 34
1114 35
1114.21 17
1114.53 18
1114.53 19
1114.58 20
1114.76 21
1114.92 22
1115.07 23
1115.23 24
1115.4 25
1115.57 26
1115.74 27
1115.92 28
1116.11 29
1116.31 30
1116.51 31
1116.73 32
1116.94 33
1117.17 34
1117.41 35
1117.6 17
1117.89 18
1117.89 19
1117.93 20
1118.1 21
1118.25 22
1118.4 23
1118.56 24
1118.72 25
1118.88 26
1119.06 27
1119.23 28
1119.42 29
1119.61 30
1119.81 31
1120.02 32
1120.24 33
1120.47 34
1120.7 35
1120.94 17
1121.16 18
1121.16 20
1121.34 21
1121.5 22
1121.64 23
1121.79 24
1121.95 25
1122.11 26
1122.28 27
1122.46 28
1122.64 29
1122.83 30
1123.03 31
1123.23 32
1123.44 33
1123.66 34
1123.88 35
1124.11 36
1124.34 37
1124.4 18
1124.73 19
1124.75 20
1124.92 21
1125.08 22
1125.23 23
1125.39 24
1125.55 25
1125.72 26
1125.9 27
1126.08 28
1126.27 29
1126.46 30
1126.66 31
1126.87 32
1127.09 33
1127.31 34
1127.55 35
1127.67 17
1128.02 19
1128.09 20
1128.29 21
1128.45 22
1128.62 23
1128.79 24
1128.96 25
1129.13 26
1129.31 27
1129.49 28
1129.68 29
1129.88 30
1130.08 31
1130.3 32
1130.52 33
1130.74 34
1130.98 35
1131.02 17
1131.43 18
1131.6 19
1131.74 20
1131.89 21
1132.03 22
1132.18 23
1132.33 24
1132.48 25
1132.65 26
1132.82 27
1133 28
1133.18 29
1133.37 30
1133.57 31
1133.77 32
1133.98 33
1134.2 34
1134.43 35
1134.67 36
1134.7 18
1135.09 19
1135.27 20
1135.44 21
1135.61 22
1135.78 23
1135.95 24
1136.13 25
1136.32 26
1136.51 27
1136.72 28
1136.92 29
1137.14 30
1137.36 31
1137.59 32
1137.83 33
1138.07 34
1138.28 35
1138.5 36
1138.73 37
1138.96 38
1139.2 39
1139.45 40
1139.7 41
1139.96 42
1140.22 43
1140.5 44
1140.79 45
1141.08 46
1141.37 47
1141.66 48
1141.97 49
1142.28 50
1142.59 51
1142.91 52
1143.24 53
1143.57 54
1143.91 55
1144.26 56
1144.61 57
1144.97 58
1145.34 59
1145.71 60
1146.09 61
1146.47 62
1146.86 63
1147.26 64
1147.6 32
1147.99 33
1147.99 35
1148.21 36
1148.44 37
1148.67 38
1148.91 39
1149.15 40
1149.41 41
1149.66 42
1149.93 43
1150.21 44
1150.49 45
1150.78 46
1151.07 47
1151.37 48
1151.67 49
1151.98 50
1152.3 51
1152.62 52
1152.95 53
1153.28 54
1153.62 55
1153.97 27
1154.35 28
1154.35 29
1154.47 30
1154.66 31
1154.86 32
1155.06 33
1155.27 34
1155.48 35
1155.71 36
1155.94 37
1156.18 38
1156.43 39
1156.69 40
1156.95 41
1157.21 42
1157.48 43
1157.75 44
1158.03 45
1158.32 46
1158.61 47
1158.9 48
1159.2 49
1159.51 50
1159.83 51
1160.15 52
1160.48 53
1160.67 26
1161.03 28
1161.05 29
1161.24 30
1161.43 31
1161.62 32
1161.83 33
1162.04 34
1162.26 35
1162.48 36
1162.72 37
1162.96 38
1163.21 39
1163.46 40
1163.73 41
1163.99 42
1164.25 43
1164.52 44
1164.8 45
1165.08 46
1165.37 47
1165.67 48
1165.97 49
1166.28 50
1166.6 51
1166.92 52
1167.25 53
1167.58 54
1167.92 55
1168.27 56
1168.62 57
1168.98 58
1169.35 59
1169.72 60
1170.1 61
1170.48 62
1170.87 63
1171.27 64
1171.67 65
1172.08 66
1172.5 67
1172.92 68
1173.35 69
1173.78 70
1174.23 71
1174.67 72
1175.13 73
1175.59 74
1176.05 75
1176.53 76
1177.01 77
1177.49 78
1177.98 79
1178.48 80
1178.99 81
1179.5 82
1180.01 83
1180.54 84
1181.07 85
1181.6 86
1182.16 43
1182.7 44
1182.7 46
1182.98 47
1183.27 48
1183.57 49
1183.88 50
1184.2 51
1184.52 52
1184.85 53
1185.18 54
1185.52 55
1185.87 56
1186.22 57
1186.58 58
1186.95 59
1187.02 29
1187.43 30
1187.5 31
1187.69 32
1187.89 33
1188.1 34
1188.32 35
1188.54 36
1188.76 37
1189 38
1189.24 39
1189.49 40
1189.75 41
1190.02 42
1190.29 43
1190.57 44
1190.73 22
1191.1 24
1191.2 25
1191.41 26
1191.61 27
1191.8 28
1191.99 29
1192.19 30
1192.38 31
1192.59 32
1192.8 33
1193.01 34
1193.23 35
1193.46 36
1193.69 37
1193.93 38
1193.97 19
1194.3 20
1194.35 21
1194.55 22
1194.74 23
1194.93 24
1195.11 25
1195.3 26
1195.48 27
1195.67 28
1195.87 29
1196.07 30
1196.27 31
1196.49 32
1196.71 33
1196.94 34
1197.18 17
1197.55 18
1197.56 19
1197.77 20
1197.95 21
1198.13 22
1198.31 23
1198.48 24
1198.65 25
1198.83 26
1199 27
1199.18 28
1199.37 29
1199.56 30
1199.76 31
1199.97 32
1200.19 33
1200.41 34
1200.64 35
1200.89 17
1201.28 18
1201.3 19
1201.5 20
1201.68 21
1201.86 22
1202.04 23
1202.22 24
1202.4 25
1202.58 26
1202.78 27
1202.98 28
1203.18 29
1203.39 30
1203.61 31
1203.84 32
1204.07 33
1204.17 16
1204.56 17
1204.62 18
1204.81 19
1204.98 20
1205.15 21
1205.32 22
1205.5 23
1205.68 24
1205.87 25
1206.06 26
1206.26 27
1206.47 28
1206.68 29
1206.91 30
1207.14 31
1207.37 15
1207.59 16
1207.59 18
1207.79 19
1207.98 20
1208.16 21
1208.33 22
1208.51 23
1208.69 24
1208.88 25
1209.07 26
1209.27 27
1209.48 28
1209.69 29
1209.91 30
1210.14 31
1210.37 32
1210.47 16
1210.81 17
1210.85 18
1211.04 19
1211.21 20
1211.39 21
1211.56 22
1211.74 23
1211.93 24
1212.12 25
1212.32 26
1212.52 27
1212.73 28
1212.95 29
1213.18 30
1213.41 31
1213.5 15
1213.84 16
1213.89 17
1214.07 18
1214.24 19
1214.41 20
1214.57 21
1214.74 22
1214.91 23
1215.09 24
1215.27 25
1215.46 26
1215.65 27
1215.86 28
1216.07 29
1216.29 30
1216.51 31
1216.75 32
1216.89 16
1217.12 17
1217.12 19
1217.33 20
1217.51 21
1217.68 22
1217.85 23
1218.02 24
1218.19 25
1218.37 26
1218.55 27
1218.74 28
1218.94 29
1219.14 30
1219.35 31
1219.57 32
1219.8 33
1220.03 34
1220.24 17
1220.47 18
1220.47 20
1220.66 21
1220.82 22
1220.98 23
1221.13 24
1221.3 25
1221.46 26
1221.63 27
1221.82 28
1222 29
1222.2 30
1222.4 31
1222.61 32
1222.82 33
1223.05 34
1223.28 35
1223.52 17
1223.87 18
1223.91 19
1224.09 20
1224.25 21
1224.41 22
1224.58 23
1224.75 24
1224.93 25
1225.11 26
1225.29 27
1225.49 28
1225.69 29
1225.9 30
1226.12 31
1226.34 32
1226.57 33
1226.81 34
1226.91 17
1227.12 19
1227.22 20
1227.37 21
1227.52 22
1227.68 23
1227.84 24
1228 25
1228.16 26
1228.34 27
1228.52 28
1228.7 29
1228.9 30
1229.1 31
1229.31 32
1229.52 33
1229.75 34
1229.98 35
1230.23 17
1230.53 18
1230.53 19
1230.61 20
1230.77 21
1230.93 22
1231.08 23
1231.24 24
1231.41 25
1231.58 26
1231.76 27
1231.94 28
1232.14 29
1232.34 30
1232.54 31
1232.76 32
1232.98 33
1233.21 34
1233.35 17
1233.8 18
1233.91 19
1234.09 20
1234.26 21
1234.44 22
1234.62 23
1234.8 24
1234.99 25
1235.19 26
1235.39 27
1235.6 28
1235.82 29
1236.04 30
1236.28 31
1236.37 15
1236.72 17
1236.8 18
1236.98 19
1237.13 20
1237.29 21
1237.45 22
1237.61 23
1237.77 24
1237.94 25
1238.12 26
1238.3 27
1238.49 28
1238.69 29
1238.9 30
1239.11 31
1239.33 32
1239.56 33
1239.79 34
1240.03 35
1240.09 17
1240.39 18
1240.41 19
1240.59 20
1240.76 21
1240.92 22
1241.09 23
1241.26 24
1241.43 25
1241.6 26
1241.78 27
1241.97 28
1242.16 29
1242.36 30
1242.57 31
1242.78 32
1243.01 33
1243.24 34
1243.44 17
1243.81 18
1243.84 19
1244.04 20
1244.22 21
1244.4 22
1244.58 23
1244.77 24
1244.96 25
1245.16 26
1245.36 27
1245.57 28
1245.79 29
1246.01 30
1246.24 31
1246.41 15
1246.81 16
1246.83 17
1247.02 18
1247.19 19
1247.35 20
1247.52 21
1247.68 22
1247.85 23
1248.03 24
1248.21 25
1248.4 26
1248.6 27
1248.8 28
1249.01 29
1249.23 30
1249.45 31
1249.68 32
1249.92 33
1250.03 16
1250.32 18
1250.36 19
1250.54 20
1250.7 21
1250.87 22
1251.04 23
1251.21 24
1251.4 25
1251.58 26
1251.77 27
1251.98 28
1252.18 29
1252.4 30
1252.62 31
1252.85 32
1253.06 16
1253.4 17
1253.4 18
1253.58 19
1253.75 20
1253.92 21
1254.08 22
1254.26 23
1254.43 24
1254.61 25
1254.79 26
1254.98 27
1255.18 28
1255.39 29
1255.6 30
1255.83 31
1256.06 32
1256.29 33
1256.44 16
1256.82 17
1256.85 18
1257.01 19
1257.16 20
1257.31 21
1257.47 22
1257.63 23
1257.79 24
1257.97 25
1258.14 26
1258.33 27
1258.52 28
1258.72 29
1258.93 30
1259.14 31
1259.36 32
1259.6 33
1259.83 34
1260.04 17
1260.31 18
1260.31 19
1260.34 20
1260.52 21
1260.67 22
1260.83 23
1261 24
1261.17 25
1261.34 26
1261.53 27
1261.71 28
1261.91 29
1262.12 30
1262.33 31
1262.55 32
1262.78 33
1263.01 34
1263.25 35
1263.31 17
1263.53 19
1263.63 20
1263.77 21
1263.92 22
1264.08 23
1264.24 24
1264.4 25
1264.57 26
1264.75 27
1264.94 28
1265.13 29
1265.33 30
1265.54 31
1265.76 32
1265.98 33
1266.22 34
1266.47 17
1266.77 18
1266.77 20
1266.95 21
1267.11 22
1267.27 23
1267.43 24
1267.6 25
1267.77 26
1267.95 27
1268.13 28
1268.31 29
1268.51 30
1268.71 31
1268.92 32
1269.14 33
1269.36 34
1269.6 35
1269.87 17
1270.17 18
1270.17 19
1270.19 20
1270.38 21
1270.55 22
1270.72 23
1270.89 24
1271.07 25
1271.25 26
1271.44 27
1271.64 28
1271.84 29
1272.05 30
1272.27 31
1272.49 32
1272.73 33
1272.96 34
1273.2 35
1273.42 36
1273.64 37
1273.88 38
1274.12 39
1274.36 40
1274.61 41
1274.87 42
1275.14 43
1275.42 44
1275.67 22
1276.05 23
1276.05 24
1276.17 25
1276.34 26
1276.51 27
1276.68 28
1276.86 29
1277.05 30
1277.24 31
1277.44 32
1277.65 33
1277.87 34
1278.09 35
1278.32 36
1278.55 37
1278.79 38
1279.03 39
1279.28 40
1279.54 41
1279.8 42
1280.06 43
1280.33 44
1280.61 45
1280.89 46
1281.18 47
1281.48 48
1281.78 49
1282.09 50
1282.41 51
1282.73 52
1283.05 53
1283.39 54
1283.73 55
1284.08 56
1284.43 57
1284.79 58
1285.15 59
1285.53 60
1285.9 61
1286.29 62
1286.68 63
1287.08 64
1287.48 65
1287.89 66
1288.31 67
1288.73 68
1289.16 69
1289.59 70
1290.03 71
1290.48 72
1290.93 73
1291.39 74
1291.86 75
1292.33 76
1292.81 77
1293.3 78
1293.79 79
1294.29 80
1294.79 81
1295.3 82
1295.82 83
1296.34 84
1296.87 85
1297.41 86
1297.97 43
1298.56 44
1298.56 45
1298.83 46
1299.12 47
1299.42 48
1299.72 49
1300.03 50
1300.35 51
1300.67 52
1301 53
1301.33 54
1301.67 55
1302.02 56
1302.37 57
1302.73 58
1303.09 59
1303.47 60
1303.84 61
1304.23 62
1304.62 63
1305.02 64
1305.42 65
1305.83 66
1306.25 67
1306.67 68
1307.1 69
1307.53 70
1307.97 71
1308.42 72
1308.88 73
1309.34 74
1309.8 75
1310.27 76
1310.75 77
1311.24 78
1311.73 79
1312.23 80
1312.73 81
1313.24 82
1313.76 83
1314.28 84
1314.81 85
1315.35 86
1315.91 43
1316.5 44
1316.5 45
1316.77 46
1317.06 47
1317.36 48
1317.66 49
1317.97 50
1318.29 51
1318.61 52
1318.94 53
1319.27 54
1319.61 55
1319.96 56
1320.31 57
1320.67 58
1321.04 59
1321.41 60
1321.79 61
1322.17 62
1322.56 63
1322.96 64
1323.36 65
1323.77 66
1324.19 67
1324.61 68
1325.04 69
1325.47 70
1325.91 71
1326.36 72
1326.82 73
1327.28 74
1327.74 75
1328.22 76
1328.69 77
1329.18 78
1329.67 79
1330.17 80
1330.67 81
1331.18 82
1331.7 83
1332.22 84
1332.75 85
1333.29 86
1333.85 43
1334.44 44
1334.44 45
1334.71 46
1335 47
1335.3 48
1335.6 49
1335.91 50
1336.23 51
1336.55 52
1336.88 53
1337.21 54
1337.55 55
1337.9 56
1338.25 57
1338.61 58
1338.98 59
1339.35 60
1339.73 61
1340.11 62
1340.5 63
1340.9 64
1341.3 65
1341.71 66
1342.13 67
1342.55 68
1342.98 69
1343.41 70
1343.85 71
1344.3 72
1344.76 73
1345.22 74
1345.68 75
1346.16 76
1346.64 77
1347.12 78
1347.61 79
1348.11 80
1348.61 81
1349.13 82
1349.64 83
1350.17 84
1350.69 85
1351.23 86
1351.79 43
1352.38 44
1352.38 45
1352.65 46
1352.94 47
1353.24 48
1353.54 49
1353.85 50
1354.17 51
1354.49 52
1354.82 53
1355.15 54
1355.49 55
1355.84 56
1356.19 57
1356.55 58
1356.92 59
1357.29 60
1357.67 61
1358.05 62
1358.44 63
1358.84 64
1359.24 65
1359.65 66
1360.07 67
1360.49 68
1360.92 69
