5.00429 10
5.0106 10
5.0169 10
5.02321 10
5.02951 10
5.03581 10
5.04212 10
5.04842 10
5.05473 10
5.06103 10
5.06733 11
5.07364 11
5.07994 11
5.08625 11
5.09255 11
5.09885 11
5.10515 11
5.11146 11
5.11776 11
5.12407 11
5.13037 11
5.13667 11
5.14298 12
5.14928 12
5.15559 12
5.16189 12
5.16819 12
5.1745 12
5.1808 12
5.18711 12
5.19341 12
5.19972 12
5.20602 12
5.21232 12
5.21863 13
5.22493 13
5.23123 13
5.23754 13
5.24384 13
5.25015 13
5.25645 13
5.26275 13
5.26906 13
5.27536 13
5.28167 13
5.28797 13
5.29427 13
5.30058 13
5.30688 14
5.31319 14
5.31949 14
5.32579 14
5.3321 14
5.3384 14
5.34471 14
5.35101 14
5.35731 14
5.36362 14
5.36992 14
5.37623 14
5.38253 14
5.38883 14
5.39514 15
5.40144 15
5.40781 15
5.41412 15
5.4391 6
5.52729 6
5.5336 6
5.5399 6
5.54621 7
5.55251 7
5.55881 7
5.56512 7
5.57142 7
5.57823 7
5.58454 7
5.59084 8
5.59715 8
5.60345 8
5.60975 8
5.61606 8
5.62236 8
5.62867 8
5.63497 8
5.64127 8
5.64758 9
5.65388 9
5.66019 9
5.66649 9
5.67279 9
5.6791 9
5.6854 9
5.69171 9
5.69801 9
5.70431 10
5.71062 10
5.71692 10
5.72323 10
5.72953 10
5.73583 10
5.74214 10
5.74844 10
5.75475 10
5.76105 10
5.76735 10
5.77366 11
5.77996 11
5.78627 11
5.79257 11
5.79887 11
5.80518 11
5.81148 11
5.81779 11
5.82409 11
5.83039 11
5.8367 11
5.843 12
5.84931 12
5.85561 12
5.86191 12
5.86822 12
5.87453 12
5.88092 12
5.8873 12
5.89361 12
5.89991 12
5.90622 12
5.91252 12
5.91882 12
5.92513 13
5.93143 13
5.93774 13
5.94404 13
5.95034 13
5.95665 13
5.96295 13
5.96926 13
5.97556 13
5.98186 13
5.98817 13
5.99447 13
6.00078 13
6.00708 14
6.01338 14
6.01969 14
6.02599 14
6.0323 14
6.0386 14
6.0449 14
6.05121 14
6.05751 14
6.06382 14
6.07012 14
6.07642 14
6.08273 14
6.08903 14
6.09534 14
6.10164 15
6.10794 15
6.11425 15
6.12055 15
6.12686 15
6.13316 15
6.13946 15
6.14577 15
6.15207 15
6.15838 15
6.16468 15
6.17098 15
6.17729 15
6.18359 15
6.1899 15
6.1962 16
6.2025 16
6.20881 16
6.21511 16
6.22142 16
6.22772 16
6.23402 16
6.24033 16
6.24663 16
6.25294 16
6.25924 16
6.26554 16
6.27185 16
6.27815 16
6.28446 16
6.29076 16
6.29706 16
6.30337 17
6.30967 17
6.31598 17
6.32228 17
6.32858 17
6.33489 17
6.34119 17
6.3475 17
6.3538 17
6.3601 17
6.36641 17
6.37271 17
6.37902 17
6.38532 17
6.39162 17
6.39793 17
6.40423 17
6.41054 18
6.41684 18
6.42314 18
6.42945 18
6.43575 18
6.44206 18
6.44836 18
6.45466 18
6.46097 18
6.46727 18
6.47358 18
6.47988 18
6.48618 18
6.49249 18
6.49879 18
6.5051 18
6.5114 18
6.5177 18
6.52401 18
6.53031 19
6.53662 19
6.54292 19
6.54922 19
6.55553 19
6.56183 19
6.56814 19
6.57444 19
6.58074 19
6.58705 19
6.61219 8
6.7256 8
6.73191 8
6.73821 8
6.74451 8
6.75082 9
6.77602 3
6.82638 3
6.84127 4
6.84782 4
6.85413 4
6.86852 4
6.87494 4
6.88125 5
6.88755 5
6.89625 5
6.92219 2
7.94995 1
7.97775 2
8.00522 2
8.03264 2
8.03895 3
8.05951 3
8.06619 3
8.07262 4
8.08722 4
8.09389 4
8.10055 4
8.10685 4
8.11515 5
8.12146 5
8.12777 5
8.13419 5
8.14336 5
8.14966 6
8.15597 6
8.16227 6
8.16858 6
8.17488 6
8.18118 6
8.18749 7
8.19379 7
8.2001 7
8.2064 7
8.2127 7
8.21901 7
8.22531 7
8.23162 7
8.23792 8
8.24422 8
8.25053 8
8.25683 8
8.26314 8
8.26944 8
8.27574 8
8.28205 8
8.28835 9
8.29466 9
8.30096 9
8.30726 9
8.31357 9
8.31987 9
8.32618 9
8.33248 9
8.33878 9
8.34509 9
8.35139 10
8.38283 3
8.4481 3
8.4544 4
8.4607 4
8.47544 4
8.48188 4
8.4883 4
8.4946 5
8.50281 5
8.50974 5
8.51604 5
8.52235 5
8.52865 6
8.53495 6
8.54126 6
8.54756 6
8.55387 6
8.56017 6
8.56647 6
8.57278 7
8.57908 7
8.58539 7
8.59169 7
8.59799 7
8.6043 7
8.6106 7
8.61691 8
8.62321 8
8.62951 8
8.63582 8
8.64212 8
8.64843 8
8.65473 8
8.66103 8
8.66734 9
8.67364 9
8.67995 9
8.68625 9
8.69255 9
8.69886 9
8.70516 9
8.71147 9
8.71777 9
8.72407 9
8.73038 10
8.73668 10
8.74299 10
8.74929 10
8.75559 10
8.7619 10
8.7682 10
8.77451 10
8.78081 10
8.78711 10
8.79342 11
8.79972 11
8.80603 11
8.81233 11
8.81863 11
8.82494 11
8.83124 11
8.83755 11
8.84385 11
8.85015 11
8.85646 11
8.86276 11
8.86907 12
8.87537 12
8.88167 12
8.88798 12
8.89428 12
8.90059 12
8.90689 12
8.91319 12
8.9195 12
8.9258 12
8.93211 12
8.93841 12
8.94471 13
8.95102 13
8.95732 13
8.96363 13
8.96993 13
8.97623 13
8.98254 13
8.98884 13
8.99515 13
9.00145 13
9.00795 13
9.01425 13
9.02055 13
9.02686 13
9.03316 14
9.03947 14
9.04577 14
9.05207 14
9.05838 14
9.06468 14
9.07099 14
9.07729 14
9.08359 14
9.0899 14
9.0962 14
9.10251 14
9.10881 14
9.11511 14
9.12142 15
9.12772 15
9.13403 15
9.14033 15
9.14663 15
9.15294 15
9.15924 15
9.16555 15
9.17185 15
9.17815 15
9.18446 15
9.19076 15
9.19707 15
9.20337 15
9.20967 15
9.21598 15
9.22228 16
9.22859 16
9.23489 16
9.24119 16
9.2475 16
9.2538 16
9.26011 16
9.26641 16
9.27271 16
9.27902 16
9.28532 16
9.29163 16
9.29793 16
9.30423 16
9.31054 16
9.31684 16
9.32315 16
9.32945 17
9.33575 17
9.34206 17
9.34836 17
9.35467 17
9.36097 17
9.36727 17
9.37358 17
9.37988 17
9.38619 17
9.39249 17
9.39879 17
9.4051 17
9.4114 17
9.41771 17
9.42401 17
9.43031 17
9.43662 18
9.44292 18
9.44923 18
9.45553 18
9.46183 18
9.46814 18
9.47444 18
9.48075 18
9.48705 18
9.49335 18
9.49966 18
9.50596 18
9.51227 18
9.51857 18
9.52487 18
9.53118 18
9.53748 18
9.54379 18
9.55009 18
9.55639 19
9.5627 19
9.569 19
9.57531 19
9.58161 19
9.58791 19
9.59422 19
9.60052 19
9.60683 19
9.61313 19
9.61943 19
9.62574 19
9.63204 19
9.63835 19
9.64465 19
9.65095 19
9.65726 19
9.66356 19
9.66989 19
9.67619 20
9.68249 20
9.6888 20
9.6951 20
9.70141 20
9.70771 20
9.71401 20
9.72032 20
9.72662 20
9.73293 20
9.73923 20
9.74553 20
9.75184 20
9.75814 20
9.76445 20
9.77075 20
9.77705 20
9.78336 20
9.78966 20
9.79597 20
9.80227 20
9.80857 21
9.81488 21
9.82118 21
9.82749 21
9.83379 21
9.84009 21
9.8464 21
9.8527 21
9.85901 21
9.86531 21
9.87161 21
9.87792 21
9.88422 21
9.89053 21
9.89683 21
9.90313 21
9.90944 21
9.91574 21
9.92205 21
9.92835 21
9.93465 21
9.94096 21
9.94726 22
9.95357 22
9.95987 22
9.96617 22
9.97248 22
9.97878 22
9.98509 22
9.99139 22
9.99769 22
