5.00589 4
5.01269 4
5.01948 4
5.02593 4
5.03298 5
5.04016 5
5.04735 5
5.05379 5
5.06035 5
5.06678 6
5.0732 6
5.07951 6
5.08581 6
5.09211 6
5.09842 6
5.10472 7
5.11103 7
5.11733 7
5.12363 7
5.12994 7
5.13624 7
5.1426 7
5.1489 7
5.1552 8
5.16151 8
5.16781 8
5.17412 8
5.18042 8
5.18672 8
5.19303 8
5.19933 8
5.20564 9
5.21194 9
5.21824 9
5.22455 9
5.23085 9
5.23716 9
5.24346 9
5.24976 9
5.25607 9
5.26237 9
5.26868 10
5.27498 10
5.28128 10
5.28759 10
5.29389 10
5.3002 10
5.3065 10
5.3128 10
5.31911 10
5.32541 10
5.33172 11
5.33802 11
5.34432 11
5.35063 11
5.35693 11
5.36324 11
5.36954 11
5.37584 11
5.38215 11
5.38845 11
5.39476 11
5.40106 11
5.40745 12
5.41376 12
5.42006 12
5.42637 12
5.43267 12
5.43897 12
5.44528 12
5.45158 12
5.45789 12
5.46419 12
5.47049 12
5.4768 12
5.4831 13
5.48941 13
5.49571 13
5.50201 13
5.50832 13
5.51462 13
5.52093 13
5.52723 13
5.53353 13
5.53984 13
5.54614 13
5.55245 13
5.55875 13
5.56505 13
5.57136 14
5.57787 14
5.58418 14
5.59048 14
5.59678 14
5.60309 14
5.60939 14
5.6157 14
5.622 14
5.6283 14
5.63461 14
5.64091 14
5.64722 14
5.65352 14
5.65982 15
5.66613 15
5.67243 15
5.67874 15
5.68504 15
5.69134 15
5.69765 15
5.70395 15
5.71026 15
5.71656 15
5.72286 15
5.72917 15
5.73547 15
5.74178 15
5.74808 15
5.75438 15
5.76069 16
5.76699 16
5.7733 16
5.7796 16
5.7859 16
5.79221 16
5.79851 16
5.80482 16
5.81112 16
5.81742 16
5.82373 16
5.83003 16
5.83634 16
5.84264 16
5.84894 16
5.85524 16
5.86155 17
5.86785 17
5.87417 17
5.88056 17
5.88694 17
5.89325 17
5.89955 17
5.90586 17
5.91216 17
5.91846 17
5.92477 17
5.93107 17
5.93738 17
5.94368 17
5.94998 17
5.95629 17
5.96259 17
5.9689 17
5.9752 18
5.9815 18
5.98781 18
5.99411 18
6.00042 18
6.00672 18
6.01302 18
6.01933 18
6.02563 18
6.03194 18
6.03824 18
6.04454 18
6.05085 18
6.05715 18
6.06346 18
6.06976 18
6.07606 18
6.08237 18
6.08867 18
6.09498 19
6.10128 19
6.10759 19
6.11389 19
6.12019 19
6.1265 19
6.1328 19
6.1391 19
6.14541 19
6.15171 19
6.15802 19
6.16432 19
6.17062 19
6.17693 19
6.18323 19
6.18954 19
6.19584 19
6.20214 19
6.20845 19
6.21475 20
6.22106 20
6.22736 20
6.23366 20
6.23997 20
6.24627 20
6.25258 20
6.25888 20
6.26518 20
6.27149 20
6.27779 20
6.2841 20
6.2904 20
6.2967 20
6.30301 20
6.30931 20
6.31562 20
6.32192 20
6.32822 20
6.33453 20
6.34083 20
6.34714 21
6.35344 21
6.35974 21
6.36605 21
6.37235 21
6.37866 21
6.38496 21
6.39126 21
6.39757 21
6.40387 21
6.41018 21
6.41648 21
6.42278 21
6.42909 21
6.43539 21
6.4417 21
6.448 21
6.4543 21
6.46061 21
6.46691 21
6.47322 21
6.47952 22
6.48582 22
6.49213 22
6.49843 22
6.50474 22
6.51104 22
6.51734 22
6.52365 22
6.52995 22
6.53626 22
6.54256 22
6.54886 22
6.55517 22
6.56147 22
6.56778 22
6.57408 22
6.58038 22
6.58669 22
6.59299 22
6.5993 22
6.6056 22
6.6119 22
6.61821 22
6.62451 23
6.63082 23
6.63712 23
6.64342 23
6.64973 23
6.65603 23
6.66234 23
6.66864 23
6.67494 23
6.68125 23
6.68755 23
6.69386 23
6.70016 23
6.70646 23
6.71277 23
6.71907 23
6.72538 23
6.73168 23
6.73798 23
6.74429 23
6.75059 23
6.7569 23
6.7632 23
6.7695 23
6.77581 24
6.78211 24
6.78842 24
6.79472 24
6.80102 24
6.80733 24
6.81363 24
6.81994 24
6.82624 24
6.83254 24
6.83885 24
6.84515 24
6.85146 24
6.85776 24
6.86406 24
6.87037 24
6.87667 24
6.88298 24
6.88928 24
6.89558 24
6.90189 24
6.90819 24
6.9145 24
6.9208 24
6.9271 25
6.93341 25
6.93971 25
6.94602 25
6.95232 25
6.95862 25
6.96493 25
6.97123 25
6.97754 25
6.98384 25
6.99014 25
6.99645 25
7.00275 25
7.00906 25
7.01536 25
7.02166 25
7.02797 25
7.03427 25
7.04058 25
7.04688 25
7.05318 25
7.05949 25
7.06579 25
7.0721 25
7.0784 25
7.0847 25
7.09101 26
7.09731 26
7.10362 26
7.10992 26
7.11622 26
7.12253 26
7.12883 26
7.13514 26
7.14144 26
7.14774 26
7.15405 26
7.16035 26
7.16666 26
7.17296 26
7.17926 26
7.18557 26
7.19187 26
7.19818 26
7.20448 26
7.21078 26
7.21709 26
7.22339 26
7.2297 26
7.236 26
7.2423 26
7.24861 26
7.25491 26
7.26122 27
7.26752 27
7.27382 27
7.28013 27
7.28643 27
7.29274 27
7.29904 27
7.30534 27
7.31165 27
7.31795 27
7.32426 27
7.33056 27
7.33686 27
7.34317 27
7.34947 27
7.35578 27
7.36208 27
7.36838 27
7.37469 27
7.38099 27
7.3873 27
7.3936 27
7.3999 27
7.40621 27
7.41251 27
7.41882 27
7.42512 27
7.43142 27
7.43773 28
7.44403 28
7.45034 28
7.45664 28
7.46294 28
7.46925 28
7.47555 28
7.48186 28
7.48816 28
7.49446 28
7.50077 28
7.50707 28
7.51338 28
7.51968 28
7.52598 28
7.53229 28
7.53859 28
7.5449 28
7.5512 28
7.5575 28
7.56381 28
7.57011 28
7.57642 28
7.58272 28
7.58902 28
7.59533 28
7.60163 28
7.60794 28
7.61424 29
7.62054 29
7.62685 29
7.63315 29
7.63946 29
7.64589 29
7.6522 29
7.6585 29
7.66481 29
7.67111 29
7.70239 13
7.8853 13
7.96715 5
8.99519 1
9.02241 2
9.05017 3
9.05685 3
9.07765 3
9.08414 3
9.09057 4
9.10493 4
9.1115 4
9.1181 4
9.12441 5
9.13886 5
9.14553 5
9.15183 5
9.15814 5
9.16444 5
9.17085 6
9.17716 6
9.18346 6
9.18977 6
9.19607 6
9.20237 6
9.20868 7
9.21498 7
9.22129 7
9.22759 7
9.23389 7
9.2402 7
9.2465 7
9.25281 7
9.25911 8
9.26541 8
9.27172 8
9.27802 8
9.28433 8
9.29063 8
9.29693 8
9.30324 8
9.30954 9
9.31585 9
9.32215 9
9.32845 9
9.33476 9
9.34106 9
9.34737 9
9.35367 9
9.35997 9
9.36628 9
9.37258 10
9.37889 10
9.38519 10
9.39149 10
9.3978 10
9.4041 10
9.41041 10
9.41671 10
9.42301 10
9.42932 10
9.43562 11
9.44193 11
9.44823 11
9.45453 11
9.46084 11
9.46714 11
9.47345 11
9.47975 11
9.48605 11
9.49236 11
9.49866 11
9.50497 12
9.51127 12
9.51757 12
9.52388 12
9.53018 12
9.53649 12
9.54279 12
9.54909 12
9.5554 12
9.5617 12
9.56801 12
9.57431 12
9.58061 12
9.58692 13
9.59322 13
9.59953 13
9.60583 13
9.61213 13
9.61844 13
9.62474 13
9.63105 13
9.6374 13
9.6437 13
9.65001 13
9.65631 13
9.66261 13
9.66901 13
9.67531 14
9.68162 14
9.68792 14
9.69423 14
9.70053 14
9.70683 14
9.71314 14
9.71944 14
9.72575 14
9.73205 14
9.73835 14
9.74466 14
9.75096 14
9.75727 14
9.76357 15
9.76987 15
9.77618 15
9.78248 15
9.78879 15
9.79509 15
9.80139 15
9.8077 15
9.814 15
9.82031 15
9.82661 15
9.83291 15
9.83922 15
9.84552 15
9.85183 15
9.85813 15
9.86443 16
9.87074 16
9.87704 16
9.88335 16
9.88965 16
9.89595 16
9.90226 16
9.90856 16
9.91487 16
9.92117 16
9.92747 16
9.93378 16
9.94008 16
9.94639 16
9.95269 16
9.95899 16
9.9653 17
9.9716 17
9.97791 17
9.98421 17
9.99051 17
9.99682 17
