5.91569 1
5.93733 2
5.95785 3
5.96409 4
5.97683 5
5.98956 6
5.99586 7
6.00217 8
6.00847 9
6.01478 9
6.02108 9
6.02752 9
6.03382 9
6.04013 9
6.04669 9
6.05299 9
6.05929 9
6.06584 9
6.07228 10
6.0787 10
6.08514 10
6.0917 10
6.09813 10
6.10468 10
6.11136 10
6.11779 10
6.12447 10
6.13103 10
6.13759 11
6.14427 11
6.15083 11
6.15751 11
6.16407 11
6.17062 11
6.17693 11
6.18334 11
6.18964 11
6.19595 11
6.20225 11
6.20855 11
6.21486 12
6.22116 12
6.22747 12
6.23377 12
6.24007 12
6.24638 12
6.25268 12
6.25899 12
6.26529 12
6.27159 12
6.2779 12
6.2842 12
6.29051 13
6.29681 13
6.30311 13
6.30942 13
6.31572 13
6.32203 13
6.32833 13
6.33463 13
6.34094 13
6.34724 13
6.35355 13
6.35985 13
6.36615 13
6.37246 13
6.37876 14
6.38507 14
6.39137 14
6.39767 14
6.40398 14
6.41028 14
6.41659 14
6.42289 14
6.42919 14
6.4355 14
6.4418 14
6.44811 14
6.45441 14
6.46071 14
6.46702 14
6.47332 15
6.47963 15
6.48593 15
6.49223 15
6.49854 15
6.50484 15
6.51115 15
6.51745 15
6.52375 15
6.53006 15
6.53636 15
6.54267 15
6.54897 15
6.55527 15
6.56158 15
6.56788 16
6.57419 16
6.58049 16
6.58679 16
6.5931 16
6.5994 16
6.60571 16
6.61201 16
6.61831 16
6.62462 16
6.63092 16
6.63723 16
6.64353 16
6.64983 16
6.65614 16
6.66244 16
6.66875 16
6.67505 17
6.68135 17
6.68766 17
6.69396 17
6.70027 17
6.70657 17
6.71287 17
6.71918 17
6.72548 17
6.73179 17
6.73809 17
6.74441 17
6.75093 17
6.75724 17
6.76354 17
6.76985 17
6.77615 17
6.78246 18
6.78876 18
6.79506 18
6.80137 18
6.80767 18
6.81398 18
6.82028 18
6.82658 18
6.83289 18
6.83919 18
6.84549 18
6.8518 18
6.8581 18
6.86441 18
6.87071 18
6.87701 18
6.88332 18
6.88962 18
6.89613 18
6.90243 19
6.90873 19
6.94051 8
8.04762 1
8.09528 2
8.11846 3
8.12489 4
8.14239 4
8.14869 4
8.155 4
8.1613 4
8.16761 5
8.17391 5
8.18021 5
8.18652 5
8.19282 5
8.19913 6
8.20543 6
8.21173 6
8.21804 6
8.22434 6
8.23065 6
8.23695 6
8.24325 7
8.24956 7
8.25586 7
8.26217 7
8.26847 7
8.27477 7
8.28108 7
8.28738 8
8.29369 8
8.29999 8
8.30629 8
8.3126 8
8.3189 8
8.32521 8
8.33151 8
8.33781 8
8.34412 9
8.35042 9
8.35673 9
8.36303 9
8.36933 9
8.37564 9
8.38194 9
8.38825 9
8.39455 9
8.40085 10
8.40716 10
8.41346 10
8.41977 10
8.42607 10
8.43237 10
8.43868 10
8.44498 10
8.45129 10
8.45759 10
8.46389 10
8.4702 11
8.4765 11
8.48281 11
8.48911 11
8.49541 11
8.50172 11
8.50802 11
8.51433 11
8.52063 11
8.52693 11
8.53324 11
8.53954 12
8.54585 12
8.55215 12
8.55845 12
8.56476 12
8.57106 12
8.57737 12
8.58367 12
8.58997 12
8.59628 12
8.60258 12
8.60889 12
8.61519 12
8.62149 13
8.6278 13
8.6341 13
8.64041 13
8.64671 13
8.65301 13
8.65932 13
8.66562 13
8.67193 13
8.67823 13
8.68453 13
8.69084 13
8.69714 13
8.70345 14
8.70975 14
8.71605 14
8.72236 14
8.72866 14
8.73497 14
8.74127 14
8.74757 14
8.75388 14
8.76018 14
8.76649 14
8.77279 14
8.77909 14
8.7854 14
8.7917 14
8.79801 15
8.80431 15
8.81061 15
8.81692 15
8.82322 15
8.82953 15
8.83583 15
8.84213 15
8.84844 15
8.85474 15
8.86105 15
8.86735 15
8.87365 15
8.87996 15
8.88626 15
8.89257 16
8.89887 16
8.90517 16
8.91148 16
8.91778 16
8.92409 16
8.93039 16
8.93669 16
8.943 16
8.9493 16
8.95561 16
8.96191 16
8.96821 16
8.97452 16
8.98082 16
8.98719 16
8.9935 16
8.9998 17
9.0061 17
9.01241 17
9.01871 17
9.02502 17
9.03132 17
9.03762 17
9.04393 17
9.05023 17
9.05654 17
9.06284 17
9.06914 17
9.07545 17
9.08175 17
9.08806 17
9.09436 17
9.10066 17
9.10697 18
9.11327 18
9.11958 18
9.12588 18
9.13218 18
9.13849 18
9.14479 18
9.1511 18
9.1574 18
9.1637 18
9.17001 18
9.17631 18
9.18262 18
9.18892 18
9.19522 18
9.20153 18
9.20783 18
9.21414 18
9.22044 18
9.22674 19
9.23305 19
9.23935 19
9.24566 19
9.25196 19
9.25826 19
9.26457 19
9.27087 19
9.27718 19
9.28348 19
9.28978 19
9.29609 19
9.30239 19
9.3087 19
9.315 19
9.3213 19
9.32761 19
9.33391 19
9.34022 19
9.34652 19
9.35282 20
9.35913 20
9.36543 20
9.37174 20
9.37804 20
9.38434 20
9.39065 20
9.39695 20
9.40326 20
9.40956 20
9.41586 20
9.42217 20
9.42847 20
9.43478 20
9.44108 20
9.44738 20
9.45369 20
9.45999 20
9.4663 20
9.4726 20
9.4789 21
9.48521 21
9.49151 21
9.49782 21
9.50412 21
9.51042 21
9.51673 21
9.52303 21
9.52934 21
9.53564 21
9.54194 21
9.54825 21
9.55455 21
9.56086 21
9.56716 21
9.57346 21
9.57977 21
9.58607 21
9.61119 9
9.73727 9
9.74358 9
9.74988 9
9.75619 9
9.76249 10
9.76879 10
9.7751 10
9.7814 10
9.78771 10
9.79401 10
9.80031 10
9.80662 10
9.81292 10
9.81923 10
9.82553 10
9.83183 11
9.83814 11
9.84444 11
9.85075 11
9.85705 11
9.86335 11
9.86966 11
9.87596 11
9.88227 11
9.88857 11
9.89487 11
9.90118 12
9.90748 12
9.91379 12
9.92009 12
9.92639 12
9.9327 12
9.939 12
9.94531 12
9.95161 12
9.95791 12
9.96422 12
9.97052 12
9.97683 12
9.98313 13
9.98943 13
9.99574 13
