5.00156 16
5.00787 16
5.01417 16
5.02047 16
5.02678 16
5.03308 16
5.03939 16
5.04569 16
5.05199 16
5.0583 17
5.0646 17
5.07091 17
5.07721 17
5.08351 17
5.08982 17
5.09612 17
5.10243 17
5.10873 17
5.11503 17
5.12134 17
5.12764 17
5.13395 17
5.14025 17
5.14655 17
5.15286 17
5.15916 17
5.16547 17
5.17177 18
5.17807 18
5.18438 18
5.19068 18
5.19699 18
5.20329 18
5.20959 18
5.2159 18
5.2222 18
5.22851 18
5.23481 18
5.24111 18
5.24742 18
5.25372 18
5.26003 18
5.26633 18
5.27263 18
5.27894 18
5.28524 18
5.29155 19
5.29785 19
5.30415 19
5.31046 19
5.31676 19
5.32307 19
5.32937 19
5.33567 19
5.34198 19
5.34828 19
5.35459 19
5.36089 19
5.36719 19
5.3735 19
5.3798 19
5.38611 19
5.39241 19
5.39871 19
5.40502 19
5.41132 20
5.41763 20
5.42393 20
5.43023 20
5.43654 20
5.44284 20
5.44915 20
5.45545 20
5.46175 20
5.46806 20
5.47436 20
5.48067 20
5.48697 20
5.49327 20
5.49958 20
5.50588 20
5.51219 20
5.51849 20
5.52479 20
5.5311 20
5.5374 20
5.54371 21
5.55001 21
5.55631 21
5.56262 21
5.56892 21
5.57537 21
5.58168 21
5.58798 21
5.59428 21
5.60059 21
5.60689 21
5.6132 21
5.6195 21
5.6258 21
5.63211 21
5.63841 21
5.64472 21
5.65102 21
5.65732 21
5.66363 21
5.66993 21
5.67624 22
5.68254 22
5.68884 22
5.69515 22
5.70145 22
5.70776 22
5.71406 22
5.72036 22
5.72667 22
5.73297 22
5.73928 22
5.74558 22
5.75188 22
5.75819 22
5.76449 22
5.7708 22
5.7771 22
5.7834 22
5.78971 22
5.79601 22
5.80232 22
5.80862 22
5.81492 22
5.82123 23
5.82753 23
5.83384 23
5.84014 23
5.84644 23
5.85282 23
5.85924 23
5.86554 23
5.87192 23
5.87831 23
5.88469 23
5.89108 23
5.89738 23
5.90368 23
5.90999 23
5.91629 23
5.9226 23
5.9289 23
5.9352 23
5.94151 23
5.94781 23
5.95412 23
5.96042 23
5.96672 23
5.97303 24
5.97933 24
5.98564 24
5.99194 24
5.99824 24
6.00455 24
6.01085 24
6.01716 24
6.02346 24
6.02976 24
6.03607 24
6.04237 24
6.04868 24
6.05498 24
6.06128 24
6.06759 24
6.07389 24
6.0802 24
6.0865 24
6.0928 24
6.09911 24
6.10541 24
6.11172 24
6.11802 24
6.12432 25
6.13063 25
6.13693 25
6.14324 25
6.14954 25
6.15584 25
6.16215 25
6.16845 25
6.17476 25
6.18106 25
6.18736 25
6.19367 25
6.19997 25
6.20628 25
6.21258 25
6.21888 25
6.22519 25
6.23149 25
6.2378 25
6.2441 25
6.2504 25
6.25671 25
6.26301 25
6.26932 25
6.27562 25
6.28192 25
6.28823 26
6.29453 26
6.30084 26
6.30714 26
6.31344 26
6.31975 26
6.32605 26
6.33236 26
6.33866 26
6.34496 26
6.35127 26
6.35757 26
6.36388 26
6.37018 26
6.37648 26
6.38279 26
6.38909 26
6.3954 26
6.4017 26
6.408 26
6.41431 26
6.42061 26
6.42692 26
6.43322 26
6.43952 26
6.44583 26
6.45213 26
6.45844 27
6.46474 27
6.47104 27
6.47735 27
6.48365 27
6.50816 12
6.67244 12
6.67874 12
6.68505 12
6.69135 12
6.69766 12
6.70396 12
6.71026 13
6.71657 13
6.72287 13
6.72918 13
6.73548 13
6.74178 13
6.74809 13
6.75439 13
6.7607 13
6.78552 5
6.87385 5
6.88015 5
6.90529 2
6.93084 2
6.94795 2
6.95425 3
6.97154 3
6.97784 3
6.98415 4
6.99497 4
7.00128 4
7.00758 4
7.01389 4
7.02019 5
7.02649 5
7.0328 5
7.03919 5
7.0455 5
7.05214 6
7.05845 6
7.06475 6
7.07105 6
7.07736 6
7.08366 6
7.08997 7
7.09627 7
7.10257 7
7.10888 7
7.11518 7
7.12149 7
7.12779 7
7.13409 7
7.1404 8
7.1467 8
7.15301 8
7.15931 8
7.16561 8
7.17192 8
7.17822 8
7.18453 8
7.19083 9
7.19713 9
7.20344 9
7.20974 9
7.21605 9
7.22235 9
7.22865 9
7.23496 9
7.24126 9
7.24757 9
7.25387 10
7.26017 10
7.26648 10
7.27278 10
7.27909 10
7.28539 10
7.29169 10
7.298 10
7.3043 10
7.31061 10
7.317 11
7.32331 11
7.35469 4
7.42407 4
7.43038 4
7.43668 4
7.44298 4
7.44929 5
7.45559 5
7.4619 5
7.48703 2
7.51218 2
7.5288 2
7.53511 3
7.55062 3
7.55718 3
7.56361 4
7.5733 4
7.57976 4
7.58631 4
7.59287 4
7.59917 5
7.6056 5
7.61203 5
7.61858 5
7.62514 5
7.63145 6
7.638 6
7.6443 6
7.6506 6
7.65691 6
7.66321 6
7.66952 7
7.67582 7
7.68212 7
7.68843 7
7.69473 7
7.70104 7
7.70734 7
7.71364 7
7.71995 8
7.72625 8
7.73256 8
7.73886 8
7.74516 8
7.75147 8
7.75777 8
7.76408 8
7.77038 9
7.77668 9
7.78299 9
7.78929 9
7.7956 9
7.8019 9
7.8082 9
7.81451 9
7.82081 9
7.82712 9
7.83342 10
7.83972 10
7.84603 10
7.85233 10
7.85864 10
7.86494 10
7.87124 10
7.87755 10
7.88385 10
7.89016 10
7.91541 4
7.9722 4
7.9785 4
7.9848 4
7.9911 4
7.99741 5
8.00371 5
8.01002 5
8.01632 5
8.02262 5
8.02893 6
8.03523 6
8.04154 6
8.04784 6
8.05414 6
8.06045 6
8.06675 6
8.07306 7
8.07936 7
8.08566 7
8.12331 2
9.14838 1
9.17219 2
9.20215 2
9.21892 2
9.2256 3
9.24237 3
9.24918 3
9.25548 4
9.26545 4
9.27287 4
9.27917 4
9.2856 4
9.2919 5
9.29821 5
9.30451 5
9.31082 5
9.31712 5
9.32342 6
9.32973 6
9.33603 6
9.34234 6
9.34864 6
9.35494 6
9.36125 7
9.36755 7
9.37386 7
9.38016 7
9.38646 7
9.39277 7
9.41816 2
