5.44807 1
5.49625 2
5.51993 3
5.52624 4
5.54312 5
5.54943 6
5.55573 7
5.56228 8
5.56859 9
5.57489 10
5.58119 11
5.5875 12
5.5938 13
5.60011 14
5.60641 15
5.61271 16
5.61902 17
5.62532 18
5.63163 19
5.63793 20
5.64423 21
5.65054 22
5.65684 23
5.66315 24
5.66945 25
5.67601 26
5.73298 27
5.85908 28
5.98524 29
6.11132 30
6.2374 31
6.36348 32
6.45185 22
6.64721 23
6.71025 24
6.81742 25
6.96241 26
7.12633 27
7.29659 28
7.4731 29
7.65592 30
7.80705 21
7.99004 22
8.10961 15
8.24193 16
8.45002 17
8.80316 18
8.96713 12
9.07424 13
9.18145 14
9.35165 15
9.39596 10
9.49057 11
9.547 7
9.64128 8
9.95673 9
