0	0	0	0	0	0	0	0	0	0	0	0	0	0	0	0	0	0	0	0	0	0	0	0	0	0	0	0	0	0	0	0	0	0	0	0	0	0	0	0	0	0	0	0	0	0	0	0	0	0	0	0	0	0	0	0	0	0	0	0	0
1	5784	5784	8676	8676	8676	5784	8676	8676	8676	8676	8676	5784	8676	8676	8676	8676	8676	8676	8676	4338	8676	5784	5784	8676	4338	8676	8676	8676	8676	8676	8676	5784	5784	8676	5784	8676	8676	8676	5784	5784	8676	5784	5784	8676	5784	5784	5784	8676	7230	7230	5784	5784	5784	4338	8676	8676	4338	8676	8676	7230
2	53502	40488	78084	79530	60732	44826	52056	66516	62178	60732	63624	50610	50610	69408	59286	63624	62178	65070	59286	33258	59286	40488	53502	62178	27474	62178	46272	60732	44826	60732	70854	40488	41934	46272	34704	50610	50610	52056	40488	40488	50610	41934	44826	50610	40488	40488	40488	57840	41934	41934	36150	40488	41934	27474	44826	60732	27474	59286	60732	53502
3	167736	147492	193764	195210	174966	25122	13099	33714	35882	42645	33655	13258	29728	44742	27668	32417	177858	35824	35534	1446	49584	27054	29132	32545	89652	161952	27290	32777	32266	159060	170628	115680	133032	135924	20449	25955	25415	25875	28636	28709	34526	131586	28925	143154	111342	25632	111342	42277	21444	26115	18866	107004	28709	13117	23846	157614	13947	156168	159060	150384
4	287754	267510	313782	316674	296430	28535	16494	37447	39617	46365	37394	16869	33227	48427	31530	36169	297876	39513	39249	5784	52850	30656	33073	36283	183642	277632	28845	34385	33837	273294	284862	231360	248712	250158	22302	27512	27080	27588	30191	30329	36227	245820	30533	258834	224130	27436	224130	43911	22855	27588	20457	221238	30329	14627	25369	273294	15375	270402	274740	266064
5	409218	388974	435246	436692	416448	31969	20142	41290	43457	49930	41192	20754	36729	51887	35142	39929	419340	43265	42881	10153	55998	34421	36871	39981	59786	397650	30661	16247	15456	62218	62941	62677	61954	62677	10050	12628	12442	29269	14187	14187	16037	61334	14623	62119	61368	12461	344148	21347	10258	12628	22028	62185	32061	6145	27191	62941	6828	61954	62677	61954
6	530682	508992	556710	558156	537912	35302	10838	44893	47067	53213	44803	24443	40128	55058	38790	43553	540804	46891	46450	13831	59010	38030	40565	43601	62279	62677	33385	19083	18072	64877	65602	64970	64365	64746	12478	15188	15035	32048	6548	16629	18796	64025	17245	64813	30664	14910	465612	24099	12645	15188	24704	64877	16232	8722	29887	31479	8979	64205	65162	64109
7	650700	630456	676728	679620	657930	38504	13894	48268	50458	56306	48141	27864	43257	58050	42118	46891	660822	50253	49718	16960	61810	41369	43899	46935	64840	65322	35844	21739	20454	67465	68152	67522	66938	67276	14785	17490	17478	34661	9007	18974	21296	66578	19729	67372	33202	17490	585630	26641	14785	17490	27267	67434	18741	10679	32485	34199	11455	66783	67732	66690
8	770718	750474	796746	799638	777948	41408	16508	51379	53560	59232	51221	30973	46174	60888	45246	49966	780840	53326	52741	19589	64482	44364	47082	50007	67119	67792	38197	24017	22769	69889	70553	69915	69355	69652	16897	19838	19829	37146	10912	21157	23616	69007	22026	69773	35498	19520	707094	29033	17142	19733	29325	69802	20949	13148	34649	36545	13474	69205	70147	69145
9	890736	869046	916764	918210	897966	44167	19198	54271	56450	62020	54121	33978	48915	63605	48081	52858	900858	56191	55599	22184	67051	47254	49980	52858	69290	70147	40412	26411	24785	72206	72903	72203	71629	71858	18882	22124	21831	39262	13019	23313	25888	71264	24363	72006	37652	21454	828558	31173	19102	22030	31379	72035	23123	15354	36854	38856	15632	71513	72511	71484
10	1009308	989064	1035336	1036782	1016538	46629	21745	56980	59193	64653	56837	36737	51467	66202	50800	55562	1019430	58913	58248	24842	69524	49977	52753	55525	71334	72371	42461	28459	26802	74418	75154	74359	73802	73967	20777	24108	24013	41419	15379	25367	27900	73421	26333	74110	39741	23495	948576	33300	21076	24021	33430	74138	25110	17396	38880	41036	17760	73690	74776	73718
11	1129326	1107636	1153908	1156800	1136556	49048	24281	59531	61752	67186	59392	39353	53899	68703	53338	58108	1139448	61453	60773	27543	71908	52477	55315	58072	73321	74471	44416	30504	28822	76507	77260	76396	75859	75937	22695	26098	25930	43421	17056	27112	29914	75464	28387	76156	41726	25534	1070040	35237	23060	25858	35479	76183	27102	19113	40804	43054	19762	75778	76936	75805
12	1247898	1227654	1273926	1275372	1255128	51354	26416	62004	64201	69595	61807	41804	56260	71115	55796	60569	1258020	63913	63204	29791	74239	54939	57760	60535	75260	76477	46376	32547	30504	78518	79295	78359	77842	77865	24377	28021	27789	45425	19133	29039	31865	77435	30162	78076	43572	27572	1190058	37297	24800	27647	37358	78102	28885	20787	42787	45028	21676	77790	78983	77868
13	1367916	1346226	1393944	1395390	1375146	53639	28682	64318	66562	71890	64127	44257	58488	73473	58119	62874	1378038	66190	65446	32204	76469	57217	60138	62841	77042	78411	48167	34467	32547	80467	81264	80283	79740	79737	26109	29748	29741	47342	21104	30844	33702	79282	32033	79948	45386	29113	1311522	39194	26661	29326	39092	79948	30699	22797	44634	46918	23253	79688	80964	79792
14	1486488	1466244	1512516	1513962	1493718	55748	30913	66582	68811	74110	66366	46537	60632	75703	60342	65129	1496610	68421	67671	34266	78638	59447	62389	65065	78825	80309	49939	36285	34165	82292	83139	82064	81542	81464	27807	31512	31439	49057	22813	32420	35559	81126	33800	81767	47172	31114	1432986	40902	28399	31114	40906	81767	32538	24213	46272	48694	25310	81517	82864	81642
15	1606506	1586262	1632534	1633980	1613736	57821	33056	68770	71016	76237	68531	48667	62704	77900	62521	67306	1616628	70581	69798	36323	80782	61629	64563	67213	80512	82089	51645	37961	35941	84122	84959	83879	83367	83239	29477	33182	33238	50879	24570	34227	37212	82851	35478	83492	48852	32550	1554450	42735	30035	32741	42446	83467	34218	26275	48112	50524	26905	83342	84695	83492
16	1726524	1704834	1752552	1753998	1733754	59822	35008	70860	73098	78310	70629	50826	64708	80006	64595	69381	1736646	72678	71886	38377	82832	63698	66665	69291	82187	83855	53338	39826	37300	85826	86711	85559	85034	84887	30988	34949	34823	52477	26131	35826	39007	84587	37189	85178	50515	34350	1674468	44351	31586	34470	44214	85178	35933	27663	49720	52176	28772	85010	86471	85202
17	1845096	1824852	1872570	1874016	1852326	61720	36967	72863	75126	80286	72640	52896	66650	82022	66634	71364	1855218	74721	73882	40429	84833	65703	68731	71277	83781	85511	54942	41407	39038	87536	88408	87212	86714	86495	32685	36402	36509	54217	27977	37412	40518	86195	38826	86810	52087	36002	1795932	45998	33126	36174	45732	86810	37405	29340	51274	53850	30182	86714	88178	86930
18	1965114	1944870	1991142	1992588	1972344	63594	38880	74818	77070	82217	74600	54929	68536	83983	68551	73322	1975236	76692	75801	42478	86801	67650	70678	73238	85317	78388	56499	43026	40701	89169	90064	82916	88341	88086	34175	38127	37958	55756	29355	39038	39042	87798	37596	88387	53652	37359	1915950	47592	34657	37524	47157	88364	39032	31127	52898	55509	31987	88341	89880	88525
19	2085132	2064888	2111160	2112606	2092362	65447	40600	76762	78982	84098	76493	56919	70373	85903	70446	75234	2095254	78566	77682	44432	88701	69570	72576	75153	86997	43150	27366	44863	42102	90917	91817	43186	42994	89765	35603	39827	17827	57505	31075	40599	20460	89500	19086	90112	55317	39145	62211	49297	36295	39251	22538	42766	40695	32562	54551	26504	15028	90066	91619	90296
20	2205150	2183460	2231178	2232624	2212380	67214	42544	78608	80863	85922	78349	58772	72197	87771	72352	77097	2215272	80412	79528	46032	90564	71431	74480	76989	88774	45028	29203	46760	44166	92743	93643	45062	44924	91597	37586	41758	19612	59342	32830	42445	22313	91388	20961	91951	57186	40855	63942	51111	38080	40906	24144	44614	42488	34601	56451	28325	16862	91929	93445	92149
21	2323722	2303478	2351196	2352642	2332398	68962	44214	80428	82663	87720	80169	60568	73905	89565	74116	78904	2335290	82213	81313	47968	92340	73219	76296	78800	90568	46874	30864	48584	45866	94569	95450	46774	46730	93357	39152	43363	21440	61224	34795	44072	24022	93192	22588	93755	58926	42787	65815	53013	39938	42787	26052	46388	44254	36013	58109	30172	18404	93733	95282	93975
22	2443740	2423496	2469768	2472660	2450970	70640	46092	82178	84430	89445	81904	62444	75634	91362	75864	80663	2453862	83974	83063	49664	94122	74973	78055	80538	92211	48694	32631	50336	47595	96313	97172	48597	48511	95093	40964	45278	22942	62916	36311	45866	25859	94952	24279	95473	60650	44355	67427	54701	41465	44355	27453	48093	45995	38084	59890	31912	20445	95494	97004	95746
23	2563758	2543514	2589786	2592678	2570988	72343	47596	83941	86158	91181	83654	64136	77281	93078	77613	82388	2573880	85702	84766	51420	95844	76701	79823	82263	93861	50401	34245	52113	49089	98035	98915	50226	50185	96731	42453	46717	24776	64690	38204	47464	27344	96616	25937	97153	62292	45912	69078	56449	43226	46092	29214	49786	47589	39474	61488	33561	21826	97195	98726	97468
24	2683776	2663532	2709804	2711250	2691006	73939	49342	85597	87855	92831	85334	65910	78925	94794	79277	84070	2693898	87395	86446	53002	97503	78367	81496	83950	95490	52096	35786	53790	50746	99708	100587	51925	51805	98348	43985	48456	26085	66199	39590	49005	28970	98233	27646	98770	63861	47682	70752	57963	44732	47811	30875	51376	49252	40968	63073	35132	23658	98854	100407	99169
25	2803794	2783550	2829822	2831268	2811024	75505	50911	87248	89511	94459	86990	67550	80558	96444	80946	85678	2813916	89028	88062	54842	99183	80005	83171	85582	52652	53660	37319	55377	52312	101308	102227	24582	53494	99927	45513	50050	27784	38440	41130	50664	30575	99837	29041	100328	65396	49258	72283	27474	46143	49174	32257	29035	50741	18798	30366	36805	25275	100448	102067	94510
26	107375	2903568	2949840	2951286	2931042	77125	52469	88881	91156	96082	88606	69230	82083	98061	67938	66843	106675	90661	89649	56253	67861	81621	84798	87211	47983	26511	39108	57280	54132	102988	103887	26379	55278	49580	47251	24193	29526	33528	19877	52351	32422	101517	31046	101988	67287	50911	74019	29163	48161	51074	34194	26221	25052	21063	32095	38673	27102	102128	103727	49580
27	63370	3025032	3071304	3072750	3052506	78931	25497	90675	92894	47157	90400	33665	40539	47910	40450	43102	62680	92410	43852	58271	49412	83496	41549	88982	49927	28550	41124	59403	56080	104643	105497	28428	57364	51540	49306	26177	31566	35571	21877	25660	34470	50040	33055	103668	69303	52820	75960	31162	50138	53015	36084	28282	26972	23048	34102	40759	29101	103788	105345	51660
28	65850	3145050	3192768	3194214	3173970	81064	28208	44756	45424	49678	44463	36447	43066	50555	19982	45758	65197	45424	46510	60761	52140	40998	44299	90914	52074	30859	43282	61752	58248	106220	107093	30611	28263	24463	51399	28389	33668	17366	23967	11952	36687	52264	35066	51020	71434	54931	37502	15184	24620	55193	16375	30407	29052	25041	36226	42985	31302	105403	106941	54006
29	68422	3266514	3312786	3314232	3293988	83139	30882	47667	48378	52586	47346	39454	45860	53495	22810	48694	67765	48378	49396	63518	55069	43829	47238	92740	54323	33256	45566	64137	60501	107816	108670	32838	30525	26427	53527	30574	36164	19623	26209	14198	38933	54428	37413	53080	73641	57137	39652	17245	26571	57461	18415	32648	31323	27344	38394	45237	33358	106999	108518	56475
30	70872	3386532	3434250	3435696	3415452	85175	33588	50446	51161	55267	50103	42241	48492	56278	25483	51416	70237	51121	52045	66117	57808	46578	50044	94566	56414	35432	47694	66376	62610	109393	110237	35040	32695	28473	55568	32677	38335	21740	28417	16130	41208	56624	39515	55143	75757	59229	41740	19409	28608	59544	20352	34803	33500	29397	40547	47470	35585	108576	110093	58656
31	73239	3507996	3554268	3557160	3536916	87166	36148	53041	53760	57857	52636	44948	50946	58925	27975	53964	72626	53722	54600	68620	60421	49252	52659	96352	58354	37590	49648	68511	64617	110922	111749	37110	34726	30516	57610	34649	40389	23668	30397	17968	43267	58695	41558	57232	77796	61182	43679	21353	30642	61588	22400	36774	35545	31314	42493	49557	37625	110148	111605	60795
32	75505	3629460	3675732	3677178	3656934	89075	38374	55550	56310	60298	55093	47502	53322	61431	30397	56471	74914	56199	57040	71063	62895	51628	55114	98095	60264	39526	51605	70552	66531	112434	113243	39070	36703	32558	59514	36686	42292	25612	32126	19634	45186	60663	43555	59251	79720	63073	45626	23313	32677	63434	24104	38644	37366	33119	44400	51518	39508	111660	113099	62829
33	77709	3749478	3797196	3798642	3778398	91003	40732	57880	58641	62611	57472	49880	55558	63796	32703	58793	77155	58536	59344	73395	65246	53976	57528	99826	62017	41469	53494	72538	68331	113928	114737	40885	38629	34357	61221	38558	44019	27341	34009	21461	47113	62635	45416	61033	81522	64938	47449	25037	34289	65226	25773	40528	39258	35126	46315	53526	41501	113154	114593	64830
34	79841	3870942	3917214	3920106	3898416	92829	42960	60149	60883	64842	59729	52188	57744	66077	34913	61065	79298	60781	61597	75628	67510	56224	59817	101506	63850	43325	55204	74386	70175	115422	116245	42720	40361	35951	63078	40243	45860	29039	35966	23143	48922	64418	47201	62796	83322	66625	49201	26647	36116	67090	27793	42377	40964	36743	47981	55308	43404	114648	116105	66706
35	81939	3992406	4038678	4040124	4019880	94633	45122	62334	63080	66997	61894	54432	59817	68252	37045	63256	81392	62981	63731	77828	69670	58349	61979	103166	65478	45103	56968	76179	71828	116892	117656	44477	42167	37861	64623	42103	47632	30978	37491	24793	50665	66183	48964	64638	85015	68362	50896	28460	37743	68692	29181	44007	42698	38559	49802	57033	44949	116160	117520	68470
36	83975	4112424	4160142	4161588	4141344	96374	47184	64446	65201	69052	63987	56592	61814	70389	39114	65340	83467	65073	65797	79908	71788	60429	64069	104812	67183	46858	58574	77916	73490	118303	119067	46165	43805	39364	66289	43603	49294	32420	39220	26261	52352	67844	50624	66210	86671	70002	52494	30093	39515	70408	31044	45715	44408	39983	51392	58813	46754	117572	118931	70251
37	85943	4233888	4280160	4283052	4261362	98117	49158	66458	67252	71075	66014	58664	63781	72437	41079	67356	85442	67066	67771	81928	73815	62474	66124	106408	68752	48551	60240	79606	75099	119714	120495	47794	45521	40964	67947	45232	50823	34105	40774	28024	54019	69524	52234	67810	88277	71539	54043	31838	40906	72003	32675	47272	45918	41608	53014	27474	48406	118983	120359	71875
38	87902	4355352	4401624	4403070	4382826	99827	51018	68410	69179	73043	67981	60701	65690	74425	43047	69339	87398	68999	69721	83893	75790	64485	68117	107985	70321	50141	61795	81238	76665	121125	121906	49410	47082	42746	69387	46981	52620	35768	42270	29471	55600	71067	53905	69520	89841	73099	55623	33553	42397	73491	34043	48906	47471	43363	54588	29775	49880	120394	121770	73563
39	89788	4475370	4523088	4524534	4504290	101487	52844	70367	71111	74911	69866	62606	67487	76351	44929	71207	89307	70966	71664	85789	77698	66372	70055	109543	33258	24206	29923	53956	78254	67448	92727	51018	34994	44267	55469	48456	24835	37189	43998	30848	57281	33258	29736	33568	42866	74722	26267	34947	44214	75127	35593	50526	49180	32174	56154	31340	51668	70340	59321	35427
40	91663	4596834	4643106	4644552	4624308	49626	25713	72331	73078	36549	33998	30268	69467	37542	21361	34406	43854	34526	34406	87685	38306	68327	33998	53657	15857	11595	14187	18755	38252	60761	61267	53390	24372	46413	34962	50706	27003	39618	46291	33121	28441	36113	27436	35841	21151	76774	11925	37301	21151	37000	37906	52805	51439	22020	27442	14888	25333	59991	61339	37750
41	93489	4718298	4764570	4766016	4745772	52421	28623	74655	75404	39600	37092	33524	71882	40669	24369	37520	46996	37575	37355	89594	41425	70809	37092	56578	18072	14198	16629	21355	40770	63486	63994	56066	26966	49096	37427	53327	29505	42200	48813	35598	31095	38718	30109	38464	23662	78957	14322	39930	23574	39496	40293	55400	53986	24612	29837	17472	27986	62709	64062	40555
42	95324	4838316	4886034	4887480	4867236	55332	31657	76924	77638	42673	40100	36716	74242	43807	27346	40547	50228	40649	40394	91478	44511	73178	40204	59490	20352	16640	18974	23933	43091	66024	66579	58515	29331	51439	39788	55785	32135	44725	51170	37966	33475	41106	32370	40868	25768	81089	16494	42494	25768	41889	42738	57807	56456	26797	32183	19824	30270	65225	66613	43033
43	97067	4959780	5006052	5007498	4987254	58064	34481	79102	79796	45491	42991	39700	76499	46732	30166	43457	53184	43505	43265	93326	47391	75473	43135	62263	22493	18875	21058	26097	45293	68410	68978	60863	31714	53720	41968	58073	34262	46936	53460	40245	35754	43457	34781	43183	28012	83164	18523	44587	27788	44055	45001	60081	58674	29033	34426	22110	32712	67581	69070	45467
44	98810	5081244	5127516	5128962	5108718	60629	37034	81228	81920	48139	45698	42473	78692	49440	32868	46135	55946	46225	45865	95147	50104	77730	45833	64921	24447	20770	23133	28389	47391	70657	71264	63060	33866	55864	44037	60230	36376	49173	55615	42301	37950	45640	36922	45289	30018	85151	20450	46804	29880	46166	47112	62268	60813	31173	36532	24181	34743	69798	71411	47730
45	100527	5201262	5247534	5250426	5230182	63097	39474	83328	83981	50732	48252	45120	80834	52087	35422	48668	58611	48794	22409	96890	52715	79888	48510	67507	26411	9621	25037	13488	49439	72835	73477	65182	36005	57934	45968	62314	17605	51273	57692	44357	40024	47766	38944	47388	32027	87119	22489	48921	31832	48182	49089	64350	62913	33112	38575	26323	36830	71944	73619	49891
46	102187	5322726	5368998	5370444	5350200	65470	42015	85333	85973	53157	50799	47749	82909	54640	37855	51232	61160	51272	24792	98654	55242	81984	50963	69959	28386	11606	27035	15375	51446	74953	75599	67295	38022	59929	47951	64394	19623	53326	59733	46319	42093	49802	40968	49395	34100	89029	24358	50992	33917	50199	50992	66365	64943	34942	40565	28377	38858	74050	75790	51998
47	103847	5442744	5490462	5491908	5471664	67754	44270	87317	87953	55549	53142	50114	64685	57042	40244	53599	63637	53714	27117	100358	57617	84019	53415	72329	30368	13293	29039	17295	53417	76978	77670	69250	39934	61791	49773	66346	21450	55229	61667	48071	44063	51712	43037	51404	35937	90915	26328	52936	35937	52139	52780	68290	66847	36905	42461	30221	40885	76071	77880	54023
48	105478	5564208	5610480	5613372	5593128	70052	46638	89226	89862	57916	55610	52608	42339	27967	42692	55969	66078	56043	29328	102018	60037	41699	55832	74625	31837	15204	30641	19129	55205	78946	79620	71121	41910	63631	51604	68182	23402	57136	63575	50011	45949	53599	44781	53220	37848	92697	28013	54892	37628	53929	54702	70222	68757	38770	44275	32153	42720	77994	79882	56011
49	107055	5685672	5731944	5733390	5713146	72391	48973	91148	91734	60353	58047	25469	44764	30525	45095	58493	32394	26906	31841	103698	47349	44158	58328	36150	33799	17142	32420	20803	56969	80828	81526	73003	43653	65514	53337	69973	25037	42933	65367	24120	25433	55414	46594	55055	17352	94479	29741	56740	39353	55734	56450	72020	70558	40443	46106	33974	25667	79866	81803	57897
50	108632	5805690	5853408	5854854	5834610	74741	51762	92974	93582	63093	60851	28404	47414	33323	47941	61283	35337	29627	34591	105318	32003	46974	61157	38913	35535	18882	34288	22811	58855	82728	83501	74872	45600	67312	55129	71887	26881	28876	67196	25789	23266	57352	48551	56931	19072	96248	31571	58563	41404	57556	58178	73843	72404	42197	47866	35875	22020	81763	83797	59826
51	110219	5927154	5973426	5976318	5954628	76982	54521	94800	95392	65745	63603	31261	50085	36133	50748	64009	38214	32375	37360	106895	34801	49798	63891	41740	37300	20575	35942	24568	60581	84613	85379	76735	47468	69117	56895	73687	28823	30624	69065	27658	25074	59123	50264	58713	20749	97970	33238	60399	42879	59321	60059	75682	74224	44163	49606	37680	23750	83638	85693	61691
52	111713	6048618	6094890	6096336	6076092	79158	57145	96575	97135	68260	66200	33996	52659	38790	53406	66593	40938	34965	39932	108491	37498	52425	66479	44337	38985	22418	37797	26288	62357	86413	87200	78478	49177	70848	58573	75451	30369	32403	70769	29123	26840	60909	52082	60443	22391	99687	34942	62181	44860	61033	61653	77437	75942	45683	51405	39403	25361	85414	87547	63534
53	113207	6168636	6216354	6217800	6197556	81282	59587	98318	98899	70686	68671	36527	55040	41324	55934	69081	43489	37485	42349	110067	39960	54926	68971	46877	40599	24119	39356	28123	63956	88191	88971	80246	50914	72572	60205	77125	32163	34029	72523	30922	28493	62577	53723	62191	24008	101307	36566	63849	46223	62697	63336	79128	77662	47417	52987	41101	27183	87165	89341	65262
54	114719	6290100	6336372	6339264	6317574	83332	61926	100038	100591	73031	71055	38944	57348	43664	58285	71451	45941	39895	44727	111561	42326	57312	71374	49201	42102	25707	40956	29705	65581	89870	90696	81903	52550	74112	61795	78827	33677	35696	51389	32558	30125	64297	55423	63827	25521	69248	38068	65539	47936	64286	65065	80753	79274	49087	54676	42780	28745	88844	91082	67001
55	116211	6411564	6457836	6459282	6439038	85337	64146	101698	102251	75277	73332	41269	59504	45971	60571	73714	48225	42118	46982	113073	44568	59609	73668	51499	43884	27430	42690	31472	67255	91610	92422	83603	54326	75834	63411	80464	35478	37345	35532	34053	31803	65880	57073	31109	27102	49835	39875	31815	49633	65962	66531	82478	80969	50621	56314	44489	30431	90592	92842	68726
56	117622	6531582	6579300	6580746	6560502	87298	66292	103338	103891	77437	75513	43517	61616	48167	62777	75882	50486	44275	49133	114567	46786	61748	75864	53663	45461	29051	44213	33081	68882	93348	94182	85309	55973	77480	65043	82164	36965	39027	37130	35777	33457	67671	58852	32799	28813	51664	41404	33345	51111	67630	68241	84133	82669	52389	57976	46220	32222	92278	94624	70470
57	119050	6653046	6699318	6700764	6680520	89184	68370	104957	105482	79518	77639	45651	63653	50349	64843	77994	52650	46376	51195	116061	48904	63813	78003	55771	46936	30787	45911	34734	70505	95042	95881	86965	57644	79092	66665	83831	38611	40742	38717	37310	35033	69261	60408	34345	30290	53201	42927	35045	52896	69220	69914	85741	84244	53903	59589	47933	33734	93950	96323	72151
58	120461	6774510	6820782	6822228	6801984	91086	70387	106534	107040	81503	79641	47734	65628	52363	66905	80022	54689	48382	53172	117495	50934	65876	80031	57772	48627	32429	47464	36310	72100	96659	87787	88559	59267	71121	68191	85391	40395	42191	40393	38728	36654	70900	61992	35881	31828	54580	44584	36609	50610	63277	71335	87386	85852	55376	61124	49420	35531	95596	98003	73831
59	121872	6894528	6942246	6943692	6923448	92890	72351	108092	108617	83478	81596	49729	67487	54334	68873	82013	56692	50349	55120	118906	52881	67847	82021	59741	23235	14479	22782	38149	35120	98360	47609	90307	28925	39440	33231	87143	42004	44110	42051	18755	38475	72706	30405	37685	33606	56442	46223	38432	25955	33937	73070	42620	42204	57243	29910	51388	37073	97276	99718	36180
60	123283	7015992	7062264	7063710	7043466	94694	74227	109669	110169	85357	83521	51642	69347	56277	70786	83926	58656	52245	57030	120317	54800	69736	83958	61608	25294	16503	24795	40417	37186	100078	49817	92160	31073	41537	35172	89075	44072	46264	44164	20660	40572	74802	32390	39773	35643	58450	48280	40583	27962	35957	75099	44706	44311	59297	31926	53478	39247	99019	101378	38403
61	124611	7137456	7183728	7185174	7164930	96453	76026	111165	111663	87202	85374	53569	71157	58119	60732	85750	60557	54106	58845	121711	56689	71592	85806	63454	27197	18529	26656	42466	39142	101738	51966	94008	33081	43487	37124	90981	46091	48233	46179	22588	42615	76827	34441	41806	37625	60323	50211	42528	29902	37922	77043	46654	46320	61214	33943	55521	41254	100706	103038	40504
62	125939	7257474	7303746	7306638	7284948	98196	77873	112659	113157	89019	87218	55460	34706	60036	36054	87625	62433	55944	60707	123115	58513	73458	87678	65310	28975	20353	28541	44421	40903	103418	53955	95798	34913	45443	39030	92785	47982	50125	48109	24193	44517	78722	36374	43695	39350	62206	52111	44433	31918	39840	78930	48652	48201	63038	35788	57492	43263	102386	104710	42452
63	127267	7378938	7425210	7426656	7406412	99922	79745	114153	114651	90905	89081	57361	36455	61894	37904	89488	64350	57832	62546	124443	60385	75311	89564	67171	30647	22120	30375	46291	42832	105052	55871	97541	36877	47183	40693	94589	50008	51907	49925	26097	46338	80613	38156	45460	41151	64034	53789	46258	33566	41571	80713	50442	50012	64968	37597	59329	45228	104046	106287	44313
64	128595	7498956	7546674	7548120	7527876	101602	81521	115665	116145	92688	90943	59272	38232	63731	39720	91332	66241	59694	64363	125787	62266	77147	91427	69010	32489	24018	31909	48043	44493	106629	57725	99263	38635	48989	42437	96332	51633	53823	51632	27646	48174	82388	39908	47287	42876	65656	55598	48098	35314	43327	82438	52176	51837	66592	39269	61075	46801	105648	107864	46187
65	129923	7620420	7666692	7669584	7649340	103242	83321	117087	117557	94470	92725	61088	39929	65549	41455	93092	68050	61430	66130	127099	63996	78952	93209	70831	34049	25693	15304	49944	46224	108225	59520	100918	40315	50648	44017	98054	53482	55409	53404	29325	49905	84118	41636	48920	44535	31815	57243	49707	36922	44921	84118	53888	53486	68360	40924	62903	48751	107225	109460	47945
66	131201	7741884	7788156	7789602	7769358	104885	85014	118498	118968	96197	94463	62916	41606	67347	43264	94874	69816	63214	67853	128427	65806	80709	94991	72527	35657	27341	16738	51650	47808	109802	61329	102578	42123	52375	45725	99767	55081	57275	55044	30845	51612	85822	43342	50704	46220	33469	58877	51581	38732	46684	85750	55583	55233	69884	42659	64581	50252	108802	110985	49683
67	132446	7861902	7909620	7911066	7890822	106443	86718	119892	120362	97877	96170	64626	43265	69031	44907	96562	71614	64883	69563	129739	67479	82409	96695	74263	37362	29039	18290	53382	49466	111291	63017	104218	43669	53927	47282	101387	56848	58803	56704	32613	53228	87510	44982	52272	47933	34927	60568	53081	40098	48252	87372	57229	56780	71595	44230	66279	52111	110344	112479	51398
68	133691	7983366	8029638	8031084	8010840	108020	88345	121303	121773	99557	97829	66323	44862	70736	46538	98221	73255	66603	71192	131043	69189	84067	98375	75925	38830	30709	19929	54946	51032	112767	64692	105812	45297	55510	48832	102987	58283	60428	58318	34106	54872	89097	46610	53904	49378	36552	62081	54767	41669	49773	88936	58828	58357	73209	45793	67997	53598	111838	113973	53058
69	134936	8104830	8151102	8152548	8132304	64413	89955	122697	123157	57087	99488	68010	46405	72380	48195	99866	74926	68191	72820	132288	70801	85675	100012	77542	40399	13737	21440	26504	52624	114279	31289	51100	47043	57266	22964	50297	60059	62143	59991	35595	25713	90776	48222	25387	23582	16878	29992	56549	43517	51484	90569	60487	60131	74720	21652	32727	26195	113332	55893	54745
70	136196	8224848	8272566	8274012	8253768	53979	91669	124059	124501	49954	101112	32727	21786	34764	22506	101506	36207	32599	34824	61954	33382	41261	101672	79258	42596	15858	23481	12775	54816	115773	33593	53392	22782	27137	25046	52353	29277	30745	62181	14460	27888	44572	23413	27512	25776	18864	32198	27047	21249	25085	44150	62695	62251	76826	23675	15575	12610	114826	57818	57105
71	137441	8346312	8392584	8395476	8373786	56375	93495	125387	125829	52339	102792	35231	23971	37298	24963	103166	38754	34995	37298	64237	35783	43700	103332	81378	45005	18416	26085	15311	57352	117206	36324	55994	25458	29627	27501	55008	31796	33400	64745	18347	30520	47142	26024	30109	28168	21157	34621	29686	23662	27461	46658	65276	64781	79033	26101	18060	15035	116312	60601	59826
72	138701	8467776	8514048	8515494	8495250	58982	95309	126715	127157	55106	104452	38063	26528	40136	27652	104831	41640	37733	40032	66845	38572	46455	104970	83453	47380	20759	28377	17478	59683	118634	38862	58481	27802	31923	29683	57390	34187	35799	67151	20496	32942	49538	28395	32370	30574	23402	36996	32042	25929	29785	48866	67689	67186	81162	28538	20343	17237	117740	63202	62351
73	139910	8587794	8634066	8636958	8616714	61520	97073	128059	128501	57700	106034	40846	29072	42832	30238	106408	44384	40438	42639	69355	41271	49177	106566	85477	49597	23043	30631	19829	61917	120045	41242	60761	30031	34123	31909	59650	36420	38048	69411	22625	35196	51740	30579	34661	32677	25449	39174	34356	27938	31875	51100	69931	69445	83212	30644	22576	19510	119151	65630	64750
74	141086	8709258	8755530	8756976	8736732	63944	98816	129387	129829	60217	107630	43450	31474	45367	32744	107985	46965	42970	45091	71745	43802	51677	108143	87455	51677	25037	32730	22115	64009	121456	43491	62961	32169	36247	33866	61787	38577	40168	71538	24652	37314	53930	32681	36810	34709	27493	41236	36465	29949	33957	53158	72077	71571	85197	32679	24776	21542	120562	67939	67001
75	142262	8829276	8876994	8878440	8858196	66251	100512	130713	131128	29353	109207	45995	33767	47851	30756	109581	49411	45362	47550	74082	46283	54136	109720	89364	53680	27035	34699	24100	66035	122884	45628	65022	34232	38197	35715	63851	40618	42179	34764	26524	39368	55994	34713	38785	36798	29466	19734	38511	31962	35917	55106	74094	73606	87164	34711	26793	23486	121990	70115	69116
76	143424	8950740	8998458	8999904	8979660	68570	102192	131973	132388	31736	110746	48535	36026	50335	17651	111100	51979	47847	49925	76345	48681	56564	111250	91280	55566	29111	36620	26090	68001	124219	47754	67078	36291	40155	37637	65882	42659	44240	36794	28416	41419	58024	36746	40764	38720	31378	21455	40555	34039	37885	57160	76140	75616	89073	36688	28813	25444	123378	72284	71253
77	144600	9072204	9118476	9119922	9099678	70841	103852	133233	133633	34070	112258	50946	38367	52702	19875	112594	54385	50167	52272	78544	51084	58917	112744	93106	57428	31112	38443	28161	69914	125547	49791	69040	38238	42118	39518	67823	44558	46253	38663	30396	43373	60013	38724	42701	40498	33117	23318	42452	35879	39806	59076	78061	77556	90957	38560	30699	27336	124706	74356	73299
78	145776	9193668	9239940	9241386	9221142	73041	105464	134478	134893	36253	113752	53283	40521	55044	22160	114106	56764	52425	54550	80667	53376	61219	114238	94932	59372	33117	40389	30019	71741	126891	51741	71005	40142	43946	41311	69683	46512	48050	40546	32254	45287	61938	40603	44505	42299	34888	25207	44313	37518	41588	60795	79933	79402	92761	40244	14479	29106	126050	76339	75239
79	146938	9313686	9359958	9362850	9341160	75125	107060	135738	136153	38365	115246	55558	42615	57244	24139	115600	58971	54660	56704	82717	55536	63405	115750	96701	61015	35124	42145	31833	73546	128219	53665	72807	41910	45746	20898	33382	48298	49909	42345	33825	47166	63742	42351	46416	44214	36628	26651	46097	39459	43392	29560	81777	81217	94565	42153	16503	31107	127378	78278	77129
80	148114	9435150	9481422	9482868	9462624	77123	108637	136983	137398	40417	116725	57708	44609	59368	26128	117043	61101	56736	58773	84746	57651	65481	117184	98423	62944	36909	43831	33610	75369	129547	55551	74710	43794	47608	21162	35139	50105	51816	44164	35791	48973	65559	44217	48207	45867	38395	28609	48074	41154	45122	31335	83627	83067	96330	43933	18073	32860	128706	80280	79039
81	149290	9555168	9602886	9604332	9584088	79059	110206	138243	138658	42417	118136	59783	46517	61385	28196	118471	63159	58734	60773	86714	59658	67495	118595	100118	64589	38557	45725	35589	77097	130878	57413	76519	45690	49228	22775	36924	51967	53544	45954	37324	50797	67480	46005	50018	47768	40190	30164	49767	42879	46832	33076	85380	84818	98052	45688	19729	34583	130050	82136	80893
82	150374	9676632	9722904	9725796	9704106	80937	111718	139496	139884	44327	119547	61748	48303	63336	30121	119882	65150	60667	62643	88617	61597	69445	120023	101758	66380	40599	47282	37297	78800	132123	59252	78244	47292	51045	24367	38626	53652	55287	47636	39219	52516	69100	47728	51722	49300	41757	31970	51558	44538	48525	34669	87108	86570	99745	47378	21450	36338	131335	83973	82668
83	151466	9798096	9844368	9845814	9825570	82737	113212	140658	141046	46201	120975	63653	50192	65225	31930	121293	67078	62540	64521	90503	63507	71310	121434	103418	67885	42053	49000	39035	80438	133383	60966	79934	49135	52636	25939	40307	55354	56977	49298	40620	54217	70860	49387	53374	51034	43362	33431	53136	46313	50280	36306	88742	88203	101365	49049	23043	37958	132595	85701	84411
84	152545	9918114	9965832	9967278	9947034	84501	114688	141834	142222	47914	122386	65535	51892	67058	33640	122721	68890	64389	66345	92303	65299	73130	122845	105033	69505	43837	50700	40596	82013	134628	62632	81578	50709	54258	27496	41919	56934	58653	50909	42220	55830	72415	51077	54939	52547	45001	35008	54897	47721	51738	37817	90398	89836	102945	50584	24702	39563	133855	87440	86091
85	153637	10039578	10085850	10087296	10067052	86181	116181	143010	143398	49737	123750	67364	53656	68841	35443	124066	70715	66093	68061	48923	67068	74887	124198	73650	33444	45415	52108	42295	72484	61664	64319	83203	39551	55870	28970	43471	58576	60181	52429	43903	57433	74011	52589	26188	54095	46540	29724	56418	21690	47414	39322	91983	91401	104525	52115	26333	41304	135100	41934	42130
86	154729	10161042	10207314	10208760	10188516	42008	56578	62677	144560	23933	60145	32522	26035	70900	16926	125394	34886	32333	70088	46100	32586	76858	60451	52488	16118	21555	54166	20048	40386	63241	66335	85093	24885	27137	30711	45381	28221	62200	54436	45705	59412	36465	54554	28103	56007	48369	17723	27518	23853	25333	41276	93743	45170	106104	54020	11595	19772	136360	44510	44146
87	155821	10281060	10328778	10330224	10309980	44683	59385	65322	145736	26649	62924	35513	17421	73266	19664	126738	37850	35163	72482	48972	35455	56498	63188	55247	18187	23675	56224	22313	42584	65450	68681	87085	27126	29274	32741	47564	30420	64412	56596	47827	61662	38673	56780	30241	58109	50500	19834	29487	25864	27537	43332	95567	47362	107700	38392	13595	21877	137605	46774	46433
88	156900	10402524	10448796	10450242	10429998	47468	62197	67912	146898	29607	65587	38592	14627	75585	22533	128066	40904	38216	74829	51961	38430	40156	65866	58160	20146	25941	27818	24281	44626	67705	70919	88996	29265	31332	34770	49731	32595	66581	58738	49902	63826	40810	58882	32300	60230	52546	21836	31596	27877	29505	45386	97310	49454	109277	27806	15468	23967	138865	49144	48652
89	157992	10523988	10570260	10571706	10551462	50217	64857	70379	148074	32357	68138	41590	17249	77812	25318	129394	43836	41042	77070	54862	41290	42995	68408	60994	22025	28097	29837	26337	46622	69831	73116	90928	31323	33385	36799	51804	34634	68649	60807	51889	65920	42889	60981	34356	62281	54512	23668	33633	29823	31481	47392	67839	51540	98569	29826	6828	15260	140077	51365	50811
90	159071	10644006	10690278	10693170	10672926	52823	67446	72763	149250	35007	70597	44384	19627	79970	27900	62743	46671	43775	79242	57576	44008	45702	70829	63705	24017	30235	31858	28536	48621	72006	75305	92754	33438	35437	38827	53877	36672	70743	62874	53881	68040	45007	63076	36408	64330	56487	25612	35670	14244	33402	49356	49462	53626	54455	31782	8740	12468	141239	53611	52998
91	160163	10765470	10811742	10813188	10792944	55196	69901	75046	150337	37523	72917	47053	22030	82088	30396	65322	49298	46303	81388	60169	46569	48254	73169	66268	25773	32231	33879	30643	50618	74110	77411	94580	35487	37263	40753	55869	38708	72778	64905	55836	70068	47030	65133	38403	66315	58423	27644	37705	16170	35453	51367	51388	55587	56542	33808	10695	14345	142415	55759	55102
92	161224	10885488	10933206	10934652	10914408	57536	72245	77260	151429	39879	75194	49453	24108	84142	32828	67732	51792	48699	83438	62552	48991	50678	75437	68647	27718	34230	35670	32614	52542	76129	79441	96344	37366	39108	42544	57831	40589	74736	66810	57907	72011	48969	67124	40300	68212	60365	29536	39739	17889	37390	53184	53244	57484	58370	35660	12673	16259	143591	57796	57121
93	162220	11006952	11054670	11056116	11034426	59722	74513	79399	152521	42152	77435	51859	26336	86110	35089	70002	54094	50939	85414	64849	51299	52949	77644	70945	29675	36118	37540	34410	54394	78076	81404	98066	39205	40973	44308	59623	42436	76626	68661	59627	73919	50834	68995	42158	70060	62148	31312	41674	19561	39176	55020	55077	59356	60144	37530	14522	18199	144753	59764	59038
94	163228	11128416	11174688	11176134	11155890	61822	76652	81489	153600	44308	79568	54157	28390	88039	37156	72203	56376	53159	87372	67066	53508	55131	79776	73141	31178	37855	39320	36459	56076	79922	83279	99778	41115	42754	46047	61463	44251	78425	70465	61365	75729	52668	70759	43937	71800	63817	33054	43378	21397	40885	56754	56952	61135	61999	39257	16028	19634	145929	61663	60929
95	164236	11248434	11296152	11297598	11277354	63885	78762	83564	154692	46362	81676	56289	30439	89948	39325	34943	58598	55292	89281	69209	26353	57293	81876	75275	32990	39776	40922	38073	57852	81717	85070	101418	42794	44463	47768	63181	45904	80193	72202	63085	77509	54365	72542	45602	73519	65570	34648	45200	22811	42573	58471	58559	62829	63577	40912	18109	21654	147105	63475	62728
96	165232	11369898	11416170	11419062	11397372	66008	80901	85583	155784	48499	83747	58586	32486	91816	41528	37130	60841	57521	91178	71401	28550	59485	83963	77462	34467	41309	42608	39879	59469	83467	86846	103058	44548	46061	49300	64851	47631	81877	73854	64790	79173	56085	74194	47294	75181	67275	36286	46774	24568	44242	60106	60327	64542	65273	42501	19443	23143	148267	65267	64508
97	166240	11491362	11537634	11539080	11518836	68095	82976	87557	156863	50706	41599	60829	34590	93642	43715	39301	63039	59707	44385	73610	30724	61631	85955	79594	15725	43172	44181	41458	61041	85130	88537	104710	46098	47780	50911	66510	49293	83527	75531	66234	80846	57753	75886	48969	76774	68721	37797	48511	26049	45715	61698	62012	66148	66888	44125	21386	24793	149437	66975	66147
98	167248	11611380	11659098	11660544	11640300	70237	84995	89466	157955	52937	43829	63192	36687	95470	45975	41555	65353	41934	46570	75836	32879	63892	87913	81726	17365	39494	45746	43219	62672	86810	90193	106268	47817	49312	52469	68101	50863	85140	77097	67894	82471	59338	77504	50506	78359	70349	39303	50021	27526	47360	63282	63461	67720	68407	45737	22801	26419	150516	68701	67839
99	168244	11732844	11779116	11782008	11760318	72458	87011	91377	159047	55267	21347	65528	38880	97213	48214	43835	67761	30867	48824	78054	35137	31375	89845	83795	18863	21444	47434	20753	64293	88502	91897	107845	49348	23494	54057	69750	52580	86820	78774	69574	40437	28709	79116	24378	38198	72002	40956	23582	12628	49074	64853	65221	69430	32979	47338	24217	27950	61232	70417	33105
100	169252	11854308	11900580	11902026	11881782	74752	88925	93203	160126	57605	23662	43139	41208	98956	50681	46314	33293	33326	51260	80238	27233	33736	91718	85787	20657	23307	21690	22672	66124	90411	93723	109441	51399	25369	55896	33444	54431	42179	80638	71290	42339	30533	81017	26110	32660	73742	42690	25369	14483	50813	48718	66992	71237	34697	21976	10122	29960	63022	72436	34995
101	170248	11974326	12022044	12023490	12003246	76993	90834	95029	161189	60230	26248	34264	43744	100666	53342	48962	35989	35962	53816	82320	18864	36340	93544	87775	22493	25361	24027	24696	68087	92259	95547	110967	53488	27343	57785	35493	56482	44240	82638	73278	44393	32575	83042	28179	19518	75666	44679	27343	16507	52766	32653	69017	73283	36675	23971	12800	31972	65081	74592	37124
102	171256	12095790	12142062	12143508	12123264	79194	92686	96794	162197	62875	28817	37056	46272	102326	55984	51632	38711	38631	56475	84365	21353	39090	95377	89684	24276	27335	25864	26641	69939	94085	97290	112461	55457	29254	59684	37427	58418	46208	84598	75218	46355	34494	85010	29967	21257	77630	46672	29325	18306	54650	34448	71012	75250	38603	25649	14776	33987	67074	76674	39136
103	172264	12217254	12263526	12264972	12244728	81317	94512	98537	95347	65385	31372	39652	48670	103986	58542	54170	41299	41076	59006	86381	23668	41556	97120	91542	26094	29105	27652	28673	71853	95893	99033	113973	57286	31046	61555	39264	60326	48007	86470	77054	48234	36310	86906	31914	23045	79398	48498	31313	19943	56619	36267	72898	77086	40438	27529	16765	29922	68977	78653	41149
104	173272	12337272	12384990	12386436	12366192	83392	96280	100247	63142	67852	33795	42183	51074	105610	61059	56668	43829	43572	61441	88321	26254	44024	98863	45717	27793	31106	29473	30499	73626	97615	100739	115467	59059	32803	63238	41071	62242	49909	88292	78811	50085	38203	88732	33748	24788	81188	50172	33055	21840	58305	38054	74717	78920	42143	29285	13118	17049	70945	80621	42970
105	174266	12458736	12505008	12506454	12486210	85394	98044	101927	65543	70205	36224	44663	53405	107187	63446	59053	46310	45973	63870	90230	28533	46450	100577	48097	29465	32986	31185	32157	75365	99358	102399	116917	61017	34469	65034	42799	63908	51696	90063	80573	51868	39953	90526	35428	26414	82888	51953	34769	23495	60115	39758	76499	80703	43923	31009	8324	19017	72693	82496	44810
106	175190	12580200	12626472	12627918	12607674	87352	99777	103587	67885	72511	38500	47053	55563	108764	65738	61385	48664	48298	66117	92108	30844	48668	102237	50323	31111	34583	32870	34100	77039	101008	104039	118345	62649	36230	66594	44553	65751	53427	91750	82198	53595	41679	92259	37142	28168	84598	53638	36515	25288	61707	41392	78198	82428	45590	32705	10153	20496	74457	84294	46622
107	176103	12700218	12746490	12749382	12729138	89261	101437	50651	70092	74695	40596	49327	57713	110344	67984	63625	50905	23405	68290	93912	14888	50909	103897	52534	32864	36452	34473	35647	78744	102668	105642	119756	64495	37798	68272	46148	67332	26035	93444	83912	55299	43287	93931	38728	29747	86230	55192	17366	26650	63486	43011	79862	84061	47194	34255	11512	22440	76193	86094	48277
108	177027	12821682	12867954	12869400	12849156	91159	103117	52729	72402	76909	42927	51619	59890	111838	70246	65880	53244	25614	70541	95728	16862	53170	105526	54880	34287	37958	36177	37518	80330	104308	107200	121167	66010	39515	69857	47865	69076	27663	95113	85544	56988	45021	95620	40454	31313	87809	56884	18974	28317	65054	44619	81509	85717	48832	35852	13211	23966	77878	87839	50085
109	177951	12941700	12989418	12990864	12970620	92985	104766	55032	74642	79087	45090	53929	62050	113332	72466	68091	55521	27721	72723	97471	19181	55414	107103	57088	35825	39719	37692	39035	81909	105897	108777	122595	67707	41058	71394	49437	70692	29198	96688	87080	58594	46559	97216	42110	32866	89396	58458	20557	30026	66582	46168	83159	87363	50372	37493	14711	25564	79542	89518	51628
110	178864	13063164	13109436	13112328	13090638	94811	106343	57196	76777	81189	47241	56141	64106	114844	74622	70233	57744	29956	74845	99214	21147	57496	108680	59216	18102	41304	22930	19497	83534	50096	51542	81791	69417	42544	72931	50963	33258	30792	47215	88623	27474	21690	83125	43562	34409	52960	27474	22120	19584	32007	21786	84715	50714	51948	39010	16201	27297	38481	91207	39423
111	179788	13184628	13230900	13232346	13212102	45999	51773	59426	38145	83239	22690	27214	66315	116312	76757	33815	27775	32164	36944	48234	23392	28660	52974	29282	5784	43928	18629	8065	41049	53619	55005	60761	33815	20460	75100	53493	16118	14765	49565	43758	30601	10461	49504	21734	16296	21005	29728	24618	15858	34325	10258	86707	20663	54394	18866	18717	29564	41037	93055	26693
112	180712	13304646	13352364	13353810	13333566	49004	54949	62235	41526	85271	25944	30593	68872	117740	78941	37092	31162	35479	40172	51428	26637	31886	56116	32447	2892	46889	21343	10951	43829	56650	58035	63550	36756	23318	77341	56387	18863	17486	52403	46554	33579	13134	52386	24442	19017	23620	32403	27493	18416	37056	12645	88634	23584	57168	21646	21516	32574	44100	94881	29785
113	181625	13426110	13472382	13475274	13453584	51952	57946	64958	44696	87258	28975	33879	71307	119151	81098	40204	34394	38558	43297	54584	29806	34933	59087	35618	4691	49675	23921	13679	46445	59455	60840	66117	39423	25859	79503	59028	21449	20043	55094	49060	36310	15477	55077	27106	21394	26131	34933	30162	20759	39756	15341	90543	26019	59714	24020	24162	35207	46831	96632	32456
114	182549	13547574	13593846	13595292	13575048	54740	60790	67540	47696	89167	31909	36871	73659	120562	83173	43135	37400	41508	46211	57528	32602	17123	61883	38527	7224	52271	26165	16201	48790	62065	63464	68620	42017	28243	38751	61531	23930	22494	57545	51485	38743	18091	26582	29460	23879	28419	37400	32548	23133	42036	17384	92407	28536	29348	26571	26699	37600	49367	98396	35158
115	183473	13667592	13715310	13716756	13696512	57424	63513	70019	50515	91091	34713	39791	75964	121990	85184	45968	40283	44308	48991	60361	35410	19834	64552	41279	9050	54967	28596	18265	51228	64665	66096	71063	44553	30643	41087	64019	26332	24870	60037	53878	41329	20371	29050	31832	26128	30807	39712	34947	25449	44571	20061	94233	30980	31731	28825	29085	40314	51977	100112	37720
116	184386	13789056	13835328	13838220	13816530	59923	66113	72387	53184	92917	37306	42510	78151	123378	87197	48596	43017	46981	51579	63002	38065	22401	67119	43951	11691	57351	30901	20927	53556	67074	68540	73395	46860	32804	43343	66355	28678	27189	62357	56166	43575	22695	31387	34222	28343	33019	41897	37357	27794	46657	22137	96013	33245	33943	31247	31486	42416	54383	101772	40066
117	185310	13910520	13956792	13958238	13937994	62313	68557	74683	55724	94743	39778	45108	80283	124706	89106	51124	45634	49510	54005	65504	40593	24870	69590	46426	13677	59682	32919	22923	55669	69367	70870	75628	49143	35008	45443	68551	30708	29324	64564	58294	45841	24716	33561	36452	30464	35091	44063	39618	29816	48823	24205	97777	35421	36078	33368	33778	44698	56618	103452	42426
118	186223	14030538	14078256	14079702	14059458	64585	70887	76897	58086	96521	42204	47608	82339	126050	91011	53532	48018	51874	56437	67907	42924	27035	71972	48813	15673	53765	34938	25009	57744	71554	73097	77776	51284	37023	42402	70649	32801	31378	66666	60342	47957	26739	35660	38554	32446	37102	20953	41757	31838	50855	26268	99520	37469	38037	35420	35921	46822	58794	105084	44616
119	187147	14152002	14198274	14199720	14179476	66779	73141	79050	60378	98264	44452	49898	84359	127378	92859	55795	50371	54171	58691	70200	45179	29324	74273	51010	17444	30528	37014	27315	59749	73701	75287	79882	53415	39039	23086	72716	34887	33491	68732	62356	50108	28763	37695	40596	34433	39115	22764	43790	33861	52923	28326	101183	39515	40105	37468	37943	48938	60930	106661	46832
120	188071	14273466	14319738	14321184	14300940	68871	75275	81178	62589	99987	46588	52125	86351	128706	94663	57975	52580	56340	60829	72394	47370	31510	76475	53187	19047	32570	39085	29440	61748	75788	77393	81903	55425	40957	24824	74757	36908	35478	70737	64339	52130	30787	39729	42589	36423	41030	24780	45866	35768	54917	30379	102843	41458	42022	39304	40017	50927	63026	108257	48906
121	188984	14393484	14441202	14442648	14420958	70900	77354	83228	64693	101647	48673	54296	88270	130050	96403	60103	54735	58424	62928	74494	49462	33553	78591	55282	20825	34489	40899	31354	63621	77826	79423	83893	57399	42979	26762	76728	38879	37522	72661	66200	54034	32811	41664	44445	38256	42856	26563	47767	37522	56908	31978	104483	43363	43948	41058	41988	52874	65021	109834	50895
122	189908	14514948	14561220	14562666	14542422	72902	37981	40947	66791	103307	50750	56425	90179	131335	98146	62191	56843	60502	64990	76553	51588	35594	80687	57368	22830	36477	42732	33344	65380	79750	81387	85741	59343	44910	28420	78523	40701	39303	74565	68041	25551	34597	43513	46268	40108	44654	28381	49551	39356	58586	33931	106045	45094	45703	42979	43774	54793	66923	111340	52844
123	190764	14636412	14682684	14684130	14663886	74937	40052	43018	68943	104965	52901	58644	92037	132580	99894	64243	59048	62644	67078	78692	53710	37687	82762	59488	24332	38361	44535	35457	67271	81626	83287	87616	61157	46452	30125	80369	42445	41057	76324	69779	27436	36352	45283	48151	41877	46472	30018	51393	41107	60421	35661	107622	47069	47480	44818	45627	56647	68800	112852	54650
124	191594	14756430	14802702	14805594	14785350	76962	42119	45132	71086	106542	55010	28344	93885	133840	101554	31176	61176	64714	69160	80784	26035	39826	84789	61634	26146	40053	46265	37058	36800	83451	85101	89387	62950	48370	31803	82096	44354	42882	78108	71519	29056	38242	21690	49883	43526	48087	31767	53209	42786	62103	37366	109180	48754	49188	46407	47494	58332	70570	114328	56510
125	192434	14877894	14924166	14925612	14905368	79112	44323	47414	73333	108119	57284	30601	95681	135100	103214	33426	63524	66966	71324	82884	28258	42004	86805	63863	27691	41973	47976	38914	34154	85235	86973	91170	64723	49927	33519	83886	46001	44495	79850	73220	30792	39938	23266	51631	45250	49822	33424	54892	44495	63870	39046	110738	50501	50884	48198	49244	60209	72415	115840	58340
126	193274	14997912	15045630	15047076	15026832	81213	46511	49630	75568	109715	27743	32766	97424	136345	104877	35591	65782	69202	73535	84907	30452	44119	88728	66080	29438	43619	49588	18190	35757	87011	88705	92886	66448	51794	34974	85542	47810	46316	81522	74892	32434	41665	24991	53286	46954	51451	34942	56668	46226	65466	40862	112214	52114	52560	49845	50979	61798	74123	117252	60081
127	194104	15119376	15165648	15168540	15146850	83288	48641	51868	77796	111227	29907	35090	99188	137605	106454	37740	68056	71423	75709	86899	32626	46406	90637	68225	30885	45386	51308	19731	37403	88718	90476	94580	68161	53327	36597	87264	49341	47939	83222	76566	34179	43178	26528	55005	48558	53032	36680	58283	47767	67202	42257	113708	53829	54298	51434	52612	63606	75844	118663	61839
128	194944	15240840	15287112	15288558	15268314	85294	50760	54014	79928	112721	31988	37213	100867	138865	108031	39929	32663	73547	77828	88841	34661	48541	92497	70392	32394	46996	52815	21355	39030	90397	92123	96218	69779	54931	38259	88851	51033	49635	84823	78133	35723	44916	28200	56559	50148	54643	38176	59991	49341	68740	43891	115184	55341	55798	53132	54272	65174	77516	120057	63454
129	195784	15360858	15408576	15410022	15389778	87280	52871	56150	82022	114233	34062	39379	102527	140063	109627	42003	34757	75694	79934	90750	36866	50705	94323	72523	33959	48642	48219	23225	40489	92048	55146	97814	71374	26108	39695	43380	52624	34099	86383	57995	30554	46458	29778	43839	51649	56171	39719	55343	47718	70251	45603	116633	56921	57330	54627	55846	66699	58047	121468	41746
130	196614	15482322	15528594	15531486	15509796	89189	25469	58244	84079	55893	36190	41529	104207	61954	111144	44071	16296	77813	39042	92583	38944	52780	96099	74623	35803	50761	26195	10922	42486	93808	46370	99536	34706	12272	18175	21052	25415	25382	42081	16878	17605	48505	13889	28336	24919	27290	18190	30392	24548	34120	47427	56614	58949	28147	26582	26906	32137	39374	122879	32160
131	197454	15603786	15650058	15651504	15631260	91112	27663	60599	86071	57818	38521	43998	105801	63725	112638	46405	18460	79971	41311	94409	41269	55044	97863	76866	38538	53728	28912	13346	45224	95608	49350	101198	37630	14754	20547	23750	28134	28105	44844	19409	20455	51319	16503	31132	27537	29837	20660	33264	27203	36812	50056	59210	61720	30760	29263	29767	34983	42217	124214	35121
132	198294	15723804	15771522	15772968	15752724	92938	30040	63035	88047	60091	40871	46381	107378	66132	114150	48836	20800	82064	43653	96202	43612	57424	99605	79072	41090	56427	31459	15921	47718	97372	52081	102878	40189	16992	22851	26169	30679	30584	47402	21836	22861	53910	19084	33571	29994	32183	23225	35788	29548	39317	52630	61801	64266	33351	31782	32311	37612	44879	125558	37850
133	199124	15845268	15891540	15892986	15872742	94764	32242	65411	89956	62443	43186	48813	108974	68515	115644	51112	23171	84143	21444	97945	45921	59821	101265	81199	43393	59031	33752	18474	50126	99115	54710	104538	42737	19510	25193	28673	14479	33001	23055	24105	25367	56419	21157	36190	32392	34666	25451	38199	31979	41671	25982	64249	66718	35638	34113	34965	18852	47435	126886	40445
134	199964	15966732	16013004	16014450	15994206	96541	34481	67697	91824	64743	45476	51170	110525	70817	117084	53482	25400	86135	23662	99683	48293	62016	102945	83274	45806	61599	36242	21109	52464	100797	57324	106116	45230	21639	27483	31039	16629	35545	25376	26333	27794	58849	23668	38413	34743	36927	27796	40720	34236	44037	28282	66702	69142	38005	36465	37375	21048	49981	128214	42977
135	200794	16086750	16134468	16135914	16115670	98284	36584	69910	93672	66932	47737	53460	112019	73074	118512	55673	27675	88086	25768	101363	50469	64201	104603	85257	47967	64021	38300	23090	54736	102477	59761	107712	47551	24013	29526	33362	18753	37696	27652	28606	30024	61187	25774	40820	36998	39055	30025	42948	36466	46328	30407	68977	71394	40128	38727	39791	23303	52325	129558	45414
136	201634	16208214	16254486	16255932	16235688	100006	38624	72027	95478	69049	49816	55652	113531	75211	119923	57784	29774	89972	27788	103023	52555	66314	106180	87244	50076	66264	40458	25408	56844	104137	62024	109289	49718	26010	31566	35473	21058	39990	29753	30641	32033	63375	27944	42994	39070	41124	32034	45156	38566	48467	32392	71119	73547	42240	40861	41824	25439	54563	130874	47637
137	202474	16329678	16375950	16377396	16357152	101666	40611	74074	97200	71072	51885	57728	115007	77263	121334	59821	31800	91839	29810	50297	54597	68361	107757	89130	52099	68403	42456	27532	58874	105735	64177	110823	51832	28013	33544	37518	23043	18909	31779	32612	34166	65452	29955	45062	41088	43138	34045	47260	40556	50430	34443	34586	75613	44251	42889	43946	27483	56681	132119	49802
138	203304	16449696	16497414	16498860	16477170	103326	42652	76121	98964	73012	53840	59802	116500	79298	122745	61818	33825	93665	31767	52353	56641	70378	109334	91034	54119	70535	44411	29711	60837	107331	66353	112335	53904	30019	35585	39563	25037	20802	33744	34528	36229	67527	31968	47082	43056	45108	36001	49314	42502	52362	36376	36626	77657	46309	44869	46016	29456	58785	133379	51952
139	204144	16571160	16617432	16618878	16598634	104945	44551	78120	100633	74989	55796	61832	117894	81292	124088	63817	35791	95450	33734	54248	58677	72370	110866	92860	55956	72577	46461	31609	62804	108908	68399	113829	55932	31833	37350	41504	26725	22626	35657	36514	38179	69537	33922	48976	44984	47082	37853	51287	44408	54333	38212	38556	79607	48147	46722	47995	31500	60819	134639	53942
140	204984	16691178	16738896	16740342	16720098	106522	46461	80044	102293	76879	57760	63767	119305	83267	125400	65756	37710	97193	35589	56082	60578	74330	112342	94664	57808	74565	48293	33460	64645	110463	70386	115323	57856	33548	39085	43359	28606	24568	37527	38287	40138	71399	35884	50759	46788	48766	39567	53184	46323	56128	39962	40445	81439	50043	48590	50062	33234	62753	135884	55895
141	205814	16812642	16858914	16861806	16840116	108080	48250	81934	103933	78746	59659	65708	120699	85130	126712	67611	39640	98915	37408	57894	62421	76152	113818	96425	59566	76405	49977	35154	66372	111975	72294	116798	59648	35473	40899	45044	30437	26209	39307	39930	41955	73188	37742	52675	48568	50513	41408	55020	47989	57903	41788	42199	83289	51827	50383	51805	34938	64564	137144	57820
142	206654	16934106	16980378	16981824	16961580	109657	50059	83731	105522	80536	61396	67565	122093	86954	128040	69411	41428	100607	39141	59823	64242	77942	115312	98147	61237	78212	51842	37218	68147	113451	74086	118209	61453	36961	42439	46845	32033	27975	40960	41707	43649	74997	39356	54334	50280	52205	42979	56718	49768	59588	43392	43930	84983	53516	52118	53533	36846	66387	138404	59613
143	207494	17054124	17101842	17103288	17083044	111154	51762	85507	107099	82286	63181	69335	123475	88709	129352	71161	43190	102247	40902	61489	66013	79736	116754	99875	62961	38144	53374	38748	33105	114945	75917	119620	29490	38876	44207	48495	33800	29705	42742	43362	45415	76698	41207	56129	51938	53954	44772	58471	51399	61293	45122	45640	41761	55187	53757	55352	38443	68132	139633	61385
144	208324	17175588	17221860	17223306	17203062	112630	53491	87208	108657	83973	64851	71117	124787	90457	130680	72874	44928	103887	42540	63272	67710	81388	118165	101515	64702	40000	55275	40626	34877	116424	77794	121031	31335	40443	45860	50375	35594	31472	44452	45139	47112	78546	42786	57868	53738	55574	46407	60276	53215	63049	46744	47419	43510	56915	55530	57112	40389	69983	140809	63270
145	209157	17297052	17343324	17344770	17324526	114124	55053	88887	110225	85605	66603	72775	126115	92127	131911	74582	46602	105497	44210	64843	69390	83088	119559	103155	66396	41825	56821	42520	36447	117835	79588	122442	33076	42295	47458	51991	37245	33144	46230	46760	48963	80236	44725	59624	55326	57364	48155	61995	54784	64755	48482	49130	45189	58593	57249	58959	41998	71752	141985	65065
146	209904	17417070	17464788	17466234	17445990	115600	56713	90520	111701	87256	68161	74483	127427	93755	133156	76152	48214	107055	45818	66533	71025	84718	120970	104802	68020	43523	58607	44097	38171	119246	81320	123803	34729	43787	49252	53751	38932	34794	47814	48369	50582	81969	46226	61226	57051	58889	49804	63701	56456	66417	50157	50827	46852	60190	58813	60546	43784	73445	143147	66779
147	61954	17538534	60732	17586252	17566008	55880	27214	43901	113195	88912	69895	36378	62211	45774	61954	77864	50025	108651	21976	68273	72687	41199	122381	106379	69610	45155	60272	45801	39766	120640	82995	125115	36306	45412	50700	55339	40599	36367	49429	50049	52273	83569	47896	62950	58620	60444	51274	65365	58149	68011	51658	52351	48459	61813	60438	62290	45225	75136	144323	68421
148	64237	17659998	63469	17707716	17687472	58018	29487	46333	114707	90821	72128	38807	30473	22538	63981	37000	52367	110219	24230	70438	35764	43594	123746	51693	71121	46775	28271	47532	18304	122051	84677	60218	37982	47109	52188	56847	42102	37986	51077	24033	53866	85156	49509	64499	27700	62092	52898	66915	59584	69541	53273	53942	50053	63331	62021	63859	46886	76783	145499	70146
149	66845	17780016	66132	17829180	17808936	60756	32247	23086	116199	92651	74452	41840	33151	25240	66628	39808	55355	111713	27071	72848	38663	46445	125074	54417	72835	48469	29984	49112	19941	123435	86405	62480	17827	48624	53862	27290	43790	39745	52667	25546	55451	86884	51033	66107	29305	63635	54551	68643	61187	71200	54916	55710	51717	64964	63662	65518	48621	78446	146661	71799
150	69355	17901480	68665	17949198	17928954	63481	35024	25972	117610	94499	76701	44801	35857	28274	69145	19982	58332	113225	29778	75155	41555	49336	126418	57298	34884	50227	14039	50973	21646	124779	88137	64267	19505	50252	55521	28845	45415	41329	54326	27279	57244	88504	52858	67861	30894	65235	56081	70274	62946	72800	56436	57244	53330	66619	65294	67316	50208	80162	147837	73546
151	71803	18021498	71107	18070662	18050418	66113	37870	28784	119038	96267	78913	47795	38534	31143	71571	22718	61195	114719	32449	77396	44399	52148	62051	60144	36510	51886	15457	52489	23045	126107	89885	65789	21147	51991	57024	30525	47112	42951	55973	28764	58843	90206	54474	69451	32531	66913	57785	72014	64463	74480	58095	58913	54972	68266	66970	68911	51948	81872	148999	75261
152	74138	18142962	73494	18192126	18171882	68647	40514	31474	120449	98010	81046	50650	41136	33828	73942	25401	63926	116211	35151	79582	47154	54926	31545	62857	38123	53612	17123	54380	24620	127435	91536	67583	22668	53481	58629	32053	48837	44515	57608	30243	60501	91843	56043	71084	34090	68491	28221	73641	66041	76080	59705	60569	56636	69822	68516	70591	53517	83497	150117	76935
153	76399	18264426	75778	18312144	18291900	71061	43042	34072	121860	99765	49324	53391	43770	36540	76183	27975	66513	117639	37878	81690	49802	57564	34199	65493	39564	55279	7230	55803	26097	128779	93208	69113	24267	55043	60225	33571	50295	46201	59197	31784	62181	93427	57784	72716	35638	69982	29728	75217	67677	77587	61237	62115	58147	71417	70122	72212	55151	85159	151209	78618
154	78596	18384444	77998	18433608	18413364	34704	45611	36711	123271	101425	19019	56030	46163	39116	78388	30533	69034	119050	40368	83760	42619	48357	36772	68017	41255	34317	8575	17642	27571	130107	45695	33231	25925	56811	28709	35319	23859	47914	15975	33500	63753	44312	49405	35474	15906	45351	16189	76918	53222	79251	29064	39476	26028	34103	33815	34704	56880	86863	152288	37761
155	80742	18505908	80182	18555072	18533382	37074	48425	39539	124599	103085	21686	58971	21690	42027	80542	33331	71464	120461	43193	85776	26926	30533	39648	70510	43600	28989	10757	13724	13893	131388	48249	35641	28377	59087	31006	37650	25546	50354	14191	35719	66283	47506	29376	37959	18118	35940	15858	79070	34457	81371	31467	31808	14390	36455	36187	37186	59294	88783	153380	40413
156	82842	18627372	82267	18675090	18654846	40032	51405	42664	125927	104755	24737	61806	23621	44977	82642	36367	73838	121889	46158	87742	29994	33517	42766	72889	46044	14678	13051	16110	16123	132648	51001	38387	30901	61652	33455	40259	28179	52875	16633	38242	68811	50089	14096	40495	8575	38286	18073	39321	36900	83446	33760	34321	16929	38931	38626	39824	29282	90715	154472	43091
157	84866	18747390	84314	18796554	18776310	42784	54258	20244	127271	106332	27601	64510	26291	35130	84674	39273	76109	123283	48983	89651	32838	36424	45713	75194	33382	17295	14993	18523	18533	133893	53722	40846	33420	64104	35734	42754	30584	55504	18868	40607	71219	52624	16299	42976	10757	40751	20353	41825	39348	85446	36249	36828	19238	41356	41121	42345	31801	92550	155551	45792
158	86858	18868854	86330	18918018	18896328	45504	57112	23127	128599	107909	30397	67140	29072	24230	86666	42172	78317	124611	51892	91554	35743	39326	48694	77462	24286	19561	17446	21152	20662	135153	56310	43258	35933	66499	38149	45200	32938	57872	21161	43034	35299	55081	18799	45413	13211	42977	22494	44276	41649	87448	38469	39227	21494	43695	43471	44861	34192	94376	156643	48297
159	88801	18990318	88272	19038036	19017792	48195	59900	25929	129927	109505	33144	69640	31738	26917	88617	45021	80498	125955	54720	93380	38590	42172	51576	79620	26500	21878	19589	23308	22865	136413	58711	45635	38227	68780	40264	47390	35251	60278	23406	45146	37685	57424	20803	47722	15270	45230	24702	46555	43923	89357	40720	41486	23706	45955	45698	47198	36538	96171	157735	50719
160	90710	19110336	90181	19159500	19139256	50704	62521	28527	131235	111028	35850	53814	34255	29638	43186	47742	82573	127283	57334	45999	41288	44883	54344	81726	28614	24141	21709	25607	25040	137658	61053	47890	40440	70928	42319	49564	37476	62459	25452	47295	39825	59578	22993	49884	17326	47331	26881	48767	46040	91251	42852	43629	25808	29473	47865	49424	38689	97914	158814	52988
161	92545	19231800	92061	19279518	19259274	53287	65171	31173	132480	112522	38581	36398	36823	32321	45971	50436	84608	128611	60042	48625	44007	47570	57085	83819	30579	26129	23639	27789	26961	138918	63278	50044	42635	73013	44374	51685	39626	64535	27496	49306	41954	61719	25071	51952	19267	49340	28751	50924	48105	93055	44880	45713	27826	23355	49938	51592	40774	99653	159906	55205
162	94393	19353264	93887	19400982	19380738	55858	67741	33795	133740	114034	41279	39143	39328	35033	30966	53070	86624	129955	41838	51192	46612	50190	59738	85811	32425	28197	25666	29811	28826	140126	65392	52068	44627	74990	46291	53688	41565	66607	29468	51319	43977	49711	26991	53980	21321	51272	30641	52949	50003	94859	46688	47749	29775	25322	51884	53638	42807	101333	160986	57293
163	96166	19473282	95683	19522446	19502202	58318	70214	36509	135000	115528	43904	41905	41880	37713	24711	55800	88554	131246	31938	53866	49326	52836	62464	87775	34293	30191	27618	31833	30643	141288	67438	54014	46578	76934	48086	55611	43514	68555	31446	53254	45955	31148	28853	55895	23373	53131	32548	54905	51988	96611	48642	49660	31670	27071	53763	55636	44791	102993	161982	59345
164	97909	19594746	97447	19642464	19622220	60875	72604	39141	136245	116975	21361	44586	44329	40368	27197	58403	90463	132506	34501	56524	51978	55467	30774	89707	36234	32191	29227	15304	32614	142464	69449	55891	48492	78799	49903	57544	45376	70421	33307	55050	47852	33025	30872	57820	25175	55044	34468	56753	53748	98333	50556	51496	33579	28928	55647	57496	46691	104648	162990	61295
165	99668	19716210	99190	19763928	19743684	63369	74919	41804	137505	118403	23850	47331	46913	43001	29823	61094	92331	133751	37108	59228	54650	58123	33426	91586	37912	34070	31155	16986	34290	143640	71343	57780	50372	80637	51690	59414	47251	72327	35067	56818	49718	34861	32639	59613	26855	56740	36115	58680	55595	100052	52207	53349	35326	30740	57435	59368	48559	106206	163998	63182
166	101328	19836228	100868	19885392	19865148	65818	77160	44398	138765	119814	26339	50007	49319	45618	32361	63671	94157	135011	39648	61785	57267	60686	35997	64260	39726	35908	32779	18741	36002	144802	73190	59539	52148	82362	53343	61090	48970	74091	36855	58569	51472	36545	34253	61419	28725	58528	37852	60411	57276	101692	53994	55102	36989	32321	59168	61215	34062	107764	164994	65076
167	102988	19957692	102528	20005410	19985166	68241	79329	46889	139969	121225	28828	52546	51812	48174	34893	66204	95941	136256	19518	64329	59775	63218	38556	46857	41311	37656	34627	20445	37689	145978	75026	61313	53900	84117	26035	62950	50753	75867	38559	28221	53248	38372	36082	63105	30345	60161	39409	62225	58979	103352	55576	56833	38743	34133	60885	62940	24620	109341	166002	66852
168	104643	20077710	104188	20126874	20106630	70581	81446	49381	141145	122653	31315	55118	54112	50725	37250	68675	97663	137516	21742	66810	62301	65677	40955	49476	43030	39432	36209	22110	39410	147154	76835	63101	55706	85797	27738	64595	52474	77616	40243	29868	55006	40064	37656	64905	32074	61851	41307	63924	60701	104989	57402	58583	40417	35736	62587	64745	26177	110873	166998	68702
169	106201	20199174	105764	20248338	20228094	72846	83496	51751	142321	124002	33556	57568	56431	53072	39778	71030	99406	138776	24107	69171	64670	68045	43409	51681	44545	41079	38053	23921	40906	148316	78600	64773	57384	87486	29198	66324	54214	79280	41907	31493	56704	41736	39432	66531	33778	63497	42786	65643	62342	106547	58996	28271	42172	37271	64243	66438	27946	112349	168006	70389
170	107759	20320638	107322	20368356	20348112	75018	85494	54055	143483	125330	35829	59923	58615	55358	41959	73307	101054	139980	26177	71422	66923	70334	45685	53950	46275	42855	39444	25439	42739	149482	80342	66465	59049	89119	30792	67981	55827	80949	43507	33038	58353	43390	41079	68181	35280	65097	44354	67286	63973	108124	60548	29915	43810	39010	65921	68151	29467	113843	169014	72157
171	109317	20440656	108880	20489820	20469576	77097	87448	56227	144659	126674	37965	62148	60722	57586	43982	75489	102694	141156	28316	73602	69130	72495	47852	56162	47814	44515	41091	27102	44214	150561	81995	68057	60701	90706	32434	69511	57430	82574	45186	34634	59991	44936	42711	69798	36890	66624	46046	68912	65504	109682	62226	31472	45297	40521	67471	69740	31046	115319	170010	73781
172	110850	20562120	110436	20611284	20589594	79112	89334	58317	145835	128002	40088	64297	62692	59700	46095	77590	104354	142332	30370	75693	71237	74595	49966	58256	49303	21458	19128	12461	45687	151653	83669	32663	62342	92277	14604	33444	59024	40233	21361	36159	61653	46566	44374	71393	17472	31942	47552	33382	67116	111196	63765	33018	46955	18909	69031	71393	13889	56614	171018	75460
173	112326	20683584	111912	20731302	20711058	81063	43428	60364	146997	118431	33499	66376	64633	61735	48115	79592	91928	143494	32293	77760	73255	76596	46761	60271	51277	23231	20701	14338	47682	152745	85661	34517	64261	94125	13014	15320	61017	42143	23141	38005	63593	48523	46246	73350	19072	33714	49425	35257	32599	112708	30366	34854	22506	20802	70939	73322	5784	58230	172026	77484
174	113820	20803602	113406	20852766	20832522	83063	45523	62510	148173	63271	20190	68571	66702	63897	50217	81674	52527	144670	34409	79840	75412	78708	25382	62387	53252	25373	22626	16252	49720	153824	87631	36561	66341	95910	7427	17244	63078	44205	25209	39972	65663	50565	48258	75396	21048	35629	51393	37316	34517	114202	1446	36933	24457	22810	72968	75423	1446	60314	173022	79590
175	115332	20925066	114918	20974230	20952540	85078	47696	64712	149335	65447	22348	70871	68827	66113	52472	83745	54835	145846	36458	81938	77620	80849	27583	64625	55196	27422	24568	18192	51714	154916	89540	38603	68387	97653	9438	19083	65135	46265	27040	41946	67701	52569	50272	77421	22851	37612	53287	39317	36504	115696	4338	39008	26342	24653	75000	77500	4193	62395	174030	81672
176	116790	21046530	116399	21094248	21074004	87070	49776	66871	150429	67522	24398	73070	70916	68287	54630	85737	57046	147008	38558	83998	79778	82924	29618	66756	56996	29328	26367	20151	53444	156008	91448	40591	70403	99417	11270	20958	67064	48234	28972	43828	69651	54534	52210	79346	24776	39443	55155	41321	38387	117150	13014	40825	28322	26446	76863	79502	5543	64409	174972	83695
177	118201	21166548	117810	21215712	21195468	88982	51767	68960	151521	69592	26367	75180	72889	70365	56672	87704	59175	148184	40600	85966	81828	84921	31653	68819	58847	31249	28344	21935	55230	157087	93230	42388	72310	101065	12673	22677	68847	50003	30712	45589	71538	56434	54186	81163	26559	41190	56992	43039	40130	118561	17171	42662	30031	28197	78627	81338	7224	66299	175885	85591
178	119612	21288012	119221	21335730	21315486	90868	53728	70957	152600	71568	28344	77232	74816	72385	58672	89590	61198	149360	42642	87901	83845	86889	33624	70763	60539	32931	29775	23671	56993	158179	95056	44205	74046	102705	14665	24447	70703	51788	32423	47281	73294	58128	55874	82963	28156	42865	58633	44921	41947	119972	18907	44468	31714	29984	80446	83163	9050	68137	176809	87449
179	121023	21409476	120632	21457194	21436950	92674	55613	72929	153692	73435	30191	79216	76733	74345	60573	91452	63154	150439	44496	89810	85765	88808	35545	72686	62284	34711	31670	25452	58704	159271	96778	45950	75824	104345	16028	26014	72376	48213	31812	48957	75045	59909	57620	84646	29806	44525	60331	46508	43498	121400	20394	20244	33434	31538	77212	40539	10356	69814	177722	89220
180	122417	21529494	122026	21578658	21558414	94478	57474	74828	154784	75289	32191	81163	78502	76220	62515	93278	65017	151531	46272	91662	87662	90671	37476	74562	63885	36517	33269	27192	60366	160350	98521	47675	77600	105933	18109	27793	74196	25660	16247	50699	76827	61672	59348	86446	31500	46301	62082	48381	45224	122811	22160	22686	35070	33207	40142	42339	12389	71728	178646	91054
181	123764	21650958	123412	21698676	21678432	96226	59311	76637	155863	77125	33826	82988	80296	78086	64301	95081	66888	152610	48112	93466	89456	92486	39258	76376	65760	38344	35090	28970	62182	161396	100231	49504	79420	107529	19443	29465	75942	27537	17839	52385	78618	63484	61060	88200	33234	47967	63785	50143	46930	124150	23704	24369	36858	34913	41811	44158	13829	73477	179570	92858
182	125092	21772422	124724	21820140	21799896	97948	60990	78409	156955	78879	35618	84814	82001	79880	66070	96824	68737	153702	49886	95260	91258	94268	40964	78132	67310	40088	36652	30779	63754	162404	101891	51188	81134	109106	20992	31178	77688	29079	19515	54051	80360	65180	62855	89902	34879	49621	65508	51844	48621	125494	25400	26021	38508	36481	43510	45860	15673	75275	180494	94640
183	126404	21892440	126052	21941604	21921360	99646	62754	80151	158047	80614	37325	86590	83723	81626	67825	98546	70423	154794	51554	96982	92974	95984	42746	79900	68995	41759	38203	32294	65509	163400	103551	52932	82834	110650	22801	32738	79300	30679	21156	55705	82013	66860	64535	91552	36392	51219	67058	53493	50249	126822	26836	27498	40194	38149	45143	47546	17081	76895	181407	96339
184	127732	22013904	127364	22061622	22041378	101246	64405	81862	159126	82264	39061	88338	85331	83351	69535	100235	72217	155873	53210	98683	94690	97643	44408	81545	70585	43460	40005	33985	66997	164408	105159	54470	84427	112126	24217	34347	80944	32328	22493	57239	83662	68439	66111	93136	38010	52767	68631	55092	51748	128150	28416	29044	41761	39745	46676	49168	18490	78554	182331	97977
185	129060	22133922	128692	22183086	22162842	102846	56564	83512	160218	66308	40621	90017	51701	66998	71107	64307	41601	156965	32925	100326	96344	99323	46098	83245	45351	20244	15906	15725	68632	62152	50733	26195	37596	113620	21690	35941	50935	34079	12854	38974	68541	48557	32075	41934	39716	54385	32790	44774	24835	104087	29914	30712	19628	14460	30325	21690	20319	38414	183244	99673
186	130388	22255386	130020	22304550	22284306	104486	32525	85413	161262	41249	42613	91860	42645	42045	73102	50077	36396	158057	26977	101986	98066	100995	47989	40947	36113	22580	20149	7960	34276	64717	53548	28840	42970	115114	12963	38665	41511	36661	12196	29728	42730	35551	34748	1446	42292	56944	35231	28917	27309	63786	32446	33432	22313	19941	24542	25533	23012	41175	184168	101333
187	131652	22376850	131307	22424568	22404324	106085	34748	87394	162270	43546	44929	93686	44913	44393	75373	52339	32845	159136	29127	103666	99798	102655	50425	43306	38718	25443	22772	10679	33258	67310	56438	31525	45725	116584	15603	41307	44217	39335	14548	32211	45454	38194	37394	8676	44857	59496	37788	31596	29785	66346	34912	36061	24874	22588	27043	28242	25664	43947	185092	103013
188	132912	22496868	132567	22546032	22525788	107662	37115	89326	163278	45905	47351	95491	47248	46886	77608	54804	19181	160228	31525	105287	101458	104315	52864	45725	41106	27938	25122	12987	18302	69802	59146	34057	48320	118012	17616	43884	46808	41985	16941	34694	48062	40766	39966	21151	47282	29845	40285	34184	32392	68812	37380	38560	27268	25122	29543	30778	28064	46599	186005	104667
189	134172	22618332	133827	22667496	22645806	109239	39445	91221	164274	48320	49779	97255	49513	49294	79792	57196	21634	161284	33935	106864	103138	105923	55383	48148	43457	30567	27495	15354	20658	72178	61773	36527	50782	57297	19845	46226	49219	44383	19249	37009	50536	43279	42430	23485	49630	32126	42584	36532	34503	71162	39744	40907	29678	27267	31779	33306	30479	49145	186929	106244
190	135417	22739796	135072	22787514	22767270	52988	41742	93047	165282	50618	52090	98998	51757	51708	81892	59531	23746	162280	36071	108460	104786	107500	57682	50413	21444	32986	29677	18103	22678	74474	64254	38944	53205	27893	22411	48669	51637	46788	21501	39292	52932	45608	44803	25768	52068	34374	44902	38949	17049	34586	42024	19560	31905	29325	34171	35595	32840	51566	187853	107840
191	136677	22859814	136332	22908978	22888734	55321	43963	94895	166290	52893	54376	100686	53946	53938	83954	61839	26165	163288	38408	110037	106363	109077	59997	52698	23662	35355	32099	20071	25037	76750	66799	41319	55669	30252	24540	50992	53984	49200	23713	41598	55336	48037	47187	28234	54356	36652	47150	41374	19235	36907	44232	21782	34350	31839	36348	38126	35219	54031	188766	109417
192	137922	22981278	137592	23030442	23008752	57478	46123	96645	167286	55040	56540	102366	56084	56187	85922	64030	28377	164284	40560	111532	107959	110641	62253	54888	25849	37738	34228	22797	27265	78908	69160	43565	57960	32311	26576	53209	56306	51498	26055	43734	57672	50348	49413	30225	56483	38796	49336	43664	21198	39090	46470	23967	36459	33984	38562	40294	37336	56352	189690	110945
193	139182	23102742	138837	23150460	23130216	59490	48184	98388	168294	57132	58683	104026	58112	58314	87881	66179	30495	165292	42652	113044	109536	112135	64399	56988	27788	39979	36287	24808	29253	81017	71411	45741	60157	34426	28612	55340	58427	53624	28203	45814	59817	52479	51581	32222	58559	40825	51428	45791	23171	41156	48515	26049	38559	36001	40654	42446	39548	58540	190566	112457
194	140373	23222760	140051	23271924	23251680	61402	50201	100125	169302	59154	60720	105629	60097	60361	89767	68200	32538	166300	44643	114538	111057	113629	66444	58979	29740	42099	38342	26824	31112	83042	73535	47820	62210	36361	30713	57388	60471	55659	30059	47760	61880	54561	53627	34283	60565	42759	53361	47866	25236	43073	50353	27975	40549	37963	42596	44542	41540	60615	191396	113951
195	141535	23344224	141227	23391942	23371698	63417	52141	101765	170298	61041	62690	107225	61954	62375	91621	70135	34519	167308	46506	116032	112569	115141	68367	60973	31504	44069	40191	28840	32928	85058	75574	49729	64197	38359	32360	59333	62416	57591	31806	49713	63845	56461	55588	36338	62474	44653	55225	49732	26990	45000	52328	29845	42495	39775	44545	46497	43441	62588	192236	115445
196	142711	23465688	142389	23513406	23493162	65177	53931	103405	171306	62969	64599	108802	63821	64293	93447	72020	36335	168304	48379	117468	114063	116609	70297	62903	33424	45953	41956	30859	34768	86978	77542	51602	66062	40155	34170	61215	64269	59425	33770	51467	65690	58293	57413	38230	64293	46426	57024	51525	28780	46759	54147	31604	44308	41558	46455	48456	45399	64532	193066	116913
197	143887	23585706	143565	23634870	23614626	66919	55773	105040	172314	64773	66421	110362	65574	66155	95242	73843	38227	169312	50223	118879	115557	118020	72208	64677	35001	47764	43791	32434	36514	88824	79388	53491	67937	41824	35946	63006	66101	61339	35565	53204	67517	60137	59287	39823	66062	48129	58839	53416	30600	48540	55799	33455	46092	43411	48072	50214	47229	66356	193906	118324
198	145049	23707170	144741	23754888	23734644	41492	57521	106598	173310	66527	68195	111838	67310	67937	96964	75628	40028	170308	29937	120290	117019	119448	73944	66496	36793	49633	45416	34240	38179	90618	81228	55201	69677	43617	37691	64713	67825	62994	37218	54925	69257	61828	60966	41754	67757	49821	60429	55093	32060	50212	57547	35090	47811	32174	49930	51994	48949	68132	194746	119735
199	146225	23828634	145903	23876352	23856108	34032	59322	52173	174312	68357	70073	113332	69055	69794	98707	77464	41851	171316	25464	121718	118430	120859	75807	68297	38338	51311	47157	36013	39826	92347	82978	56965	71418	45246	39094	66407	69565	64798	38907	56627	70983	63603	29560	43167	69437	51530	62144	56860	33825	51912	59207	36821	49468	21444	51437	53715	50691	69896	195586	121163
200	147401	23948652	147079	23997816	23976126	35873	61204	53923	175225	70229	71929	114844	70904	71708	100428	79388	43784	172324	27279	123122	119841	122270	77740	70171	40031	53130	48670	37700	41607	94085	84757	58607	73094	46950	40959	68151	71223	66396	40575	58208	72646	65235	31202	45044	71041	53070	63749	58469	35325	53560	60787	38365	51154	23127	53135	55378	52377	71607	196416	122574
201	148563	24070116	148241	24117834	24097590	37623	63028	55839	176149	72085	73811	116329	42898	73598	102088	81228	45635	173320	29052	124450	121269	123657	79612	72056	41604	54663	50337	39315	42978	95767	86437	60272	74771	48554	42595	69681	72906	68080	42030	59782	74382	66944	32824	46581	72674	54642	65317	33343	36988	55118	62425	40057	52781	24612	54858	57029	53891	73249	197256	123927
202	149712	24190134	149413	24239298	24219054	39454	64831	57838	177073	73934	75705	117740	35534	75446	103748	83103	47589	174321	30855	125794	122680	124985	81494	73934	43119	56449	52034	41119	20255	97405	88122	61926	76364	50062	43981	71335	74530	69640	43768	61414	75986	68491	34429	48065	74270	56281	66899	29635	38526	56704	63990	41629	54361	26089	56269	58774	55697	74920	198086	125255
203	150804	24311598	150505	24360762	24339072	41249	66707	59560	177986	75797	77538	119168	37355	77390	105384	84973	49420	175245	32686	127122	124027	126313	83394	75743	44676	43045	53483	42554	21841	85418	82829	63506	78016	51685	45464	72986	76102	61611	45302	62935	77574	70156	35962	42095	75851	57800	63624	31140	40056	54948	65490	43143	55933	27713	57896	46911	48600	76540	198926	115291
204	151883	24433062	151584	24480780	24460536	42874	68441	61368	94542	42618	79358	57326	17352	79186	106961	86773	51308	176158	34417	68894	125371	127657	45405	36873	46448	11748	25387	44551	14886	48916	44696	65362	79836	24751	47467	74721	77920	34886	47048	30541	79420	33998	37817	24193	77626	59523	32650	32955	19086	28221	32075	45021	57785	29247	59722	29140	28041	78394	199766	62051
205	152975	24553080	152676	24602244	24582000	20663	70600	63577	63690	38898	81399	59492	18852	39003	108538	88674	53556	177082	36637	63398	126699	62607	42682	39004	48495	13876	27436	46594	11048	51068	46864	67500	81934	26771	49428	76800	80026	36963	49070	32518	81509	36073	39897	26256	79654	61568	34625	35031	21060	13276	34084	47087	59822	13796	61789	31207	30183	80547	200596	64235
206	154067	24674544	153768	24722262	24702018	8676	34286	66144	30366	41426	83499	62133	21245	41575	110130	42802	56150	178006	17366	65939	128027	30541	20652	41576	23136	15849	29269	48679	12973	53205	48978	69570	83971	28647	51236	42554	82042	39037	51054	21748	83559	38032	41924	28242	81609	63511	36663	37045	13993	15188	35922	49065	61819	15909	63789	33269	32118	82597	201436	66316
207	155146	24796008	154847	24843726	24823482	11963	37410	68677	34328	44604	85497	64859	24181	44879	111624	46061	59154	178919	20658	68508	129371	33710	23750	44742	25039	17715	31261	50838	14926	55373	51167	71634	85963	30679	53134	39532	84098	41056	53113	16753	85555	40152	43995	30232	83659	65491	38646	39114	11048	17127	37889	51130	63882	17889	65729	35326	34184	84631	202276	68393
208	156238	24916026	155939	24965190	24944946	14926	40598	71119	37669	47868	87474	31553	11226	48211	113118	49354	61979	179843	23668	70955	130698	37052	27029	48040	26883	19617	33131	52906	6828	57420	53223	73639	87921	32520	55047	36584	86042	43121	55100	18528	41361	42164	45928	13889	85555	67444	18304	41029	12973	18868	17352	53070	65850	19878	67645	37325	36133	86623	203106	70467
209	157317	25037490	157031	25086654	25064964	17741	43789	73505	40940	51047	89406	34868	14198	51526	114630	52597	64677	180756	26647	73319	131943	40271	30363	51247	28753	8954	35137	55090	8740	59574	55391	75729	89830	34503	57139	20190	88019	45184	57191	20454	43462	44225	48040	15858	87553	69425	20149	43191	14926	20763	20045	55171	67882	21783	69685	39432	38197	88553	203946	72652
210	158409	25158954	158110	25206672	25186428	20371	46715	75788	44010	54070	91298	37944	16765	54601	116124	55611	67302	181680	29746	75636	133203	43294	33362	54298	30710	10868	37090	57181	10086	61682	57510	77795	91725	36490	59091	22161	89928	47243	59281	22493	45510	46283	50023	17840	89462	71349	22028	45159	16897	22590	21933	57152	69886	23706	71658	41479	40155	90485	204786	74777
211	159501	25278972	159202	25328136	25307892	23060	49466	78008	46835	56826	93124	40889	19420	57473	117538	58399	69765	182604	32420	77861	134463	46073	36167	57078	32677	12655	39103	59167	11992	63685	59521	79745	93529	38374	60878	23967	91775	49172	61199	24190	47424	48209	51967	19729	91329	73251	23670	47131	18659	24536	23670	59033	71858	25401	73578	43431	42020	92308	205616	76775
212	160580	25400436	160281	25448154	25427910	25626	52112	80166	49497	59451	94972	43587	21750	60139	118966	61056	72142	183517	34888	80019	135708	48694	38823	59696	34409	14509	40866	61088	13933	65535	61533	81596	95320	40273	62646	25727	93579	50991	62957	25934	49303	50061	53804	21353	93111	75030	25614	48939	20371	26178	25369	60924	73659	27526	75400	45159	43852	94112	206456	78672
213	161608	25520454	161332	25569618	25549374	27732	54512	82226	52061	61896	96719	46168	24025	62654	120377	63539	74438	184441	37522	82085	136968	51136	41304	62193	36173	16276	42505	62982	15362	67457	63315	83421	97042	41936	64332	27526	95368	52780	64794	27643	51117	51804	55613	23313	94871	76758	27114	50805	22325	27872	27114	62624	75397	28925	77128	47087	45791	95877	207286	80540
214	162616	25641918	162340	25691082	25669392	30035	56848	84251	54349	64213	98462	48614	26102	65044	121788	65921	76661	185365	39618	84116	138228	53544	43646	64533	37688	17750	44270	64690	17403	69137	65109	85134	98785	43678	66100	29069	97090	54474	66424	29110	52823	53571	57330	24786	96538	78396	28897	52485	23858	29468	28681	64407	77152	30805	78856	48729	47302	97599	208126	82290
215	163612	25763382	163348	25811100	25790856	32237	59123	42094	56729	66574	100195	50980	28393	67441	123204	68251	38523	186278	42004	86108	139468	55805	46043	66853	39463	19543	45921	66447	18788	70954	66822	86838	100443	45214	67524	30669	98749	56191	68168	30843	54478	55203	58961	26725	98155	80034	30438	54110	25217	31114	30301	65987	78827	32383	80517	50477	49060	99321	208966	84024
216	164620	25884846	164344	25932564	25912320	15167	61487	44393	59147	68883	101855	53510	30713	69809	124532	70591	40873	187202	44354	88060	140644	58198	48495	69213	40906	21183	47386	68070	20076	72534	68523	88460	102063	46832	69144	32319	100368	57820	69668	32483	56121	56823	60650	12291	99763	81624	31839	55726	27202	32614	31839	67655	80413	33826	82042	52050	50759	100953	209726	85704
217	165628	26004864	165352	26054028	26032338	17231	63817	21638	61576	71231	103515	55921	32869	72185	125860	72968	43380	188126	46672	89992	141806	60623	50867	34483	42348	22611	49057	33293	8715	74214	70158	90070	103683	22259	70758	33826	101968	59403	71293	33921	57716	58468	62226	13741	101323	83174	33492	57404	28618	34229	33368	69275	81989	35618	83666	53692	52125	102593	210482	87374
218	166624	26126328	166348	26174046	26153802	19505	66190	23925	63999	73613	105163	58447	35069	74509	127204	75270	45838	189039	49173	91858	142982	63025	53325	36924	44026	24384	50674	34936	10271	75905	71898	91691	105304	23709	72345	35444	103588	61045	72917	35477	59337	60035	63797	15325	102863	84681	35066	58928	30035	35828	34769	70827	83564	37213	85226	55319	53878	104233	211238	89007
219	167632	26246346	167356	26295510	26275266	21730	68481	26248	66366	48897	106740	33343	37416	76756	128532	77509	48212	114983	41954	71161	144158	65372	55709	39264	18798	26036	23136	36504	11616	36492	34346	55825	51653	25322	73829	16424	105175	28920	38088	37132	28636	28563	30502	16758	50174	41311	16037	31106	31718	37359	36458	34406	85199	17001	40488	57008	55574	105826	211985	90709
220	168640	26367810	168364	26416974	26395284	23921	62497	28673	68861	38430	108317	30669	39725	78940	129860	79667	50843	62779	20511	46769	145320	58021	58317	41771	22020	28477	1446	39083	13919	38913	36851	46945	53771	27604	76020	18573	106771	31135	37640	39356	30872	30805	32799	19088	45816	43510	18233	30397	34175	39671	32845	36683	87189	19301	43366	59418	57796	107403	212741	92544
221	169636	26489274	169360	26536992	26516748	26948	35725	31897	71296	41490	53388	15726	42789	81097	63040	81771	26110	31808	13124	49976	146496	34264	61146	44921	24527	14043	4338	19411	16147	41590	39513	49560	56320	29987	78257	21000	52413	33636	40093	41757	33455	33331	35298	21357	26221	45870	20496	14765	36238	42005	19072	39196	89121	21644	45870	61964	60342	108999	213497	94392
222	170644	26609292	170368	26658456	26638212	30083	39158	35414	35648	44985	56545	19084	46049	83172	65695	83862	29758	35274	16259	53295	147672	37777	63880	48424	26641	6145	12610	9601	18443	44196	42150	52121	58860	14039	38535	23350	54876	36192	19345	44166	36024	35850	16878	23934	28647	48287	22809	17245	17723	44496	21440	18976	91025	24018	48244	64503	62851	110549	214244	96165
223	171652	26730756	171376	26778474	26758230	33108	42360	38716	38930	48225	59493	22401	49176	85183	68242	85854	33127	38534	19420	56384	148834	41090	66499	51724	29318	8476	15174	11945	20785	46921	44954	54748	61570	16503	40935	25888	57517	38845	21782	46716	38635	38473	19516	26336	31283	50791	25236	19729	20043	47025	23921	21452	92851	26254	50832	67134	65518	112043	215000	97908
224	172648	26852220	172372	26899938	26879694	35933	45335	41754	42051	51259	62266	25531	52076	87196	70727	87816	36181	41586	22130	59306	149963	44102	69050	54713	31504	10679	17115	14339	23337	49495	47551	57252	64057	18529	43391	28343	60011	41276	24054	48963	41079	40927	21836	28682	33464	53174	27600	22308	22401	49384	26165	23758	94699	28823	53213	69575	67981	113555	215756	99668
225	173656	26972238	173380	27021402	27001158	38551	48080	44584	44861	54005	64892	28387	54743	89105	73099	89748	39099	44381	24793	62090	151055	46921	71450	57543	33795	12659	19403	16508	25388	51899	49966	59586	66392	20859	45534	30532	62299	43524	26288	51233	43431	43239	24018	30913	35685	55381	29844	24363	24363	51594	28377	26017	96458	31045	55492	71929	70301	115049	216503	101328
226	174618	27093702	174376	27141420	27121176	41151	50676	47197	42402	56620	67449	31112	57247	91010	75370	91625	41715	47050	27499	64721	152134	49495	73769	60137	35821	14940	21542	18646	27437	54119	52232	61793	68587	23043	47578	32638	64476	45703	28417	53287	45616	45389	26095	33119	37775	57464	31930	26412	26333	53715	30427	28168	98201	33054	57608	74119	72492	116522	217259	102988
227	175542	27215166	175289	27262884	27242640	43452	53142	49842	23533	59181	69931	33677	59721	92858	77605	93451	44361	49534	30029	67252	153226	52099	76043	62686	37848	16909	23486	8818	29411	56289	54398	63857	70684	24954	49577	34673	66550	47782	30397	55303	47699	47439	28166	35126	39806	59477	33825	28460	28387	55748	32346	30094	99947	35006	59617	76245	74592	117950	218015	104662
228	176466	27335184	176213	27384348	27364104	45860	55610	52311	25892	61608	72330	36115	62085	94684	79737	95288	46899	52016	32167	69719	154318	54537	78227	65139	39667	18893	25280	10358	31459	58306	56487	65888	72721	26647	51417	36594	68559	49776	32383	57244	49653	49443	30024	37023	41688	61389	35675	30437	30437	57713	34218	32034	101587	36965	61591	78266	76566	119361	218762	106239
229	177379	27456648	177126	27504366	27484122	48148	57903	54663	28274	63934	74626	38557	64300	96444	81839	97031	35799	54382	20910	72097	155397	56908	38036	67501	41604	20686	27260	12391	32942	60251	58458	67829	74708	28460	53233	38526	70453	51687	34192	59158	51570	51370	32033	38880	43631	63142	37380	32420	32228	59544	35991	33923	103227	38611	63405	80190	78471	120772	219518	107816
230	178303	27576666	178050	27625830	27605586	50372	60307	57135	30604	66365	76869	41007	66689	98208	83903	98774	24542	56797	17122	74422	156489	59356	40515	69924	43359	22428	29106	14131	34841	62169	60331	69659	76490	30437	55029	40212	72302	53535	36024	60841	53421	53148	33800	40855	45306	64973	39272	34105	33861	61250	37735	35653	104851	40548	65229	82024	80343	122200	220265	109393
231	179227	27698130	178974	27747294	27725604	52737	62653	59542	33083	68740	79075	43458	68994	99933	85895	100492	26889	59248	19408	56662	157581	61740	42899	72296	45044	19039	30636	16071	36413	63966	62214	71430	78268	31903	56654	41975	74066	55280	37711	62643	55171	54946	35478	42397	47096	66628	40773	35826	35768	63073	39403	37523	106409	42102	66938	83841	82096	123575	221021	110922
232	180140	27819594	179887	27867312	27847068	55040	30677	61982	35446	71121	81202	46046	71280	101593	87879	102152	29260	61672	21643	38106	158660	64158	45385	74620	46713	11301	14765	17684	38246	65776	63977	73190	80036	33800	58339	43668	75789	57042	39432	64265	56900	56648	37189	44308	48696	32330	42661	37632	37301	64714	41101	39145	107986	43884	68665	85569	39830	124903	221777	112398
233	181064	27939612	180811	27988776	27968532	57312	33025	64456	37878	73479	83277	48498	73605	103273	89788	103812	31779	64092	23930	40581	159752	66613	47824	76890	48495	13028	16248	19482	39786	67540	65849	74972	81851	35242	60046	45434	77567	58786	41129	66035	58718	58438	38932	45867	50526	34020	44232	39356	39091	66470	42780	40906	109563	45461	70382	87382	41561	126247	222524	113910
234	181988	28061076	181735	28110240	28088550	59574	35274	66809	40215	75736	85284	50910	75858	104914	91663	105445	34110	66457	26253	42865	160831	68950	50186	79043	50006	14833	18188	21125	41669	69280	67581	76673	83526	37133	61640	47086	79231	60480	42855	67611	60380	60108	40599	47725	52058	35629	45885	41057	40803	68152	44489	42446	111083	47244	72064	89061	43222	127575	223280	115386
235	182901	28182540	182648	28230258	28210014	61748	37498	69050	42468	77932	87270	53209	78023	106472	93467	107003	36405	68709	28386	45123	161840	54594	52442	81171	41954	16182	19623	22741	43037	71005	69321	78340	85211	38611	63257	48812	80927	62160	44468	69231	62096	61799	42298	49174	53738	37168	47526	42690	42200	69682	45995	36241	112559	48795	73662	90763	44913	128903	224036	116824
236	183825	28302558	183572	28351722	28331478	63877	39648	71276	44701	80090	89179	55488	80155	108068	95282	108580	38616	70917	30436	47361	162848	35766	54677	83246	25052	17546	21058	24248	44643	72667	70958	79978	86867	40190	64829	50394	82552	63765	46066	70900	63703	63447	43884	50829	55326	38754	49064	44166	43931	71336	47546	21347	114053	50295	75292	92420	46500	130247	224783	118252
237	184749	28424022	184496	28473186	28451496	65938	41736	73461	46869	82178	91081	57784	82216	109626	97025	110152	40807	73086	32547	49495	163844	37905	56861	85254	26348	19465	13993	26068	46371	74291	72594	81570	88442	41807	66365	51849	84108	65365	47613	39000	65271	64951	45415	52469	56799	40275	50517	45866	45641	72903	49168	22764	67448	51913	76831	94004	48072	131520	225539	119646
238	185662	28545486	185409	28593204	28572960	67967	43817	75584	48983	84205	92885	59923	84241	111143	98768	111628	42934	75195	34587	51619	164852	39981	58995	87218	12442	20811	10461	27543	47863	76060	74386	83295	90144	43410	67960	53653	85788	67070	49275	35417	32010	31945	47112	54057	58480	41889	24107	47595	47112	74499	50741	24527	56702	53638	78492	95711	23235	132765	226295	121074
239	186586	28665504	186333	28714668	28694424	69881	45803	77629	51012	86197	94689	62016	86185	112619	100447	113104	45005	77220	36570	53663	165860	42003	61023	89104	13876	22726	11786	29440	49519	77776	76152	85013	91894	45093	69670	55244	87546	68793	50969	37131	33655	33655	48837	55859	60183	43537	25614	49299	48837	76234	52347	26089	58631	55155	80234	97433	24795	134025	227042	122485
240	187510	28786968	187257	28834686	28814442	71766	47706	79579	52994	88122	96449	64009	88065	114095	102087	114598	47028	79179	38557	55623	166856	43930	63017	91009	15311	24148	13293	30887	51322	79544	77890	86693	93588	46760	71208	56971	89202	70448	52641	38610	35340	35340	50582	57461	61740	45077	27191	50951	50623	77839	54128	27713	60057	56920	81817	99155	26500	135285	227798	123844
241	188423	28908432	188170	28956150	28935906	73598	49492	81462	54872	89985	98171	65911	89905	115589	103747	116074	48925	81077	40548	57484	167864	45775	64948	92813	17237	26055	15204	32779	52711	81153	79580	88344	95230	48283	72751	58647	90858	72101	54300	40189	36947	36947	52153	59054	63422	46657	28825	52429	52033	79399	55558	29318	61750	58458	83442	100775	28026	136530	228554	125188
242	189347	29028450	189094	29077614	29057370	75365	51376	83337	56686	91808	99878	67791	91687	117015	105345	117490	50832	82927	42102	59356	168872	47637	66790	94617	18747	11568	16522	34205	31330	39042	59515	89931	76383	29242	74347	60107	92423	73669	55800	24293	38486	22930	53676	42826	33887	25433	30370	24582	53560	51777	57132	30838	44987	59889	40488	51092	15512	93568	229301	126516
243	190244	29149914	190018	29197632	29177388	77120	53037	85101	58545	93568	101538	69651	78829	118426	106903	118884	24033	84708	43978	61135	115679	49382	68582	96380	20552	13570	18547	36323	27131	41061	40117	91756	47897	24956	76303	62227	94227	75757	57908	20498	40634	19181	55784	29915	32225	23444	32357	26615	55562	40117	59154	32860	31347	57840	42535	50983	14820	62944	230057	127844
244	191084	29271378	190854	29319096	29298852	78874	54914	86973	60348	95378	103198	71538	46100	119837	108499	120295	25950	86532	45776	62928	63205	51232	70447	98123	9601	15980	8469	38755	29340	43366	42474	93604	50214	27191	78452	64470	96008	77978	28441	22718	42915	21440	58108	32061	34285	25568	34409	12775	57784	42327	61279	35119	33462	30460	20460	53279	16929	65293	230813	129188
245	191924	29391396	191694	29440560	29420316	80709	56761	88843	62263	97121	104843	73462	47948	121248	110075	121723	27733	88420	47552	64862	65002	53092	72381	99852	11588	18066	10868	41041	31591	45735	44937	95413	52391	29254	80578	66730	81668	80136	30692	24821	45171	23481	60399	34192	36454	27754	36458	14754	60025	44476	63493	37408	35625	32698	22591	55665	19129	67615	231560	130516
246	192754	29512860	192524	29560578	29540334	82509	58583	90729	64153	98864	106439	75369	49686	122676	53809	123126	29688	90283	49467	66768	66811	55006	74257	101532	13589	20038	12983	25795	33628	47986	47139	97156	54665	31379	82628	68914	48469	82222	32786	26837	47363	25683	62577	36424	38556	29778	38558	16869	62115	46567	65566	39563	37718	34789	24706	57884	21102	69831	232316	131772
247	193594	29632878	193364	29682042	29661798	84283	60419	92563	66020	100578	108016	77313	51521	124023	55876	124454	31455	92137	51353	68560	68842	56812	73746	103192	15597	22209	14936	21358	35665	50135	49325	98920	56813	33430	84637	71000	50596	84247	34874	28853	49497	27709	64713	38473	40598	31738	40549	18968	64137	48653	67607	41604	39804	36817	26651	59983	23173	72006	232981	133032
248	194434	29754342	194204	29803506	29781816	86107	62332	94389	67897	102238	109593	79216	53373	125351	57658	125798	33376	93963	53092	70454	70640	58703	37392	104837	17610	24272	16657	23318	37590	52197	51457	100611	58844	15906	86557	72998	52559	86215	36841	30805	51541	29666	66717	40417	42591	33581	42642	20754	66097	50607	69557	43599	41786	22104	28609	62041	25071	74082	233653	134292
249	195264	29875806	195034	29923524	29903280	87898	64124	96183	69814	103898	111129	81163	55089	126695	59420	127126	35192	95756	55044	72387	72511	60603	39284	106433	19628	26170	18329	25371	39368	54250	53545	102271	60842	17651	88444	74975	54525	88162	38762	32575	53549	31566	68691	42417	44540	35446	44496	22765	68031	52492	71505	45503	43676	18962	30575	64066	27068	76075	234325	135537
