0	0	0	0	0	0	0	0	0	0	0	0	0	0	0	0	0	0	0	0	0	0	0	0	0	0	0	0	0	0	0	0	0	0	0	0	0	0	0	0	0	0	0	0	0	0	0	0	0	0	0	0	0	0	0	0	0	0	0	0	0
1	8676	5784	13014	13014	13014	8676	8676	13014	11568	10122	13014	8676	8676	13014	8676	13014	8676	13014	10122	5784	8676	5784	8676	13014	5784	11568	8676	10122	8676	10122	13014	5784	8676	8676	5784	8676	8676	8676	8676	8676	8676	8676	8676	8676	8676	8676	8676	11568	8676	8676	5784	5784	8676	5784	8676	11568	4338	10122	8676	8676
2	73746	54948	96882	98328	82422	18798	39219	35010	22782	32122	47984	20244	23136	23136	41146	49430	24582	44826	29185	20534	46461	22087	33258	58508	10122	59605	18798	29736	27772	75192	85314	49164	31396	30452	40488	63624	63624	65070	35274	56394	63624	56394	59286	63624	13174	12461	41934	72300	59286	57840	19836	44826	57840	30366	39707	40724	34704	75192	73746	69408
3	193764	173520	218346	218346	203886	22255	30114	33462	26889	30961	35989	24442	26414	14895	32824	35873	29546	35571	30045	18752	34102	23228	29405	38014	11486	34483	19982	26353	19982	177858	187980	137370	22316	22996	115680	166290	33541	169182	21541	147492	167736	150384	154722	164844	5855	14043	21844	174966	151830	151830	14906	128694	150384	14765	25052	29635	92544	177858	177858	172074
4	315228	294984	338364	339810	323904	13509	34184	37718	31051	17555	40234	28889	30438	18968	36929	40026	33869	39704	20910	22951	38286	27344	17714	42198	13346	15906	5784	11037	8676	60732	62677	60509	8917	9399	61523	62934	14888	62710	23217	60732	61954	62677	273294	61954	7462	5784	9399	60766	54948	60732	6145	62053	60732	5061	11226	13117	209670	62677	62934	57840
5	436692	415002	459828	461274	445368	14345	38197	41934	35306	18973	44299	33238	34349	23218	41126	44111	38241	43820	18863	27034	42493	14895	18517	46089	16566	19451	11219	14345	5136	1446	65354	63179	12292	12478	64235	65347	18175	65385	26563	1446	64685	65194	394758	64621	10317	8476	11237	63458	2892	64650	8722	64397	2892	2892	14345	16252	331134	65162	65626	64077
6	556710	536466	581292	581292	566832	17851	19019	45803	39466	17565	47976	17001	38180	27336	20551	47847	28244	47580	22769	31111	46315	18858	22484	49676	7953	22717	4338	17734	7791	11568	67942	65826	15326	15341	66874	67905	21343	67942	29949	8676	67279	61154	516222	67248	13179	11254	14059	66090	18798	67276	11439	66969	18798	5920	17377	19520	451152	67732	68175	66690
7	678174	656484	701310	702756	686850	21461	22992	49450	43606	12645	51468	21353	42152	31505	24696	51308	23496	51059	26880	35241	49925	22765	26715	53014	10064	25482	7462	20568	10356	31309	70408	68309	17962	17741	69293	70343	24008	70379	32606	31109	69744	33898	636240	69685	15648	13772	16267	68594	29518	69682	13923	69355	30934	7791	20054	22218	572616	70118	70633	69175
8	799638	777948	822774	824220	808314	25456	26991	52803	47380	16522	54698	25531	45957	35763	28817	54546	27722	54347	30910	39409	53248	26798	30901	56191	12319	27974	9685	22688	12389	33612	72707	70647	20048	20061	71482	72616	26165	72679	34763	33114	72035	36264	757704	71977	17539	15624	18882	70893	31559	71945	16020	71629	32950	10356	22130	24705	692634	72427	72952	71513
9	919656	899412	944238	944238	929778	28829	30601	55916	50832	20061	57708	29395	49510	39667	32542	57564	31578	57340	34647	43218	56339	30568	34699	59088	14364	30121	11658	24793	14422	35707	74965	72826	22031	22137	73576	74769	28377	74857	36961	35121	74222	38376	879168	74110	19671	17516	20977	73063	33599	74051	18103	73774	35144	12389	24112	26650	814098	74639	75228	73746
10	1039674	1017984	1062810	1064256	1048350	32037	33826	58828	54022	23329	60531	32928	52742	43119	35937	60429	35067	60217	37961	46628	59228	33917	38119	61884	16017	32125	13647	26964	16328	37795	77098	74918	24022	24119	75533	76794	30359	76909	38982	37187	76291	40428	999186	76156	21496	19545	22695	75119	35638	76045	20071	75805	37097	14276	26102	28682	935562	76747	77388	75886
11	1158246	1138002	1181382	1182828	1166922	34892	36877	61639	57068	26347	63266	36172	55674	46223	38982	29277	32019	62961	40956	49719	62016	37017	41301	64553	18100	34191	15379	28901	18377	39825	79139	76889	26019	25788	77450	78716	32218	72765	40800	39196	78258	42379	1120650	78102	23443	21185	24547	77090	37620	77943	22147	77738	39110	15806	28024	30711	1055580	78749	79470	77920
12	1279710	1258020	1302846	1304292	1288386	37691	39901	64380	59995	29264	65938	39250	58599	49297	42050	32314	19824	65621	44025	52819	64745	40031	44348	67151	20069	36195	17299	30848	20009	41806	81114	78834	28021	27732	79270	80657	34096	38897	42783	40904	80156	44196	1242114	80000	25073	23069	26583	79002	39292	79841	23867	79688	41126	17682	29751	32741	1177044	80714	81482	79922
13	1398282	1376592	1421418	1422864	1406958	40449	42711	66953	62746	32108	68447	42298	61386	52271	44952	35262	22760	68140	46892	55710	67306	42927	47326	69621	21669	37875	19024	32743	21803	43836	83039	80695	29818	29477	81090	82507	35991	40719	44676	42689	82042	46031	1362132	81867	27070	24808	28252	80907	41098	81664	25552	81492	42852	19693	31580	34290	98854	82614	83457	81842
14	1518300	1496610	1541436	1542882	1526976	43125	45435	69429	65419	34837	70867	45139	64042	55117	22686	38037	25521	70599	49635	58493	69769	45728	50126	72031	23515	17472	20805	34712	23813	45595	84935	82570	31512	13796	82840	84305	37790	42609	46358	44586	83906	47967	1483596	83690	28783	26354	13014	82732	43017	83464	11952	83342	44558	21123	33433	36288	62647	84479	85385	83738
15	1636872	1616628	1661454	1662900	1646994	45734	48043	71845	67945	37421	73234	47896	66625	57783	25373	40669	28230	72947	52273	61181	72174	48323	52854	74330	25388	19505	22537	36461	25338	47419	86855	84413	33431	15375	84624	86153	39560	44370	48280	46135	85706	49663	1605060	85490	30467	28184	14820	84569	44579	85247	13283	85154	46600	23012	35128	38181	64557	86375	87321	85658
16	1756890	1735200	1780026	1781472	1765566	48071	50518	74150	70382	39938	75500	50541	69052	60364	27799	43188	30834	75223	54740	63721	74470	50908	55410	76557	26978	21147	24570	38183	27161	49340	88661	86213	35126	17174	86328	87919	41401	46197	50006	48110	87513	51539	1725078	87283	32192	29762	16299	86345	46533	86999	15332	86930	48083	24417	36857	39775	66194	88178	89161	87467
17	1875462	1855218	1900044	1900044	1885584	50421	52875	76383	72766	42257	77704	52975	71365	62774	30097	45613	33171	77437	57172	66128	76692	53247	57852	78722	28623	22851	25891	40037	28723	51032	90455	87930	36855	18576	87995	89621	43020	47867	51711	49508	89238	53196	1846542	88985	33827	31525	18121	88080	47975	88661	16765	88594	50064	26304	38561	41608	68065	89949	90976	89238
18	1995480	1973790	2018616	2020062	2004156	52627	55097	78555	75049	44502	79836	55303	34764	65128	32423	47868	35527	79596	59473	68391	78852	55561	60157	80863	30452	24608	27678	41610	30479	52819	68930	89609	38451	20191	56096	51514	44719	49565	53286	51272	57479	54917	1966560	90641	35327	33131	19667	89759	49713	90317	18199	90273	51447	27766	40193	43123	69595	51333	92692	90961
19	2115498	2095254	2140080	2141526	2125620	54857	26816	80702	36888	46855	39069	57820	37074	67490	34771	50269	37900	39016	28997	70726	80988	27442	62573	39674	32242	11037	29497	20048	32072	54816	45400	91448	40396	9151	44181	44834	46666	51526	55265	53053	44604	56872	62941	44572	37214	34901	21687	43758	23405	92103	8324	44512	53535	29719	42007	45186	34483	45294	94518	92787
20	2236962	2216718	2261544	2261544	2247084	57679	29546	82802	17591	49768	42033	60705	39876	69971	37635	53262	40950	41935	31866	73126	50868	30321	65285	42645	34421	13124	31737	22313	34264	56956	47624	93274	42642	11030	46286	47040	48874	53727	57351	55229	46776	59076	65162	46702	39380	37034	23618	45971	25533	93929	10358	46644	55576	31747	44216	47333	36586	47480	96306	94613
21	2358426	2336736	2381562	2383008	2367102	60572	15100	84828	20547	52864	45121	63465	42832	72397	40856	56316	44160	45029	34854	75423	42633	33447	67847	45735	36527	6212	33766	24537	36435	59228	49954	95119	21063	12957	48339	49104	51028	55871	28189	57352	48936	61203	67338	48866	19303	39156	25646	48124	27571	95744	12047	48810	57654	33837	46364	49594	38734	49734	98049	96376
22	2478444	2458200	2503026	2504472	2488566	63306	17889	86820	23481	55790	48094	66097	20551	74720	43745	59241	47238	48008	37821	77656	45635	36304	70316	48673	38516	8272	35793	26651	38538	61453	52140	96862	23048	14770	50349	51207	53127	58013	30252	27625	51087	63291	69472	50938	21257	41169	27676	50226	29607	97487	13982	50925	59766	35861	48458	51794	18866	51927	99782	98140
23	2599908	2579664	2624490	2624490	2610030	65945	20499	88765	26244	58604	51017	68661	23217	76961	46630	62061	50167	50894	40672	79840	48535	39161	72730	51597	40509	10111	37822	28682	40530	63625	54348	98605	25041	16759	52363	53340	55225	60105	32247	29588	53223	65404	71568	53002	23225	43133	29705	52324	31577	99230	15940	53028	61863	37887	50503	53943	20761	54108	101462	99868
24	2721372	2699682	2744508	2745954	2730048	68454	23083	90674	28885	61289	53737	71074	25768	79163	49343	64725	52971	53661	43335	68037	51228	41873	75041	54288	42309	12013	39850	30711	42379	65663	56438	100331	27038	18758	54296	55280	57240	62126	34245	31361	55206	67450	73547	55069	25122	45057	31406	54372	33430	100927	17684	54982	63861	39912	52393	55933	22772	56131	103122	101528
25	2841390	2821146	2865972	2867418	2851512	70874	25483	92511	31566	63887	56361	73406	28234	81287	51955	67318	55669	56250	45841	40960	53862	44510	77255	56852	44223	13800	41580	32741	44243	67611	58446	101991	12442	20358	56092	57258	59189	64084	36190	33413	57150	69310	75451	57016	27037	46770	33207	56314	35420	102587	19589	56898	65768	41540	54287	57857	24620	58086	104771	103208
26	2962854	2942610	2985990	2987436	2971530	73241	27901	94359	34035	66351	58864	75693	30499	83362	54514	69781	58209	58759	48387	43510	56372	47038	79420	59407	46101	15781	43528	34470	46211	69531	60319	103651	14026	22406	57904	59066	61007	65891	37925	35051	27474	71121	77287	58761	28825	48721	35090	58119	37134	104227	21125	31055	67563	43441	56083	59684	26414	59970	106367	104852
27	3084318	3062628	3107454	3108900	3092994	75507	30191	96134	36392	68727	61270	77890	32860	85341	56886	72157	60735	61168	50723	45915	58804	49354	81509	61789	47777	17419	45298	36345	47838	71509	62268	105273	15849	24022	59659	60922	62870	67742	39791	36841	29163	73031	79217	60625	30506	50346	36765	60002	38880	105820	22832	29163	69453	45307	57931	61687	28316	61830	107944	106429
28	3204336	3184092	3228918	3228918	3214458	77711	32511	97877	38659	70993	63613	80022	35060	87302	59160	74453	63035	63453	52992	48244	61075	51645	83559	64045	49687	19458	47088	38181	49747	73294	64094	106831	17715	25697	61430	62688	64645	69572	41574	38600	30894	74791	80939	62400	32229	52242	38527	61828	40651	107397	24419	30894	71144	46877	59581	63370	29887	63701	109521	108006
29	3324354	3302664	3347490	3348936	3333030	79817	34674	99618	40848	73160	65807	82088	37185	89211	61387	76648	65285	65652	55208	50422	63299	53840	85531	66256	51162	21104	48772	39931	51299	75045	65900	108408	19295	27344	63049	64437	66403	71259	43186	40232	32659	76546	82739	64126	33923	53723	40109	63539	42299	108955	26148	32659	72941	48697	61388	65226	31774	65458	111043	109564
30	3442926	3422682	3467508	3468954	3453048	81841	36709	101258	42972	75267	67900	84142	39247	91089	63531	78758	67457	67780	57296	52511	59702	55981	87507	68365	52906	22904	50437	41608	53040	76773	67630	109947	20954	29042	64627	66047	68057	72941	44878	41897	34273	74315	79338	65776	35479	55460	41976	65203	43932	110489	27768	34151	74537	50322	63009	66780	33244	67163	112537	103890
31	3564390	3542700	3587526	3588972	3573066	83857	38743	102918	45087	77319	69990	86134	41254	92915	65603	80847	69587	69874	59383	54592	32525	58084	89416	70469	25660	24907	52330	43650	25875	78722	69670	54455	22765	30779	31573	32010	33042	74893	21555	20460	16551	38522	41849	32269	16802	57289	43716	32269	21347	53923	29581	36159	36465	24378	64940	32522	35243	69183	54491	54455
32	3684408	3664164	3708990	3708990	3694530	85825	40774	104577	47150	79378	72078	88085	43167	46055	67673	82897	71737	71962	61468	56708	34628	60172	91307	72542	28060	27224	54643	46137	28258	80863	72078	56758	25115	33119	33797	34388	35467	77134	23850	22683	18796	40923	44299	34748	19017	59657	46066	34628	23662	56320	31814	38546	38780	26584	67247	34983	37743	71608	57009	57010
33	3805872	3784182	3829008	3830454	3814548	87789	42759	106154	49252	81419	74151	89994	45136	48120	69742	84919	73850	74039	63479	58777	36609	62224	93133	74614	30132	29637	56793	48499	30247	82938	74347	59070	27336	35362	35939	36552	37678	79304	26021	24790	20900	43139	46534	36891	21198	61827	48129	36891	25768	58510	34022	40742	41014	28619	69444	37168	39983	73893	59419	59350
34	3925890	3904200	3949026	3950472	3934566	89698	44745	107731	51188	83419	76168	91860	47109	50140	71743	86911	75878	76033	65429	60777	38648	64179	94937	76615	32135	31671	58894	50583	32242	84958	76573	61232	29390	37469	37905	38702	39818	81397	28023	26884	23081	45293	48664	39021	23171	63890	50190	39074	27788	60620	36037	42873	43081	30652	71541	39390	42103	76081	61734	61570
35	4044462	4024218	4069044	4069044	4054584	91555	46559	109289	53127	85324	78114	93664	48961	52121	73716	88806	77860	77984	67382	62746	40532	66107	96685	78544	34140	33704	60925	52664	34301	86926	78686	63286	31439	39357	39877	40685	41799	83447	30028	28682	24987	47303	50700	40940	25153	65827	52250	41042	29740	62560	37943	44901	45099	32686	73521	41440	44167	78160	63864	63673
36	4164480	4144236	4187616	4189062	4173156	93359	48473	110823	55040	87193	79986	95449	50826	53988	75587	90715	79784	79856	69245	64589	42479	68041	98407	80442	35917	35735	62922	54703	36242	88821	80728	65241	33424	41308	41806	42577	43688	85375	31906	30575	26836	49271	52620	42963	26836	67650	54072	42963	31504	64441	39913	46709	46986	34717	75453	43345	46047	80136	65926	65679
37	4284498	4262808	4307634	4309080	4293174	95158	50272	112299	56916	88987	81828	97192	52545	55755	77450	92528	81634	81728	71059	66411	44245	69866	100123	82267	37720	37657	64696	56705	37975	90707	82653	67105	35237	43123	43553	44386	45590	87265	33803	32358	28708	51126	54470	44757	28635	69570	55800	44849	33362	66268	41741	48577	48843	36466	77316	45261	47854	82072	67866	67627
38	4403070	4382826	4427652	4429098	4413192	96838	52050	113775	58629	90781	83628	98914	54359	57684	79192	94310	83459	83503	72803	68245	46033	71635	101763	84050	39494	39327	66453	58494	39786	92542	84493	68977	37185	44864	45230	46258	47414	89059	35481	34107	30464	52949	56298	46527	30396	71228	57692	46615	35060	68047	43442	50412	50670	38134	79037	47053	49636	83887	69726	69517
39	4524534	4502844	4547670	4549116	4533210	98539	53768	115269	60395	92503	85381	48019	55968	59376	81015	45864	40845	85261	74623	69976	47840	73416	103423	85802	41188	41230	68256	60264	41469	94346	86365	70742	38823	46673	47023	47926	49168	90853	37304	35770	32190	54677	58032	22071	32125	34945	59278	48356	36793	69756	45216	52107	52317	39938	80841	48823	51474	85687	71611	71322
40	4644552	4624308	4669134	4669134	4654674	100248	55578	116730	62342	94329	87271	49839	57819	61257	82865	47679	42778	87156	76461	71890	49665	75297	105057	87697	42912	43048	69929	62149	43181	96100	88145	72497	40698	48327	48668	49749	50905	92572	38934	37469	33886	56500	59817	23709	33764	36569	61060	50160	38446	71467	46878	53899	54099	41565	82516	50650	53093	87472	73448	73141
41	4766016	4744326	4789152	4790598	4774692	101928	57440	118158	64197	96105	89134	51668	59647	63212	84744	49550	44672	89019	78318	73774	51541	77160	106653	89537	44477	44654	71611	63786	44781	97843	89916	74205	42246	50050	50212	51381	52581	94288	40652	39198	35617	58120	61483	25404	35384	38232	62624	51821	40135	73169	48441	55520	55752	43226	84217	52299	54931	89220	75220	74897
42	4887480	4865790	4910616	4912062	4896156	103588	45308	119569	66031	97869	43617	53710	61452	65041	86616	51472	46490	90882	80190	75589	53432	79043	108230	43476	21066	46472	34764	59702	20244	47523	43572	35486	19944	51594	24033	53042	54318	45729	42300	40753	37212	27625	50627	26994	16037	39825	29783	53471	37596	74789	49995	57239	26582	20347	74718	46476	56561	43476	77002	76652
43	5007498	4987254	5032080	5032080	5017620	50133	29020	58020	68147	99610	45746	55780	63464	67128	88547	25052	48664	92732	39597	77660	55514	81046	53091	45523	9818	23086	37242	32653	10238	50145	46333	38025	22313	25982	26348	55625	56844	48238	20964	43219	18073	30076	31677	29568	18347	42297	14096	26379	20600	76976	24872	28409	29050	22672	42694	26745	59124	46108	79177	78840
44	5128962	5107272	5152098	5153544	5137638	52431	31295	60486	70519	101270	48081	58209	65755	69509	90456	27203	51068	94558	41935	79818	57917	83146	55524	47868	12292	25811	39876	35458	12292	52988	49230	40759	24958	28428	28908	31936	59609	50991	23584	45777	20658	32723	34381	32193	20800	44862	16680	29079	23262	79178	27495	31132	31717	25114	45327	29482	61885	48894	81300	80976
45	5248980	5228736	5273562	5275008	5259102	54704	33475	62826	72842	102950	50349	60633	68030	71836	92302	29548	53439	96323	44194	81942	60184	60058	57927	50146	14484	28420	25932	38054	14770	55649	51927	43465	27496	30882	31323	29061	62177	53676	26019	28549	23133	35405	36940	34736	23261	47287	18910	31679	25483	81301	29887	33633	34296	27713	47900	32113	64458	51607	83400	83051
46	5370444	5350200	5395026	5395026	5379120	56922	35754	65083	75122	104607	52675	62903	70232	74114	94150	31849	55780	98087	46434	84002	62500	42388	60126	52443	16759	30942	21002	40685	17128	58225	54526	45962	30026	33402	33686	31530	64677	56117	28390	24542	25693	37895	39439	37215	25726	49718	21201	34201	27975	83376	32229	36076	36636	30018	50258	34661	66966	54184	85402	85091
47	5491908	5470218	5515044	5516490	5500584	59055	37950	67324	77336	106184	54942	65221	72369	76349	95934	33931	58032	99818	48653	85994	64735	44580	62411	54678	19089	33395	23082	43155	19089	60683	57042	48332	32358	35569	35835	33818	67023	58493	30643	26656	27944	40232	41736	39487	27900	52032	23441	36490	30122	85403	34529	38413	38992	32286	52628	36978	69352	56574	87383	87083
48	5611926	5591682	5636508	5636508	5622048	29211	40076	69489	79498	107780	57076	67457	74469	78548	97677	36009	60225	101478	50771	87950	66924	46798	64616	56826	21063	35562	25237	45401	21358	63017	59381	50588	34710	37775	37971	36018	69257	60739	32930	12442	30024	42338	44005	41781	30052	54208	25483	38644	32191	87361	36686	40616	41264	34463	25794	39315	71597	58891	89315	88994
49	5733390	5711700	5756526	5757972	5743512	31274	42142	71613	81584	109357	59204	69647	76529	80670	99441	38134	62408	103158	52882	89859	69041	48958	66778	58961	23048	37878	27298	47625	23318	65236	61665	52785	36799	39910	40042	38143	71447	62940	35067	14467	32228	44579	46163	43906	32125	56265	27526	40885	34253	89270	38720	42706	43369	36509	27813	41469	73771	61126	91211	90926
50	5854854	5833164	5877990	5879436	5863530	33144	44204	73674	83659	110888	61260	71737	78513	82745	101108	40146	37817	104805	54953	91709	71122	50987	68870	60990	25041	39955	29211	49749	25289	67379	63797	54859	38827	41936	42012	33483	73514	65001	37079	16239	34288	46621	41439	45933	34069	58248	29495	42960	36310	91124	40702	44740	45375	38554	29832	43517	75829	63249	93037	92730
51	5974872	5954628	5999454	5999454	5984994	35090	46264	75762	40998	112400	63346	73878	80562	84773	102768	42257	32225	106382	56978	93557	73228	53049	70986	63084	26961	42076	31207	51861	27115	69482	65954	56925	40855	43913	44032	19518	75554	67027	39092	18181	36286	48663	23853	47959	36023	60229	31472	44984	38365	45216	42691	46774	47426	40545	31788	45606	77917	65333	94863	94556
52	6096336	6076092	6119472	6120918	6105012	37157	48319	77905	43114	113894	65425	76040	82587	86765	104448	44408	34405	107978	59074	95368	75332	55188	73097	65205	28682	44141	33144	53931	29042	71578	68043	58953	42931	45895	45918	21452	77574	69051	40957	20142	38233	50658	25864	49987	38040	62082	33331	46920	40213	47186	44496	48766	49389	42442	33752	47691	79945	67411	96615	96322
53	6217800	6196110	6240936	6242382	6226476	39114	50289	79959	45132	115388	67501	78120	84549	88689	106030	46413	36454	109555	61100	97111	77411	57204	75152	67256	30711	46068	35149	55884	30980	73529	70042	60846	44910	47794	47774	23135	79472	70987	42835	21735	40242	52619	27652	51732	39848	63977	35267	48864	42172	48992	46452	50677	51198	44163	35549	49561	81839	69393	98337	98044
54	6337818	6317574	6362400	6362400	6347940	40876	52187	81927	47150	116860	69511	80148	86493	90598	107607	48376	38448	111075	63092	98854	79389	59154	77150	69243	32422	47916	36877	57809	32741	75433	71927	62780	46717	49620	49516	25039	81334	72846	44680	23397	42102	54545	29543	53656	41628	65787	36989	50731	43810	50815	48155	52441	52980	46088	37370	51402	83711	71260	100036	99757
55	6459282	6437592	6482418	6483864	6467958	42855	54089	83892	49126	118271	71461	82159	88360	92438	109184	50343	40445	54075	65053	100528	39387	61075	79137	71202	34107	49823	38581	59637	34470	77269	73837	64526	48456	51258	51279	26805	83109	74638	46452	25198	43790	56186	31252	55432	43430	67491	38743	52454	45706	52534	49968	54258	54821	21881	39050	53218	85511	73081	101676	101397
56	6580746	6559056	6603882	6605328	6589422	44837	56112	85884	51108	119682	73472	84187	90269	94264	110742	52396	42444	56024	66985	102208	41337	63134	81137	73193	35828	51572	40315	61408	36174	79044	75595	66319	50214	53078	52903	28389	84859	76395	48155	26798	45641	58067	32933	57190	45020	69171	40417	54270	47263	54272	51594	55981	56492	23533	40764	54977	87258	74893	103336	103057
57	6700764	6680520	6725346	6725346	6710886	46647	57995	87822	53049	121110	75432	86179	92123	96043	112236	54442	44400	57946	68950	79867	43295	65125	83112	75136	37469	53267	42025	63193	22467	80797	77377	68006	51874	54650	54518	30025	86539	78098	49845	28382	47200	59608	34653	58825	46690	70842	42025	55918	49023	55883	53288	57652	58183	25074	42358	56713	88960	76594	104955	104690
58	6822228	6800538	6845364	6846810	6830904	48473	59952	89731	55002	122521	77376	88128	93949	97807	113730	56271	46405	60042	70860	51115	45213	67023	85053	77053	39039	55062	43527	30199	17605	82547	79122	69774	53639	56399	56160	31774	42008	38144	51554	30157	49005	28781	36291	60552	48386	72426	43527	57663	50600	57628	54855	59274	59894	26840	44035	58397	90662	78342	106532	106267
59	6943692	6922002	6966828	6968274	6952368	50395	61780	91609	56916	123877	79277	90037	95742	99550	115224	58149	48325	61966	72807	53055	47139	68957	87021	78992	40702	56794	45435	32068	19409	84319	80947	71514	55341	58095	57826	33430	43700	39948	53249	31768	50705	30397	38022	62263	50066	74190	45297	59390	52329	59286	56633	61090	61625	28420	45786	60204	92411	80136	108128	107863
60	7063710	7043466	7088292	7088292	7073832	52170	63684	93435	58839	125221	81171	91879	97464	101191	116688	60031	50212	63769	74627	55120	48989	70780	88866	80847	42299	58615	46911	33772	20759	86071	82697	73243	57137	59775	59514	35066	45419	41575	55007	33424	52429	32126	39674	63993	51809	75801	46999	61101	53958	60965	58249	62653	63308	30056	47474	61893	94105	81847	109705	109440
61	7185174	7163484	7208310	7209756	7193850	49665	54333	95210	60633	116802	82971	93705	93825	102831	118065	61923	52072	62178	76438	49535	50812	72618	90729	82672	32535	57840	39022	35509	17352	41561	40437	74969	53227	49033	61153	36798	21458	43379	56633	17555	54132	14888	34945	30774	53420	36606	48602	26028	33620	62631	59924	60732	64974	13889	44826	60732	42866	40129	52988	53771
62	7305192	7284948	7329774	7331220	7315314	26977	32780	47198	29915	62183	41249	46538	48958	104511	57298	64111	26062	32397	38361	28189	25300	36111	44650	40947	22114	30329	24286	38372	11237	44405	43306	77183	29092	31068	30664	39410	10856	46107	59264	17485	56884	17472	20802	33426	26511	39178	23940	14678	13433	29705	62446	32289	32717	16503	24286	32417	23208	42922	56098	56172
63	7426656	7406412	7451238	7451238	7435332	30109	36038	50581	33269	64875	44626	49966	52188	106090	60212	66723	29434	35806	41626	31530	28619	39407	48040	44346	24612	33331	27043	41286	13758	47336	46310	79351	32016	33821	33388	42201	13293	48935	62017	20146	59718	20137	23440	36226	29198	41840	26500	17415	15993	32383	65130	35062	35516	19084	27043	35239	26001	45860	59035	59105
64	7548120	7526430	7571256	7572702	7556796	33005	39074	53714	36367	67463	47761	53248	55188	107667	63022	69237	32648	38862	44788	34606	31784	42541	51247	47458	27029	35966	29331	43911	15877	50053	49042	81468	34634	36306	35730	44818	15877	51566	64586	22493	62346	22668	26129	38772	31853	44384	29118	19878	18192	34913	67612	37630	38054	21450	29473	37850	28446	48578	61801	61834
65	7668138	7647894	7692720	7692720	7678260	35781	41940	56632	39273	69974	50659	56228	57960	109263	65648	71689	35627	41742	47610	37540	34657	45459	54184	50372	29389	38473	31844	46478	18206	52550	51588	83568	37065	38685	38037	47245	18091	53955	66997	24785	64809	25110	28344	41256	34057	46613	31252	22162	20459	37213	69944	40033	40430	23668	31909	40394	31031	51068	64409	64377
66	7789602	7767912	7812738	7814184	7799724	38354	44573	59403	42025	58493	53400	59018	60565	67406	68167	74028	38428	44433	50310	40259	37366	48195	56934	53088	31570	40825	33988	22598	10026	54972	54014	85563	39345	40873	40209	49468	20473	56315	69262	26957	67120	27331	30601	43457	36242	48865	33558	24398	22590	39485	72147	42248	42723	25774	34049	42689	33230	53439	66857	66795
67	7911066	7889376	7934202	7935648	7919742	40917	47231	62082	44699	36170	56076	61785	63134	55543	70626	76293	41138	47143	52989	42898	40042	50827	59661	55780	33734	43047	36120	24963	9636	57248	56335	87537	41598	43044	42365	51714	22511	58540	71481	28966	69381	29456	32892	45685	38462	51019	35657	26603	24789	41679	74303	44494	44895	27794	36234	44908	35407	55743	69217	69097
68	8031084	8010840	8055666	8055666	8041206	43373	49749	64649	47307	38610	58699	64457	65628	27518	73001	78494	43772	49832	55539	45430	42649	53443	62292	58349	35763	45297	38130	27043	11616	59477	58559	89423	43734	45110	44371	25002	24547	60683	73575	31044	71538	31500	34913	47809	40560	53079	37692	28781	26806	43716	76369	46539	46967	29886	38238	47111	37622	57924	71496	71322
69	8152548	8130858	8175684	8177130	8161224	45786	52261	67182	49862	41156	61245	67027	68057	29976	75275	80619	46345	52301	58050	47952	45146	55969	64853	60871	37738	47395	40142	29118	13460	61591	60735	91314	45814	47172	46378	27003	26505	62720	75613	33053	73602	33544	36989	49802	42505	55031	39674	30805	28754	45706	78359	48626	48993	31838	40246	49172	39609	60021	73673	73449
70	8274012	8252322	8297148	8298594	8282688	48164	25660	69651	52368	43601	63749	69531	70461	32567	77514	82694	48906	25822	60548	50554	22034	58493	67349	29490	39615	49443	18909	13332	15350	63661	62771	93118	47846	49146	48212	28935	28545	30706	77631	34887	75585	35527	39061	51792	44364	56944	41461	32703	30575	47613	80309	50622	50980	33861	42204	51152	41549	62078	75761	75518
71	8394030	8373786	8418612	8418612	8404152	50756	28282	72089	55097	46225	66372	71973	72842	35260	79698	84724	51658	28428	63216	53221	24708	61181	69868	32121	41404	51490	20802	15238	17272	65667	64837	94944	49797	51047	50105	30815	30583	32673	79581	36964	77630	37515	40927	53790	46281	58866	43510	34674	32422	49485	82189	52507	52964	35826	44170	53131	43546	64101	77878	77566
72	8515494	8493804	8538630	8540076	8524170	53257	13947	74414	57764	48836	68897	74302	35706	37870	81801	86740	54422	31083	65799	55833	27346	63817	72269	34729	43359	53421	22626	17174	18891	67615	66806	96671	51747	52989	52007	32712	32365	34465	81439	38611	79528	39350	42711	55673	48293	60761	45373	36367	34229	51450	84071	54436	54767	37632	46005	55044	45454	66031	79880	79542
73	8635512	8615268	8660094	8661540	8645634	55830	16299	76665	60448	51512	71331	76557	38231	40565	83867	42522	57159	33712	68343	58504	29959	66438	74593	37377	45182	55356	24312	18910	20481	69505	68747	98393	53594	54754	53728	34503	33992	36340	83289	40446	81363	41201	44515	57496	49977	62466	47028	38311	36060	53187	85823	56265	56621	39356	47814	56992	47326	67937	81801	81426
74	8756976	8736732	8781558	8781558	8767098	58292	18910	78878	63086	54094	73710	78774	40750	43186	85883	45166	59843	36319	33692	61124	32487	68961	76864	39949	46757	57116	10122	20499	22426	71339	70548	100109	55335	56501	55428	36262	36009	38070	85007	42102	83138	42924	31221	59263	51722	64222	48841	40057	37634	43288	87557	57964	58307	41107	49471	58703	49042	69707	83651	83301
75	8878440	8856750	8901576	8903022	8887116	60850	21201	81013	65708	56668	75986	80913	43264	45791	87844	47835	62499	38858	36244	63763	35068	71393	79044	42561	48581	58893	12298	22256	23866	73158	72394	101769	57167	58191	57150	37940	37531	39773	86783	43837	84910	44719	22128	60977	53452	65931	50463	41779	39410	26432	89259	59753	60116	42786	51277	60569	50864	71534	85523	85067
76	8999904	8978214	9023040	9024486	9008580	63246	23441	83088	68225	59193	78198	82988	45684	23086	89753	50278	65118	41338	38734	66293	37635	73742	81172	45110	50211	60720	13748	23881	25633	74914	74158	103409	58873	59970	58786	39650	39417	41506	88454	45506	86638	46400	24024	62709	55164	67600	52197	43527	41058	28184	90959	61453	61741	44448	52940	62247	52503	73262	87315	86891
77	9119922	9099678	9144504	9144504	9130044	65610	25969	85102	70682	61620	51004	85006	48066	25322	91630	52803	67630	43819	41121	68761	28547	75990	83247	47524	51711	43512	15195	17010	27209	72300	75905	105043	60564	61566	60378	41338	40862	43169	90133	47244	88338	48105	25455	64393	56641	69250	53832	45159	35591	29622	92521	63138	63487	35274	54554	57463	54280	75014	63877	88580
78	9241386	9219696	9264522	9265968	9250062	54105	24582	42449	73055	51176	40629	87022	23136	27829	93478	55324	70106	21734	19521	71200	20149	78228	85255	21690	53675	13174	16889	12298	28912	36579	77808	106620	43775	53647	56920	43104	28244	30547	42866	48837	90132	38038	27422	66190	32639	57031	26274	47043	20663	31459	45170	64905	55892	22128	48731	31109	51117	36888	43946	90443
79	9361404	9341160	9385986	9387432	9371526	34625	14910	45915	75354	33364	44100	43958	26335	31408	95293	58303	72499	25031	22866	73556	11030	80386	87242	25864	55820	15375	19204	14345	31261	39098	79966	108216	31001	31479	30528	45535	21358	22302	46122	51233	91992	24200	29610	68571	29518	35139	28550	49317	23048	33690	47494	67275	32225	24539	27806	33550	27881	39390	46554	92290
80	9482868	9462624	9506004	9507450	9491544	38430	18533	49555	77590	37299	47836	22208	30163	35504	97036	61167	36962	29033	12702	75837	14770	82463	42814	29823	58282	17772	9414	16889	15304	41614	82059	109793	33326	33833	32824	47923	23848	24612	48613	53638	93818	26500	32166	70987	31951	37372	30859	51850	25371	36128	49872	69711	34585	26653	30172	36055	30310	41889	49186	94116
81	9604332	9582642	9627468	9628914	9613008	19625	22498	52901	79774	18852	24704	26406	15973	39695	98800	63900	41205	33175	16566	78081	7960	41349	22580	33866	27593	20191	11249	7797	17591	44031	84139	111301	35730	36146	35085	50321	26099	27029	50897	55895	95638	28975	34351	73322	34090	39684	33131	54186	27344	38408	52140	72060	37019	29186	32492	38448	32620	44290	51685	95923
82	9724350	9704106	9748932	9748932	9734472	23404	26494	56047	81874	22851	28897	30771	19505	43812	100497	66550	45183	37408	20407	80239	11439	45316	26797	38022	29767	22349	13303	10153	19612	46412	86131	112813	37982	38372	37265	52571	28536	29105	53158	58108	97381	31118	36800	75585	36330	41919	35314	56503	29748	40560	54348	74330	39249	31249	34656	40700	34896	46613	54144	97666
83	9845814	9824124	9868950	9870396	9854490	27114	30439	27550	83937	21980	32929	35060	23303	47572	102157	69069	48836	41454	24405	82321	15217	22538	30905	42057	13014	13737	15213	12047	21537	48633	88082	114307	40157	40424	39269	54650	30575	31306	55291	60229	77775	33310	38881	77734	38384	43943	37370	58718	31775	18909	56438	76422	41306	33308	36805	42881	37029	48865	56462	99409
84	9967278	9945588	9990414	9991860	9975954	30912	34410	31691	85953	14895	37022	39353	27102	51052	103837	71497	52232	45412	28350	84390	19113	26449	35119	45960	15858	11847	17513	14278	23746	50916	90014	115801	42463	42669	41426	56871	32614	33486	57520	62412	49378	35424	41059	79892	40640	46103	39421	60958	33985	21002	58551	37667	43457	35481	38886	21063	39363	51139	58819	101097
85	10087296	10067052	10111878	10111878	10097418	34409	38019	35464	87911	18410	40702	43263	30495	54264	105450	73870	55377	48961	31936	86382	22797	30125	38876	49513	17723	13960	19543	16585	25764	53214	91879	117250	44650	44752	43476	59075	34770	35647	59706	64521	51628	37637	43124	81988	42777	48166	41469	63152	36002	22992	60625	39808	45595	37525	41014	23138	41464	53430	61124	102757
86	10208760	10187070	10231896	10233342	10217436	37523	41258	38762	89820	21445	44073	46713	33730	57262	107027	76140	58353	52311	35154	88322	26036	33457	42246	52784	19729	15921	21379	18492	27784	55308	93705	118661	46688	46742	45478	61101	36855	37738	61740	66531	53710	39674	45187	84022	44763	50184	43517	65239	38019	24988	62697	41840	47637	39568	42985	25207	43513	55549	63346	104417
87	10330224	10308534	10353360	10354806	10338900	40396	44261	41798	91716	24358	47201	49924	36620	60144	108623	38199	61181	55376	38262	90254	29056	36483	45366	55862	21353	17783	23158	20423	29526	57357	95488	120072	48768	48736	47392	63093	38721	39667	63710	68451	55632	41611	47246	85966	46621	52084	45561	67227	39879	26837	64606	43773	49550	41509	45007	27115	45557	57556	65425	106020
88	10450242	10429998	10474824	10474824	10460364	43171	47157	44763	93542	27260	50091	52974	39350	37114	90969	41176	36327	58317	41134	92109	31788	39381	48366	58777	23223	19572	24807	22371	31500	59303	97210	121500	50638	50647	49146	65054	40753	41504	65559	70291	57456	43510	49217	87855	48491	53877	47298	69095	41608	28636	66427	45626	51552	43268	46810	28970	47382	59461	67440	107597
89	10571706	10550016	10594842	10596288	10580382	45957	50050	47760	95354	30157	53015	55968	42194	32390	55173	44136	32454	61146	44003	93935	34841	42321	51351	61624	25037	21501	26824	23902	33234	61152	98932	122911	52404	52374	50966	66799	42446	43455	67419	72060	59259	45373	50953	89649	50289	55684	49057	70943	43507	30397	68200	47493	53248	45049	48590	30711	49179	61373	69361	109174
90	10691724	10671480	10716306	10717752	10701846	48712	52820	50617	97118	32860	55933	58947	44903	35333	58054	46996	16375	63880	46828	46637	37755	45207	54245	64333	11226	23090	28477	25747	34938	63011	100603	124244	54298	54154	52560	68560	44214	45090	69130	73770	61109	47072	52782	91420	51947	57327	50756	72691	45048	31996	69903	49201	55044	46762	50342	32550	51038	63159	71200	110697
91	10813188	10792944	10836324	10837770	10823310	51394	55563	53399	98861	35589	58704	61751	47589	38048	60858	49776	19083	66499	49574	49434	40509	47959	57063	66907	12963	24828	30316	27315	36506	64718	102263	125588	55909	55768	54298	70251	45912	46889	70860	52861	42625	48799	54400	91098	53671	58993	52477	74427	46893	31812	71614	50896	56668	48500	51958	34229	52629	64894	72996	112173
92	10934652	10912962	10957788	10959234	10943328	53867	58144	56038	100555	38230	61352	64424	50167	40730	63481	52404	21643	68990	52214	52041	43085	50602	59717	69385	14345	26687	31788	29085	38335	66536	103923	126916	57762	57589	26115	72020	47682	48581	72555	36805	31215	50504	56230	45920	55372	60715	54103	76191	48499	16247	73283	52611	58493	50092	53757	36002	54517	66706	74865	113667
93	11054670	11034426	11079252	11079252	11064792	56266	60638	58558	102235	40596	63882	66995	52503	43198	65989	54906	24104	71392	54684	54520	45561	53150	62279	71774	16130	28277	33690	31155	39924	68336	105532	128244	59451	59248	27888	73787	49468	50334	74375	38511	32836	52277	57966	47604	57131	62422	55941	77928	50296	17839	75061	54423	60195	51955	55419	37799	56159	68470	76701	115179
94	11176134	11155890	11199270	11200716	11186256	58564	62974	60938	103875	42975	66253	69440	54850	45668	68377	57294	26411	73713	57047	56892	47992	55469	64648	74110	17377	30197	35078	32652	41601	70122	107109	129588	61194	60997	29411	75466	51114	52071	76033	40145	34681	53984	59685	49350	58838	64083	57505	79696	51954	19515	76681	56067	61950	53484	57141	39515	58005	70280	78497	116645
95	11297598	11275908	11320734	11322180	11306274	60740	65194	63232	105486	45182	68542	71798	57060	47964	70655	59556	28822	75989	59281	59236	50223	57766	66964	76345	19095	31609	36922	34507	43212	71775	108667	74678	62886	39568	30993	52701	29035	53751	77724	41764	36146	55714	61319	26832	60428	38519	35806	49456	53483	20958	78322	57772	63529	55231	32639	18798	59513	46017	44814	118056
96	11417616	11397372	11442198	11443644	11427738	62908	67431	30638	107044	47461	70785	34884	59259	50196	34706	28992	31044	78175	61538	28636	52477	27700	69260	37652	21364	14888	39156	16628	21052	35766	53865	63914	30706	30867	14460	38898	26771	25875	37596	20048	6828	27214	30405	25369	28997	14039	29376	18304	25551	9399	37926	13174	31176	26906	12956	20396	29915	36170	40731	119467
97	11539080	11518836	11562216	11563662	11547756	65509	69944	33364	108640	50170	73183	37739	61880	52998	37465	31731	33860	80333	64186	31340	55275	30420	71682	40363	24370	18175	42407	20042	24099	39302	56991	66532	34102	34187	17472	42218	30132	29198	40974	23228	9659	30525	33710	28608	32191	16878	32659	21646	28696	12478	41175	16299	34465	30114	15862	23705	33269	39669	44429	120895
98	11660544	11638854	11683680	11685126	11669220	68062	72343	36112	110209	52896	75478	40597	64517	55805	40189	34429	36627	82437	66796	34070	58045	33101	74021	43092	27347	21343	45333	23132	27029	42444	59922	69082	37187	37153	20343	45248	33090	32242	43994	26019	12166	33633	36716	31643	35090	19729	35522	24620	31525	14926	44041	19020	37465	32947	18868	26759	36253	42785	47750	122306
99	11780562	11760318	11805144	11805144	11790684	70495	74667	38664	111703	55450	77709	43216	66992	58443	42785	36985	39303	84477	69278	36709	60680	35638	76313	45703	29891	24095	48078	25773	29600	45322	62642	71510	39929	39793	22760	47997	35801	35019	46687	28682	14948	36361	39439	34349	37766	22214	38168	27267	34179	17504	46687	21687	40137	35670	21259	29495	39061	45640	50730	123675
100	11902026	11880336	11925162	11926608	11910702	72847	76882	41106	113215	57855	79867	45774	69377	60963	45230	39481	41807	86469	71670	39114	63147	38005	78487	48126	32167	26715	50551	28459	32027	47938	65288	73827	42591	42316	25110	50515	38320	37590	49229	31047	17162	38843	42032	36854	40264	24618	40538	29747	36641	20061	49103	24141	42689	38035	23671	32126	41679	48282	53467	125019
101	12023490	12001800	12046626	12048072	12032166	75100	79035	43457	114709	60194	81964	48152	71621	63322	47551	41776	44166	88429	73981	41479	65486	40385	80637	50474	34532	28885	52906	31111	34283	50417	67790	76072	44954	44604	27331	52911	40681	39942	51566	33431	19867	41224	44381	39251	42515	26803	42873	32099	38944	22137	51406	26367	45000	40412	25938	34494	43998	50745	55991	126347
102	12143508	12123264	12168090	12168090	12153630	77233	81164	45685	116201	62411	83999	50417	73794	65589	49802	43995	46406	90338	76193	43669	67740	42632	82687	52716	36745	31368	55053	33179	36509	52780	70145	78255	47199	46864	29314	55169	43008	42162	53879	35480	21963	43474	46610	41358	44699	28895	45085	34349	41119	24119	53612	28563	47243	42510	28169	36709	46246	53014	58409	127675
103	12264972	12243282	12288108	12289554	12273648	79295	83214	47852	117612	64552	85967	52624	75878	67749	51952	46153	48627	92167	78320	45796	69894	44763	84693	54830	38776	33544	57181	35300	38554	54968	72369	80361	49382	48978	31368	57294	45168	44270	55982	37524	24045	45566	48736	43459	46779	30911	47149	36458	43133	26189	55649	30601	49340	44556	30164	38902	48387	55229	60692	129019
104	12386436	12364746	12409572	12411018	12395112	81314	40896	49925	90616	66592	87925	54778	77886	69844	54018	48212	50746	93993	51777	47871	71982	46797	86685	56898	40704	35585	59167	37356	40545	57064	74469	82414	51432	50925	33420	59311	47184	46281	57977	39567	26120	47608	50770	45462	48729	32739	49041	38450	45103	28178	57581	32639	51352	46598	32100	40927	50436	57316	62828	130347
105	12506454	12486210	12531036	12531036	12516576	83364	43018	52112	59002	68780	89834	56992	79992	72048	56154	50392	52975	95784	40221	50026	74171	48957	88613	59031	42595	37625	61122	39356	42442	59053	76502	84383	53404	52833	35115	61194	49032	48250	59867	41308	28188	49522	52764	47465	50723	34708	50863	40396	47034	30173	59450	34494	53248	48468	33985	42855	52368	59333	64893	131613
106	12627918	12606228	12651054	12652500	12636594	85391	45178	54284	61234	70928	91707	59298	82084	35002	58388	52599	55155	97548	42327	52250	76350	51107	43711	61262	44357	39456	62982	18755	44304	61011	78461	86279	25632	25469	36958	63117	50936	50141	61763	43123	30113	51445	54648	49342	52563	36514	52658	42299	48889	32043	61295	36310	55118	50226	35828	44791	25085	61249	66892	132873
107	12747936	12727692	12772518	12773964	12758058	87373	47370	56560	63547	73153	93555	61554	84139	37298	60637	54830	57460	99291	44569	54528	78575	53399	45926	63541	46319	41401	64850	20559	46178	62973	80487	88224	27512	27284	38873	65045	52844	52122	63668	45048	31792	53416	56545	51234	54414	38287	54659	44261	50756	33624	63215	38257	57028	52165	37689	46691	27003	63204	68920	134133
108	12869400	12849156	12892536	12893982	12879522	89282	49504	58773	65650	75341	95366	63817	86155	39460	62874	57042	59753	100965	46743	56720	80721	55594	48124	65737	48071	43164	66726	22588	47936	64873	82387	90087	29411	28984	40593	66884	54764	53913	65519	46761	33694	55204	58373	53015	56244	40034	56408	46092	52555	35603	64980	40057	58878	53954	39515	48602	28791	65129	70889	135378
109	12990864	12969174	13014000	13015446	12999540	91179	51588	60909	67749	77447	97109	66004	88082	41605	64969	59171	61917	102645	48821	58823	82771	57707	50226	67863	49888	45179	68400	24107	49633	66717	84237	91883	31127	30792	42292	68643	56510	55756	67286	48499	35727	56968	60181	54893	57944	41807	58173	47854	54293	37198	66728	41779	60603	55722	41308	50395	30475	66934	72751	136638
110	13110882	13090638	13135464	13135464	13121004	92983	53672	63006	33231	79501	98852	32394	89991	43647	67058	61228	64009	104305	50894	60890	84774	59782	52285	69926	51476	46842	70213	25937	51391	68481	86037	93621	32816	32370	43925	70390	58270	57433	69032	50214	37150	58749	61903	56525	59698	18798	59782	49552	55978	39046	68402	43527	62379	57400	42883	52090	32328	68721	74571	137883
111	13232346	13212102	13255482	13256928	13242468	94831	55743	65129	35290	81587	100567	34625	91857	45774	69171	63348	66190	105895	52999	63020	86790	61912	54448	72043	53173	48621	71779	27646	53052	70233	87785	95345	34481	34118	45590	72043	59911	59167	70650	51954	39054	60410	63644	58249	61298	21063	61516	51274	57613	40505	70041	45205	63977	59064	44588	53844	33835	70436	76330	139143
112	13353810	13332120	13376946	13378392	13362486	96584	57816	67213	37348	83637	102227	36663	93683	47894	71248	65427	68301	96426	55029	65111	88713	63972	56572	74117	54705	50249	73471	29254	25469	71944	89510	49675	24082	35665	44826	34764	61608	60782	33258	29035	40666	29135	65276	27474	28920	22683	29643	52937	59307	18798	71665	46823	65663	27474	46092	55541	35569	72146	36150	140336
113	13473828	13453584	13498410	13498410	13483950	98327	59783	69231	39401	85629	70716	38700	95488	49925	73294	67473	70378	53115	57050	67165	90622	65999	58609	76135	56779	43419	75459	31313	27436	74050	91397	48112	17412	37645	23086	36850	63614	62850	15988	16135	42753	31202	67356	29376	31347	24537	31281	55007	61224	20600	73669	29354	67701	28948	48155	57620	37555	74246	39004	141498
114	13595292	13575048	13618428	13619874	13603968	100047	61847	71335	41499	87601	51555	40785	97252	52072	75396	32966	34483	55176	59144	69275	92461	68116	60750	78238	58846	26300	77587	33554	29482	76260	93245	50173	8324	39786	25074	38930	65776	65010	17839	12468	44831	33326	32966	31493	33400	26495	33338	57137	63312	22626	75730	24286	69827	31028	50214	59768	39754	76449	41276	142674
115	13716756	13695066	13739892	13741338	13725432	101727	64005	73546	43688	89533	53754	43105	98995	54284	77578	35101	36700	57301	61304	71436	94309	70315	62983	80396	60912	28428	79641	35595	31459	78410	95070	52274	10153	41819	26994	40954	67840	67098	19833	14198	46861	35321	35042	33475	35392	28463	35333	59229	65330	24568	77744	26263	71886	33038	52274	61865	41838	78592	43428	143850
116	13836774	13816530	13861356	13861356	13846896	103387	66093	75639	45815	91419	55823	45261	100683	56413	79684	37224	38840	59458	63421	73531	96086	72421	65107	82447	62811	30475	81571	37633	33318	80463	96813	54323	12220	43706	28784	42928	69816	69090	21739	16259	48933	23913	37000	35522	37332	17221	37220	61216	67315	26367	79668	28174	73854	34874	54361	63895	43772	80638	45568	145012
117	13958238	13936548	13981374	13982820	13966914	105022	68117	77708	47847	93245	57894	47317	102363	58458	81738	39231	40919	61473	65435	75597	97829	74465	67161	84463	64684	32392	83521	18290	35255	82463	98577	56377	13982	45696	30604	44861	71788	71025	23490	18313	51004	18073	38966	37400	39174	14535	39121	63172	69210	28197	81547	30031	75801	36897	56229	65925	45715	82613	47610	146188
118	14079702	14058012	14102838	14104284	14088378	106599	70084	79684	49839	95070	59823	49327	104003	60467	83710	41240	42895	63484	67388	77616	99572	76417	69151	86431	66534	34262	85398	20137	37034	84406	100285	58249	16071	47474	32449	46714	73703	73023	25366	19950	52791	20043	40785	39239	41136	16170	40832	65130	71083	30191	83447	31909	77708	38708	58037	67865	47579	84574	49608	147364
119	14199720	14179476	14224302	14224302	14209842	108157	71969	81588	51708	96792	61721	51299	105589	62379	85630	43105	44829	65527	69280	79514	101212	78327	71055	88346	68364	36033	87195	22110	38785	86302	101945	60026	17919	49309	34194	48625	75547	74838	27111	21750	54523	21740	42673	41048	42814	17772	42718	66935	72855	31866	85183	33744	79502	40436	59890	69695	49494	86446	51527	148526
120	14321184	14299494	14344320	14345766	14329860	109734	73794	83463	53672	98514	63531	53196	107166	64265	87487	44939	46728	67294	71121	81374	102872	80199	72968	90209	70062	37885	88920	23658	40560	88085	103585	61885	19482	51042	35852	50253	77329	76566	28822	23322	56498	23313	44431	42825	44568	19561	44334	68722	74619	33579	86935	35483	81263	42142	61621	71494	51218	88246	53379	149677
121	14442648	14420958	14465784	14467230	14451324	111245	75608	85294	55484	100225	65479	55068	108743	66128	89327	46745	48639	69069	34886	83249	104532	82033	74865	44042	71831	39702	43186	25439	42211	89925	105211	63626	21516	52828	37493	52072	79076	78393	30504	25210	58118	25120	21052	44533	46298	21102	46118	33417	76296	35267	88622	37138	83013	43828	29840	73279	52961	90040	55206	150769
122	14562666	14542422	14587248	14587248	14572788	112739	77522	87211	57312	101905	67339	57016	110306	68061	91222	48697	50553	71091	36795	85113	106110	83946	76755	45928	73521	41388	45016	27331	44035	91750	106788	65416	23014	54559	39275	53828	80878	80161	32227	26810	60001	26881	22764	46354	48007	22719	47792	35113	78107	37045	90393	38883	84790	45634	31599	75111	54802	91860	57114	151848
123	14684130	14662440	14707266	14708712	14692806	114233	79342	89074	59294	103565	69173	58901	111800	69943	93026	50568	52401	72890	38556	87009	107687	85818	78627	47782	75264	43392	46686	28885	45651	93510	108365	67183	24842	56274	40776	55599	82603	81921	33921	28612	61663	28533	24442	47975	49702	24398	49492	36844	79745	38743	92044	40654	86494	47281	33264	76839	56510	93620	58926	152940
124	14804148	14783904	14828730	14828730	14814270	115727	81134	90891	61075	105192	71047	60795	113294	71770	94852	52299	54295	74682	40394	88785	109264	87644	80496	49566	76857	44892	48296	30767	47298	95239	109923	68872	26306	57901	42468	57208	84277	83571	35593	30098	63443	30162	26009	49671	51456	25889	51136	38495	81421	40570	93694	40488	88177	48957	34849	78552	58165	86415	60684	154032
125	14925612	14905368	14948748	14950194	14934288	66002	45051	92652	28992	62458	44458	28920	114788	73574	45758	24582	56054	76491	18798	57569	110800	89392	82246	51367	23913	23925	50185	21931	22964	47245	53885	33479	28214	48357	44235	27137	41299	40488	16878	13014	30366	13737	11775	23670	23946	18509	24582	17827	39765	32487	45774	20663	89902	23670	16677	80424	27775	46224	62655	155111
126	15047076	15025386	15070212	15071658	15055752	57982	40960	94500	31335	53034	36170	31001	116276	75774	48241	26693	58468	78607	20600	45294	112294	91284	84294	53652	18974	23850	52987	17109	25702	50214	56866	36333	31155	30533	47001	29976	44252	43258	19729	16248	33051	16376	14634	26571	26740	13724	27157	20547	42241	21101	48453	23496	91772	26414	19235	82499	30624	49256	65333	156203
127	15167094	15146850	15191676	15191676	15177216	60518	43510	96268	33943	55765	38718	33698	117704	78020	50911	29292	61191	80752	23082	47911	113788	93110	86286	56316	21644	26731	55759	19824	28322	53054	59770	39136	33900	33207	49613	32695	47018	45995	22401	18864	35765	19084	17377	29254	29336	16239	29785	23303	44902	23617	51072	26179	93620	29041	21876	84537	33413	52112	67893	157282
128	15288558	15266868	15311694	15313140	15298680	62956	46050	98011	36477	58265	41306	36306	119115	80178	53561	31940	63795	82852	25483	50515	115300	94958	88253	58891	24018	29328	58224	22391	30715	55748	62461	41749	36437	35676	52092	35201	49546	48578	24702	21058	38448	21450	19527	31709	31784	18410	32005	25925	47370	26129	53599	28609	95428	31577	24311	86553	35986	54740	70361	158374
129	15410022	15388332	15433158	15434604	15418698	65305	48502	99766	39004	60654	43648	38845	120526	82263	55933	34262	66293	84876	27975	52950	116759	96705	90162	61296	26095	31579	60580	24776	32996	58179	64921	44064	38914	37986	54378	37540	51948	50946	27035	23402	40649	23756	22036	34106	34053	20754	34383	28082	49630	28344	55821	30980	97171	33740	26524	88486	38330	57208	72717	159466
130	15530040	15509796	15554622	15554622	15540162	67567	50750	101426	41276	62956	46000	41176	121954	84334	58284	36547	68671	86868	30191	55280	118170	98448	92021	63637	28314	33986	62752	27025	35188	60468	67291	46355	41091	40161	56505	39687	54242	53166	29111	25449	42977	25935	24025	36344	36238	22765	36547	30359	51828	30465	54948	33056	98935	35885	28562	90395	40487	59473	75001	160545
131	15651504	15631260	15674640	15676086	15660180	69785	53018	103086	43619	65273	48411	43572	123344	86326	60672	38858	71026	88811	32319	27581	119598	48874	45492	65985	30369	36232	64883	29101	37306	62710	69547	48578	43202	42270	58580	41824	56409	55299	31312	27493	45138	28166	26022	38396	38296	24781	38590	14334	53938	32575	28876	35126	100626	37963	30668	92266	42632	61686	77242	161576
132	15772968	15751278	15796104	15797550	15781644	72047	55381	104755	45928	67597	50704	46018	124672	88269	63040	41238	73416	90720	34854	29896	121009	51348	47968	68313	32356	38344	66944	31169	39307	64874	71728	50700	45308	44280	60586	43852	58454	57420	33367	29466	47243	30162	28024	40447	40301	26798	40579	16248	55928	34554	30894	37191	102286	39983	32702	94070	44717	63849	79382	162584
133	15892986	15872742	15917568	15917568	15903108	74261	57608	106332	48212	69872	53014	33382	61664	90178	65354	43584	75675	92555	24743	32172	122420	53710	50241	70622	34166	40397	68911	33234	41211	66935	73813	52698	47318	46291	62461	45836	43616	27775	35242	31510	49256	32098	30029	42495	42208	28455	42475	18073	57888	36424	32786	39198	103966	41956	34673	45819	21066	65911	81472	163580
134	16014450	15992760	16037586	16039032	16023126	76490	59927	107909	50679	72189	55377	24457	62240	92058	67642	45805	77899	94403	18416	34476	123798	55928	52612	72941	36172	42447	70968	35351	43174	69052	75923	54774	49370	48301	64441	47909	29845	29798	37245	33305	51352	34166	32037	44542	44220	30432	44383	20043	59885	38365	34754	41258	105572	43979	36708	47851	23051	68031	83547	164588
135	16135914	16114224	16159050	16160496	16144590	78684	62218	109505	52911	74457	57640	26656	64386	93884	69944	48138	80083	96176	20658	36749	125126	58244	54956	75217	38071	44497	72912	37350	45143	71104	78008	56736	51420	50272	66330	49898	31801	31756	39250	35124	53287	36000	34109	46452	46098	32158	46345	21931	61847	40417	36672	43219	107149	45912	38688	49802	25043	70030	85543	165596
136	16255932	16235688	16280514	16280514	16266054	80801	64365	111028	55095	76652	59855	28903	66524	95680	72175	50362	82146	97919	22770	38939	126454	60463	57160	77431	39930	46498	74784	39350	46984	73071	79984	58629	53431	52050	68197	51805	33641	33599	41007	36965	55118	37852	36119	48241	48075	34222	48267	23668	63685	42221	38384	45048	108726	47682	40467	51632	26963	71973	87495	166592
137	16377396	16355706	16400532	16401978	16386072	82826	66473	112522	57222	78736	61983	31051	68564	97402	74275	52493	84174	99638	24786	41064	127798	62606	59286	79538	41607	48242	76620	41301	48757	74938	81876	60463	55180	53920	69930	53572	35385	35405	42930	38826	57100	39722	37636	50091	49810	35821	49911	25693	65473	43951	40232	46761	110272	49468	42171	53676	28684	73882	89381	167600
138	16498860	16477170	16521996	16523442	16507536	84779	68485	114034	59311	80776	64041	33059	70545	99124	76342	54536	86166	101298	26803	43081	129126	64645	61339	81572	43362	50010	78315	43020	50504	76747	83699	62276	56980	55615	71699	55315	37157	37121	44633	40395	58808	41457	39569	51834	51559	37628	51738	27265	67209	45796	41798	48585	111748	51194	43997	55340	30440	75639	91252	168596
139	16618878	16598634	16643460	16643460	16629000	86699	70411	100649	61262	82726	66004	35070	72559	100806	78333	56510	88092	102938	28679	45053	130454	66620	63357	83572	45047	51835	80031	44719	52117	78515	85475	63973	58691	57332	73253	57040	38849	38868	46361	42102	60535	43122	41110	53561	53176	39141	53273	29039	68867	47263	43545	50214	113224	52898	43380	45426	32101	77448	93012	169604
140	16740342	16718652	16763478	16764924	16749018	88580	72346	56594	63249	40386	68001	37026	74407	102466	80283	58480	90001	104596	30505	46986	131729	68567	65373	85495	46716	53484	81646	46490	53832	80257	87200	65690	60387	58928	74951	58714	40519	40538	47896	43790	62181	44817	42981	55156	54860	40851	55030	30505	70490	48981	45177	51954	114718	54475	21939	27818	33803	79112	94794	170612
141	16860360	16840116	16884942	16884942	16870482	90489	74306	58666	65301	42339	69972	39095	76334	104126	82264	60421	91867	106173	32420	48969	132974	70548	67419	87472	43856	55268	83321	48148	55418	68710	73689	63624	62103	60652	36150	28197	42172	42142	46272	45277	63945	20244	44451	40665	56456	42442	56655	32228	72170	50723	40786	53639	84495	25387	23410	27474	35422	80838	82508	23136
142	16981824	16961580	17004960	17006406	16990500	43380	35776	28636	31815	20255	33692	41361	37321	105724	40181	29630	44710	51573	15304	23933	61921	34466	32072	42424	8676	26660	85254	22690	26504	40756	44510	33342	30061	29135	37942	12628	19839	20152	24704	47332	30570	22869	21361	28482	58499	20244	27060	34468	34764	24206	9621	25632	56738	27436	4193	14390	37580	82813	47983	63043
143	17103288	17081598	17126424	17127870	17111964	47494	39416	32383	35458	23760	37316	45189	40771	107320	43829	33264	48398	54569	18629	27495	64141	38070	35803	46073	11963	29756	87241	25944	29334	43888	47608	36435	33088	32056	40734	15596	22775	23138	27571	50254	33612	25941	24624	31332	61357	22946	29837	37357	37684	26972	11963	28623	59681	30384	6606	17295	40601	84862	51194	65729
144	17223306	17203062	17247888	17247888	17233428	50692	42697	35792	38915	27038	31065	48757	44089	108897	47282	36648	51780	57622	21826	30845	66783	41456	39284	49492	14499	32620	89150	28614	31977	46764	50513	39231	35799	34729	43345	18077	25453	25778	30232	52897	36397	28611	27194	34062	63983	25606	32439	40034	40291	29548	14499	31327	62377	32879	9050	19878	43364	86854	54171	68275
145	17344770	17323080	17367906	17369352	17353446	53778	45827	38955	42136	30164	20033	52117	47172	110452	50536	39897	54956	60518	24860	14604	69295	44724	42624	52686	16897	35132	91075	13737	34416	49387	53221	41740	38480	37153	45761	20357	27872	28317	32740	55377	38825	31115	29540	36589	66475	27938	34965	42690	42736	32109	16773	33752	62178	35255	11510	9414	45913	88775	56921	70730
146	17466234	17444544	17489370	17490816	17474910	56728	48927	42221	45309	33307	22851	55270	50187	54379	53672	42996	57988	63253	28008	17591	71716	47852	45806	55805	19102	37695	92901	16119	36917	52077	55870	44290	41036	39689	48139	22774	30439	30711	35184	27731	41456	33618	32036	39108	68937	30363	37263	45231	45183	34417	19102	36242	32160	37810	13677	11434	48371	90707	59649	73102
147	17586252	17566008	17610834	17610834	17596374	59531	51758	45067	48270	36060	25845	58252	52950	57334	56592	45928	60829	65865	30699	20445	74082	50786	48781	58723	21371	40351	94727	18416	39204	54516	58399	46745	43342	42022	50445	25206	32741	33119	37633	30034	43789	36003	34471	41474	71254	32542	39583	47508	47550	36806	21371	38516	34465	40046	15938	13768	50871	92542	62215	75373
148	17707716	17686026	17730852	17732298	17716392	62103	54441	47828	51021	38721	28450	61049	55576	60110	59329	48642	63550	68377	33420	23123	76318	53521	51539	61439	23418	42501	96506	20658	41314	56888	60784	48991	45668	44230	52572	27420	35067	35362	39775	32172	46135	38236	36800	43617	73468	34703	41824	49803	49634	39046	23329	40815	36682	42211	18377	15754	53016	94368	64618	77582
149	17829180	17807490	17852316	17853762	17837856	64638	57033	23145	53665	41358	30968	63757	58086	33258	61979	51287	66148	70829	35991	25521	78518	56117	54157	30337	25463	44777	98249	22678	43369	59092	63016	51139	47878	46288	54651	29468	37135	37469	41808	34235	48325	40397	38828	45746	75537	36680	43852	51993	51712	41065	25381	42941	38825	44270	20421	17867	55194	96163	66873	79688
150	17949198	17928954	17973780	17973780	17959320	67202	59758	25783	56439	44026	33668	66380	60752	31533	64645	54032	68710	73197	38713	28230	74216	58843	56944	33025	27430	46854	99952	24702	45421	61185	65139	53196	49909	46272	56620	31446	39198	39463	43838	36180	50335	42349	40856	47780	77558	38662	45746	53980	53752	43034	27430	44919	40751	46236	22276	19860	57246	97906	69052	81767
151	18070662	18048972	18093798	18095244	18079338	69700	62450	28541	59217	46761	36449	33095	63413	34309	67240	56826	71150	75491	41451	30968	40272	61620	59775	35799	29406	48969	101612	26647	47426	63307	67285	55253	51976	23766	58586	14888	41258	19303	45912	38133	24450	20255	42932	49816	79560	40596	47780	26432	55784	45008	29264	46946	19560	48293	24074	21956	59335	99626	71220	83834
152	18190680	18170436	18215262	18215262	18200802	72107	65102	31252	61939	49426	39191	35922	65985	37041	69736	59521	73507	77748	44113	33606	43007	64297	62499	38480	31388	51158	103292	28895	49473	65450	69481	57376	54078	25702	60557	16862	43315	21257	47983	40197	26493	22313	45003	51885	81594	42638	49774	28550	57820	47075	31189	48973	21493	50305	26066	24126	61421	101306	73435	85850
153	18312144	18291900	18335280	18336726	18322266	74403	67646	33620	64511	51994	41801	38486	68463	39637	72114	62094	75790	79880	46578	36278	45669	66841	65086	40985	33126	53175	104932	30844	51478	67525	71548	59391	56101	27652	62466	18852	45232	23225	50050	42060	28462	24281	47070	53916	83569	44676	51685	30452	59753	48928	33063	50961	23262	52282	27916	25956	63435	102966	75559	87789
154	18433608	18411918	18456744	18458190	18442284	76654	70006	36120	66955	54399	44207	40991	70796	42120	74410	64565	77984	81976	49042	38659	48051	69291	67570	43342	34956	55160	106490	32739	53292	69505	73556	61373	57985	29543	64350	20648	47113	25122	51874	43843	30370	26019	48839	55796	85420	46403	53650	32370	61587	50753	34897	52945	25237	54179	29789	27888	65417	104603	77605	89698
155	18553626	18533382	18578208	18579654	18563748	78816	72319	38400	69311	56705	46534	43395	73053	44418	76661	66884	80142	84011	51308	41001	50443	71625	69932	45713	36918	56997	108048	34768	55049	71397	75459	63225	59875	31252	66086	22391	48964	26883	53600	45737	32034	27797	50584	57616	87216	48108	55315	34240	63401	52630	36694	54749	26914	55867	31747	29762	67246	106161	79503	91555
156	18675090	18654846	18699672	18699672	18683766	80953	74531	40756	71586	58914	48748	45718	75244	46688	78822	69153	82203	86003	53556	43164	24969	73854	72219	47964	38512	58883	109606	36514	56817	73186	77295	64990	61639	32996	67840	24095	50747	28608	55452	47382	33862	29538	52509	59414	88941	49883	57148	35839	65097	54290	38350	56422	28636	57721	33280	31459	68963	107719	81364	93359
157	18796554	18774864	18819690	18821136	18805230	83003	76724	42838	73816	61148	50987	47969	77404	48978	38910	71376	84253	87936	55780	45455	27126	76098	74459	50196	40198	60608	111124	38179	26983	74995	79069	66737	63322	34653	69460	25683	52430	30370	57065	49137	35537	31248	54096	61090	90643	51551	58714	37645	66810	56012	39990	58187	30260	59342	35101	33131	70757	109296	83189	95137
158	18916572	18896328	18941154	18941154	18926694	85045	78883	45051	76034	63370	53244	50242	79538	51207	41137	73585	86245	89868	57996	47632	29407	78280	76708	52335	41765	62384	112600	39982	28628	76696	80796	68410	65116	36291	71092	27483	54095	31969	58809	50711	37190	32867	55897	62785	92261	53091	60376	39262	68391	57646	41665	59864	31931	60986	36720	34841	72400	110812	84935	96859
159	19038036	19016346	19061172	19062618	19046712	87013	80993	47248	78219	65509	55410	52457	81622	53379	43343	75757	42522	91718	60157	49798	31455	80438	78868	25085	19839	64142	114094	41607	13174	37265	82596	32979	30434	37967	34164	29029	25794	15028	28073	52434	38933	34650	26983	30473	93955	54929	62059	18643	70146	27700	43322	61596	14747	29419	38484	36527	35179	53809	86735	98581
160	19159500	19137810	19182636	19184082	19168176	88950	43920	49597	80377	67792	26829	25497	40386	26035	18798	37487	20358	44197	62408	52148	33748	82513	38319	27461	9151	31109	90786	44025	14961	39637	84630	35172	32736	40194	36341	31169	28110	17231	13488	54631	41258	36855	29274	32710	95748	57099	64275	8469	33258	29868	45422	63826	16862	13488	40785	38838	37409	55913	88684	100288
161	19279518	19259274	19304100	19304100	19289640	90859	42922	52823	82479	70263	12793	28863	43498	29198	23396	40771	23584	47538	65093	55299	37086	50900	41587	13014	11405	33612	56954	46451	17295	42120	86646	37733	35121	42596	38610	33606	30452	19505	15644	56961	43650	39251	31662	35097	97491	43725	66603	10673	36284	32016	47860	66199	19181	15777	42913	41319	39876	58440	90593	101968
162	19400982	19379292	19424118	19425564	19409658	92688	46355	55973	84518	72679	16123	32456	46886	32879	26952	44324	27192	51020	36873	58314	40607	43450	20652	16299	13277	35939	27474	22506	19561	44558	88575	39974	16677	44867	40853	35875	32753	21730	17772	59268	46002	41608	34001	37443	99255	29305	32394	12820	38556	34394	50056	68520	21343	17889	45261	43612	42198	60858	92433	103628
163	19522446	19500756	19545582	19547028	19531122	94536	49756	58952	86510	74992	19520	36148	50208	36413	30431	47868	30779	54272	35101	61177	44173	46930	24099	19561	15462	38448	29658	24795	21687	47040	90484	42437	18796	47204	43121	38335	35137	24008	20191	61625	48499	43979	36361	39804	100930	31691	34745	14936	40904	36729	52357	70909	23658	20087	47752	46101	44585	63352	94281	105251
164	19642464	19622220	19667046	19667046	19652586	96302	52932	61789	88468	77233	22498	39494	53322	39734	33672	51127	14604	57268	38430	63909	47471	50208	27335	22627	17728	40751	31886	27197	23881	49398	92351	44718	21099	49471	45276	40593	37370	26323	22162	63790	50706	46272	38575	42032	102590	33723	36944	17151	43073	38868	54556	73163	25925	22162	49789	48465	46890	65679	96059	106847
165	19763928	19742238	19787064	19788510	19772604	98045	55965	64461	90377	79425	25696	42720	56298	42845	36737	54222	17827	60183	34126	58979	50548	53283	30431	25483	19734	43025	34029	29260	25889	51607	94177	46886	23171	51557	47287	42635	39421	28377	24313	58917	52937	48456	40718	44146	104270	35754	38966	19220	45138	40895	56638	75297	28008	24227	51859	50633	49088	67897	97802	108424
166	19883946	19863702	19908528	19909974	19894068	99798	58909	67093	92227	81539	28536	45850	59189	45921	39771	57222	20648	62961	21200	32736	53605	56335	33486	28563	21745	45184	36044	31384	27901	53804	95960	49000	25236	53642	49298	20764	41569	30427	26367	32525	55007	50542	42850	46253	105861	37785	40938	21281	47155	42969	58674	77376	30014	26209	53929	52750	51152	70046	99566	110001
167	20005410	19985166	20029992	20029992	20015532	101458	61715	69565	94075	83614	31512	48906	61979	48889	42687	60140	23658	65590	23967	35591	56566	59259	36452	31538	23407	47287	37950	33434	29775	55872	97724	51028	27221	55640	51312	22775	43517	32410	28197	34448	57065	52547	44832	48222	107438	39816	42913	23337	49172	44947	60643	79381	31893	28197	55993	54787	53209	72133	101227	111516
168	20126874	20105184	20150010	20151456	20135550	103118	64389	71948	95862	85631	34229	51738	64613	51682	45412	62853	26402	68110	26603	38340	59304	62012	39247	34192	25289	49298	39868	35424	31538	57870	99446	52971	29139	57536	53170	24622	45561	34279	30191	36324	58984	54513	46730	50155	109034	27571	44847	25058	51032	46885	62517	81321	33791	29915	57988	37596	32128	74093	102887	113010
169	20246892	20226648	20271474	20271474	20257014	104786	66992	74278	47465	87603	36799	54498	67147	54407	48108	65489	29101	70570	29140	40955	29775	64645	41903	36765	27038	51272	41798	37472	33579	59868	101112	55002	30938	59477	55006	26495	47474	36221	32191	38162	60944	56451	48724	52096	110582	20190	46657	27132	52936	48789	64431	83246	35643	31801	59809	27656	26977	76112	104566	114504
170	20368356	20348112	20391492	20392938	20378478	106363	69497	76534	50050	89512	39410	57231	69647	57109	50744	68043	31698	72947	31736	43648	32319	67240	44538	39379	29042	53131	43640	39413	35444	61764	102772	56880	32828	61287	56848	28317	49351	37955	33887	40018	62908	58284	50718	53964	112076	22067	48526	29198	54778	50576	66227	85110	37570	33703	61608	29476	28768	78060	106143	116016
171	20489820	20468130	20512956	20514402	20498496	107940	71882	78700	52508	91399	42005	59843	72027	59622	53247	70477	34218	75223	34253	46135	34854	69707	47109	41779	30575	55044	45361	41211	36989	63669	104412	58664	34673	63076	58563	30095	51122	39924	35618	41792	64714	60196	52363	55805	113570	23705	50281	30859	56560	52424	68037	86934	39350	35326	63518	31387	30588	79906	107701	117436
172	20609838	20589594	20634420	20634420	20619960	109536	74186	80817	54969	93203	44308	62301	74326	62025	55672	72857	36620	77464	36481	48540	37157	72085	49507	44233	32422	56848	47149	42934	38902	65458	105977	60497	36309	64813	60263	31775	52906	41501	37436	43443	66470	61852	54220	57481	115046	25401	51939	32690	58248	54013	69687	88644	41051	37157	65118	33062	32306	81676	109259	118847
173	20731302	20711058	20754438	20755884	20739978	111057	76418	82867	57209	95007	46585	64606	76499	64338	57891	75109	38926	79596	38743	50786	39485	74354	51791	46515	33802	58598	48747	44683	40417	67194	107535	62177	38040	66504	61884	33431	54559	43356	39061	45079	68182	63626	55796	59213	116503	26837	53586	34301	59889	55779	71370	90346	42732	38743	66861	34836	33996	83451	110777	120258
174	20852766	20831076	20875902	20877348	20861442	105339	54174	62419	59369	77914	43856	66861	58047	66540	60092	57354	35765	54899	40876	52975	26751	76526	53979	37411	13014	27700	23582	41594	19019	31812	51542	30268	17709	68215	52988	35067	26028	20753	31837	21263	69944	65322	57652	60929	57297	18282	23136	18242	55343	57419	63068	42866	44442	30192	31812	36522	15906	40488	112271	58563
175	20972784	20952540	20997366	20997366	20982906	55579	39948	42192	62050	22937	24795	69310	18073	34264	62708	39637	21298	41511	43951	26615	21493	78718	27512	24963	17000	14043	11668	23884	21493	34685	54800	32962	8818	70643	31479	37799	28251	23307	19941	10258	34483	67792	60240	63548	59314	14043	27284	18347	30867	59986	36567	46063	47062	19836	34385	39204	17886	43258	113783	61079
176	21094248	21072558	21117384	21118830	21102924	58579	20600	46085	31281	12023	28831	71730	21740	38430	31281	43619	11423	45419	22869	30679	25565	39281	31591	28975	8065	16758	14109	26684	24054	37557	57733	35741	11871	73018	34138	40549	31054	11113	22588	12645	37204	70292	30392	66178	61998	16507	29902	21000	33512	62671	17605	48810	49798	22310	37112	19836	20699	46175	115277	63817
177	21215712	21194022	21238848	21240294	21224388	61469	24653	49672	35451	15921	32933	74095	25612	42624	35451	47392	15204	49093	26963	34863	29775	43439	35839	33185	10757	19413	16566	29427	26603	40377	60589	38480	14568	75319	36659	43219	33685	13656	25287	14926	39944	72679	33076	68679	64632	18868	32434	23616	36135	65284	20147	51527	52464	24956	39808	22496	23350	48958	116738	66407
178	21335730	21315486	21360312	21360312	21345852	64184	28636	25857	39596	19784	37138	36749	29395	46481	39596	50884	19319	52472	14338	39017	33887	23037	18864	37306	13211	22030	19140	14390	12610	43009	63289	41136	16711	77582	39121	45822	36294	16182	27721	17384	19518	74992	35614	71120	67135	21357	34841	26208	17605	67786	22678	54032	55002	27495	42183	25039	25888	51668	118166	68931
179	21457194	21435504	21480330	21481776	21465870	66794	32575	29887	43676	23625	41211	41014	33305	50035	43676	54146	23507	55640	18077	43104	37986	26952	22952	41311	15270	24536	21404	16929	14895	45671	65899	43582	19375	79714	41486	48241	38833	18474	30232	19747	21933	77206	38145	73450	69576	23406	37314	28416	20043	70228	24954	56538	57528	29747	44663	27646	28343	54280	119577	71335
180	21578658	21556968	21601794	21603240	21587334	33029	36424	33862	47446	27380	45051	21782	17485	53352	47446	57222	27657	28482	9055	46876	41976	30905	26881	45189	17446	26806	23625	19238	16992	48053	68379	45983	21613	81792	43676	50665	41114	20711	32421	21948	24107	79347	40465	75708	71872	25858	39578	30938	22120	72505	27112	58856	59783	32034	46921	29817	30600	56664	120988	73658
181	21698676	21678432	21723258	21723258	21708798	16424	18643	37963	50934	31279	22722	25969	21352	56474	50934	27999	31783	32503	12725	50403	45886	35001	31045	48841	19482	29184	25734	21397	19078	50363	70685	48179	24162	83834	45803	23946	43321	22726	34649	24032	26256	81439	42659	77905	38153	11568	18909	33080	10122	35238	29253	30972	61979	34228	49117	14334	32891	58944	122416	75909
182	21820140	21798450	21843276	21844722	21828816	20084	22588	42152	54230	35331	26840	30260	25036	59461	54192	32081	36067	36646	16585	53738	49485	39141	35301	52277	21805	31512	28129	23881	21250	52923	73058	50770	26148	85826	48222	26190	45782	25408	37134	26189	28825	83539	45110	80063	37018	13724	21200	35501	12367	37629	31510	30533	64453	36458	51539	16629	35266	61517	123779	78150
183	21940158	21919914	21964740	21966186	21950280	23616	26177	45957	57265	39172	30604	34253	28678	62235	57265	35928	39990	40361	20321	56799	52797	42927	39144	55381	23815	34046	30403	26129	23486	55364	75357	53076	28869	87812	50401	28546	48117	27456	39304	28472	31113	85535	47436	82152	39301	15716	23440	37820	14257	39876	33739	32766	66744	38827	53815	18974	37655	63909	125107	80308
184	22061622	22041378	22086204	22086204	22070298	26758	29467	49426	60147	42471	34011	37766	31837	64894	60147	39345	43562	43805	23462	59705	55911	46358	42641	58357	25988	36288	32452	28417	25688	57628	77567	55287	30887	89721	52530	30720	50342	29781	41558	30651	33306	87511	49650	84204	41405	17715	25483	39900	16182	42002	35826	34913	68957	40906	55956	21058	39848	66186	126451	82388
185	22183086	22161396	22206222	22207668	22191762	29704	32421	52547	62893	45576	37159	41029	34767	67450	62860	42534	46811	46950	26385	62466	58858	49465	45821	61185	27918	38343	34499	30601	27639	59775	79699	57409	32905	91577	54496	32749	52434	31806	43555	32557	35361	89397	51727	86172	43408	19510	27526	41975	18132	44023	37797	36989	71012	42979	58024	23043	41926	68327	127779	84406
186	22303104	22282860	22327686	22327686	22313226	32382	35302	55452	65527	48435	40007	44045	37521	69903	65496	45407	49768	49857	29085	65118	61667	52389	48753	63885	29861	40396	36429	32575	29461	61806	81752	59423	34985	93359	56471	34717	54403	33708	45462	34477	37302	91267	53728	88098	45367	21445	29211	43997	20098	45909	39722	38902	72954	44818	60013	25037	43856	70374	129107	86374
187	22424568	22402878	22447704	22449150	22434690	34912	37853	58179	68049	51094	42713	46823	40138	72275	68019	48147	52552	52558	31814	67630	64311	55117	51513	66473	31944	42446	38316	34314	31174	63742	83724	61303	36946	95158	58233	36523	56270	35565	47465	36238	39198	93071	55613	89961	47154	23128	31006	45975	21790	47808	41607	40774	74825	46673	61872	26881	45750	72310	130451	88292
188	22546032	22524342	22569168	22570614	22554708	37380	40447	60740	70482	53658	45299	49485	42592	74571	70482	23235	55198	55130	34507	70106	66917	57639	54132	68965	33406	44214	39958	36310	33112	65621	85596	63190	38539	96901	60011	38296	58113	37496	49174	38026	41058	94875	57474	91763	48962	24781	32892	47741	23359	49508	43314	42613	76661	48499	63614	28460	47569	74158	131711	90155
189	22666050	22645806	22690632	22690632	22676172	39744	42931	63304	72862	56173	47830	52090	45047	76816	72862	25783	57826	57688	36834	72499	69395	60194	26425	71397	35457	45912	41734	38041	34583	67450	87431	64924	40582	98623	61672	40042	59826	39119	50911	39626	42787	96605	59206	44918	50622	26407	34374	49484	25078	51272	33801	44280	78354	50132	65373	30437	49316	75986	132971	91970
190	22787514	22767270	22810650	22812096	22796190	42171	45324	65788	75168	58616	50315	54642	47420	78998	75168	28248	60405	60206	39338	74818	71813	62675	28978	73746	36834	47854	43388	39745	36452	69250	89225	66705	42135	100328	63420	41765	61625	41034	52625	41365	44496	98348	60956	46637	52390	28161	36253	51249	26765	52975	21444	46066	80148	51914	67047	31968	51089	77756	134216	93774
191	22908978	22887288	22932114	22933560	22917654	44373	47725	68212	77382	60995	52721	57152	49719	81103	77382	30579	50498	62554	41591	77032	74147	65096	31321	75994	38701	49510	45164	41479	37958	71005	91015	68439	44009	101968	65020	43514	63275	42520	54361	43034	46227	100047	62688	48335	54056	29741	37656	52952	28423	54664	23037	47742	81809	53522	68800	33800	52835	79524	135476	95533
192	23028996	23008752	23053578	23053578	23039118	46646	50009	70553	79543	63353	55099	59558	51993	83178	79543	32870	31545	64915	44056	79206	76407	67460	33623	78232	40276	33141	27857	43143	39719	72695	62112	64058	45492	79867	66612	45100	65038	44285	56007	44594	47940	101687	46461	50017	41573	31373	39432	40896	13014	56228	24612	49359	83484	55082	55469	35242	54451	51207	136736	62604
193	23150460	23128770	23173596	23175042	23159136	22445	52586	34663	81677	65773	27277	29140	25497	85189	39281	35483	15304	32525	46570	39281	37432	33603	36351	17709	19086	25382	7230	21444	19195	36339	45852	34903	20244	51475	32586	47295	31815	21734	58249	21555	23413	49668	31705	52281	27353	14334	18418	27208	14678	58458	26719	51610	41049	57353	15857	37687	26274	40065	137981	48284
194	23271924	23250234	23295060	23296506	23280600	11113	26115	38680	40590	68318	31188	33331	29150	87202	43247	39518	19398	36495	23709	43247	19072	37568	18753	21634	9151	28546	4193	24357	21933	39354	48992	37867	4338	54362	35337	50261	34688	24527	29069	24369	26500	24885	15973	55163	30103	6145	21257	30109	6807	28997	29460	25135	43923	60128	18528	40701	29198	43103	139241	51394
195	23391942	23371698	23416524	23416524	23402064	14548	30109	42799	44626	70771	35309	37711	33090	89111	47051	43606	23570	40685	27754	47051	23123	41699	22861	25683	11945	31521	6922	27487	24620	42541	52180	40919	11301	57282	38160	53254	37724	27563	31996	27194	29331	27957	18741	58116	33062	8961	23933	33068	9421	31931	32286	28105	46930	62908	21449	43696	32178	46209	140428	54589
196	23513406	23491716	23536542	23537988	23522082	18132	33813	46596	48277	73169	39151	19086	36661	91016	50525	47336	27559	44527	31540	23316	26948	45545	26647	29456	14339	34357	9050	13014	27267	45367	55106	43661	14109	59993	40734	56012	40481	30294	34734	29820	32039	30652	21343	60849	35602	11254	26571	35839	11977	34494	34883	30788	49630	65540	24017	46496	34960	49073	141590	57461
197	23634870	23613180	23658006	23659452	23643546	21501	37425	50143	51708	75464	42937	22954	40170	92864	53813	50832	31368	48184	35151	26960	30699	49126	30437	33171	16508	37030	11691	15375	29817	48066	57808	46373	16566	62513	43153	58534	43011	18557	37213	32036	34773	33127	23746	63409	38187	13923	28969	38354	14657	36989	37297	33252	52188	68032	26411	49131	37535	51697	142766	60196
198	23754888	23734644	23779470	23779470	23765010	24828	41119	53454	54926	38322	46634	11963	43772	94690	56906	54098	35233	51661	18573	30710	34459	52503	16629	36846	19089	39522	13980	17772	31969	50663	60421	48849	7979	64939	45581	61017	45493	16613	39641	34591	37138	35603	26085	65888	40555	16020	31313	40917	16660	39379	39719	16628	54622	70437	28822	51713	40046	54307	143942	62776
199	23876352	23854662	23899488	23900934	23885028	28203	44689	56571	57960	41889	50137	15477	35938	96449	27925	57176	38979	33073	21971	23426	38065	55669	20250	40491	21063	30848	16328	20087	34409	53053	62928	51284	10086	30366	47795	63375	47883	18852	42025	36688	39570	37916	28450	68249	42841	18218	33430	43181	18782	41629	42001	18863	56988	72707	31044	27436	42358	56726	145104	65258
200	23996370	23976126	24020952	24022398	24006492	31675	48293	59518	60837	45626	53487	19427	24824	98213	31756	60097	42924	28696	25726	18528	41900	58699	23931	44254	23138	20600	18263	22442	36742	55525	65404	53610	12673	33283	50035	65700	50201	21147	44327	38934	41910	40301	30834	70560	45099	20787	35769	45651	21478	43951	44163	21156	59329	75019	33304	26849	44689	59179	146280	67732
201	24117834	24097590	24140970	24142416	24126510	35036	51682	62323	63589	49159	56601	23060	28126	99938	35346	62878	46622	32178	29210	22025	45500	61550	27569	47847	25371	22992	20319	24737	38827	57820	67720	55906	14665	35458	52139	67947	52457	23213	46471	41159	44217	42502	32982	72798	47250	22797	37908	47863	23516	46156	46358	23132	61550	77206	35535	29007	47034	61474	147442	70031
202	24239298	24217608	24262434	24263880	24247974	38100	54825	64979	66186	52377	59478	26347	31210	101598	38546	65512	50003	35549	32382	25119	48790	64197	30844	51068	27420	25071	22369	26837	40855	60059	69932	58047	16668	37504	54195	70065	54577	25357	48602	43220	46365	44594	35056	74918	49305	24892	39931	49936	25552	48215	48409	25119	63653	79269	37631	31150	49141	63677	148618	72259
203	24359316	24339072	24383898	24383898	24369438	41084	57829	67561	33032	55438	62285	13724	34194	103278	41698	68065	53244	38624	35443	28313	24788	66806	33922	54204	29255	27068	24417	28853	19453	62148	72078	60137	18788	39498	56178	72124	56621	27255	50641	45141	48416	46635	37070	76970	51318	26824	41956	52002	27588	50190	50334	27111	65659	81264	39514	33153	51202	65745	149763	74387
204	24480780	24459090	24503916	24505362	24490902	44097	60748	70040	36267	58446	64974	6807	37215	104919	44947	70527	56372	41769	38580	31377	27871	69317	37189	57240	31248	17421	26225	30872	21298	64169	74151	62158	20792	41442	58060	74084	58622	29101	52602	47070	50381	48676	39032	78912	53331	28404	43791	54065	29198	52130	52350	29110	67637	83164	41407	35099	53179	67780	150842	76423
205	24602244	24580554	24625380	24626826	24610920	47092	63506	72436	39392	61305	67586	4193	18962	106496	48018	72934	59329	20396	41628	34587	30979	71766	40344	60157	25305	13893	28286	32829	22992	66159	76141	64051	22801	43347	59877	75996	60524	31169	54528	49049	52237	50630	40950	38468	55160	30452	45687	55941	31127	53920	54169	31044	69527	85031	43314	37110	55053	69758	151934	78437
206	24722262	24702018	24746844	24746844	24732384	50071	66137	74784	42577	64030	70064	6273	21826	108092	51227	75238	62144	23440	44790	37686	34167	74102	43554	62969	15709	15596	30205	34794	24737	68121	78140	65952	24559	45125	61773	77896	62434	32919	56429	50830	54022	52513	42876	40362	57033	32498	47509	57829	33256	55837	56005	32801	71418	86927	45185	39017	56965	71701	153026	80439
207	24843726	24823482	24866862	24868308	24852402	24801	68670	77025	45673	66644	72459	4691	24776	109669	54279	77478	64837	26525	22960	40701	37190	76364	46716	65628	17352	17249	31877	36538	26603	70059	80038	67861	26279	47011	63518	79768	64287	34819	58228	52587	56084	54328	44765	42168	58883	33935	49258	59622	34721	57656	57855	34587	73262	88707	46980	40885	58817	73619	154105	82314
208	24965190	24943500	24988326	24989772	24973866	27658	71112	79199	48783	69190	74807	7791	27559	111183	57347	79636	67426	29495	25941	43884	40345	78588	49844	68177	19181	19088	33714	38365	28197	71857	81878	69631	28335	48699	65246	81469	66025	36620	60006	54362	57716	56123	46400	43853	60540	36013	51034	61462	36698	59383	59507	36456	74987	90455	48669	42622	60544	75412	155197	84167
209	25085208	25064964	25109790	25109790	25095330	30584	73499	81321	51901	71614	77048	10150	30495	54721	60258	81767	69939	32639	28972	21734	43411	80734	25533	70635	20648	20763	15725	40161	29984	73658	83701	71403	29766	50447	66861	83244	67781	38335	61700	56008	59547	57862	48277	45702	62351	37370	52664	29630	38138	61094	28490	38016	76769	92147	50418	44383	62388	77194	156289	85943
210	25206672	25184982	25229808	25231254	25215348	33500	75783	83421	55033	73955	79221	13209	33482	57766	63067	83834	72338	35676	31971	24696	46585	82809	28608	73038	22391	22405	17604	41976	31538	75423	85477	73164	31857	52141	68650	84940	69521	40028	63447	57750	61219	59584	49921	47303	63950	39209	54399	31401	40150	62789	30053	39878	78432	93841	52073	46075	64050	78972	157368	87741
211	25326690	25306446	25351272	25352718	25336812	36238	77977	85398	57989	76195	81318	16069	36278	60620	65689	85802	74634	38581	34831	27713	49510	84811	31511	75311	24008	24108	18973	43716	33331	77151	87248	74865	33260	53817	70193	86620	71209	41751	65143	59405	63010	61289	51668	49103	65637	40866	56007	32950	41569	64407	31670	41407	80122	95492	53790	47837	65827	80703	158460	89489
212	25448154	25427910	25471290	25472736	25458276	38834	80109	87356	60762	78400	54728	18826	34704	63352	68206	41861	40462	19086	37525	30363	52274	86803	34289	77522	25521	10530	20958	20244	34854	78956	42081	36606	35318	25469	33754	88343	49832	29060	66855	28563	29783	29713	53361	50760	67342	18909	57785	34789	43421	30774	20244	19839	36150	31657	55525	22506	48622	39518	159552	91245
213	25569618	25547928	25592754	25594200	25578294	37596	82221	89288	63519	80553	42388	21514	19612	65989	70663	36241	39125	21933	40397	33175	55267	88726	37246	79680	28008	13028	23042	1446	37157	81088	44660	39019	37539	27813	36015	90252	36850	21649	69275	30939	32133	32133	55817	53222	69686	21493	60128	37153	45741	33051	16487	22031	40425	23476	57892	24963	33959	41959	160631	93093
214	25691082	25669392	25714218	25715664	25699758	21493	84270	91185	32925	82628	45950	25256	22851	68557	36455	23307	42721	25533	20761	17231	58284	90635	40906	81809	30152	15250	25530	5784	39693	83188	47314	41590	40102	30178	38356	44742	39301	23848	71697	33207	34741	15973	58279	25982	72094	23440	62479	39741	48035	35533	18741	24622	42863	25679	60365	27501	36378	44545	161656	94919
215	25811100	25790856	25835682	25835682	25821222	25071	41549	93011	37019	40743	49546	29367	26481	71003	19072	27183	22208	29467	24704	21048	61182	92495	44864	83875	32730	17427	27718	11847	18866	85198	49786	43961	42558	32562	40715	47172	41755	26258	74007	35618	37052	18175	60735	28428	74391	25969	30541	42071	50551	37795	8954	26807	45213	12610	62676	29823	38754	47072	162664	96668
216	25932564	25910874	25955700	25957146	25941240	28636	45362	94859	40955	44626	52932	33466	30221	73365	22851	31173	26248	33368	28462	24860	63914	94321	48542	85867	34819	20098	30161	13960	21257	87188	52374	46436	44923	34901	18304	49566	44211	28682	76299	37876	39700	20445	63200	30747	76643	28197	32773	20562	24885	40189	11249	29326	47664	14611	65097	32233	41340	49555	163660	98432
217	26052582	26032338	26077164	26078610	26062704	31931	48790	96611	44494	48105	56002	37056	33482	75680	26323	34583	29880	36910	31839	28377	66532	96097	51874	87852	37182	22449	32419	16311	23315	89120	54914	48865	47477	37258	20559	52007	46582	31114	78474	40264	41934	22760	65597	33153	78831	30260	35097	22957	27126	42542	13144	31512	50033	16869	67461	34653	43632	52037	164668	100147
218	26174046	26153802	26197182	26198628	26182722	34913	51908	98354	47723	51228	58944	40377	36506	77904	29526	37793	33112	40035	34948	31500	69082	97861	55045	89761	39456	24744	34527	18474	25451	91024	57265	51179	49731	39421	22680	54222	48752	33307	80599	42417	44240	25027	67847	35276	80943	32511	37276	25124	29336	44632	15075	33741	52257	19078	69651	36970	45896	54326	165664	101807
219	26295510	26273820	26318646	26320092	26304186	37711	54812	100092	50704	54128	61748	43393	39350	80062	32410	40698	36167	42979	37853	34399	71481	99603	58001	91637	41501	26765	36627	20711	27495	92850	59493	53352	51804	41519	24704	56279	50909	35303	82649	44515	46433	27102	69997	37390	82993	34494	39333	27268	31389	21458	17029	35828	54383	21053	71741	39095	48053	56528	166672	103487
220	26415528	26395284	26440110	26440110	26425650	40315	57492	101752	53482	56844	64421	46211	41949	82176	35115	43455	38876	45732	40600	37126	55282	101263	60774	93485	43452	28787	38611	22818	29467	94676	61639	55401	38505	43517	26414	58331	52975	37359	84681	46515	48480	29101	72056	39388	84987	36367	41286	29255	33376	23410	19001	37799	56435	22856	73770	41161	50158	58637	167680	105117
221	26536992	26515302	26560128	26561574	26545668	42807	60123	103412	56117	59504	67023	48949	44442	84203	37735	46133	41604	48413	43171	39768	36962	102923	63466	95299	45271	30811	40599	24828	31313	96415	63740	57448	26900	45561	28316	60378	54968	39410	86649	48344	50442	31102	74046	41388	86955	38365	43150	31248	35192	25373	21084	39827	58374	24613	75693	43174	52139	60709	168676	106694
222	26658456	26636766	26681592	26683038	26667132	45251	62606	105027	58703	61979	69497	51579	46930	86195	40338	48624	44257	50911	45732	42390	39407	104563	66036	97021	47106	32834	42592	26609	33368	98158	65713	59356	28912	47342	30163	62325	56956	41358	88532	50190	52296	32856	75986	43344	88802	40366	45028	33119	36974	27194	23068	41608	60284	26407	77578	45097	54005	62647	169684	108290
223	26778474	26758230	26803056	26803056	26788596	47570	65029	106585	61147	64421	71882	54081	49252	88120	42684	51071	46669	53405	48112	44765	41953	106121	68482	98743	49084	34859	44260	28350	35007	99866	67629	61169	30588	49225	31904	28920	58773	43171	90372	52090	25251	34759	77834	45076	90642	41976	46874	34830	38940	28828	24554	43603	62102	28382	79424	46984	55919	64525	170692	109867
224	26899938	26878248	26923074	26924520	26908614	49821	67333	108162	63497	66713	74186	56474	23758	90006	45041	53403	49129	55748	50419	47106	44164	107698	70843	100423	50700	36600	21361	30403	36798	101526	69579	63093	32434	51042	33554	30732	60603	44956	92200	53806	27157	36620	79706	46964	92414	43810	48609	36799	40607	30712	26590	45370	63933	29881	81238	48799	57808	66473	171688	111371
225	27021402	26999712	27044538	27045984	27030078	51970	69557	109720	65818	68987	76445	58831	25937	91872	47282	55709	51391	58001	52703	49336	46538	109275	73155	102083	52620	38370	23141	32388	38612	103186	71439	64894	34301	52711	35479	32506	62445	46805	94004	55652	28791	38335	81484	48738	94196	45526	50360	38559	42355	32295	27962	47113	65714	31768	83013	50750	59531	68275	172696	112865
226	27141420	27121176	27166002	27166002	27151542	54110	71737	111232	68031	71157	78614	61101	28020	93676	49504	57927	53675	60230	54855	51548	48752	110792	75370	103743	54166	40371	24708	33892	40191	104812	73254	66644	35955	54521	36966	34126	64137	48542	95732	57260	30611	40080	83284	50485	95894	47263	52056	40191	44032	34108	30040	48838	67510	33300	84742	52355	61373	70063	173704	114341
227	27262884	27241194	27286020	27287466	27271560	56133	73850	112708	70175	73262	80734	63258	30025	95482	51628	60058	55857	62347	56957	53710	50868	112268	77527	105342	55965	41834	26339	35913	41858	106370	75006	68350	37700	56126	38612	35846	65880	50214	97370	58963	32135	41751	84907	52138	97532	48729	53698	41956	45783	35597	31393	50583	69100	35119	86398	54174	62994	71803	174662	115817
228	27382902	27362658	27407484	27408930	27393024	58088	75851	114184	72230	75311	82784	65373	31969	97204	53672	62114	57927	64426	58984	55743	52936	113762	79581	106900	57456	20152	28023	16754	43603	52988	36606	32916	39368	57901	40294	17001	67611	23946	47039	60584	34018	43500	39974	53852	47391	23670	25168	43603	47295	16424	33194	52234	70860	36623	41983	55862	64830	34764	62677	64556
229	27504366	27484122	27527502	27528948	27514488	60448	37336	56078	36453	37612	41149	32525	34469	47910	27054	30880	28804	32095	28804	27353	26511	55210	40169	52173	28773	23138	30847	8494	21925	54496	39860	35989	20045	29163	19411	19834	33280	11847	49817	30186	16628	21925	2892	26977	24114	26493	12468	21925	23176	19235	16628	26379	35708	39511	21358	27806	32225	37849	64778	58370
230	27625830	27604140	27648966	27650412	27634506	63251	40836	59051	40084	41140	44764	36324	37853	51366	30588	34441	32531	35707	32211	30920	30109	58230	43818	55358	31988	26807	34169	11455	25114	57553	43489	39401	23315	32467	22496	23133	36663	14973	53105	33450	19833	25279	18798	30247	27273	29607	15468	25197	26370	22440	19515	29645	39037	42783	24622	31255	35649	41405	67400	61266
231	27745848	27725604	27770430	27770430	27755970	65894	44102	61915	43408	44384	48062	39706	40906	54563	33874	37773	35870	38931	35522	34174	33442	61096	47183	58370	34846	29748	37024	14522	28012	60419	46657	42486	26256	35405	25287	26015	39600	17783	56056	36306	23042	28234	23037	33318	30169	32485	18199	28308	29143	25236	22307	32456	42003	45683	27344	34235	38718	44493	69886	63993
232	27867312	27847068	27890448	27891894	27877434	68435	47097	64583	46494	47405	51108	42819	43838	57581	36922	40781	39027	42003	38492	37253	36413	63833	50279	61164	37485	32614	39724	17162	30567	63157	49537	45270	28969	38060	27721	28679	42330	20407	58785	38951	25692	30905	25687	36013	32807	35007	20669	31039	31803	27900	24785	35158	44724	48323	30026	37029	41456	47330	72287	66578
233	27988776	27967086	28011912	28013358	27997452	70856	49871	67149	49298	50199	53976	45763	46541	60411	39786	43582	41946	44770	41248	40093	39209	66423	53155	63897	39999	35126	42300	19762	33112	65744	52219	47847	31511	40538	30025	31112	44939	23090	61261	41376	28091	33362	28234	38408	35070	37358	23143	33424	34255	29983	27340	37720	47199	50826	32422	39625	44024	49966	74611	69067
234	28108794	28088550	28133376	28134822	28118916	73195	52455	69619	52032	52845	56664	48528	49174	63116	42358	46298	44625	47463	43875	42745	41917	68917	55880	66454	42216	37634	44497	21772	35237	68199	54765	50208	33984	42873	32293	33429	47273	25326	63636	43666	30436	35763	30635	40815	37472	39567	25374	35763	36483	32510	29323	40014	49550	53130	34770	42060	46405	52429	76828	71438
235	28230258	28210014	28253394	28254840	28238934	75462	54955	72000	54512	55327	59189	51101	51594	65674	44919	48820	47193	50007	46399	45191	44458	71322	58409	68947	44322	39827	46718	24303	37463	70511	57088	52503	36173	45085	34409	35652	49495	27456	65891	45838	32547	37958	32923	43037	39726	41758	27347	37958	38583	34673	31509	42181	51752	55265	36855	44360	48626	54740	78983	73757
236	28351722	28330032	28374858	28376304	28360398	77694	57340	74328	56956	57736	29064	53627	53943	68132	47342	23136	49671	52390	48747	47687	46858	73645	60862	33876	46376	42103	48839	26437	39511	72722	59321	54660	38234	47149	36458	37797	51659	29501	67982	47911	34707	40083	34942	45149	41761	43744	29329	40135	40623	36708	33490	44336	53828	26829	38933	46412	50786	56884	81089	75977
237	28471740	28451496	28496322	28496322	28481862	79852	59843	76582	59578	60251	31533	56254	56340	70592	49854	25533	52267	55006	51347	50178	49393	75950	63453	36415	48468	44261	50830	28481	41504	74844	61475	56736	40294	49209	38342	39826	53701	31543	70012	49900	36740	42148	37017	47210	43700	45732	31382	42148	42713	38688	35477	46390	55895	28845	40906	48547	52858	59018	83139	78112
238	28593204	28571514	28616340	28617786	28601880	81949	62301	78798	62049	29277	15320	27137	58774	72969	52321	28020	54849	57424	53747	52668	51922	78164	65962	38840	50431	46227	52782	30592	20152	76896	63550	58769	42299	51107	40243	41657	25387	33522	71984	51807	38665	44163	38982	49183	45510	47682	33371	44163	44517	40467	37521	48310	57892	30661	42979	50588	54816	61045	85151	80192
239	28714668	28692978	28737804	28739250	28723344	84033	64830	80936	64649	31796	17604	29767	61250	75298	54939	30642	57491	60059	56297	55308	54521	80322	68500	41421	52285	48198	54742	32694	22031	78919	65559	60701	44355	53009	42250	43649	27208	35565	73921	53690	40650	46088	40800	51082	47424	49720	35010	46043	46561	42220	39409	50280	59787	32631	44864	52551	56776	63072	87143	82226
240	28834686	28814442	28859268	28859268	28844808	86025	67326	83011	67213	34248	20042	14623	63690	37000	57469	33055	60088	62610	58873	57861	57073	82426	70947	43943	54068	50091	56634	34365	23760	80852	67540	62639	46272	54849	43932	45551	29056	37218	75811	55539	42690	47936	42540	52906	49303	51394	36969	48108	48389	44232	41107	52178	61686	34306	46717	54403	58703	65033	89029	84179
241	28956150	28934460	28979286	28980732	28964826	87980	69816	85053	69711	36817	22493	17123	66160	39548	60068	35595	62737	28920	41934	60404	59692	84467	73311	46463	55907	52074	58320	36132	25453	82727	69430	64453	47983	56663	32842	47332	30859	39119	77614	57330	44401	49759	44538	54787	50996	37825	38723	49801	50028	45930	42978	53890	63465	36133	48499	56270	60535	66841	90915	86027
242	29077614	29055924	29100750	29102196	29086290	89912	72247	87045	72118	39428	25119	19729	68692	42232	62718	38288	65410	1446	31202	63077	62322	86459	75628	49143	57580	53905	60197	38142	27192	84540	71266	66248	49886	58383	22128	49089	32626	40881	79408	58996	46136	51551	46223	56496	52784	25982	40398	51551	51892	47698	44633	55807	65257	37870	50214	58113	62313	68721	92741	87913
243	29197632	29177388	29222214	29222214	29207754	91782	74571	88958	74442	42071	27793	22494	71133	44985	65393	40957	67966	8676	33882	65730	65010	88419	77854	51884	59379	55600	61820	39738	28826	86340	73087	68057	51554	60190	10122	50869	34361	42667	81122	60752	48025	53208	47979	58292	54478	27612	42105	53403	53501	49358	46406	57411	66965	39531	51954	59826	64041	70465	94545	89684
244	29319096	29297406	29342232	29343678	29327772	93608	76816	90890	37197	44834	30504	25285	73491	47838	32843	43744	70460	16360	36591	68276	67590	90328	80012	26142	60954	57497	63627	41573	30507	88098	74872	69736	53327	61813	11486	52507	36013	44332	82847	62424	49593	55043	49633	59932	56232	29150	43746	55005	55247	51129	47896	27593	68691	41174	53639	61625	65787	72230	96311	91476
245	29439114	29418870	29463696	29465142	29449236	95438	79024	92717	40145	47739	33428	28240	75802	50814	35806	46673	72841	18962	39533	70760	70068	92180	82128	29079	62653	59054	65227	43185	32165	89800	76600	71476	54969	63492	13028	54208	37700	45981	84487	64021	51393	56667	51431	61662	57788	30882	45234	56739	56938	52601	49635	29061	70320	42850	55304	63242	67491	73938	98054	93170
246	29560578	29540334	29583714	29585160	29570700	84728	81153	94543	42985	36793	16753	17038	78021	53701	38648	49510	51306	21537	25498	73131	54707	94028	80109	31810	48944	43616	27474	20358	15304	91587	37265	34286	56777	51176	14548	25713	39474	47833	40794	30975	23946	49268	19039	63442	27850	32520	42402	21112	58615	32128	23933	21282	72146	44556	57029	30841	32266	75801	48234	45424
247	29682042	29660352	29705178	29706624	29690718	49145	83228	47593	46412	25857	8740	16754	80179	56728	42038	52742	38565	24860	21493	75428	36851	95818	43018	35158	32353	30533	15321	11313	17591	93435	40053	36963	28701	32481	17186	28258	42064	50399	43450	33488	26506	29518	12023	65982	30352	35158	23533	13724	61096	27512	26493	15858	74414	47170	59579	33488	34865	78020	51068	48206
248	29802060	29781816	29826642	29826642	29812182	52520	85261	51072	49973	29467	11992	20557	82289	28555	45718	55933	42403	13258	24988	77687	19409	97561	46710	38858	35003	33331	17840	11786	20137	95252	42948	39773	14244	35121	19572	30926	44827	53191	22114	36055	29265	32275	14548	68520	32912	37830	26052	16239	63737	30109	29041	18416	76692	23502	62248	36283	17651	80204	54052	51081
249	29923524	29903280	29946660	29948106	29933646	55686	87248	54322	53292	32992	15225	24363	84335	32375	49287	58914	46187	16745	28709	79845	23043	99325	50208	42524	37520	36024	20353	14354	22760	96995	45703	42444	16805	37740	21885	33566	47474	55877	24696	38556	31914	34814	16941	70938	35464	40170	28566	18858	66299	32562	31445	20959	63470	26024	64842	38984	20291	82288	56916	53874
