0	0	0	0	0	0	0	0	0	0	0	0	0	0	0	0	0	0	0	0	0	0	0	0	0	0	0	0	0	0	0	0	0	0	0	0	0	0	0	0	0	0	0	0	0	0	0	0	0	0	0	0	0	0	0	0	0	0	0	0	0
1	57840	39042	75192	73746	72300	13796	16754	14535	63624	14906	69408	8954	26937	16677	10122	69408	25667	41458	66516	4193	11775	9601	11595	24521	2892	11568	10328	13014	13014	53502	60732	27474	27474	26901	28920	11925	46272	13174	33258	13014	43380	34704	7427	50610	12634	37596	39042	10122	49164	47718	4338	27474	40488	14460	16629	57840	3615	60732	50610	50610
2	177858	157614	195210	193764	192318	21102	24277	22162	183642	22494	189426	16906	28759	10258	4338	189426	27106	31858	186534	10755	19634	17128	19527	28903	5543	1446	13188	15777	15510	159060	164844	121464	124356	20559	124356	14611	150384	15909	133032	16503	147492	133032	9659	154722	13595	135924	138816	14026	153276	151830	7008	114234	141708	75192	19409	161952	5920	164844	154722	154722
3	294984	274740	312336	310890	309444	26759	30093	28049	299322	28240	306552	22886	34110	15877	10874	305106	32670	36759	303660	16328	25619	23048	25619	34232	2892	1446	5474	7134	5784	276186	60766	61921	62644	22588	79016	5784	70854	6485	66002	18416	62644	62644	2892	62644	2892	61198	255942	5784	56394	61921	8880	62644	61198	47718	8469	279078	2892	62934	62677	61198
4	412110	391866	429462	428016	426570	31207	34648	32703	417894	32865	423678	27663	38670	20371	15217	423678	37463	41074	422232	20925	30373	27722	30305	38830	5543	3615	8272	10086	9438	396204	63197	1446	64714	25857	63469	3615	62890	9421	62956	21740	1446	2892	2892	64778	7462	63609	377406	8476	2892	64429	11918	2892	63609	50741	11249	399096	5543	65315	64810	63545
5	530682	510438	548034	546588	545142	14460	16878	36652	113473	36797	542250	31723	42596	24377	19113	542250	18418	45016	119185	19636	34352	31710	34292	42838	8813	6606	11837	13782	6074	517668	65842	10122	67307	26028	66132	6606	41658	13148	65617	25612	8676	26028	5920	67369	10717	66268	497424	12151	17352	67031	15843	26028	31223	24667	15213	520560	4193	67875	67400	66175
6	652146	631902	669498	668052	666606	18973	20759	40774	62845	40854	663714	35897	46500	28472	23159	662268	22588	48682	63466	14345	38507	35828	38453	46676	11869	9506	14965	16917	6696	637686	68414	31835	69828	15644	68665	9506	34267	16279	68197	28967	31573	33364	8813	69857	13800	68797	618888	15354	28471	69565	19072	31991	34628	28060	18443	642024	6606	70372	69915	68737
7	770718	751920	788070	786624	786624	22493	24363	44515	65512	44587	782286	39786	49971	32237	27055	782286	26335	52045	66067	18084	42301	39619	42252	50176	14566	12045	17539	19656	9344	759150	70835	34645	72203	18236	71078	12045	37003	18893	70597	31576	34285	36055	11510	72259	16303	71206	740352	17987	31121	71919	21730	34669	37283	30747	21084	762042	9050	72756	72315	71177
8	889290	869046	906642	905196	903750	25773	27644	47871	68005	47939	900858	43181	53252	35661	30384	900858	29747	55204	68542	21364	45734	42979	45689	53408	16834	14709	19882	22152	11560	880614	73147	37019	74471	20499	73354	14129	39286	21086	72917	33922	36625	38394	13523	74499	19024	73477	860370	20381	33623	74194	23834	37041	39758	33090	23426	883506	11139	75012	74583	73449
9	1007862	987618	1025214	1025214	1023768	28678	30641	50969	70440	50992	1019430	46371	56306	38834	33318	1019430	32740	58189	70959	24112	48840	46137	48840	56491	19265	16709	22258	24131	13869	1000632	75389	39196	76666	22719	75535	16199	41492	23069	75113	36058	38878	40547	15938	76693	21104	75653	981834	22521	35660	76372	26165	39110	41891	35217	25470	1004970	13367	77199	76774	75707
10	1127880	1107636	1143786	1143786	1142340	31377	33429	53806	59175	35256	124470	49267	51643	30848	36242	1138002	35653	60988	59175	26964	51756	44826	51676	47030	8676	18937	20244	24582	15974	61954	37000	18866	78775	10328	77634	6828	11858	25388	36207	16878	23667	18909	18263	36985	23175	36606	62677	24640	37695	78466	28377	18909	44010	16551	27588	62677	15539	37209	37377	77904
11	1247898	1227654	1265250	1263804	1262358	35064	37133	56828	37904	27049	63337	25937	30352	22161	39942	1259466	39515	31861	37959	30713	26895	25458	26972	30692	11219	22369	12702	14467	19181	64269	40581	22216	80939	13346	37997	9659	10673	13124	39600	20043	21782	22255	21514	40363	26527	17886	64970	13124	41114	80642	31500	22161	22395	19770	30926	65002	18826	40873	41076	80062
12	1369362	1349118	1385268	1385268	1383822	39197	20137	59768	42051	31323	32673	30370	34574	26288	43988	1379484	21060	36192	20240	35010	31190	29823	31323	34992	14339	25664	15921	17597	22484	66907	44008	25533	83014	6807	41290	12673	13768	16130	42865	23223	19636	25483	24587	43666	29777	8715	67552	16130	44407	82717	34699	25319	25687	22991	34240	32969	22088	44418	44650	82151
13	1489380	1470582	1506732	1506732	1505286	43122	24095	62591	45954	35310	36795	34469	38600	13117	47734	62548	25122	40312	24181	18416	35251	33866	35428	39186	6807	28795	18474	20348	25110	69415	47229	28462	85031	8961	44290	15897	16276	19095	46031	26254	13124	28709	27541	46776	32640	11796	70031	19420	47382	84746	37845	28563	28745	26048	37370	36153	24840	47653	47997	84227
14	1610844	1590600	1628196	1626750	1625304	22208	27784	65271	49508	39152	40700	38504	42485	16882	23136	65229	29041	44277	28082	22308	39205	37747	39364	43065	9421	31550	21208	23308	27934	71832	50158	31379	87047	11977	47097	6828	19111	21941	48865	29039	5784	31472	30205	49608	35386	14509	72455	9379	50178	86762	40593	31340	31504	28780	40150	38968	11568	50638	51007	86219
15	1732308	1712064	1748214	1748214	1746768	25768	31434	67835	24033	42842	44494	42250	46129	20357	26883	67795	32803	47954	31763	25855	42986	41561	43130	46841	11977	34264	23888	26010	30563	74166	52923	34106	88960	14221	49747	9438	21669	24455	51539	31642	8222	34192	32903	52326	38042	16906	74749	11768	52902	88686	43212	33948	34161	31471	42893	41692	14026	53496	53880	88166
16	1852326	1833528	1869678	1869678	1868232	29247	16503	70334	27658	46503	23127	46047	49713	24108	30506	70295	36572	51407	35410	29606	46723	20244	46899	50371	14657	36944	26373	28382	33234	76399	55549	36629	90869	16909	52179	11637	24126	26810	54005	33983	10679	36481	35513	54830	40622	19111	76963	13894	55308	90595	45590	36310	36509	33947	45425	44292	16494	56094	56574	90098
17	1973790	1953546	1991142	1989696	1988250	33049	20043	72719	31521	50056	27029	49678	25937	28021	34469	72682	40549	54640	39350	33429	24401	24012	50425	53671	16660	18073	28569	13741	35410	78570	57952	39039	92719	19003	54537	13933	26354	29258	56437	36400	12659	39008	37667	57186	42856	21476	79113	16253	57717	92457	47976	38796	38929	36252	47777	46571	18858	58576	59066	91960
18	2095254	2075010	2111160	2111160	2109714	36623	23668	35950	35192	53371	30771	53015	13117	31710	38234	35718	44402	57726	43116	37245	28200	27788	53720	56807	18893	20353	31146	5855	37845	80717	60387	41408	94545	21478	56764	16028	28840	31382	58691	38665	15354	18976	40068	59486	45068	23953	39334	18421	59962	94283	50331	18866	41254	38472	50100	22782	21053	61024	61533	93786
19	2215272	2196474	2232624	2231178	2231178	40187	27112	39469	38834	56493	34403	56118	16507	35421	41907	39363	48069	60616	46754	40905	31803	31372	56818	59713	21478	22586	33149	8272	40028	82792	62796	43697	96311	23427	59111	18788	30859	33743	61067	40905	17396	21257	42477	61863	47571	25956	41587	20764	62318	96061	52581	21257	43551	40977	52477	25046	23128	63445	63989	95608
20	2336736	2316492	2354088	2352642	2351196	43407	30437	42793	42110	59374	37683	59054	19627	38721	45186	42697	51394	63315	50044	44260	35092	34703	59689	62473	23516	24786	35390	10317	42243	84794	65086	46002	98075	25633	61305	20792	33131	36062	63291	43122	19438	23404	44525	64053	49738	27962	43724	22775	64526	97804	54774	23315	45773	43094	54635	27197	25444	65768	66326	97351
21	2458200	2437956	2474106	2474106	2472660	46403	33243	45782	45146	62154	40749	61852	22590	41758	48241	45737	54475	65923	53127	47288	38151	37738	62451	65124	25552	11748	16629	12358	44348	67690	54888	48155	57138	27663	40392	22801	35255	38129	30366	33828	17352	10122	46569	66171	51811	30040	45849	10122	66598	80315	56808	25451	47850	24040	50981	29260	27564	67983	36873	99094
22	2578218	2557974	2595570	2594124	2594124	22690	36058	48675	48032	64847	43599	64522	25370	20048	51154	48633	26738	54004	25632	50213	41081	40596	65135	67666	12272	14322	18864	5855	47018	43510	34142	50870	23405	30178	13796	10922	37810	40704	13889	9621	10838	13283	49327	31942	54339	14460	48524	12367	69026	49546	12461	27946	22690	22764	28845	31974	30157	70390	34565	100797
23	2699682	2679438	2717034	2715588	2714142	25702	39250	51878	51199	67436	46845	67152	28390	23228	54361	51878	29965	35172	28840	53443	44282	43787	67707	70170	14895	17115	22026	8524	50208	46720	37336	54057	26335	33566	16554	13346	41069	43793	16754	12309	13894	16130	52455	35042	57369	17472	51617	15250	71456	52620	15325	30979	25864	25768	31988	35188	33238	72801	37887	102457
24	2821146	2800902	2837052	2837052	2835606	28614	42200	54897	54252	69920	49965	69652	31380	26258	57389	54935	32936	38333	31853	56487	47353	46889	70181	72561	17715	20038	24702	11291	53049	49639	40275	56957	29183	36299	19129	16182	43800	46631	19516	14926	16508	18764	55290	37832	60177	20137	54459	18132	73831	55410	18077	33801	28541	28600	34786	38022	36053	75109	40938	104117
25	2941164	2920920	2958516	2957070	2955624	31384	45047	57789	57106	72348	52857	34723	34229	29184	60264	57861	35892	41199	34661	59403	50274	49801	72600	74878	8575	22581	11775	13951	55706	52394	43009	59684	31839	38891	21783	18587	46550	49302	22026	17384	19089	21364	27442	40530	62823	22576	57050	20509	35950	58068	20459	36401	31252	31240	37485	40756	38716	77350	43773	105735
26	3061182	3040938	3078534	3077088	3077088	34110	47810	60540	59895	74644	55672	37592	36967	31905	63040	60642	38727	43970	37425	62181	53033	52584	74889	77119	10757	25032	14345	16431	58314	55085	45716	62347	34409	41419	24141	21109	49141	51956	24448	19957	21649	24025	29976	43153	65430	25027	59669	23090	38565	60667	22956	39039	33682	33672	40051	43414	41404	79538	46569	107312
27	3181200	3160956	3197106	3197106	3195660	36633	50336	63143	62517	76860	58282	40152	39567	34470	65664	63275	41364	46622	40046	64809	55728	55228	77103	79263	13211	27488	16387	18803	60769	57572	48225	64810	36910	43800	26446	23713	51482	54401	26958	22231	23672	26182	32311	45536	67836	27559	62036	25408	40912	63101	25370	41408	36063	36281	42461	45915	43928	81647	49159	108889
28	3299772	3279528	3317124	3315678	3314232	39095	52858	65606	64975	79014	60806	42703	41956	36911	68152	65761	43796	49084	42505	67306	58195	57747	79248	81358	15132	29811	18985	21203	63068	59961	50568	67152	39145	46011	28636	25734	53799	56743	29111	24377	26099	28466	34666	47881	70103	29526	64317	27532	43225	65380	27496	43791	38400	38392	44786	48158	46178	83695	51539	110463
29	3419790	3399546	3437142	3435696	3434250	41361	55155	32007	67374	81144	63203	45105	44355	17591	70553	68186	46322	51508	44919	69740	60620	60160	39228	83433	17083	32093	21069	23532	30434	62185	52845	69382	18909	48207	30805	11748	25632	58846	31179	26426	28390	30713	36815	50035	72272	31566	66489	29781	45375	67517	29468	45867	40501	40545	46950	50422	48323	85663	53853	111957
30	3541254	3521010	3558606	3557160	3555714	43841	57712	34445	69833	83219	65724	47607	46761	20033	72931	70644	48759	54014	47430	72146	63154	62675	41637	85434	19158	34222	23053	25648	32609	64461	55068	71626	21002	50469	32892	13876	27813	61048	33429	28763	30507	32743	38949	52179	74456	33852	68680	31936	47514	69736	31775	47983	42790	42831	49144	52628	50621	87633	56178	113451
31	3662718	3642474	3678624	3678624	3677178	46140	60059	36888	72208	85252	68180	50102	49216	22204	75235	72991	51278	56446	49813	74470	65586	65096	44194	87414	21321	24916	25044	27678	16716	66597	57268	73771	13100	33829	34913	15849	27474	63207	35478	30787	32550	34772	30029	54309	69864	20133	57031	34075	45308	36661	33802	24040	44867	44952	29292	54782	52779	69076	58411	114963
32	3781290	3761046	3798642	3797196	3795750	48502	62379	39178	74504	75274	58592	52362	51474	24523	77449	62970	53604	58769	52162	76692	67927	67429	46434	89323	23902	15906	27725	30399	17485	33652	59979	37309	11606	26926	37601	6548	14961	65728	38125	33314	35244	26403	21002	56980	38052	17886	35434	36657	25205	36569	36345	24795	47468	47549	26190	27208	55413	45062	61135	116441
33	3902754	3882510	3918660	3918660	3917214	50914	31148	41640	76752	43078	35316	55017	53981	27025	79633	37420	56159	61313	54673	78878	70336	33342	48989	43993	26621	9055	13588	33208	20249	36492	62763	40145	14207	29645	40366	9007	17535	68274	40905	16877	37964	18864	23617	59775	40836	20496	38140	39437	27871	39302	39145	27577	50299	50334	28980	30040	58282	47995	63870	117852
34	4022772	4002528	4040124	4038678	4037232	53642	33833	44384	78962	45780	38032	57795	56705	29736	81739	40145	40557	64037	57433	81013	72721	36035	51777	46730	29227	11512	15993	35851	22769	39178	65404	42841	16522	32200	42855	11658	20191	70729	43506	19408	23610	21450	26209	33390	43393	23081	40715	21016	30438	41905	41708	30169	52862	24033	31587	32626	60976	50759	66458	119280
35	4144236	4123992	4161588	4160142	4158696	56269	36545	47053	81094	48502	40715	60511	59404	32346	83807	42841	29868	66651	60136	83113	75032	38754	54497	49438	31944	13982	18533	38582	25448	41938	67960	45602	19102	34743	45481	14394	22627	73129	46226	21835	20355	24018	28853	31202	46031	25726	43375	21200	32992	44494	44355	32870	55492	26662	34297	35314	63656	53533	68980	120691
36	4265700	4245456	4281606	4281606	4280160	58812	39068	49621	83169	51037	43327	63181	61984	34938	85823	45512	32403	69137	62718	85126	77300	41290	57086	52085	34507	16330	21062	41280	27793	44525	70396	48117	21468	37390	47957	16684	24821	75399	48669	24276	22680	26333	31274	33698	48526	27900	45833	23617	35479	47023	46849	35306	58004	29123	36637	37810	66189	56129	71382	122102
37	4385718	4365474	4403070	4401624	4400178	61219	41436	52099	85204	53486	45788	65642	64426	37460	87787	47945	34814	71534	65202	87118	79438	43820	59564	54524	36722	18492	23137	43480	30092	46877	72751	50465	23683	39546	50272	19024	27298	77581	51033	26411	25039	28751	33579	35962	50814	30464	48080	25889	37688	49298	49174	37637	60335	31389	39099	40202	68540	58609	73703	123499
38	4507182	4486938	4524534	4523088	4521642	63533	43770	54385	87193	55825	48123	68041	66749	39768	89696	50301	37233	73850	67560	89051	81551	46076	61937	56896	38755	20525	25288	45797	32227	49159	75007	52707	26029	41738	52407	21104	22348	79713	53170	28678	27267	30844	35792	38145	53040	32446	50225	28049	39931	51512	34744	39726	62482	33562	41215	42456	70754	60852	75952	124827
39	4627200	4608402	4644552	4644552	4643106	65791	46028	56656	89102	58076	50430	70359	69022	42047	91597	52590	39504	76121	69836	90958	83626	48397	30880	59169	41041	22832	27496	48130	34467	51419	77221	55011	28178	43960	54604	23175	14535	39545	55377	30776	29325	33054	37876	40414	55253	34493	52440	30329	42103	53714	25627	41910	64717	35777	43370	20663	35240	63181	78166	126155
40	4747218	4728420	4764570	4764570	4763124	68005	48222	58936	91007	60301	52674	72604	71220	44348	93423	54859	41748	78328	72098	92784	85595	50691	33088	61430	43298	25092	29748	50232	36627	53625	79388	57213	30173	46210	56792	25403	16554	41737	57604	32990	31445	35124	40057	42512	57412	36708	54675	32383	44308	55858	27733	44123	66938	37861	45603	22957	37465	65487	80324	127499
41	112207	4846992	4884588	4883142	4881696	70150	43702	61101	92811	62449	52056	59859	59175	46534	95219	42393	43922	80484	74255	94588	87568	52845	35274	63603	20652	18618	15341	35545	25615	55808	81503	27474	13014	48310	27550	11568	18688	43818	27625	35064	22775	37301	42172	44650	27474	24789	56787	34434	46362	26751	29758	21165	69055	24433	47731	24958	39617	31812	57890	128827
42	63811	4968456	63007	5004606	5003160	72430	25205	30596	94637	31014	27208	37141	36510	49126	47377	28773	46577	82559	76485	96373	89477	26221	37883	31965	23307	12963	16248	26269	19612	58656	83578	30007	16248	51018	30214	14026	21397	46611	30352	37796	16738	40034	44975	47392	30076	19505	59483	37157	49132	28989	32494	23850	71484	20457	50507	27722	42395	34685	41611	130155
43	66463	5089920	65664	5126070	5124624	74752	28389	33882	46224	15973	30588	40555	39824	52425	50665	32118	49961	84595	78679	45758	43380	13258	41286	35357	26009	15468	18864	29052	22204	61441	85597	32786	18864	53738	14334	16494	24055	49367	33038	40497	8065	19345	21652	50146	32723	22110	62158	39953	51834	31662	35133	26497	34646	9838	25135	30575	45184	37557	44545	131433
44	68985	5209938	68242	5246088	5244642	77020	31839	37377	49718	19290	34118	44125	20048	55595	53981	35612	53282	86611	80846	50268	46864	16494	20663	38878	28817	18313	8715	32044	25027	64158	87570	35580	21450	56510	16878	19295	26837	24206	35870	19944	10358	22161	24369	52950	35522	10328	64851	42711	54589	34426	37916	29186	37355	12478	12272	33369	48067	40581	47599	132693
45	71416	5331402	70698	5367552	5366106	79194	35125	40771	53014	22576	37535	47601	23318	58594	57065	39055	56408	88542	82921	53573	50269	19723	24022	42297	31504	21266	11249	34837	27784	66799	89479	38384	24277	59285	19516	22115	29635	26895	38654	22591	12725	24905	27040	55798	38222	12702	67440	45571	57353	37207	40658	31971	40189	14926	14895	36117	50868	43489	50586	133953
46	73792	5452866	73071	5489016	5487570	81317	38234	43901	56117	25521	40662	50834	26337	61415	59924	42216	59328	90451	84942	56645	53457	22765	27192	45460	34100	23588	13919	37476	30221	69250	91390	41048	26803	61872	22026	24358	32061	29407	41148	25041	15270	27374	29610	58331	40844	14973	69895	48172	59890	39739	43322	34531	42785	17384	17115	38827	53560	46211	53330	135198
47	76065	5572884	75397	5609034	5607588	83417	41058	46776	59018	28450	31509	53795	29113	30199	62677	45154	62110	49743	86958	59555	56390	25688	30026	48411	36281	26022	16017	39886	32793	71643	93216	43545	29182	64254	24363	26798	34674	31784	19734	27268	17565	29775	31971	60752	43161	17186	72240	50600	62314	42069	45603	36856	45138	19747	19510	41208	55969	48697	55899	136458
48	78274	5694348	77631	5730498	5729052	85418	44026	49818	61884	31236	22031	56817	32035	33276	65385	48124	64836	46878	88874	62357	59346	28674	33119	51392	38608	28320	18329	42257	34938	73955	95042	45814	31510	66551	26412	28818	36709	34053	21936	29468	19801	31996	34169	63084	45499	19572	74536	52953	64586	44369	47946	39093	47463	22043	21735	43555	58353	51099	58322	137718
49	80457	5815812	79789	5851962	5850516	87398	46893	52599	64553	34157	24790	59723	34890	36146	32075	51045	67425	49831	90783	65044	62160	31505	36002	54322	40851	30645	20684	44408	37014	76168	96806	48018	33553	68710	28460	31040	38902	36238	24022	31710	21805	34131	36403	30434	47717	21501	76674	24582	66749	46466	50056	41309	49592	24032	23663	45687	60501	53352	60641	138963
50	82532	5935830	81914	5971980	5970534	89330	49636	55428	67151	36902	27647	62516	37689	38909	34868	53878	69880	52651	92637	67622	64821	34222	38774	57136	43023	32743	22795	46591	39244	78374	98549	50207	35652	70889	30573	33238	41079	38404	26019	33741	23727	36310	38506	32545	49838	23448	78809	27436	68872	48640	52199	43508	51752	26109	25850	47854	62676	55623	62911	140168
51	84569	6057294	83975	6093444	6091998	91225	52274	58086	69621	39456	30095	65166	40294	41586	37559	56572	72281	55328	94463	70070	67380	36961	41458	59821	20551	34772	10530	22445	19019	38036	100258	52463	17245	34646	32739	15320	43335	40556	28317	15320	25988	17366	40652	34705	24033	25653	38090	29482	71046	23846	54366	45688	53904	28178	11748	50132	30706	57916	65229	62677
52	86537	6177312	85943	6214908	6213462	93051	54779	60582	72002	41998	32678	67676	42739	44146	39966	59099	74577	57844	96233	72437	69839	39353	43979	62346	23127	37526	13028	24991	21493	40770	101938	55187	19729	37299	35242	17839	45931	43178	30779	17839	28434	19729	43364	37299	26584	28203	40719	32113	73407	26335	56962	48285	56596	30854	14322	52820	33426	60693	67795	64970
53	88448	6298776	87879	6334926	6333480	94877	57137	62952	74302	44254	35008	70093	45094	46478	42381	61498	76795	60251	97997	74731	72241	41754	46362	64713	25361	40141	15112	27529	23967	43283	103598	57671	22214	39617	37687	20042	48387	45693	33307	20249	31021	22308	45733	39773	28908	30471	43091	34601	75694	28753	59339	50707	59018	33314	16494	55304	35823	63258	70266	67522
54	90334	6420240	89765	6456390	6454944	96607	59369	65205	76530	46534	37359	72403	47421	48820	44619	63795	78951	62532	99712	76945	74509	44022	48585	66996	27713	42301	17427	29778	26129	45612	105223	60020	24363	41954	40034	22307	50682	47989	35480	22400	33220	24363	48113	42003	31190	32771	45385	36922	77891	31046	61692	53016	61317	35545	18635	57641	38178	65652	72598	69944
55	92164	6541704	91619	6576408	6574962	98329	61555	67411	78696	48621	39463	74615	49510	51016	46791	65983	81058	64734	101372	79096	76702	46223	50788	69171	29949	44451	19465	31933	28271	47781	106819	62242	26491	44165	42102	24447	52875	50097	37634	24362	35339	26569	50215	44212	33376	34918	47523	38944	80023	33118	63855	55231	63529	37641	20754	59856	40343	67930	74887	72203
56	45875	62086	45400	6697872	6696426	48578	30405	39928	21277	23678	27764	36636	51874	53388	23145	25305	83133	37898	81551	58843	37817	22413	53249	42459	31962	21652	21404	15183	13488	22873	52256	30061	11568	46315	37868	10122	40099	52318	17352	26411	30554	11568	52470	46405	35545	37050	22506	41219	38857	15725	58133	26188	45580	17827	22765	62116	19128	70193	36492	35532
57	49350	64781	48950	6819336	6817890	51868	34501	35873	20648	27877	22534	40810	27203	28060	27273	17827	85170	17722	51875	41587	41875	26342	56340	37520	16738	11030	24828	17839	16805	26342	55065	33586	14769	49676	23037	2892	28331	27080	20343	29815	19409	15461	27233	49802	38940	18974	11786	44643	42278	18973	33840	29546	34206	21147	11606	64810	22534	72611	40172	39195
58	52749	67403	52339	6939354	6937908	55114	38909	40285	25110	32297	26991	22067	14910	32712	15596	22298	42982	22307	55083	45534	45793	30984	59299	41856	20033	14192	28203	21254	20087	29823	58128	37108	18077	52975	26327	7960	14535	30475	23658	33242	22678	18757	30543	53092	19731	22214	14785	48078	45669	22119	16877	32936	37614	24438	14926	32780	25889	74926	43867	42880
59	55903	69889	55550	7060818	7059372	58139	43006	44252	29243	36405	31207	26288	18868	36942	19627	26402	46808	26332	58145	49115	49356	35188	62149	45685	23213	8788	31477	24447	13100	33059	60997	40373	21161	56080	29318	10277	17535	14747	26637	36456	25774	21840	33774	26267	22680	20511	17741	35545	48821	25366	19833	36180	40685	11925	18091	35980	12628	77167	47317	46269
60	58886	72290	58516	7182282	7180836	61007	46610	47890	32856	40038	34854	29915	22312	40630	23137	30083	50258	29954	61013	52414	52677	38883	64842	49256	26323	8979	34739	27718	11963	36462	63740	43723	24366	59053	32542	13307	20601	17827	29945	39566	29039	25040	37054	29476	25857	13595	21076	26740	52057	28459	23042	39363	43963	15174	21175	39286	15730	79362	50773	49760
61	61661	74642	61339	7302300	7300854	63685	49827	51148	36164	43222	38149	33269	25452	43960	26415	33296	53525	33242	63723	55547	55761	42204	67431	52546	29314	11455	37606	30843	14785	39466	66333	46742	27268	61851	35414	15889	23530	20749	32793	42494	32033	28021	39962	32428	28681	16130	23683	29688	55029	31443	25854	42354	46967	17715	24032	42381	18533	81478	53929	52936
62	64337	76885	64030	7423764	7422318	66279	52803	54128	39138	46230	41129	36310	28390	47008	29397	36335	56600	36285	66316	58514	58716	45189	69886	55562	31958	13933	40371	33614	17384	42253	68829	49492	29957	64489	37958	18446	26129	23392	35469	45185	34708	30643	42720	35073	31379	18764	26347	32366	57662	34043	28459	45053	49623	20348	26739	45171	21161	83553	56836	55784
63	66911	79064	66613	7545228	7543782	68777	55583	56952	41949	49009	43951	39167	31114	49829	32165	39138	59442	39091	68813	61304	61533	48029	72259	58388	34339	16542	42908	36057	19747	44867	71207	52096	32422	66996	40596	21086	28563	25764	38010	47638	37133	33119	45168	37585	33923	20970	28763	34837	60216	36456	30843	47514	52141	22947	29051	47668	23671	85573	59496	58423
64	69389	81192	69100	7665246	7663800	71186	58198	59609	44489	51637	46603	41829	33679	52493	34770	41801	62119	41707	71221	63965	64181	50709	74555	61045	36790	19009	45164	38557	22043	47204	73534	54458	34770	69321	42783	23159	30939	28156	40236	49967	39514	35480	47536	39937	36173	23322	31122	37142	62498	38773	33242	49932	54463	25032	31454	50078	26018	87524	61971	60909
65	71807	83242	71527	7786710	7785264	34826	60725	62111	47018	54136	49233	44327	36288	55067	37359	44301	64685	44213	73576	66520	66760	53252	76801	63561	38873	21288	47356	40701	24377	49513	75789	56725	36967	71538	44998	25633	33144	30221	42537	52193	41707	37634	49704	42109	38288	25374	33314	39311	64701	41057	35418	52118	56729	27107	33624	52301	28169	89410	64318	63237
66	74142	85250	73843	7906728	7905282	37187	63190	64581	49504	56600	51650	46911	38613	57555	39723	46842	67186	46760	34704	68980	69243	55714	37596	66066	40899	23342	49490	42786	14384	51677	54252	58898	39039	73658	37554	27738	35149	32218	44627	54322	43837	28547	51818	44219	40396	27347	35369	41465	66799	43122	37466	54213	43862	29106	35777	54425	30164	91302	66582	65415
67	76403	87237	76141	8028192	8026746	39825	13643	31619	52148	27550	54338	49569	18866	27775	42446	49504	69715	49383	38025	71440	33876	58392	18304	68601	18798	26040	23946	8469	13124	25950	38845	61439	19731	36237	9621	30178	16551	15857	21555	26425	22114	20355	25708	9379	19345	13174	37971	20701	32916	20853	17001	26738	29728	31898	17366	27201	14961	93128	33776	33283
68	78600	89169	78348	8149656	8148210	43025	16680	34868	55299	30692	57404	52914	21838	31162	45777	52737	72122	52663	41414	73787	37204	61287	21452	71045	11588	29836	27658	11796	16387	29758	42804	64156	23404	39937	12973	34057	20188	19622	25291	30034	25768	23933	29407	12629	23082	16427	41665	24398	36504	24442	20658	30446	33413	35763	21157	31054	18688	94954	37887	37339
69	80770	91071	80503	8269674	8269674	46135	19561	38054	58314	33907	60312	56022	24956	34334	48964	55854	74446	55747	44639	76060	40460	64013	24704	73406	14628	33198	30989	14936	19527	33127	46243	66798	26649	43225	15877	37258	23350	22677	28538	33313	29033	27114	32749	15863	26209	19561	44962	27676	39818	27638	23756	33685	36729	38982	24277	34356	21878	96722	41440	40838
70	82845	92897	82603	8391138	8389692	49004	22442	40940	61143	36729	63053	58928	27796	37289	51954	58804	76723	58703	47601	78296	43423	66628	27571	75720	17728	36246	33931	18215	22596	36238	49356	69309	29747	46232	14460	40202	26287	25692	31381	36237	31962	30232	35661	18646	12461	22349	47903	30533	42730	30499	26647	36636	39712	42001	11568	17244	24821	98465	44709	44104
71	84869	94745	84637	8512602	8511156	51712	24988	43681	63845	39451	65677	61733	30506	40024	54703	61583	78908	61487	50342	80453	46193	69115	30301	77942	20358	18416	36806	20785	25456	39205	52365	71729	32549	49137	9510	43085	29068	28386	34230	39098	34942	33118	38512	21455	14910	25237	50753	33455	45635	33362	29395	39521	42534	44860	14322	20146	27676	100178	47838	47143
72	86885	96502	86629	8632620	8631174	54246	27526	46258	66403	42044	68195	64343	32992	42632	57317	64165	81042	64073	52941	82528	48765	71513	32866	80100	23048	21058	39470	23426	28098	41963	55132	74038	35184	51758	11871	45741	31800	31111	36856	41664	37573	35769	41165	24022	17490	27676	53410	36082	48234	35937	32033	42158	45223	47592	16869	22769	30329	101858	50691	49996
73	88804	98245	88559	8754084	8752638	56632	29915	48699	68837	44439	70624	66824	35479	45039	59754	53426	83117	66531	55345	84565	51244	73830	35302	82163	25289	23402	41963	26036	30305	44502	57726	76275	37688	54289	14131	48293	34252	33552	39464	44219	40031	38072	43703	26337	19838	30191	55864	38581	50741	38500	34468	44685	47717	50006	19295	25119	32829	103518	53313	52613
74	90713	99968	90468	8875548	8874102	58983	32191	51061	71215	46797	72999	69245	37743	47545	62215	32969	85130	68961	57825	86557	53687	76102	37688	84214	27722	26015	44408	28184	32869	46987	60242	78477	40087	56673	16585	23590	36537	35941	41759	46546	42540	40651	46098	28826	22124	32447	58289	41029	24969	40800	36853	47118	50125	24872	21445	27568	35267	105147	55882	55181
75	92526	101628	92314	8995566	8994120	61317	34494	53432	73542	49125	75300	71639	40035	49879	64554	35281	87098	71306	60132	88490	56017	78310	40035	86206	29818	28240	46723	30792	34951	49348	62622	80602	42446	58988	18605	25944	38901	38233	44168	48927	44814	42787	48548	31114	24280	34913	60609	43335	27279	43167	39197	49431	52424	27114	23751	29815	37601	106743	58341	57629
76	94352	103268	94118	9117030	9115584	63529	36709	55588	75770	51347	77512	73895	42348	52107	66811	37559	89008	73546	62384	90376	58293	80442	42250	88131	32100	30437	48928	32879	37193	51599	64885	82652	44726	61186	20626	28100	41078	40497	46363	51038	46977	45048	50671	33119	26494	36989	62781	45481	29407	45366	41307	51638	54659	29254	26010	32162	39745	108320	60693	59946
77	96106	104890	95903	9238494	9237048	65632	33672	57773	57564	41820	79670	76083	44449	54279	68962	39706	90848	73746	64526	92226	60443	82492	44449	89994	34229	21088	26832	34901	39306	33981	66977	63914	35130	63308	22649	13014	23346	42641	48457	53136	27743	28665	52786	35185	28536	21277	64847	47570	31455	35130	43362	53681	56735	22979	28013	34226	22413	109897	28920	56920
78	97849	106486	97646	9358512	9357066	68061	19505	28701	39057	26771	39649	37557	47201	26745	34577	42381	45248	38214	32417	94052	45774	84554	28027	45202	37191	17109	26017	33672	23474	27080	33469	42730	10856	22131	25504	6548	22313	45461	24027	26142	25212	24401	55642	38181	26374	19824	67374	23884	34236	24058	46271	27512	28409	15989	11568	22253	20660	111417	32773	31335
79	99611	108063	99389	9479976	9478530	70523	23033	32631	42852	30475	43487	41440	50624	14467	38495	22683	23937	42134	36283	95840	33088	86546	25074	48810	40753	20749	29677	20240	21782	30882	37394	46445	14207	16878	13124	9465	25939	23763	27727	29855	28903	28052	58674	41956	16503	10271	69862	12702	37971	27754	23037	31261	14769	19729	7742	20043	11405	112911	36884	35380
80	101271	109640	101078	9601440	9599994	72902	26637	36247	46556	34201	47227	45261	53905	17833	42241	26258	27649	45896	39981	97604	36884	88479	28712	52207	20244	24267	33118	21690	25154	34443	40940	49880	17384	20147	16259	12527	29255	27194	31118	33153	32233	28920	61527	45370	19729	13303	72292	15921	41365	31143	26327	34661	18077	23043	10717	23491	14628	114405	40628	39057
81	102931	111174	102738	9721458	9720012	75234	29876	39583	49900	37500	50607	48697	56957	21152	45635	29678	30981	49285	43409	99347	40220	90411	32063	55354	23396	27559	16877	12702	28344	37830	44386	53205	20575	23313	19420	15648	32614	30372	34353	36319	35541	16119	64239	48628	23043	16276	74616	19140	44594	34255	29460	37865	21161	26254	13800	26803	7960	115917	44193	42561
82	104608	112668	104398	9842922	9841476	77474	32919	42608	52989	40528	53737	51779	59856	24272	48706	32678	34108	52377	46450	101018	43294	92259	35151	58331	26327	30563	19833	15522	31340	40885	47495	56261	23329	26254	22130	18240	35480	33370	37362	39335	38508	19084	66816	51634	25693	19001	76860	22075	47559	37271	32414	40866	24021	29039	16558	29746	10874	117342	47402	45748
83	106185	114162	106002	9962940	9961494	79632	35759	45476	55835	43344	56618	54689	32470	27030	51588	35538	36968	55253	49298	102698	46208	94085	38043	61160	29033	33358	22493	18132	34009	43725	50324	59049	26029	28895	24709	20805	38235	36061	40038	23474	21016	21740	69297	54361	28387	21476	79066	24744	50261	39955	35060	43612	26650	31773	19133	32484	13307	118753	50319	48642
84	107762	115674	107579	10084404	10082958	81763	38551	48210	58611	46075	59424	57556	31533	29811	54432	38343	39776	58060	52152	104358	48988	95893	40776	63893	31570	36049	25119	20711	36652	46435	53081	61748	28763	31378	27347	23443	40855	38722	42694	21101	21200	24277	71718	56957	31112	24126	39321	27151	52864	42517	37628	46236	29326	34468	21496	35124	15624	120181	53154	51487
85	109358	117113	109156	10205868	10204422	83830	41101	50841	61262	48738	62069	60251	34126	32415	57096	40906	42447	60761	54778	105945	51656	97636	43529	66481	34100	38605	27492	23090	39114	49032	55662	64261	31189	33800	29891	25971	43363	41159	45097	23440	23617	26647	74000	59509	33429	26746	41675	29781	55383	45023	40083	48721	31644	36909	24143	37687	17753	121592	55805	54070
86	110889	118524	110715	10325886	10325886	85798	43500	53416	63765	41153	64605	29206	36591	34883	59644	43459	45003	63291	57316	107541	54192	99379	46113	68973	36338	41001	17221	14384	41479	51418	58061	66651	33500	36172	32037	28199	45687	43508	47468	25646	25969	28967	76239	61786	35826	28840	44041	31936	57682	47309	42344	51002	34107	39250	26211	40034	12050	123003	58268	56538
87	112383	119952	112209	10447350	10445904	87786	46085	55907	66295	25870	67171	31731	39110	37408	62210	46047	47554	65838	59855	109118	56761	101068	48604	71405	38554	43212	14961	12963	43669	53738	60422	68987	35719	38557	34109	30193	47940	45733	49765	27975	28197	31246	78442	64106	37907	30859	46287	34258	59963	49613	44676	53335	36174	41407	28783	42347	8575	124347	60691	58926
88	113895	121363	113703	10568814	10567368	89672	48449	58364	68733	28253	69640	34187	41526	39927	53534	48499	50051	68320	62313	86408	59248	102728	27635	73753	40698	45500	16929	14776	45886	55955	62599	71186	37861	40599	36290	32384	50091	47855	51877	30053	30260	33429	80569	66253	40034	33005	48383	36372	62088	51732	46757	55423	38343	43554	31008	44541	10559	125675	62992	61160
89	115389	122774	115215	10688832	10687386	91574	51068	61022	71173	13893	72049	16877	44183	42687	32545	51154	52782	70773	64937	55173	29915	104388	25614	76027	42927	22071	18910	16889	48000	26906	64863	35061	17591	19128	38399	34615	52274	50092	54022	32191	32383	35478	39466	68422	42151	15842	22506	16754	30199	53922	48919	26893	40396	45776	33082	46716	12725	127003	65276	63477
90	116843	124132	116679	10810296	10808850	93400	25333	63763	73529	16507	74375	19622	46996	20347	35357	54057	55638	73143	67521	58018	32766	68373	28389	78264	20551	24486	21201	19420	50518	29345	67389	37574	8065	21493	18304	36990	54741	52548	56528	34434	16716	37907	41811	70872	44725	18060	24963	19084	32582	25551	51271	29192	42979	48154	35327	49257	14993	128347	67839	66047
91	118271	125460	118090	10931760	10930314	95218	28282	66386	75838	19197	76654	22585	49982	23217	38394	57065	58635	75439	70001	60892	35792	52885	31379	80422	22855	26917	23706	21558	52992	31923	69904	40032	10153	23705	20559	39538	57281	55046	58952	36989	17365	40242	44405	73239	47112	20547	27349	21353	35097	27962	53789	31717	45370	50746	37822	51753	17565	129675	70308	68583
92	119682	126788	119518	11051778	11050332	96982	31283	33155	78056	22218	78842	25611	25382	26327	41456	59992	61489	38052	72426	63641	38849	55920	15842	82497	25361	29427	26129	10461	55430	34306	72276	42590	12725	26288	22954	41830	28295	57462	61423	39273	19833	42834	46720	36282	49509	22668	29753	24018	37388	30316	56153	34113	22409	53092	40316	54284	19695	130983	72694	71028
93	121093	128132	120929	11173242	11171796	98725	34503	36435	80214	25452	80978	28966	28546	29600	44816	62776	64203	41490	74748	66299	42221	58901	18962	84559	27563	31803	28417	12973	57872	36815	74600	44953	14711	28417	25205	44328	30692	59891	63821	41779	22025	45047	49219	38663	51873	25027	31974	26015	39856	32690	58597	36465	24708	55525	42663	56704	22184	132243	75006	73389
94	122521	129460	122340	11293260	11293260	100426	15906	39496	82322	28536	83078	32097	31587	32734	47981	65447	66843	44617	76989	68827	45435	47456	22016	86551	29810	34072	30601	15204	60142	39108	76817	47286	16960	30669	27419	46560	32912	62150	66070	43810	24104	47376	51437	40852	54132	27331	34171	28314	42032	34841	60806	38673	26886	57820	44838	58983	24162	133488	77220	75649
95	123877	130782	123723	11414724	11413278	102106	8494	42673	84367	31512	85093	35241	34657	35821	51112	68032	69353	47752	79190	71264	48559	31599	25110	88484	31962	36255	32766	17142	62261	41274	78973	49424	19158	32703	13433	48646	34933	64299	68215	45931	26332	49551	53525	43024	56265	29314	36348	30505	44146	36922	62939	40759	29044	59923	47000	61147	26227	134748	79361	77848
96	125205	132042	125051	11536188	11534742	103766	10890	45626	86359	34470	87085	38395	28064	38876	54132	70495	71772	50814	81313	73617	49164	34669	28156	90416	34222	38529	34913	19319	30130	19666	38522	51752	21516	19464	5855	23413	15988	31507	61716	48258	12442	32496	43308	21151	27442	31368	38562	14906	32207	17486	47247	18531	13488	46667	22722	30048	14254	62020	39016	80006
97	126549	133302	126379	11657652	11656206	105382	13933	48823	43222	37579	89019	41557	19084	42099	57208	72875	35139	53967	83388	37130	26348	37817	31302	92264	37628	20240	38419	22969	33586	23172	42168	54968	24842	18072	8769	26889	19192	34944	35783	24963	15582	26818	28325	24442	30797	34759	41959	18188	23675	20759	16232	21838	16680	31926	26052	33574	14769	64717	42719	82097
98	127877	134547	127723	11777670	11776224	106978	16542	52059	46500	40753	90928	44909	22308	45412	60127	75181	38464	57052	85414	40342	29548	41076	34579	94090	40800	23392	41679	26029	36772	26288	45477	58000	27992	21057	11291	29962	22307	38178	39052	28026	18635	29898	31453	27563	34001	37955	45097	21353	26886	23756	19290	24872	19878	35085	29214	36817	18077	67310	46164	84175
99	129205	135807	129051	11899134	11897688	108555	19656	55068	49429	43697	92754	47982	25120	48452	62874	77449	41471	59911	87395	43408	32622	44136	37570	95898	43693	26165	44561	29122	39648	29282	48469	60841	30887	23843	13951	32807	25119	41006	41821	30850	21445	32812	34296	30431	36815	40848	47943	24105	29680	26647	22016	27721	22535	37982	32128	39793	20662	69831	49283	86167
100	130549	137052	130379	12019152	12017706	110128	22339	57880	52237	46497	94602	50828	27869	51271	65508	79581	44319	62697	43234	46179	35428	46952	40389	97641	46358	28885	47263	31783	42277	31996	51246	63529	33592	26332	16303	35424	27718	43695	44507	33434	24013	35428	36973	32986	39426	43404	50627	11486	32231	29111	24523	30301	25237	40618	34736	42463	23317	72234	52137	88116
101	131803	138312	131658	12140616	12139170	111640	24812	60557	54972	49174	96365	53599	30505	53979	68061	38910	47080	65342	45971	48920	38080	49650	43116	99384	48793	31434	22964	34114	44844	34494	53803	66097	35921	28822	18914	38076	30299	46225	47080	35947	26328	37861	39521	35473	41824	45770	53096	13656	34711	31773	27102	32740	27526	43140	37159	44972	25777	74530	54763	90048
102	133063	139561	132903	12262080	12260634	113134	27136	63192	57608	51834	98108	56302	33117	56667	70523	41537	49731	67900	48640	51632	40709	52326	45770	101073	51231	33852	25294	36694	47182	36989	56278	68511	38377	31178	20805	40246	32547	48583	37411	38238	28746	40301	41814	37848	44228	48191	55418	15921	37024	33983	29243	35125	29915	45523	39643	47436	28021	76750	57338	91912
103	134308	140723	134163	12382098	12380652	114628	29766	65714	60165	54399	99858	58878	35594	59262	72874	44194	52323	70367	51085	54132	43322	54906	22502	102733	53520	36164	27577	38834	49534	39273	58645	70842	40582	33428	23175	42645	34827	50909	24200	40501	31107	42502	44219	40135	46466	50536	57716	18132	39252	16375	31500	37413	32126	47868	41781	49734	30302	78908	59739	93738
104	135568	141899	135423	12503562	12502116	116140	32182	68200	62614	56813	101518	61419	38017	61784	75180	46567	54903	72723	53611	56596	45783	57366	24876	104393	49526	38389	29683	41165	51736	41529	60921	73070	42818	35477	25485	44913	37076	53092	26421	42694	33112	44732	46367	42295	48597	52620	59893	20098	41409	18528	33606	39567	34253	50023	44000	51967	32678	81017	62069	95562
105	136828	143075	136668	12625026	12623580	117553	15709	33727	65069	59264	103178	63881	40446	64232	77421	49115	57327	75034	56055	59088	22814	59868	27346	105978	27581	40440	31844	43370	53812	43669	63083	75234	40488	37576	27528	47028	39197	55192	28468	44775	35178	46811	48461	44351	50718	54698	61987	22169	43508	20454	35701	41608	36310	52127	46158	54108	34770	83092	64317	97305
106	138073	144237	137928	12745044	12743598	87587	18290	36276	67585	28920	49928	31089	19521	30366	79580	51617	27925	36207	58574	29064	25322	28920	29890	51542	30034	19237	15304	21052	27131	21249	65519	36917	8676	17944	11925	9838	41657	26816	13893	21881	28064	13978	23846	22114	24582	57132	13174	10050	21263	22951	17245	20663	17352	10122	21690	26108	16037	40947	31900	48512
107	139333	145413	139173	12866508	12865062	59492	21537	39766	70063	32378	52938	34748	22957	34508	81688	54801	31559	39756	61464	32698	28784	32378	33432	54075	33991	23172	18962	25114	31060	25361	68072	40963	12292	21730	15582	13293	45506	30718	17490	25730	20043	13346	27721	26009	28428	60055	16929	13758	25126	26724	20759	24537	21245	14490	25649	30172	19980	44948	36283	51926
108	140514	146589	140364	12987972	12986526	62331	24860	43258	72458	35846	56082	38324	26337	38108	83782	57842	35110	43297	64179	36192	32321	35846	36968	57154	37365	26603	22298	28600	34481	28817	70534	44454	15462	25027	18858	16522	48963	34174	20763	29072	23313	16566	31113	29318	31810	62837	20191	16897	28392	30023	24105	27872	24608	17734	29000	33623	23350	48492	39981	55168
109	141676	147751	141540	13107990	13106544	65019	27859	46445	74806	39004	59020	41542	29538	41292	85774	60692	38330	46525	66789	39375	35562	39110	40192	60042	40453	29705	25357	31702	37480	31962	72941	47558	18421	27934	21542	19641	51993	37197	23847	31933	26254	19678	34106	32222	34743	65504	22902	19852	31315	33053	27112	30846	27483	20669	31998	36805	26366	51748	43217	58120
110	142852	148927	142716	13229454	13228008	67599	13433	49546	37365	42120	61853	21649	32614	44527	87740	63453	41498	49705	69331	42561	38691	20252	43316	62824	43225	32575	28082	34523	40305	34763	75244	50465	21260	30699	24272	22418	26300	39989	26650	34736	29039	22449	36854	35001	37500	68027	25646	22603	34108	35825	29816	33617	30152	23322	34856	39573	29139	54698	46270	60955
111	144028	150037	143878	13349472	13349472	70105	16380	52737	40555	45202	64555	24706	35712	47711	89672	66117	44717	52884	71751	45748	41880	23315	46542	65524	45872	35149	27474	37129	42941	37463	77484	53136	23672	33358	26798	24716	28863	42599	29042	22253	31576	10122	39515	37628	24433	70461	28197	24884	36744	38395	32292	36231	32793	10122	37383	42256	31800	57456	49046	63668
112	145190	151129	145054	13470936	13469490	72470	19197	55669	43465	48126	67122	27647	38559	50693	91552	68620	47760	55882	74088	48768	44885	26256	49511	68047	48504	37821	15592	39875	45606	40135	79642	55789	26258	35875	29461	27278	31481	45237	31644	18974	34227	12367	42103	19181	20355	72842	30805	27506	39252	40905	34888	38827	35351	13124	39955	44961	34493	60225	51832	66294
113	146366	152221	146216	13592400	13590954	74763	21840	58419	46232	50843	69593	30371	41308	53471	93378	71034	50535	58656	76323	51567	47658	28969	52314	70481	50916	40417	17840	42442	47992	42735	81747	58358	28682	38281	31703	29757	33896	47730	34168	21353	36685	14548	44542	21537	22772	75122	33207	30104	41659	43458	37301	41258	37790	15468	42615	47426	36932	62804	54474	68792
114	147528	153313	147392	13713864	13712418	76977	24194	61007	48801	53496	71975	32993	43932	56069	95218	73367	53165	61237	78497	54146	50233	31511	54932	72833	53292	42759	20147	44722	50387	45044	83767	60744	30913	40593	34161	31978	36205	50055	36345	23402	39038	16817	46937	23834	25039	77336	35502	32173	44027	45686	39618	43603	40132	17616	44793	49850	39272	65253	56920	71201
115	148704	154392	148568	13833882	13832436	79127	26494	63461	51198	55872	74304	35421	21066	58587	55034	75628	55705	63742	80621	56610	52721	33923	57426	75113	55456	44975	22401	47021	52555	47285	85735	62945	33182	42780	36281	34175	38374	52238	38559	25612	41157	19031	49132	26005	27037	79472	37656	34357	46138	47853	41757	45777	42292	19950	47001	52038	41378	67547	59263	73473
116	149843	155484	149703	13955346	13953900	81277	28970	65907	53681	56394	76559	37854	23321	61034	48456	77880	58138	66179	82721	59066	55173	36401	59891	77354	26829	47175	24363	21690	24582	22506	64534	54320	35244	44857	16754	36181	40477	24582	18075	27644	19628	8676	51194	28008	29041	81534	39745	36466	48199	49967	43790	47854	44395	8676	49109	54137	43526	44620	28271	35602
117	150922	156563	150795	14075364	14073918	40142	14390	32780	56455	13741	78750	19181	12023	31202	51394	39427	29447	33776	41149	30122	27881	39619	29845	38577	30389	24230	12963	11237	28477	26184	44982	33550	17886	48148	8494	19516	20902	12963	21549	31112	10064	4691	25950	14769	14678	40960	19941	18416	24627	25122	22855	24457	23037	11768	52212	27738	22302	36105	32191	39416
118	152014	157655	151887	14196828	14195382	44123	18350	36947	59443	17609	80890	23392	15921	35439	54627	43523	33723	37997	45086	34434	32107	43697	34192	42756	34062	28126	16387	14499	32178	30031	48609	37355	18798	51548	11455	23043	24653	16130	25122	34828	13460	7791	29758	18420	18463	44683	23404	22120	28395	28681	26485	28026	26797	15189	55395	31459	26009	40130	36310	43417
119	153106	158747	152966	14318292	14316846	47857	10064	40889	62252	21454	82990	27407	19784	39481	57713	47303	37840	42036	23410	38419	17472	47465	38203	46600	37485	14483	19634	17975	16232	33496	51976	40853	11405	54736	14522	26254	27975	19420	28462	38071	16531	10755	33127	21648	21591	48029	26805	25449	31648	31969	29810	31384	30087	18421	58405	34901	29318	43735	40005	47074
120	154185	159826	154058	14438310	14436864	51317	13460	44711	31281	25206	85008	31302	23359	43380	60604	50801	41748	45896	27194	42270	8715	50952	42123	50146	40514	17490	22688	21076	19181	36690	55139	44024	13894	57744	17642	29324	30939	22596	31511	41207	8065	13209	36067	24621	10122	51037	29817	28387	34653	15988	32797	34473	33049	21455	61232	38084	32542	47018	43335	50383
121	155277	160912	155150	14559774	14558328	54516	16906	48270	34801	28682	87000	14460	26843	21690	63370	54031	45407	49411	13014	45931	11796	54171	45796	53418	43474	20254	25374	23945	22110	39674	58128	47023	16759	60599	20386	32163	33887	25374	34409	44025	10559	15806	38993	27496	12702	53870	32677	31378	37417	18752	35589	37362	35879	24109	63897	41019	35473	50126	46471	53487
122	156369	161920	156229	14681238	14679792	57572	20276	51701	38426	32230	88938	18863	30471	25404	66036	57113	49041	52806	16554	49527	15621	57245	49401	56538	46151	23047	28024	26661	24776	42449	60929	49802	19306	63299	22983	34888	36595	28024	37134	46716	13211	18263	41715	30164	6021	27208	35302	34105	40090	21352	38338	40090	38608	26807	66516	43800	38176	52971	49359	56344
123	157448	162916	157321	14801256	14799810	27775	23691	54919	42081	35828	90847	22400	33892	29000	68572	60037	52424	55956	8065	52875	18891	60162	52719	59521	48724	10530	30713	12793	27102	45097	63612	52429	21745	65845	25062	37412	39114	13174	39619	49299	15940	20825	44267	32614	8132	12628	37798	36514	42790	23755	40851	42645	41204	29468	69007	46416	40851	55669	52130	59093
124	158540	163924	158400	14922720	14921274	31162	27055	57953	45578	39357	92676	25773	37441	32449	71017	62852	55594	58936	10951	55985	22239	62974	55874	62325	51245	13028	33121	15188	29526	47685	66178	55006	24367	68357	27742	39930	41679	15238	42103	51713	18150	23460	46855	35126	10808	14910	40243	39038	45143	26253	43263	45051	43740	31775	71438	48973	43311	58279	54756	61724
125	159632	164932	159492	15044184	15042738	34273	30247	60796	48820	42495	94524	29110	40677	35852	34042	65457	27060	61740	13982	27700	25470	65571	58823	64949	53611	15250	35482	17490	31958	50094	68619	57424	26416	70693	29766	42298	43951	17535	19944	54094	20626	25502	49180	37469	12768	17127	19237	41407	47599	28459	45683	47468	46043	34229	73757	51402	45728	60803	57296	64206
126	160711	165928	160584	15164202	15162756	37565	33566	63551	52176	45822	96291	32547	44003	39169	37465	68042	30525	64446	17205	31095	28840	68152	61667	67563	55907	17427	37691	19733	34218	52433	70975	59753	28970	72982	32182	44541	46381	19561	22125	56413	22649	27916	51519	39723	14889	19197	21493	43649	49765	30708	47936	49807	48323	36402	76004	53723	47979	63200	59698	66660
127	161729	166936	161600	15285666	15284220	40742	36754	31553	55324	49090	47652	35825	47224	42419	18643	34032	33695	67078	20423	34212	32178	70611	64375	70042	58084	19465	39933	21744	36278	54706	73226	61950	31114	75176	34365	46672	48516	21687	24281	58528	24842	30205	53720	41858	17231	21161	23440	45866	51917	32864	50006	51877	50539	38559	78190	55941	50211	65473	62030	68906
128	162737	167932	162608	15405684	15405684	44063	40150	34986	58338	52391	24020	39303	23235	21638	21933	37458	37207	69580	23727	37730	35607	72987	32010	72437	28344	21790	42056	8917	38443	56888	35776	32391	14460	36720	36474	48837	23494	23968	26258	28344	27163	32202	55864	23227	19290	23406	25483	21690	54060	34946	24378	54060	52701	40702	37981	26028	24033	67727	64311	33168
129	163733	168940	163616	15527148	15525702	47674	20190	17886	61235	55563	27721	43122	12298	25361	25776	41299	18304	71991	27391	41548	39368	75316	35922	74785	31207	24828	45004	11768	18866	59757	38780	32518	17109	18175	18175	23324	26256	11595	29113	14390	13276	15725	58604	23037	22110	11412	12775	24571	27047	14460	27279	26425	55487	43697	40872	13276	26972	70200	66917	36276
130	164741	169948	164612	15648612	15647166	51187	23967	21780	63964	58564	31774	46936	15869	29318	29747	45224	22310	74347	31288	45453	43421	77553	39862	77026	34494	28203	48329	14911	22122	62581	42305	35915	20343	21343	21245	26578	29537	14776	32422	17295	16507	18973	61459	26248	25275	14490	15849	27754	30241	19729	30448	29756	58527	47025	44276	16507	30380	72618	69455	39870
131	165737	170956	165620	15768630	15768630	54355	27450	25236	66581	61454	35302	50377	19204	32923	33368	48790	25776	76600	34867	48999	47034	79711	43491	79200	37546	31012	51356	17728	25039	65261	45375	38962	23481	24181	24095	29543	32613	17377	35480	20191	19088	21835	64175	29176	28156	17256	18747	30875	33188	22494	33438	32620	61316	50009	47259	19413	33314	74933	71871	42970
132	166745	171952	166628	15890094	15888648	57383	30601	28343	69099	64138	38558	53638	22130	36224	36572	52028	29041	78790	38053	52267	50305	81814	46747	81347	40213	33708	54097	20358	27721	67795	48203	41736	26085	26871	26793	32169	35243	20054	38127	22811	21744	24362	66754	31832	30834	19740	21152	33519	35834	25037	36067	35309	64008	52742	49981	22124	36009	77174	74203	45860
133	167753	172960	167624	16011558	16010112	60258	33455	31273	71526	66718	41558	56668	25210	39194	17840	55077	32099	80928	41141	55298	53335	83879	49791	83397	42759	16118	26432	23048	30163	70237	50834	44334	28450	29385	29029	34713	16677	22688	40600	25237	24366	26957	69237	34343	33234	22130	23663	35968	38349	27719	38566	37860	66530	55267	52598	24536	38674	79368	76488	48578
134	168749	173956	168632	16131576	16130130	63001	36310	34130	73842	69202	44449	59578	28024	42099	20658	57960	34889	82978	44009	58173	56200	85847	52691	85375	45251	18752	28912	25535	32549	72626	53409	46830	31102	31763	31500	37138	19126	24793	43123	27526	26572	29465	71660	36737	35585	24709	26090	38529	40810	29886	41015	40249	69020	57821	55057	27038	41115	81484	78656	51148
135	169757	174904	169640	16253040	16251594	65627	38955	36708	76086	71597	47157	62313	30577	44814	23313	60667	37633	84973	46658	60904	58922	87787	55403	87334	47527	20758	31194	27722	34889	74887	55789	49198	33234	34035	33606	39413	21198	27271	45416	29845	29042	31707	73944	39088	37845	26810	28382	40725	43081	32356	43370	42648	71334	60128	57401	29255	43466	83534	80774	53634
136	170765	175828	170636	16374504	16373058	68116	41429	39272	78269	73939	49720	64905	32995	47329	25774	63233	40243	86941	49202	63428	61496	89673	57989	89220	49695	22951	33318	29957	37134	77101	58041	51416	35469	36278	35759	41611	23350	29329	47596	31931	31114	33738	76131	41304	40080	28829	30432	43001	45237	34468	45422	44777	73489	62314	59590	31512	45648	85483	82824	55891
137	171761	176741	171644	16494522	16493076	70489	43810	41678	80401	76180	52154	67337	35482	49801	28092	65628	42691	88835	51620	65875	63890	91531	60388	91098	51850	24953	35432	32165	39251	79246	60268	24582	17001	38335	37845	43747	25482	31382	47718	14747	14460	35825	36985	43407	38040	30915	32415	45115	47338	36514	22071	46898	34704	64458	36413	14460	21786	41611	84849	31142
138	172769	177665	172652	16615986	16614540	72813	46246	44138	39493	78359	25741	69769	16926	52271	30505	68057	45140	90744	54082	32333	31441	93357	62896	92924	54756	12963	17957	15321	20045	81367	62978	27461	19834	41251	40848	46720	12468	15973	25451	17472	17352	18302	39949	46358	21063	33804	16613	48088	23940	39356	24991	49850	17532	32353	14390	17472	24824	44729	86841	29767
139	173777	178589	173648	16737450	16736004	75121	48939	46866	42229	80539	28428	72174	19558	55080	33243	70519	47940	92578	31234	35045	34224	95177	59702	94772	57764	16130	20759	18416	23045	83467	65637	30543	22770	44254	43784	49765	15195	7230	28389	20445	20343	21157	42996	49381	23848	36857	19612	51132	26889	42396	28052	52941	20496	35475	17295	10026	27754	47986	88762	33010
140	174729	179502	174622	16857468	16856022	77389	51770	49736	45075	82614	31349	74526	22347	57963	36172	72926	50829	94404	27955	37944	37075	96941	33345	96528	60618	18764	10838	21157	26017	85466	68216	33402	25774	22208	46578	52667	18084	9943	31247	23303	23033	24018	45928	52311	26729	39725	22204	54036	29683	45277	30808	55826	23350	38340	20087	10474	30672	51077	90694	36018
141	175653	180426	175535	16978932	16977486	79549	54566	52484	47879	84647	34140	76773	24987	60806	38932	75230	24667	96197	13332	40787	39929	98684	36210	98271	63317	21364	13277	23756	28608	87444	70673	36205	28387	24780	22690	55381	20669	12559	33923	10122	25683	26569	48642	55043	29255	42350	24860	56794	32297	21976	33519	58533	25888	41006	22719	13144	33395	53908	92530	38896
142	176577	181350	176459	17100396	17098950	81658	57404	55355	50771	86663	36998	78956	27825	63560	41807	77470	27461	97940	16040	43681	42785	100387	39074	100013	65956	24025	15863	26412	31180	89376	73019	38858	30978	27411	25212	58076	23053	14993	36515	13124	28377	29111	51287	57711	31840	44958	27483	59455	34893	24486	36084	61186	28562	43648	25319	15350	36026	56708	94356	41674
143	177490	182263	177383	17220414	17218968	83754	60108	58087	53467	88592	39754	81113	30464	66189	44541	79654	30132	82361	18576	46438	45505	102067	41792	101673	68405	26576	18078	29039	33492	91269	75293	41388	33305	29810	27501	60505	25456	17326	39039	15468	30834	31773	53804	60160	34470	47335	29526	61900	37362	26840	38421	63662	30871	46090	27676	17513	38529	59302	96152	44275
144	178414	183187	178296	17341878	17340432	85746	62723	60753	56139	90501	42426	83188	33080	68720	47244	81759	32838	49588	21201	23355	48153	103727	44480	103333	70769	28757	20358	31179	16375	93095	77531	43772	35768	32027	29893	62878	27725	19695	41308	17497	33108	33922	26035	62510	36516	49680	32023	64281	39674	29072	40725	66009	33330	48497	29984	20173	40878	61723	97895	46730
145	179338	184100	179220	17461896	17461896	87713	65335	63382	58794	92367	45030	85198	35617	71160	49885	83827	35453	52228	23530	25972	50827	105345	47143	104990	73027	31049	22406	33677	18528	94943	79663	46075	37962	34283	32039	65133	30029	21995	43555	19634	35233	36172	28258	64776	38827	51956	34279	66547	41811	31342	43001	68246	35443	50704	32191	22145	43241	64077	99635	49102
146	180251	185024	180144	17583360	17581914	89645	32266	65862	61270	94193	47536	87211	38040	73489	52390	64608	37940	54660	26129	28347	53365	106941	49581	106567	75165	33309	24367	35826	20454	96691	81743	48224	40034	36395	34110	67279	32037	24076	45687	21750	37405	38341	30384	66902	40906	54059	36335	68707	43935	33395	45115	70383	37600	52858	34253	24126	45391	66318	101315	51325
147	181175	185948	181057	17704824	17703378	91526	15591	32007	63805	70259	22782	89120	18531	35486	54968	18798	40579	35904	11925	30942	55932	75345	52181	51542	36606	5784	4499	16878	13100	47333	40117	50731	19731	38876	15906	43174	15167	26385	21690	24112	17352	18866	4338	38777	8215	26582	17366	33692	21347	16375	21690	35240	18060	25982	16551	26824	21690	33029	49958	24885
148	182088	186861	181981	17824842	17824842	93352	18973	35513	66427	48964	26263	91024	21933	39045	57964	22775	44101	29976	15311	34376	58913	54192	55366	54724	40479	9421	6606	20859	12645	50829	44147	54042	23582	42783	1446	36047	18741	30207	1446	27950	21343	22772	7306	35513	11796	30378	20859	37702	25114	20146	25404	39196	21826	29855	20291	30724	1446	37224	53279	29123
149	183012	187785	182905	17946306	17944860	95193	22307	39019	68950	52313	29753	92872	25369	42648	60875	26258	47708	33509	18747	37933	61752	57265	58377	57805	44008	12659	9506	24533	16138	54095	47750	57123	27114	46313	9601	39558	22204	33778	10728	31382	24692	26097	10207	39019	14936	33808	24277	41271	28527	23401	28856	42737	25357	33402	23792	34240	12100	41040	56442	32938
150	183936	188709	183818	18067770	18066324	96936	25448	42183	71411	55415	32996	94698	28389	45872	63625	29468	50977	36759	21735	41231	64489	60181	61238	60657	47185	15624	12557	27493	18771	57101	50976	59979	30025	49381	11945	42682	25110	36946	13346	34292	27709	29325	13251	42085	17750	36917	27493	44366	31504	26411	31868	45775	28230	36433	26758	37425	15174	44290	59360	36181
151	184849	189622	184742	18187788	18186342	98679	28239	45123	73759	58354	35889	96457	31379	48843	66221	32358	53966	39687	24697	44141	67058	62926	63935	63388	49953	18218	14991	30437	21565	59958	53851	62730	32866	52191	14628	45454	27784	39705	16182	37025	30495	32164	15843	44893	20379	39625	30162	47168	34283	29110	34616	48626	31035	39229	29494	40305	17715	47229	62107	39099
152	185773	190504	185666	18309252	18307806	100402	30843	47838	76033	61080	38616	98221	34045	51638	68721	35067	56763	42412	27336	46869	69531	65558	66521	65992	52533	20787	17444	32928	24032	62611	56546	65342	35361	54739	17371	48062	30495	42282	18361	39673	33045	34649	18517	47493	22795	42109	32612	49773	36849	31707	37103	51192	33544	41838	31995	42845	20348	49953	64770	41815
153	186697	191344	186579	18430716	18429270	102062	33366	50363	78218	63594	41211	99946	36515	54251	71132	37689	59355	45016	29741	49487	71915	68079	69011	68499	54993	23069	19587	35478	26426	65098	59004	67810	37908	57171	19628	50495	32793	44618	21109	42007	35469	36966	20547	49912	25306	44547	34888	52204	39194	33982	39539	53599	35933	44242	34493	45287	22581	52455	67299	44361
154	187610	192174	187503	18550734	18549288	103722	35767	52845	80350	66036	43653	101606	38880	56709	73462	40035	29206	47478	32158	23316	74218	70511	71412	70917	57268	25388	21803	37632	28763	67462	61372	70106	40035	59437	22125	52776	35115	46966	23180	44310	37680	39198	22942	52179	27513	46766	37021	54485	41404	15906	41681	55895	16754	46480	36708	47648	25032	54879	69733	46723
155	188534	193014	188427	18672198	18670752	105360	38233	55290	82453	68482	46140	103266	41358	59233	75774	42642	31731	49939	34703	25695	76476	72890	73760	73282	59461	27738	24246	40034	30787	69712	63677	72387	42250	61652	24195	55002	37294	49244	25244	46454	39924	41458	25357	54385	29482	48969	39303	56715	43599	17886	43859	58108	18753	48696	38901	49936	27030	57196	72053	49096
156	189458	193854	189340	18793662	18792216	106937	40650	57772	84493	70901	48588	104907	43697	61691	77994	45048	34126	52402	37073	28168	78696	75195	76034	75573	42723	29762	26462	18909	32811	71887	65869	74543	44402	63752	26258	26267	39350	51340	27304	22506	33499	43603	27483	56511	31525	43556	41407	58818	45728	19875	45933	42035	15183	50813	33307	52082	29106	59391	59859	51319
157	190345	194684	190248	18913680	18912234	108495	42834	60081	86461	73211	50914	106484	46092	64046	80126	47421	36477	54752	39353	30370	80813	77409	78245	77801	30934	31983	28505	21002	35310	74191	68290	76789	46893	66127	28317	28544	41701	53626	29921	24627	20396	45867	29456	58866	33996	25627	43790	61191	48065	22160	48389	30122	10442	53195	20600	54445	31637	61839	37420	53758
158	191185	195524	191078	19035144	19033698	110053	45093	62301	88375	75424	53174	108042	48284	66288	82188	49510	38685	57004	41604	32613	82863	79569	80377	79933	33202	34421	30751	23351	37586	76450	70628	78972	49048	68390	30575	30853	44066	55957	32001	26889	22718	48112	31763	61135	36299	27808	45911	63475	50334	24397	50520	32383	12629	55437	22626	56749	33917	64254	39833	56160
159	80976	61664	191918	19156608	67962	111547	21361	30130	90284	41842	33722	52974	30848	31812	84238	51714	18190	59204	43740	15591	84886	81652	39148	39042	35321	36527	33029	25483	39626	78645	72863	81078	51194	70551	32741	32936	46220	58131	34075	28975	24821	50337	33974	63324	38354	29898	47982	65642	52389	26524	52682	34494	14484	57627	24821	58992	35937	66520	42109	58429
160	64138	64586	192758	19276626	63597	96919	24369	14604	92138	35128	11748	24582	16439	14460	86230	24582	8676	28920	21066	7230	55458	51934	17352	41959	16629	14460	14460	27676	23040	38360	35822	38963	53522	34526	15320	35191	20244	28221	36315	28920	27068	52625	36278	30908	18531	32109	25225	31812	15260	12272	38505	36821	16634	13978	27068	21725	38284	32394	44501	28660
161	66780	67214	193588	19398090	66256	56468	30166	8575	93986	23582	17833	30859	14499	21546	43841	30792	14911	33943	12298	5136	21063	43210	9636	24398	19516	20043	18301	31140	8676	41874	39354	42425	26582	37850	18301	38565	3615	31559	39646	16248	30465	24582	39508	34285	21742	15725	11226	15591	13595	5474	28258	40213	19839	15325	30465	14910	41704	35919	48160	32211
162	69292	69712	194428	19518108	68785	59455	35363	14424	95777	29747	24272	36013	20473	28091	47599	35897	21260	38685	18427	10755	27496	47062	15621	30533	22861	23402	21643	34734	11588	45431	42928	45939	29965	41306	21449	42011	6273	34933	43052	19516	33826	28623	42972	37685	25039	18973	14345	18863	16765	8272	31591	43622	23138	18533	33887	18420	45182	39600	51598	35986
163	71713	72119	195268	19639572	71223	62263	39828	19049	97520	34529	29177	40356	25217	32990	51117	40305	26258	42804	23143	14991	32358	50577	20379	35385	26015	26647	24869	37986	14628	48809	46314	49283	15238	44494	24447	45237	8813	38276	21841	22494	37045	14678	46175	40904	28389	22025	17377	22025	20054	11291	34661	46823	26337	21744	37045	21454	22778	43009	54783	39398
164	74079	74471	196098	19761036	73606	64953	43792	22923	99284	38558	33300	44364	29193	37132	54326	44270	30371	46556	27195	18937	36459	53824	24384	39485	28967	29676	27643	41079	17610	51886	49424	52375	18236	47507	27340	48246	11869	41198	24706	25449	39953	17535	49210	43836	31180	24953	20158	25036	22688	13800	37700	49862	29255	24536	40161	24536	25699	46211	57789	42583
165	76342	76720	196938	19881054	75886	67567	47334	26385	100958	42103	36849	47949	32685	40701	57356	47863	33924	50023	30713	22555	40087	56844	27888	43047	31708	32420	30368	43857	20255	54715	52272	55177	20803	50253	29954	50998	14566	43922	27344	28166	42711	20191	51948	46583	33862	27568	22780	27718	25374	16303	40356	52602	31970	27192	42903	27268	28465	49117	60608	45499
166	78541	78905	197778	20002518	78102	70046	50543	29511	102618	45278	17709	51282	35893	44025	60233	51122	37191	53301	33987	10122	43411	59783	31127	46381	34166	35065	33053	46559	22591	57401	54930	57770	23173	52780	32547	53565	16583	46533	13174	30505	45389	22627	54508	49214	36458	30023	25374	13117	27950	19024	42845	55171	15167	29818	45389	29748	31048	51819	63341	48233
167	80714	81064	198608	20123982	80286	72441	53640	32524	104298	48456	20749	54483	39046	47244	63010	54293	40447	56427	37025	13748	46585	62540	34421	49527	36571	37687	35477	49107	25041	59935	57496	60318	25727	55266	35005	56085	19265	49083	15375	33117	47828	25071	57060	51672	38774	32419	27499	15188	30167	21203	45333	57692	17472	32230	47871	32230	33432	54423	65978	50822
168	82789	83139	199448	20244000	82367	74735	42368	35515	105888	51354	23658	57505	42012	50213	65605	57289	43411	59346	40037	16514	49552	65189	37202	52524	38932	39930	37796	51410	27268	62324	59889	62696	27901	57568	37300	58358	21319	23859	17535	35124	50190	27222	59364	53980	28390	34707	29960	14460	32552	23708	47605	59972	19718	34530	50190	34650	35829	56836	68426	53321
169	84815	85151	200288	20365464	84410	76976	28471	38485	107465	54285	26559	60408	44824	53170	68185	60204	46452	30329	42981	19527	52508	67757	40202	55467	41307	42347	40034	25464	29748	64724	62313	65085	30329	59923	39356	60744	24074	26030	19667	37577	52485	29565	61748	56339	20600	36964	32102	7979	34772	25729	49936	62327	22016	36855	24450	36967	38182	59321	70876	55779
170	86831	87166	201118	20486928	86426	79152	31255	41341	109061	57137	29456	63147	47688	56080	70643	62949	49342	33144	45824	22130	55378	70229	43133	58368	43458	44679	42347	27733	31775	67069	64649	67419	32447	62181	41657	63011	26146	28327	21878	39930	54794	31801	63973	58633	22718	39250	34231	10086	36969	27828	52202	64631	24095	39092	26649	39251	40397	61674	73215	58138
171	88753	89075	201958	20606946	88341	81251	33930	43962	110607	59788	32088	65765	50343	58808	72990	65579	52074	35792	48544	24793	58109	72590	45831	61094	45596	46760	44541	29758	33802	69272	66841	69610	34554	64329	43790	65166	28212	30448	24055	42004	56972	34009	66124	60773	24821	41307	36347	11992	39041	30055	54331	66762	26165	41308	28681	41408	42643	63870	75455	60394
172	90639	90959	202788	20728410	90227	83301	36351	46437	112101	62347	34579	68280	52903	61385	75265	68100	54627	38365	51076	27347	60706	74879	48336	63639	22445	22630	46760	14244	36231	71549	32650	34059	16677	31750	46181	67404	30479	14479	26129	20764	59313	36310	31639	29700	27145	19877	17605	14665	18755	32576	56605	69005	28450	43507	14096	20086	20358	66272	77687	62803
173	92455	92763	203628	20849874	92083	85283	38727	36605	113613	64714	37014	70706	55235	63817	77478	70532	57101	40774	53485	29471	63106	77120	50838	66049	25074	25404	49509	16805	38933	73893	35455	36812	19235	34448	48837	69890	33155	17123	28853	23407	62030	39008	34345	32378	29775	22534	20147	17283	21257	35209	59307	71436	31169	46272	16680	22718	23048	68800	79845	65472
174	94281	94589	204468	20969892	93909	87269	41064	24200	115107	67059	39350	73079	57610	66190	79636	72883	59474	43095	55861	32037	65509	79290	53140	68405	27529	27829	52153	19238	41408	76162	37942	39370	21684	37003	51233	72291	35745	19516	31538	26099	64567	41479	36907	34967	32191	24988	22494	19335	23404	37492	61794	73783	33606	48838	19020	25401	25616	71237	81943	67996
175	96059	96353	205298	21091356	95683	89178	43321	26421	116577	69352	41601	75351	59895	68481	81717	75162	61786	45389	27060	34231	67822	81384	55460	70711	29848	30194	54436	21494	19944	78368	40479	41771	24053	39286	53638	74587	38052	21740	33579	28169	66948	43810	39249	37209	34554	27222	24870	21963	25937	40006	64146	76029	35933	23405	21201	27526	27797	73563	84027	70431
176	97802	98096	206138	21211374	97426	91080	45557	28687	118005	71597	43878	77613	62121	70784	83786	77403	64106	47742	29203	36290	70089	83459	57793	72999	31998	32449	56776	23794	22031	80522	42721	44084	26128	41542	55858	76805	40479	24018	35966	30439	69245	46156	41556	39533	36821	29282	26958	23958	28020	42173	66416	78240	38173	25695	23441	29915	30233	75844	86019	72785
177	99524	99807	206978	21332838	99169	92884	47730	30715	119416	73771	46085	79745	64303	72986	85778	79563	66346	49903	31398	38561	72287	85459	59966	75219	34194	34736	58948	25889	24022	82572	44985	46283	28343	43681	57928	78961	42624	26095	38149	32614	71407	48344	43648	41726	38849	31472	29039	25960	30163	44234	68550	80346	40338	27796	25483	32126	32358	78010	87974	75067
178	48484	101467	207808	21454302	48908	94710	49932	32933	120827	35486	21690	81846	31619	75207	87743	38252	68572	23933	33571	15906	35356	41711	29348	77379	36426	16926	29211	11568	26337	40437	47317	22259	30532	20753	27625	38144	44663	28387	40417	15725	34406	50518	45910	19734	18866	14747	17038	28408	32293	46472	70735	39830	19128	29956	11925	34253	34470	38036	89883	77254
179	51700	103147	208648	21574320	51860	96490	53058	36348	122255	38780	10922	83910	15988	37336	89652	41625	71017	27267	16753	8575	15906	45097	32824	79540	17723	8065	32126	14322	29326	43450	50363	25240	33578	23662	30556	41075	47666	12793	43143	18301	37355	25251	48878	22591	9151	17472	16248	31331	35302	49402	34242	42790	21972	32866	5474	37325	37579	41125	91776	79445
180	54918	104794	209449	21695784	55069	98233	56196	40450	123627	42889	5855	85926	19938	41490	91533	45567	70854	31379	20657	12047	4338	48757	36985	81674	20557	10951	35090	17237	31970	46534	53430	28200	36366	26406	33475	44041	50609	15461	46111	21057	40292	28134	51872	25535	11768	20240	9399	34061	16878	52330	37148	45690	24821	35827	8272	40366	40549	44276	93602	81558
181	57988	106371	210196	21817248	58131	99957	59198	44452	124955	46722	9465	87885	23755	45445	93381	49187	37739	35537	24701	15940	11405	52197	41126	83745	23313	13369	37986	19829	16613	49462	56400	31143	39219	29318	36273	46907	53469	18192	30160	23755	15906	30949	54740	28390	14484	22851	9055	36926	19516	34519	39944	48545	27601	38720	10912	43191	43363	47259	95411	83633
182	60863	107967	210952	21937266	60999	101637	62021	48029	126299	50178	12527	89794	27416	48991	95200	52481	41455	39198	28313	19482	14484	55307	44788	85737	26175	15940	40825	22856	19398	52464	59356	34011	20149	32157	18416	49817	56400	21062	24963	26724	10064	33835	57640	31248	17128	25764	11512	18416	22308	27888	42799	51477	30533	41608	13337	46201	46362	50350	97175	85650
183	63582	109544	211699	22058730	63710	103297	64686	51277	127627	53370	15648	91691	30504	52259	96943	55612	44723	42446	31509	22464	17728	58287	48083	87727	28823	18717	43622	25688	22016	55299	62103	36767	22772	34883	21058	52559	59146	23671	27652	29323	12488	36547	60399	33924	19734	28377	13982	21058	24954	30520	45518	54212	33207	44355	15913	48981	49174	53222	98918	87621
184	66179	111065	212455	22180194	66303	104937	67249	54212	128955	56270	18240	93517	33428	55253	98707	58540	47722	45416	34407	25504	20358	61083	51047	89636	31378	21125	46201	28013	24438	57924	64734	39328	25205	37297	23402	55131	61740	26098	30169	31707	14936	39123	62940	36459	22125	30901	16585	23313	27417	33005	48037	56780	35618	46893	18580	51570	51714	55908	100609	89530
185	68680	112577	213211	22300212	68800	106533	69686	56924	130299	59023	20805	95330	36114	58024	100408	61295	50540	48198	37076	28214	23048	63789	53842	91518	33739	23727	48516	30500	26871	60361	67171	41781	27646	39719	25693	57437	64062	28390	32553	34165	17151	41388	65353	38721	24367	33171	18492	25774	29676	35314	50348	59127	38041	49174	20604	53996	54171	58365	102289	91438
186	71092	114071	213958	22421676	71208	108110	72065	59512	131568	61592	23443	97094	38665	60625	102068	63924	53092	50747	39670	30549	25697	66380	56464	93366	35826	25747	50805	32543	29029	62639	69490	44047	29747	41952	27719	59695	66334	30643	34713	36456	19328	43631	67611	40957	26416	35469	20927	28018	31773	37590	52596	61389	40213	51474	22721	56318	56451	60751	103949	93264
187	73423	115565	214714	22541694	73535	109687	74391	61954	132828	63982	25567	98837	18531	63126	103748	66356	55599	53249	42102	33220	27872	68845	58891	95186	37907	27843	34628	34763	31102	64837	71701	46158	31839	44022	29886	61862	68470	32741	36802	38503	21476	45805	32916	43075	28609	37515	22923	30024	33861	39630	54713	63533	42368	53639	24823	58438	58564	62951	105556	95088
188	75709	117027	215470	22663158	75817	111219	76643	64333	134073	66350	28199	100532	20761	65497	105365	68762	58036	55600	44495	35398	30439	71223	61296	96929	40034	29791	26300	36961	33108	66992	73871	48303	33923	46088	31968	41613	70599	34890	38883	40548	23426	47923	34995	45186	30711	39560	25009	22979	35942	41719	34415	65636	44468	33620	17642	33343	60706	65140	78219	96831
189	77932	118438	216217	22784622	78010	52988	61920	36950	135333	31812	16367	102212	22954	67840	51373	33258	28490	35904	21165	16629	17714	31812	28920	47083	18798	4338	12291	31837	15906	33528	76087	24114	36515	46272	31812	13332	54504	37247	41411	42882	25714	50362	37513	47639	33119	41851	27239	15858	17412	19734	28177	32589	41594	28251	13724	30533	30664	67622	52800	48383
190	80090	119849	216973	22904640	80194	56757	40719	34688	136593	35513	16680	103872	26649	70309	54227	37036	32319	30252	24792	20043	18175	37575	33400	50309	21396	7742	15325	20761	18573	36606	78322	27043	39357	24627	17244	16170	37298	40345	44358	45911	28840	53390	40489	50665	36002	44857	30276	18416	20188	22591	31188	35574	24058	31255	16494	33517	33574	70128	55950	51606
191	82178	121277	217729	23026104	82278	59699	44557	38540	62178	39390	20294	105483	30438	72695	57298	40919	36253	34184	28756	24018	21921	19086	37332	53651	24140	10912	17844	23404	21394	39600	80478	29962	42299	27425	19938	18910	40136	43171	21844	48753	31525	26432	43354	53561	17827	47675	33157	21255	9601	25371	33930	38432	26762	34113	8065	36481	36534	72521	58895	54639
192	84253	122688	218476	23147568	84325	62493	48168	42185	64618	43009	23881	107079	34106	75034	60212	44645	40057	37815	32359	27569	25439	22588	41086	56753	26914	13337	20459	26256	24139	42526	82553	32807	45140	30169	22677	21494	42976	46047	24539	51513	34301	29198	46175	56377	20547	50495	35921	24018	11945	28169	36693	41292	29498	36973	10757	39379	39428	74839	61735	57653
193	86245	124035	219232	23267586	86341	65208	51406	45493	67245	46301	27222	108656	37302	77275	62989	47994	43383	41174	35597	30777	28813	25857	44428	59625	29495	16044	23137	28897	26758	45169	84613	35483	47811	32744	25119	24141	45594	48628	27040	54056	36978	31788	48832	58984	22942	24120	38377	26491	14339	30643	39257	43869	32128	39521	13051	42025	42071	77107	64409	60411
194	88191	125379	219988	23389050	88283	67716	54449	48528	69741	49285	29915	110224	40345	79440	65617	51044	46426	44228	38722	33983	31698	28897	47490	62390	31996	18125	25534	31511	29210	47752	86605	37912	50296	35129	27492	26525	48109	51074	29470	56524	39421	34240	51308	61488	25439	26506	40786	29039	16759	33119	41664	46303	34556	41913	15270	44515	44512	79252	66981	63017
195	90123	126707	220735	23510514	90192	70161	57221	51341	72147	52059	32766	111736	43123	81578	68137	53839	49275	47082	41509	36797	34459	31709	50319	65044	34253	20805	27872	33740	31405	50117	88536	40297	52586	37472	29815	28781	50376	53483	31776	58808	41769	36527	53634	63786	27559	28692	43010	31179	18758	35421	43937	48657	36935	44313	17446	46867	46908	81347	69427	65457
196	91984	128035	221491	23630532	92072	72552	59901	54083	74471	54841	35502	113230	21249	83653	33788	56643	24020	49816	44262	39514	37238	34409	53076	32075	36367	22904	29888	36001	33578	52338	90445	42498	54855	39622	31837	30872	52585	55674	33986	60977	43847	38732	55817	66005	29736	30855	45216	33429	20864	37524	46187	50816	39010	46502	19906	49149	49146	83397	71728	67742
197	93810	129379	222247	23751996	93898	74869	62720	56981	73746	57700	38527	114724	24012	85645	28064	59553	26960	52753	47202	42298	28547	37190	43959	34986	38473	24907	22979	16629	35733	24582	92292	30547	56957	41761	33921	25305	45679	57821	21579	42625	45966	17352	39871	31877	31828	32875	33514	15906	9621	39567	48289	30633	41081	48590	8917	51210	51247	85399	35120	69954
198	95630	130706	222994	23873460	95693	77110	65395	59912	39533	60591	42025	56558	27487	30880	19623	30669	14026	20425	42095	45821	20761	19516	29121	38540	41279	12635	15989	1446	38634	28258	94118	22764	43481	44545	36627	16862	14171	60502	18347	32133	48847	20559	29203	16613	34639	27502	24144	5784	11963	22654	51038	27080	43906	24542	11405	25287	54146	87380	38177	72353
199	97373	131951	223750	23993478	97457	39481	67952	48136	43619	63357	45886	59541	15596	23584	24277	35385	18523	14776	27191	24369	25451	24018	25942	42723	44607	15603	19084	8917	19612	31525	95903	26009	29938	47814	39930	19824	14467	63271	21491	35392	52122	10642	26992	19718	37735	17722	27148	5920	14785	21782	54175	30407	47221	23446	6639	28535	27738	89289	41705	74704
200	99116	133211	224497	24114942	99200	43619	70418	33772	47436	65993	49527	62344	20151	13960	29039	39901	23397	19420	32034	29257	30301	28895	19515	46571	47957	7960	22401	11945	22760	34960	97667	29389	33289	51117	20045	23123	17597	32003	24736	17886	55312	13742	17109	22851	41051	20758	30468	8318	18091	24905	57249	33712	50479	14910	7742	31904	31127	91208	45321	76945
201	100818	134471	225253	24236406	100878	47304	72829	37993	50925	68560	52875	65031	24194	17900	15184	43951	27639	23411	36344	33618	34649	33180	23755	50119	51050	10874	25531	14911	25925	38192	99410	32542	36330	54212	22954	26165	20552	35038	27750	20800	58292	16508	20137	25764	44160	23755	33519	11326	21076	27975	60132	36718	53579	17609	10111	35066	34240	93034	48710	79122
202	102478	135716	226009	24356424	102558	50802	75136	41885	54146	71005	56022	67639	28095	21790	19084	47656	31571	27347	18175	37470	38558	17049	27643	53393	53882	13307	28387	17728	28596	41119	101078	35414	39133	57032	25695	28885	23397	37883	30600	23439	61088	19306	22760	28523	22034	26411	36312	13829	23683	30805	62879	39546	56431	8215	12693	37908	37090	94860	51712	81272
203	104138	136976	226756	24477888	104218	54032	77377	45668	57186	73367	58963	70115	31775	25490	22678	51130	35473	31183	21826	41359	42397	20699	31377	56513	56540	15889	30911	20358	31302	43847	102758	38068	41798	59687	28316	31566	25850	40526	33143	26128	63762	21745	25357	31169	24624	29038	38851	16328	26189	33331	65482	42181	59035	10673	15379	40600	39786	96633	54550	83347
204	105755	138236	227512	24597906	105812	57114	79564	49156	60106	75682	13276	72508	35303	29075	26175	54376	39088	34772	25439	44957	46002	10442	35005	28628	58998	18559	14623	22499	33668	46371	104418	40596	44345	62152	30642	33913	28382	43006	35617	28489	66261	24281	27784	33668	26963	31443	41281	18715	28763	35676	67946	44708	61570	13303	18125	43123	42260	98376	57208	85351
205	107332	139476	228268	24719370	107408	60038	81672	52530	62886	77906	16633	74854	38880	32708	29816	57440	42831	38345	28957	48586	49552	13894	38665	32247	61366	20585	17123	25041	36049	48763	106002	43023	46621	64525	32929	36335	30636	45304	37875	30804	68610	26416	30152	35933	29257	33799	43577	21123	30854	37986	70267	47008	63897	15350	20195	45507	44689	100093	59683	87357
206	108909	140652	229015	24840834	108985	62820	83743	55694	65551	80064	19943	77095	20149	36201	33243	60346	46313	41810	32346	51955	52898	17128	19518	35728	63703	23338	19084	27115	17723	51122	107598	45366	48999	66783	35125	38443	32860	47706	40212	32891	33417	28682	32218	38227	14390	35941	45888	23192	33189	40417	72515	49284	31243	17393	22258	47811	46990	101773	62082	89243
207	110481	141828	229771	24960852	110535	65489	85759	58653	68103	82178	23227	79266	23315	39542	36628	63119	49717	45188	35701	55157	56044	20358	22772	39055	65925	25388	21157	29538	19834	53452	109175	47592	51267	69025	37302	40695	35119	49909	42416	35148	35641	31047	34579	40491	16299	38179	48131	25502	35545	42466	74753	51538	33426	19860	24823	50132	49225	103433	64521	91142
208	111975	142990	230527	25082316	112047	67983	87725	61473	70535	84229	26257	81411	26256	42716	39670	65708	52896	48329	38767	58145	58984	23318	25776	42167	68075	27513	23313	31840	22026	55682	110715	49759	53438	71165	39357	42780	37185	52056	44514	37268	37733	33119	36620	42635	18236	40242	50192	27841	37586	44561	76886	53700	35533	22145	26839	52313	51442	105066	66748	92946
209	113469	144166	231274	25203780	113541	64058	89634	64156	72857	86197	29042	83436	12291	41934	42543	53322	33765	49164	31668	37294	53765	26099	28681	30547	19642	12956	25693	14479	24105	27124	112227	24292	43164	51389	41658	20255	17827	54344	39978	17352	18290	15725	17486	44857	20397	34774	52409	30067	39626	39170	78987	55955	37795	10258	12442	25168	25002	51693	32266	45515
210	114981	145342	232030	25323798	115035	36529	91516	66767	75163	43078	33182	85437	15596	24539	22775	1446	29476	27279	22441	31538	32378	30233	15596	23574	17109	15993	28823	17723	27417	30514	113721	27658	28906	37629	44864	23318	9055	27003	24316	1446	21440	18863	20658	23231	23441	21936	55506	33218	42986	24316	81143	58900	41056	13293	15582	28501	28282	54569	35861	48972
211	116458	146504	232735	25445262	116526	40970	93342	69279	77431	46896	38019	87440	20459	29610	13028	13014	34596	32238	27450	17709	37265	35244	9055	28600	20343	19520	14678	21157	30844	34052	115215	31123	14535	19181	23321	26729	12047	30407	27679	9601	24860	22119	24018	26653	26837	25289	58510	36606	22114	12298	83218	61740	20701	16522	18858	32005	14961	57622	39600	52359
212	117869	147680	233399	25566726	117937	44875	95184	71729	79590	50422	42201	89349	24705	34169	17186	20188	39098	36750	31931	22110	41526	39723	13369	33112	23570	22774	17772	24448	34105	37475	116696	34477	17772	22391	26497	29957	15270	33712	31009	11945	28156	25448	27189	29890	30191	28463	61368	39912	25279	15468	85227	64478	23880	19747	22115	35394	18236	60552	43201	55533
213	119297	148842	234071	25686744	119348	48510	96927	74066	81697	53680	46047	91243	28609	38020	8715	23966	43033	40658	35676	25764	20753	43603	6145	37017	26402	25452	20702	27719	37021	40555	118107	37476	20601	25357	29328	32930	18150	36661	33889	15189	31035	28386	30162	32742	32892	31314	64057	42913	28160	18199	87238	67047	26837	22418	24865	38374	21003	63253	46391	58466
214	120708	149971	234743	25808208	120776	51924	98670	72300	83791	56780	49636	93091	32100	30029	11796	27600	46810	44455	39485	29596	24442	47333	9642	40800	29101	28169	9621	30437	39722	43321	119518	40198	23173	27859	31971	35596	20626	39335	36540	17371	33668	30977	32865	35481	35502	34046	66609	45581	30703	20669	89147	69490	29424	25051	27488	41088	23530	65865	49243	61291
215	122119	151063	235407	25929672	122187	55129	100393	38430	85783	59722	52976	94917	35944	22067	15621	31471	50342	48075	43287	33296	28234	50829	12824	21298	14390	30846	11606	32928	42200	45917	120946	42794	25727	30359	34471	38127	23104	41887	39116	19839	36278	33552	35301	17292	17769	36516	69127	48096	33238	23322	91050	71904	31931	27657	30157	43725	26129	68377	52019	63985
216	123515	152142	236079	26049690	123563	58153	102053	42036	87748	62515	56118	96666	39515	25727	18891	34912	53643	51519	46867	37014	31832	54095	16534	24821	16680	33431	13909	35124	44725	48418	122357	45330	28197	32856	36856	40600	25747	44383	41581	22499	38713	35941	37742	19664	19980	38880	71525	50609	35589	25456	92898	74207	34253	29757	32543	46210	28636	70800	54613	66539
217	124843	153234	236743	26171154	124907	60987	103713	45307	89680	65165	59054	98430	42835	28997	22145	38364	56709	54708	50231	40287	35119	27429	19651	28123	19020	35596	16267	37797	21734	50875	123723	47774	30533	35056	39146	42931	27768	46700	43906	24537	41101	38341	40086	21876	22347	41308	73841	52962	37958	27950	94724	76465	36652	14623	34883	23176	13643	73169	57160	69029
218	126171	154326	237415	26292618	126235	63699	105351	48483	91560	67705	61852	100145	45912	32126	25224	41578	59618	57718	53382	43500	38392	30582	22428	31274	21102	38127	18547	39930	24012	53214	125067	50097	32829	37405	41459	45232	30207	49032	46248	26651	43404	40650	42445	24139	24567	43507	76085	55327	40290	30029	96482	78634	39061	16629	37129	25486	15909	75437	59566	71430
219	127515	155405	238087	26412636	127563	66293	106928	51419	93386	70150	64522	101805	48796	35031	28184	44514	62384	60575	56318	46445	41254	33437	25552	34131	23263	40396	20575	42200	26089	55456	126395	52279	34913	39612	43604	47421	32460	51218	48389	28970	45590	42786	44541	26208	26524	45687	78242	57484	42442	32102	98225	80753	41079	18529	39353	27604	17889	77644	61905	73722
220	128843	156497	238751	26534100	128907	65070	108505	40396	95205	72514	67090	103465	51514	37711	30724	47262	65038	63276	59033	49168	43975	36123	28184	36821	20511	42446	22695	20244	10122	27137	127723	54480	37101	18798	45733	49552	34567	25085	23494	31114	21690	20652	39978	11568	28635	47768	75763	27999	44492	34231	45758	39307	18798	8215	41604	24911	20087	38360	64190	35486
221	130171	157589	239423	26654118	130235	34697	110081	27512	96948	36624	69592	105097	54361	40672	15321	50066	67616	65917	29775	52068	46845	39045	31127	39745	13124	45552	26029	23127	1446	30183	129067	57466	40161	21590	48671	52586	37393	28134	26335	34046	24571	11030	24144	1446	31800	24027	40527	31162	47549	37305	23700	42351	22499	10673	44538	15375	22993	41525	66799	38727
222	131463	158668	240095	26775582	131508	37623	111575	30520	98691	30192	64730	106674	57389	43763	18188	24751	70093	68487	32766	55151	49965	42109	33874	42855	15603	48628	28763	26169	6145	33261	130395	60371	43143	24398	51595	55526	40327	31016	29254	36799	27529	13589	26994	6807	34673	26734	43439	34090	50457	31015	26520	45281	25289	13144	47461	18236	25969	44649	69310	41814
223	132708	159760	240759	26897046	132768	40642	113069	33566	100413	20559	36455	108270	60298	46911	21157	27837	72515	70935	35966	58174	53130	45237	37202	45976	18199	51394	31454	29033	8476	36018	131658	63111	45886	27068	54324	58284	43106	33712	31969	39515	30194	16124	29708	9194	37380	13415	46119	36841	53169	20252	29206	48029	27947	15621	50252	20803	28781	47566	71759	44777
224	133968	160852	241431	27017064	134028	43688	114581	36641	102073	23582	39461	53559	63073	50026	24191	30882	74834	73300	39008	61041	56227	48375	18304	49107	20770	54095	34175	14535	10679	38683	132918	65731	48516	29635	56850	60910	45672	36319	34469	42250	15184	18758	32321	11800	39900	15849	48695	39398	55783	22588	31796	50627	30507	18215	52857	23441	31274	50309	74095	47514
225	135228	161848	242103	27138528	135273	46534	116075	39578	103733	26414	42493	56559	65726	53031	27112	33835	77075	75618	41976	63781	59157	51318	21257	52050	23322	56597	36409	16805	12659	41174	134178	68247	50969	32061	59335	63370	48269	38752	37078	44542	17366	21063	34736	14073	42171	18181	51217	41798	58247	25039	34248	53135	32867	20785	55376	25808	33641	52910	76330	50096
226	136473	162856	242767	27259992	136533	49336	117491	42358	105370	29112	45368	59437	68272	55911	29816	36661	79273	37557	44837	66372	61982	54175	24020	25333	25456	59054	38940	19238	15217	43617	135423	70645	53343	15440	29282	65757	23582	41088	39251	46981	19729	23318	37103	16534	44652	20348	53467	44251	60568	27267	36534	55455	35244	9151	57711	28197	15988	55390	78530	52629
227	137733	163864	243439	27380010	137778	52148	118919	45195	106947	31969	48196	62246	70727	58788	32612	39546	81393	40377	47699	68897	64680	57033	26727	28060	27950	61488	41065	21397	17396	46016	136683	73020	55763	17827	31604	68152	26017	43488	41758	49216	22026	25535	39434	18559	46998	22581	55880	46533	62972	29677	38845	57896	37579	11588	60126	30465	18187	57869	80678	55123
228	138978	164860	244111	27501474	139038	54774	120330	47906	108524	34589	50950	64904	73071	61502	35301	42279	83468	43105	50395	71331	67243	59758	29325	30679	30167	63754	43418	23530	19438	48339	137928	75267	58016	19824	33765	70379	28168	45715	43979	51434	24018	27722	41681	20887	49064	24781	58094	48789	65192	31774	41076	60097	39723	13742	62378	32766	20352	60207	82728	57429
229	140182	165868	244775	27622938	140238	57276	121724	50428	110081	37078	53443	67460	75343	64055	37962	44800	85443	45626	52914	73654	69710	62318	31969	33153	32167	65943	45513	21690	21478	50472	120002	68212	60142	21826	35792	72511	30163	47880	46047	53561	26015	29678	43812	23069	51169	26798	45987	50945	65070	33801	43140	53765	41808	15863	64520	19232	22493	62423	71722	59653
230	141358	166864	245447	27742956	141400	59749	59426	52906	111575	39515	55969	33293	77553	66545	18175	21263	41511	22445	26035	75905	72088	29992	34409	15456	34772	32717	48075	12800	24127	53182	62713	39004	62657	10258	16551	16296	32866	24027	48628	26425	28679	14678	21734	25388	25300	29248	30397	24717	15988	36458	45703	30596	44496	18421	31965	17485	25036	64916	42682	30191
231	142520	167872	246119	27864420	142576	62540	61740	56052	113069	42787	58948	36561	79737	69095	21147	24454	44775	25649	29198	78120	74441	33276	37688	18528	37636	35748	51079	15468	27132	56240	65388	42022	65335	12645	19343	19126	35711	26889	51594	29263	31576	17535	24612	28477	28179	32158	33269	27658	18752	39304	48642	33574	47421	21063	34825	20249	28017	67502	45815	33331
232	143696	168880	246783	27985884	143752	65221	64446	59027	114581	46002	61785	39922	39148	33630	20244	27724	48115	28928	32498	38468	76691	36488	18531	21835	40398	38486	53834	18084	29762	59064	67975	44834	67895	15204	21876	21684	38396	29543	54285	31977	34288	20191	27259	31127	30788	34883	35850	30380	21352	42005	51287	16247	50132	23672	37575	23042	30708	70012	48748	36196
233	144872	169876	247455	28105902	144914	58021	67078	61860	116075	49468	64521	43498	42596	37148	12702	31249	51557	32385	36013	42021	78877	35128	21933	25119	42885	41092	56345	16087	32178	61696	70382	47392	70305	17741	24311	24139	41058	32039	44774	34476	36853	22535	29740	33504	33376	37297	38311	32812	23667	44542	53766	18528	52703	26258	40137	25448	33304	72381	51468	38849
234	146034	170884	248119	28227366	146090	33776	69580	64594	117491	52820	32225	47106	46140	40664	16311	34711	54782	35910	39474	45567	81037	20961	25451	28678	45280	20190	58919	10442	16103	64275	72766	49941	72691	20165	26836	26524	43507	15973	28773	36973	39409	10856	32222	36242	35777	39823	40774	35428	26014	47025	56316	20958	55193	28463	42591	28017	35709	74704	54166	41479
235	147210	171892	248791	28348830	147266	37056	71991	67191	118919	55933	35649	50577	49513	44131	19572	38128	57788	39328	42893	48977	83112	24279	28897	32032	47856	22626	61357	12957	18175	66789	75076	52482	75003	22418	29068	28996	45912	18175	31132	39363	41757	12973	34703	38462	38134	42099	43239	37806	28459	49510	58716	23312	57641	31114	45092	30504	38179	76945	56772	44092
236	148386	172888	249463	28468848	148428	40172	74347	69690	120330	58879	38825	53748	52550	47256	22356	41259	60641	42419	21066	52126	85125	27267	31904	35182	50011	24821	63695	15189	20648	69151	77290	54754	77217	24547	31273	31273	48241	20445	33385	41564	44166	14785	36961	40866	40454	44445	45571	40146	30708	51714	60990	25448	59958	33119	47331	32738	40497	79096	59189	46426
237	149534	173896	250127	28590312	149586	43057	76600	72069	121741	61687	41806	56772	55529	50266	25408	44262	63405	45483	24024	55168	85314	30232	34948	38071	52156	26991	65855	17610	22668	71345	79428	56970	79358	26817	33392	33330	50419	22484	35554	43702	46361	17142	39088	43037	42600	46581	47656	42257	32738	53829	63150	27568	62083	35244	47718	34887	42690	81172	61517	48687
238	150626	174849	250799	28710330	150665	45851	78790	74395	123159	64394	44632	59679	58357	53142	28203	47114	66008	48303	26731	58013	43817	33118	37853	40956	54401	29140	32010	19628	24692	34826	81542	59241	81474	12610	35617	35501	52625	24692	37650	45917	22445	19102	41304	45103	44732	48751	49779	44361	34827	56044	31176	29675	64298	37524	24704	16677	44955	83247	63813	51010
239	151718	175762	251471	28831794	151757	48697	80928	76647	60111	66997	22686	62474	61151	56128	30945	23533	32780	51292	29680	60819	46830	17000	18962	43978	56743	31340	34267	21745	26793	37131	83617	61566	83549	14611	37765	37710	54855	26793	39895	48160	24656	21371	43551	47298	47031	50949	52010	46635	37132	58319	33364	32032	66563	39931	26960	18907	47156	85279	66186	53382
240	152797	176686	252135	28953258	152849	51899	83003	78835	62924	69502	25861	65157	63917	59098	15973	11952	36153	54530	32868	63604	50114	20146	9414	47244	58916	15167	36381	10122	28957	39302	85610	63733	85545	16620	39900	39952	56993	28957	42069	23136	26762	23329	45728	49477	22506	24463	54148	22506	39303	60468	35475	34165	68722	42005	29041	8715	49299	87265	68477	55652
241	153889	177599	252807	29073276	153941	55105	85045	80971	65587	71916	29186	67727	66535	61927	19181	15195	39550	57586	36289	66232	53427	23401	12319	50623	61048	17352	38648	12536	31368	41606	87605	66047	87543	18747	42122	42171	59299	31169	44322	25369	29072	25463	47936	51802	24711	26662	56466	24795	41607	62710	37685	36285	71017	44026	31247	10673	51633	89174	70867	58052
242	154968	178523	253479	29194740	155020	58096	87037	83071	68138	74275	32359	70229	69055	64659	22110	18199	42771	60450	39411	68762	56508	26411	15075	53828	63207	19505	40787	14548	33420	43836	89514	68253	89452	20954	44232	44232	61488	33234	46466	27495	31143	27732	50129	53989	26734	28764	58578	26812	43649	64842	39877	38449	73155	46227	33368	12488	53866	91098	73150	60278
243	156060	179447	254143	29316204	156112	60897	88950	40947	70597	76531	35186	72618	71484	67192	25110	20870	45718	63187	42300	71201	59388	29252	17750	56704	30841	11568	18798	6507	35527	20953	91401	33692	91342	23218	21748	46514	30130	15857	48682	29677	13889	29757	52389	26346	28975	14096	54679	12442	45821	31685	18976	40701	35120	34188	35653	14653	56117	92924	35822	62657
244	157152	180371	254815	29436222	157191	63646	43711	43829	34766	78723	38182	74933	73830	69691	27784	10238	48657	31770	21063	73557	29700	32227	20785	59578	14390	11405	22499	3615	18233	24099	93249	36868	93168	26010	24624	49610	33151	18863	24107	14961	16878	32874	55413	13258	31974	16805	30601	15447	48921	34688	9414	43790	17486	25046	38666	17750	59018	94750	39195	65335
245	158231	181284	255479	29557686	158283	66272	47038	47282	38178	80889	41659	77201	76102	72128	31169	13277	52061	35180	24452	75865	33139	35709	24126	29565	17415	14484	25453	6606	21000	27183	95074	39996	95016	29248	27649	52757	36317	21739	11226	18005	19834	36009	58422	16110	35070	19878	14187	18296	52033	17123	12319	46936	20353	28248	41956	21084	61884	96528	42541	67895
246	159323	182208	256151	29679150	159375	68800	50390	50659	41506	39726	45095	79368	78336	74452	34579	16508	55255	38556	27797	78082	36534	39091	27513	32892	20191	17250	28609	9050	24139	30363	96817	43183	46497	32028	30576	55762	39280	24785	14198	20803	22770	39046	61282	19078	38076	22535	16878	21348	55044	20043	14936	49967	23402	31185	21063	23866	64585	98271	45819	70392
247	160415	183121	256823	29799168	160454	71266	24582	53824	44724	42934	21690	81484	80492	76701	37955	19414	58237	41756	13796	37981	39741	42249	30588	36139	22993	20048	31314	12045	26836	33175	98581	46058	49174	34823	33308	58577	22654	27568	16765	23441	25449	41865	39476	21735	40807	25237	19516	24013	57784	22678	17513	52741	26175	33988	23760	17642	67151	99993	48836	72775
248	161444	184045	257495	29920632	161492	73619	27762	56916	48110	46230	24908	83584	82567	78913	41301	22683	61136	45184	16929	41325	43140	45686	33996	39537	25565	22683	34046	14709	29494	35937	100288	48807	51914	37518	36003	61297	21200	30230	19420	26129	28166	44594	32068	24358	43510	27901	22120	26642	60501	25367	20173	55451	28751	36690	26416	13876	69651	101673	51752	75084
249	162452	184969	258159	30040650	162500	75898	30882	59851	51272	49387	28126	85579	84626	81046	44489	25697	63871	48411	19773	44511	46378	48921	37202	42759	28197	25207	36459	16958	31930	38500	101948	51444	54475	40135	38398	63830	23617	32611	21750	28636	30709	47163	34621	26798	46095	30533	24702	29034	63039	27719	22519	58036	31312	39201	28970	16367	72002	103333	54474	77325
