0	0	0	0	0	0	0	0	0	0	0	0	0	0	0	0	0	0	0	0	0	0	0	0	0	0	0	0	0	0	0	0	0	0	0	0	0	0	0	0	0	0	0	0	0	0	0	0	0	0	0	0	0	0	0	0	0	0	0	0	0
1	18798	11568	27474	27474	24582	18798	18798	23136	20244	20244	24582	13014	18798	27474	18798	23136	18798	24582	20244	8676	18798	13014	18798	24582	8676	20244	18798	18798	18798	18798	26028	13014	13014	18798	13014	18798	18798	18798	13014	17352	18798	13014	14460	18798	13014	13014	13014	18798	18798	18798	13014	13014	15906	8676	18798	20244	8676	21690	18798	18798
2	122910	102666	144600	144600	134478	17651	7407	22764	34945	24879	134478	115680	22020	29518	128694	11668	23763	35122	24316	11423	24963	14910	21493	134478	60732	25333	19345	17352	16802	115680	124356	78084	86760	105558	70854	108450	20853	19345	15304	93990	104112	15440	93990	107004	80976	80976	14039	114234	18866	22165	9838	12610	13947	9838	19772	21555	44826	118572	115680	111342
3	244374	222684	264618	264618	254496	22533	11977	28012	39565	30169	255942	235698	27106	34814	248712	16817	29328	39773	29638	16522	30375	20254	26991	254496	154722	27309	21298	1446	18796	224130	232806	185088	193764	212562	174966	215454	22855	21396	17231	202440	212562	17352	202440	215454	187980	186534	15989	222684	20761	24144	11606	14467	15909	11786	21782	23587	137370	227022	222684	219792
4	362946	342702	384636	384636	374514	23136	16020	30366	43601	34713	374514	354270	31504	39345	368730	21208	28458	43789	34255	20977	35070	24789	26374	374514	62677	12100	9379	5784	8215	53502	62677	61987	313782	62119	62677	61987	8676	9621	19181	62677	62053	19398	321012	62053	307998	57840	5784	62086	8917	10530	3615	16239	5784	4338	10050	10922	62119	62934	61954	61954
5	484410	464166	506100	506100	495978	15174	20381	18175	47419	39148	495978	63271	35879	43497	490194	25734	19083	47551	38691	25463	39518	29397	17723	494532	64906	15582	12462	11945	11249	14460	64842	64397	63106	64845	65322	64397	4820	5136	22484	65226	64749	22668	442476	31665	63040	4338	8722	31731	11945	13656	1446	19617	8961	7306	13134	14109	31665	65315	64429	64621
6	604428	582738	624672	624672	615996	18858	24385	22391	50868	43222	615996	65881	39979	47237	608766	29990	23312	51032	42809	29757	43606	33555	21836	614550	67492	18858	15462	15189	14364	28325	67431	67031	65757	67434	67882	67031	7306	7791	25764	67792	67341	26005	563940	34908	65695	27474	11439	35026	15051	16692	4193	22765	11800	10207	16008	17307	35026	67905	67031	67248
7	721554	701310	743244	743244	733122	22303	27888	25845	54056	46852	734568	68392	43551	50699	727338	33708	27034	54208	46473	33438	47248	37191	25449	733122	69915	21639	18078	17728	16657	31054	69915	69475	68272	69860	70321	69475	9785	10150	28377	70205	69802	28669	683958	37652	68212	31135	13923	37762	17491	18921	6606	25444	14513	12768	18434	19994	37762	70343	69535	69715
8	840126	819882	861816	861816	851694	25444	31127	29101	57100	50135	851694	70785	46669	53899	845910	36994	30436	57208	49739	36694	50586	40498	28679	851694	72231	24013	20152	20048	19001	33251	72259	71832	70640	72178	72595	71803	12435	12389	30495	72511	72122	30901	805422	39949	70524	33636	16020	40105	19734	21404	8569	27714	16909	14748	20777	22263	40157	72672	71890	72064
9	958698	938454	980388	980388	970266	28235	34057	32023	59991	53096	970266	73127	49675	56951	964482	39958	33428	60093	52760	39730	53642	43555	31773	970266	74387	26090	22125	22406	21084	35602	74527	74054	72847	74334	74749	73998	14315	14422	32602	74695	74334	33234	926886	42169	72679	35672	18218	42267	21745	23359	10356	29950	19222	16863	22969	24405	42365	74931	74194	74362
10	1078716	1057026	1098960	1098960	1090284	30839	36754	34879	62742	55899	1090284	75397	52389	59816	1083054	42764	36285	62841	55543	42551	56454	46362	34588	1088838	76423	28235	24109	24367	23068	37750	76693	76183	74965	76399	76774	76102	16233	16328	34639	76720	76426	35233	1046904	44230	74749	37707	20071	44371	23672	25408	12389	32028	21283	18852	24968	26373	44465	77091	76372	76534
11	1197288	1177044	1218978	1218978	1208856	33424	39262	37515	65384	58532	1208856	77605	55005	62473	111962	45486	38932	65477	58160	45146	59092	49006	37189	1208856	78411	30157	26179	26337	24891	39781	78723	78206	76990	78388	78697	78076	18290	18377	36620	66568	78440	37182	1168368	46243	76747	39533	21767	46378	25697	27456	14422	33917	23159	20849	26817	28423	46468	79158	78492	78596
12	1315860	1295616	1337550	1337550	1327428	35763	41868	40028	67881	60981	1328874	79737	57423	64996	62746	47919	41457	68001	60654	47688	61657	51474	39670	1327428	80361	32158	28243	28390	26824	41664	80764	80182	78957	80338	80614	80026	20240	20319	38659	39056	80416	39085	1289832	48126	78619	41326	23692	48298	27496	29146	16328	35763	24724	22942	28763	30471	48427	81157	80567	80642
13	1435878	1415634	1457568	1457568	1447446	38068	44129	42341	70262	63405	1447446	81839	59786	67425	65165	50317	43931	70407	63088	50097	64045	53905	42102	1447446	82189	34100	30095	30026	28404	43561	82714	82092	80864	82167	82464	81917	21921	22369	40593	40821	82292	40899	1409850	50023	80514	43188	25470	50269	29326	30878	18377	37628	26824	24944	30447	32196	50310	83107	82542	82592
14	1555896	1535652	1576140	1576140	1567464	40341	46416	44719	72594	65667	1567464	83879	62048	69735	67495	52606	46226	72706	65337	52357	66349	56192	44401	1566018	39042	35937	31775	31840	13014	45557	84575	49422	48616	60132	84239	57816	23746	23725	30848	42658	84170	42876	60732	31695	82314	41934	27055	23946	31114	32834	19799	39563	12461	26402	19401	14460	52127	84977	39921	39869
15	1675914	1655670	1697604	1697604	1687482	42442	22445	21748	74829	67915	1687482	41499	64264	72026	69744	54950	48541	74964	67597	54670	68635	58459	46716	1687482	41511	38770	34470	34650	13014	48289	86567	42290	41611	19195	42143	19195	26402	11486	20498	45247	42339	45545	63597	25789	84359	22778	12272	11668	15321	35390	9414	19941	14910	29101	16738	17365	54944	86969	42874	42778
16	1797378	1775688	1817622	1817622	1808946	44722	24571	23937	77097	70237	1808946	43782	66561	74325	72064	57263	50910	77205	69930	57034	70962	60842	49005	1807500	44358	41704	37247	37744	2892	51278	88523	45224	44545	21933	44902	22028	29172	14548	23351	48082	45224	48449	66225	28619	86375	25537	14754	14257	17840	38208	11973	22588	17490	31828	19505	20146	57870	88908	45950	45815
17	1917396	1897152	1939086	1939086	1928964	46845	26762	26101	79242	72458	1928964	46040	68750	76579	74306	59456	53170	79372	72161	59269	73214	63073	51313	1928964	46940	44445	39931	40447	8065	54023	90432	47933	47204	24450	47458	24535	31828	16817	25889	50719	47933	51068	68725	31190	88316	27949	17358	16817	20250	40677	14653	25205	20047	34519	22016	22677	60548	90817	48790	48578
18	2037414	2015724	2057658	2057658	2048982	48961	28856	28245	81338	74614	2048982	48234	70870	78743	76480	61637	55340	81463	74317	61425	75400	65226	53443	2047536	49303	47021	42348	19019	10757	56565	92279	50413	49723	26727	49839	26960	34339	19140	28417	53105	50372	53556	71136	33562	90225	30508	19723	19140	11313	43148	16657	27495	22124	37014	9838	25119	63051	92648	51428	51188
19	2155986	2135742	2177676	2177676	2167554	50949	30875	30235	83413	76669	2167554	50372	72901	80858	78570	63738	57460	83513	76382	63535	77504	67338	55525	2167554	51717	49507	44726	21493	12559	59093	94127	52893	52117	29112	52188	29254	16628	21694	30601	55501	52815	56002	73494	35951	92103	32615	21926	21404	11423	45440	19328	29956	24789	39297	12309	27643	65489	94496	54052	53748
20	2276004	2255760	2297694	2297694	2287572	52974	32768	32166	85390	78648	2287572	52425	74882	82858	80592	65773	59508	85510	78398	65545	79506	69352	57568	2287572	54022	51871	46981	23705	14568	61458	95912	55188	54478	31313	54432	31511	18863	23801	33081	57725	55114	58279	75751	38350	93929	34831	24013	23713	13605	47747	21476	32164	26806	41451	14207	29815	67803	96264	56483	56150
21	2396022	2374332	2416266	2416266	2407590	54853	34676	34108	87349	80592	2407590	54394	76799	84834	82517	67718	61521	82236	80348	67497	81442	71278	59578	2406144	56158	54017	49132	25969	16585	63694	97655	57384	56672	33368	56520	33678	20958	25815	35149	59833	57312	60429	77920	40403	95723	36968	26010	25734	15477	49866	23515	34228	28826	43596	16267	32032	69984	98007	58769	58384
22	2516040	2495796	2537730	2537730	2527608	56739	36540	36003	89258	82517	2527608	56372	78695	86778	84458	69668	63497	43198	82251	69447	83417	73211	61521	2527608	58217	26745	51234	28123	18605	65854	99419	59539	58777	35420	58594	35769	23042	27907	16677	61895	59434	62540	80026	42453	97487	38934	28013	27757	17384	51934	25552	36287	30846	45680	18320	34104	72101	99762	60973	60565
23	2636058	2615814	2657748	2657748	2647626	58597	38475	37855	91156	84410	2649072	58314	80587	88702	86378	71612	65446	45120	84179	71341	85322	75127	63465	2647626	60199	28768	53210	30191	20626	67946	101087	61616	60845	37468	60531	37688	24953	29990	18685	63892	61483	64581	82042	44502	99209	40907	30019	29781	19211	53848	27663	38342	32867	47632	20371	36171	74145	101422	63134	62705
24	2757522	98444	2777766	2777766	2767644	60398	40215	39776	84197	86282	2769090	39665	82412	90588	48465	73449	67337	47006	86027	45160	87214	77017	65321	101185	62086	30792	55082	31996	22464	69919	102747	63557	62812	39357	62375	39671	24582	32066	20496	65829	63397	66558	84002	46458	100867	42836	31833	31741	20877	55766	29198	40191	25103	45308	22418	38016	76108	103082	65189	64709
25	2877540	63594	2899230	2899230	2889108	62510	42370	42006	46370	42498	2889108	30053	84381	92428	43534	75599	69531	49156	42449	36624	89123	79061	67521	62812	63917	32626	57137	33826	24589	71891	104407	65504	64685	41258	64293	41458	12610	33953	22160	67682	65317	68447	85898	48290	102527	44819	33856	33584	22787	57623	31127	42103	16628	24535	24205	39930	78056	104733	67209	66713
26	2999004	66036	3019248	3020694	3010572	64808	44747	44309	48762	44913	3010572	32447	86397	94254	45938	77826	71944	51576	25667	39036	91027	81214	69914	65261	65884	34481	58949	35734	26227	73831	105972	67395	66597	43027	66093	43363	14611	35565	24139	69542	67271	70316	87766	50097	104167	46453	35473	35507	24716	59561	33256	43932	18187	26177	25949	41906	79928	106291	69167	68657
27	3119022	68482	3140712	3140712	3130590	67181	47133	46762	51201	47292	3132036	34854	88337	46626	22409	79984	74274	54040	22395	41455	92853	83289	72314	67675	30366	16424	27474	17245	12272	75779	51693	31812	68575	45002	34524	20244	16620	17171	26128	71433	69167	72282	89606	24463	51020	22071	37463	16424	26347	28636	34841	20753	20042	27946	27956	43790	38857	107868	33320	33168
28	3240486	70959	3262176	3262176	3252054	69650	49781	49427	53874	23590	61954	16802	43570	49256	25043	39254	76530	26504	25031	20358	45286	41499	74638	15304	4338	19235	14096	8575	14895	77999	54417	35467	33788	47811	15304	22946	8065	19980	28852	35650	34423	74606	44042	11226	53509	24824	40239	19235	29193	13947	37590	10258	9151	13433	30651	46716	41787	109464	36415	36219
29	3361950	73323	3382194	3382194	3373518	72059	53150	52743	56964	27043	64557	20394	46994	52624	28538	42838	78748	30103	28454	23848	48762	45086	76908	18741	16296	22533	16929	11141	17715	80157	57478	38657	37068	50952	18175	26009	10951	23081	31930	38610	37702	76850	47304	14345	56584	27904	43263	22066	32173	16805	40713	13293	11945	16507	33870	50008	45029	110989	39892	39610
30	3481968	75613	3503658	3503658	3493536	74385	56246	55897	59931	30307	67155	23704	50226	55747	31841	46185	80888	33375	31767	27192	52121	48406	79086	21826	18907	25400	19561	13982	20348	82268	60348	41599	39922	53753	20749	28889	13369	25726	34793	41406	40511	79056	50146	16889	59356	30604	45998	25070	34897	19454	43469	15877	14484	19088	36637	52897	47922	112483	42943	42633
31	3603432	77865	3625122	3625122	3615000	37585	59175	58880	62717	33434	69685	26913	53338	54019	34950	49387	40117	36579	34883	30371	55274	51588	81213	25027	21491	27900	22162	16585	23038	84315	63055	44252	42584	56340	23303	31372	16071	28416	37212	43977	43135	81184	52716	19420	61905	33020	48538	27449	37586	22068	45921	18434	17128	21648	39152	55525	50525	113995	45743	45362
32	3724896	80023	3745140	3745140	3736464	40606	61999	61721	31413	36519	72093	29983	56351	29447	38182	52550	43295	39781	38013	33431	58291	54736	83313	28082	23792	14043	24653	18492	25362	86307	65617	46710	45040	58809	25521	33795	17919	31005	39744	46360	45608	83259	55206	21750	64350	35562	50990	29914	39886	24141	48293	20575	19306	23847	41565	58072	53038	115489	48338	47933
33	3844914	82114	3866604	3866604	3856482	43513	64697	64395	34441	39518	74418	33330	59309	32595	41209	55640	46523	42841	41104	36516	61155	57744	85318	31169	26128	16252	26837	21125	27714	88273	68107	49168	47458	61114	27784	36110	20525	14334	42024	22538	47994	85291	27656	24025	66706	37713	53325	32254	42257	26603	50674	23060	21745	11486	43891	60501	55436	116938	50922	50495
34	3966378	84191	3988068	3988068	3977946	46277	67260	66967	37388	42351	76696	36023	62059	35464	44121	58532	49409	45737	43975	39410	63857	60599	87303	33913	28196	18533	29140	23284	29811	90182	70539	51508	49880	63498	30083	38500	22557	16629	44467	24740	50348	87277	29965	26182	69010	39955	55561	34673	44502	28781	52984	25051	23672	13346	46323	62907	57842	118366	53415	52932
35	4087842	86183	4108086	4108086	4099410	48927	69727	69443	40012	45005	78856	38742	64691	38168	46762	61219	52177	48418	46625	42054	66446	63299	89235	36620	30328	20662	31340	25747	32028	92040	72805	53710	52028	65664	32153	40596	24674	18864	46558	26840	52557	89140	32107	28393	71179	42125	57747	36708	46591	30872	55127	27278	25939	15387	48462	65129	60046	119777	55758	55188
36	4207860	88132	4229550	4229550	4219428	51358	72105	71830	42473	47556	80967	41478	67161	40640	49301	63789	54763	50957	49171	44680	68939	65814	91134	17352	32318	22774	33393	27768	34100	93844	75005	55854	54166	67732	34218	42687	26855	20759	48644	28856	54637	91043	34235	30509	73255	44188	59786	38742	48676	32892	57217	29335	27947	17307	50507	31619	62135	121188	57939	57420
37	4329324	90041	4351014	4351014	4340892	53757	74429	74164	45028	49971	83042	43950	69571	43113	51835	66225	57266	53448	51591	47113	71343	68297	92960	19612	34252	24789	35444	29861	35995	95642	77138	57960	56224	69770	36164	44722	28869	22770	50722	30808	56715	92847	36237	32488	75277	46158	61784	40773	50712	34913	59167	31322	29957	19140	52552	33655	64221	122616	60137	59574
38	4449342	91905	4471032	4471032	4462356	26346	76652	76424	47314	52316	85034	46290	71896	45544	54172	68635	59704	55863	53979	49468	54504	70664	94786	21921	36309	26806	37157	31944	37848	97364	79152	59919	58209	71713	37955	46713	30753	24702	52601	32641	58713	94651	38133	34292	77167	47959	63688	42854	52669	36933	61020	33126	31775	21109	54480	35632	66210	123967	62191	61616
39	4570806	93731	4592496	4592496	4582374	28617	78866	78620	49827	54706	87050	48854	74228	47932	56634	71049	62168	58218	56412	47718	36738	73038	96562	24181	38364	28536	39061	33592	39927	99086	81076	61814	60055	73547	39768	48495	32842	26254	54375	34496	60579	96391	39937	36176	79024	49987	65569	44790	54442	38581	62850	35133	33802	22818	56234	37449	68080	125295	64147	63525
40	4692270	95555	4712514	4712514	4703838	13796	81001	80765	52176	57140	88962	51249	76485	50412	59055	73410	64669	60710	58807	25627	39195	75365	98305	26637	17352	30439	41129	14460	19019	100769	82976	63749	61946	75397	19019	23145	34687	28166	37596	36312	62422	98134	19019	19762	38373	51652	31355	46514	56234	40417	64722	36918	15725	24660	58078	17352	69932	60800	30366	65411
41	4812288	97298	4833978	4833978	4823856	16040	83076	82865	54648	59512	90871	53843	78679	37026	61523	75697	67109	63143	61214	27957	41605	77600	100026	28957	20149	23859	43191	16738	21101	102429	85019	65938	64133	77553	21101	25294	36946	30162	27881	38421	55106	99883	21200	18416	40527	53808	33469	48770	58394	42466	66881	39046	17722	26843	60235	19505	72163	62702	32673	67757
42	4933752	99041	4955442	4955442	4945320	18236	85115	84888	57085	61954	92721	26745	80821	26771	63947	77920	69580	65606	63688	30380	44023	79758	49580	31500	22403	16103	45251	19072	23262	104089	87011	68147	66372	79685	23172	27349	39020	32420	29965	40572	31965	101543	23351	20353	42670	26195	35574	51009	60575	44653	69000	41265	19938	28859	62418	21634	74375	64962	35003	70026
43	5055216	100747	5075460	5076906	5066784	20499	87107	86880	59598	64461	94547	29198	82921	29150	66471	80078	71991	68096	66158	32938	46582	81859	52020	33913	24365	18290	47307	21048	25401	105708	88925	70316	68537	81764	25237	29402	41041	34528	32042	42664	34102	103203	25483	22494	44753	28184	37669	53147	62649	46735	71083	43370	22025	30878	64527	23658	76519	67113	37187	72282
44	5175234	102407	5196924	5196924	5186802	22811	89017	88823	62002	66845	96313	31788	84942	31547	68903	82192	74319	70528	68540	35251	48962	83947	54424	36278	11226	20343	49359	23033	27298	107285	90857	72422	70577	83807	27068	31384	43106	36571	34052	44655	36169	104867	27450	24448	46743	30109	39602	55207	64655	22165	73107	45376	23930	32897	66568	25683	78582	69224	39355	74410
45	5296698	104047	5318388	5318388	5308266	24821	90926	90709	64348	69145	98056	33996	86910	33835	71221	84218	76546	72851	70870	37586	51312	85915	56764	38551	13283	22204	51450	25027	29069	108862	92686	74438	72618	85751	28925	33372	45170	38557	36066	46561	38124	106444	29282	26333	48695	32048	41592	57187	66599	24058	75027	47339	25773	34859	68577	27709	80628	71270	41406	76472
46	5418162	105630	5438406	5438406	5429730	26914	92730	92522	66550	71310	99768	36242	88805	36033	73408	86186	78712	75050	73041	39782	53560	87852	59006	40695	14917	24008	53304	27025	30872	110437	94490	76364	74578	87672	30872	35306	21458	40395	37970	48432	40033	108021	31140	28387	50566	33813	43443	59032	68547	26052	76890	49222	27643	36543	70471	29526	82553	73259	43457	78458
47	5538180	107207	5559870	5559870	5549748	28925	94534	94348	68679	73410	101408	38354	90691	38158	75533	88111	80853	77156	75179	41815	55673	89738	61135	42780	16889	25764	55060	28813	32829	111931	96259	78250	76445	89489	32639	37138	23141	42445	39885	50274	41905	109617	33081	30024	52414	35665	45263	60855	70355	27754	78731	50999	29323	38532	72348	31368	84397	75200	45414	80408
48	5659644	108765	5681334	5681334	5671212	30872	96301	96102	70714	75454	79867	40407	74303	34306	77606	57542	60132	44310	66661	43844	57676	91593	63192	44857	7519	27784	34317	30631	34794	113425	98002	38198	46496	43807	15591	17366	12854	44307	41664	52212	43836	52935	34913	27474	24835	37590	21263	29840	72264	29568	80621	24378	31377	20319	55972	33358	41149	77171	21844	39175
49	5781108	110327	5801352	5801352	5792676	15184	98044	97845	72974	77634	51635	42797	45942	19836	79712	44832	41849	39636	38739	46233	60059	93441	65590	47238	10153	30495	28773	33420	37325	114937	99737	40923	39375	46468	17839	19834	12367	46892	44313	54758	22114	55265	16877	15858	27385	40098	23850	32570	36453	32128	82721	27049	33982	20457	37695	36049	43829	79366	24624	42033
50	5901126	111839	5922816	5922816	5912694	17723	99777	99588	75303	79792	25902	45786	23176	22588	35122	47737	20964	42560	41576	49180	62775	95257	31639	50126	12559	33296	31464	36221	39953	116417	101397	43712	42120	49146	20454	9601	14833	49593	22409	57406	24780	57999	19515	18416	29994	42749	26418	15988	39142	34856	84750	29758	36627	22954	40402	17723	21652	81482	27422	44891
51	6022590	113333	6044280	6044280	6034158	21058	101437	101268	77541	81892	29363	49393	26528	26177	4338	51165	24367	41934	45110	52552	65477	97000	16716	53439	14711	35991	34123	38873	42564	117828	103077	46422	44880	51767	22951	11945	17427	28334	24960	60042	27411	60670	22119	20759	32584	45379	28972	18528	41705	37493	86742	32238	39197	10845	18798	20353	24197	83557	30235	47707
52	6144054	114827	6164298	6164298	6155622	24533	103117	102928	79699	83978	33278	52750	30194	29956	18404	54448	28317	24111	23937	55716	68031	98764	18752	56592	17205	38820	36815	19398	45205	119256	104728	49187	47610	54450	25530	14484	20098	26348	27574	30053	30087	63368	24785	23402	35217	47992	31513	21156	44305	40111	88690	34956	41906	13124	22031	23043	26886	85577	33183	50566
53	6264072	116330	6285762	6285762	6275640	28018	104766	104586	81827	85970	36942	55904	33767	33801	22204	57508	32035	27724	27574	58709	70494	100463	22493	59539	19801	41401	39161	21921	47871	120667	106305	51806	50187	57006	27793	17006	22449	22586	30097	32511	32542	65941	27111	25855	37775	50428	34047	23490	46846	42517	90599	37476	44354	15603	24622	25693	29399	87551	35829	53272
54	6385536	117741	6407226	6407226	6397104	31378	106343	51660	83892	87927	18864	28989	37159	37358	25521	60410	35770	31315	31048	61593	72902	102123	25854	62342	21995	44113	41674	24181	50190	122078	107901	54297	52638	59451	30299	19198	24744	14043	32423	34854	35001	68420	29535	28387	40118	52867	36346	25934	49256	45069	92439	39938	22020	17616	26961	28092	14244	89460	38398	55880
55	6505554	119152	6527244	6527244	6518568	34588	107939	54918	85884	89859	22120	32503	40470	40855	28885	63181	39251	34771	34411	64303	75207	103803	13276	65029	24419	46400	43899	26715	52563	123476	109478	56681	55058	61764	32419	21455	27074	16252	34831	37157	37297	70754	31837	30573	42426	55090	38668	28239	51552	47221	94287	42208	24185	20158	29255	30437	16554	91372	40907	58269
56	6627018	120580	6648708	6648708	6638586	37632	109516	57916	87868	91731	25285	35786	43624	44167	32218	65797	42593	37910	37635	66878	37502	105418	16252	67607	26464	48706	46106	28885	54756	124804	111003	58890	57258	63957	34587	23672	29288	18192	36968	39273	39563	72957	34104	32802	44616	57253	40856	30436	53714	49403	96065	44408	26248	22130	31314	32612	18576	93198	43268	60624
57	6748482	121991	6768726	6768726	6760050	40599	111039	60761	89777	46711	28387	38896	46605	47245	35115	68311	45732	41059	40703	69357	40632	106995	19305	70055	28507	50905	48167	30901	56828	126132	112515	61023	59381	30366	36570	25697	12956	20254	39040	41329	41654	75071	36171	34888	46656	27625	42884	32547	55784	51492	97787	46458	28308	24198	33369	34768	20499	95024	45508	62828
58	6868500	123379	6890190	6890190	6880068	43458	112551	63518	91653	47033	31112	41922	49445	50214	38119	70765	48712	43980	43604	71776	43537	108591	22124	72422	30549	53088	50267	33045	58893	127476	114009	63182	61533	33095	38611	27722	14769	22312	41059	43383	43787	77204	38287	36965	48738	29658	44957	34587	57856	53540	99551	48591	30431	26182	35480	36909	22535	96768	47769	65053
59	6989964	124723	7011654	7011654	7001532	46001	114045	66117	93501	49728	33800	44694	52132	52976	40848	73108	51514	46674	46318	74084	46301	110162	24789	74717	32652	55151	52285	35115	60890	128804	115503	65236	63573	35045	40548	29748	16758	24194	43124	45389	45773	79215	40242	38932	50690	31559	46850	36570	59855	55506	101192	50589	32286	28320	37469	38879	24568	98490	49887	67140
60	7111428	126051	7131672	7131672	7122996	48498	115539	68620	95315	52281	36514	47302	54644	55563	43356	75378	54133	49301	48839	76320	48865	111656	27344	76931	34507	57168	54182	37014	62789	130132	116968	67193	65520	37003	42494	31512	18533	26098	45049	47263	47721	81162	42102	40701	52532	33475	48755	38503	61752	57550	102832	52435	34283	30167	39357	40752	26367	100182	51875	69130
61	7231446	127379	7253136	7253136	7243014	50869	117002	71034	97058	54710	38826	49816	57010	58037	45860	77587	56633	51675	51315	78494	51219	113168	29608	79082	36152	58979	56055	39085	64599	131427	108860	69092	67380	38648	44166	33369	20151	28095	46762	49107	49591	82987	44025	42690	54422	35228	50543	40293	63561	59280	104472	54366	36167	31712	41208	42690	28197	101822	53830	71063
62	7352910	128723	7374600	7374600	7364478	53131	98250	73339	98780	35904	41257	52125	38182	60366	48062	79719	39765	54020	53562	80619	53625	114662	32035	81184	38215	28853	26432	41101	31685	62842	57729	71114	33092	11259	46136	35185	22030	29957	48839	51010	51591	84933	45956	44679	56399	37121	24365	19666	65508	61198	106053	26511	38068	25103	19560	20255	30191	103482	25415	73143
63	7474374	130051	7494618	7494618	7485942	55451	58264	75628	100498	28845	43602	54638	29518	62842	50577	81821	29658	56489	56008	82694	56030	116156	34350	83284	40276	31207	28623	43212	33840	65194	60075	73361	35337	8818	48283	37579	24280	19584	51035	53265	53827	86925	48197	46760	58620	39345	26493	21877	49405	48136	107630	28623	40290	16753	21782	22406	32447	105132	27762	75439
64	7594392	131336	7616082	7616082	7605960	57928	60755	77854	102158	31332	46091	57256	31951	65416	53049	40246	32211	59020	58460	84724	58621	56686	36967	85291	42625	33393	30792	45725	36038	67522	62460	75622	37612	10757	50459	39827	26650	15321	53367	55504	56116	88843	23590	49089	28660	41598	28681	24054	33652	31479	109226	30859	42491	19083	23880	24706	34674	106709	30132	77672
65	7715856	132596	7737546	7737546	7727424	60331	63252	80038	103818	33757	48669	59764	34334	67912	55558	42838	34694	61556	61013	86740	61101	59245	39463	87277	44940	35792	33005	47976	38270	69857	64792	77848	39860	12725	52702	42005	28682	17723	55527	57656	58422	90775	25864	51393	30760	43781	30845	26209	35803	33586	110764	33131	44630	21254	25969	26961	36989	108286	32584	79856
66	7837320	133856	7857564	7857564	7848888	62643	65616	82128	105451	36133	50992	62257	36672	70350	58032	45143	37121	63947	63371	88665	63550	61636	41758	89209	47010	37986	35137	50085	40379	72032	67011	79980	42085	14568	54778	44026	30711	19729	57678	59768	60602	92607	27877	53560	32912	45859	32866	28344	37887	35625	112258	35255	46801	23312	27975	28970	39114	109882	34743	81928
67	7957338	135101	7979028	7979028	7968906	64905	67866	84157	107028	38359	53287	64563	38868	72651	60327	47468	39398	66223	65665	90574	65838	63929	44167	91109	48950	40057	37090	52148	42332	74107	69096	82022	44102	16585	56668	46092	32741	21740	59685	61766	62642	94433	29893	55525	34814	47803	34769	30397	39912	37663	113770	37202	48751	25119	29984	31047	41129	111385	36830	83965
68	8078802	136361	8100492	8100492	8090370	67027	70045	86149	108586	40463	55525	66789	40997	74884	62474	49723	41598	68423	67853	92415	68050	66144	46407	92913	50733	42025	38944	54204	44245	76126	71118	83983	45941	18265	58633	48112	34770	23491	61655	63703	64552	96183	31779	57388	36841	49671	36798	32191	41790	39544	115264	39050	50744	26957	31931	33056	42999	112879	38858	85933
69	8200266	137606	8220510	8220510	8210388	69081	72132	88076	110157	42510	57640	68971	43065	76990	64581	51797	43734	70554	69945	94219	70193	68257	48542	94717	52651	43763	40866	47935	46078	78021	73028	85855	47838	20011	60467	49927	36516	25285	63499	65491	66437	70194	33558	59193	38600	51427	38504	34070	26612	18304	116725	40917	52662	28678	33765	34890	20244	114391	40783	87869
70	8320284	138866	8341974	8341974	8331852	71074	74148	89985	111633	44556	59683	71055	45039	79061	66651	53870	45814	72596	72004	95979	72247	70307	50583	96475	54614	45751	42797	27429	48012	79971	75031	87794	49789	21805	62280	51714	38397	27265	65417	67382	68390	48512	35483	61249	40436	53399	40396	35966	21063	20149	118153	42893	54473	30708	35560	36687	22114	115885	42816	89778
71	8441748	140064	8463438	8463438	8453316	72986	76111	91830	113109	46554	61653	73080	47017	81064	68687	55825	47803	74612	73968	97722	74207	72273	52547	98197	56364	47699	44551	29192	49832	81914	76975	89680	51739	23639	64137	53677	40243	29182	67308	69275	70290	50268	37362	63105	42289	55187	42250	37821	22957	21933	119564	44643	56301	32547	37491	38559	23925	117312	44754	91654
72	8561766	141226	8583456	8583456	8573334	74856	78007	93634	114603	48468	63593	75027	48873	82989	70577	57716	49713	76532	75884	99444	76141	74177	54437	99923	49268	22782	46461	31054	51661	83807	78891	91538	53547	25504	65973	24582	42250	30709	32599	71059	72117	23136	39148	30366	44157	56987	44026	39693	24622	23670	120975	18798	26983	34104	17591	17352	10845	55880	46656	42866
73	83354	142374	8704920	8704920	8694798	76719	79853	95441	72033	50226	65477	76944	50699	84863	33258	59617	51627	78386	44945	73889	42618	52779	56266	101563	29020	24879	48594	33375	53855	85799	81025	93364	55808	27543	68091	27512	44355	33117	34817	73251	74357	25870	41461	32609	46354	59153	46182	41878	26651	25776	122403	22594	28989	36342	19718	19398	12963	58894	49074	46212
74	64131	63172	8824938	8824938	8816262	78774	39701	97184	57098	52519	67701	54174	25300	86831	36170	41934	53899	80490	38951	49790	39004	38052	58564	103243	31162	19377	50756	35602	55958	87787	83100	95205	57988	29511	70204	29482	46407	35360	36956	40420	53556	27957	43558	34765	48491	61278	48284	43998	28682	27796	123766	24708	31065	26235	21730	21440	14917	61027	51338	48484
75	66711	65788	8946402	8946402	8936280	80938	42376	98948	28628	55241	70204	40156	27883	88776	38931	31335	27131	82590	41726	52573	41776	40785	61318	104886	33289	13258	52945	37695	58132	89696	85138	96948	60183	31814	72314	31525	48670	37467	39083	37420	37997	30174	45735	36963	50576	63428	50460	46201	30913	29956	125094	26886	33261	19181	23746	23658	16889	63285	53662	50774
76	69225	68332	9067866	9067866	9057744	83013	45259	100638	31332	58084	72594	43043	30652	90685	41806	34248	30109	84624	44558	55476	44650	43726	64074	106463	35346	15447	55053	39833	60252	91575	87130	98691	62301	33900	74386	33628	50788	39514	41199	39469	40068	32238	47814	39037	52619	65503	52547	48344	32930	32034	126438	28900	35319	21147	25764	25764	18985	65461	55881	52963
77	71677	70814	9187884	9187884	9179208	85030	47922	102298	34062	60750	74910	45837	33314	92521	44540	36985	32816	86616	47260	58236	47392	46481	66656	108059	37289	17358	57001	41913	62236	93401	89016	100413	64350	35805	76314	35607	52781	41557	43162	41464	42134	34236	49889	41006	54697	67456	54475	50354	34830	33923	127766	30847	37263	23033	27784	27709	20870	67566	57987	55032
78	74016	73155	9309348	9309348	9299226	87046	50443	103978	36703	63313	77178	48512	35719	94369	47111	39533	35314	88570	49818	60795	50023	49033	69142	109636	39186	19078	58887	43843	64159	95219	90902	102073	66303	37668	78202	37645	54703	43410	45086	43321	44102	36124	51837	42881	56519	69376	56266	52250	36799	35769	129094	32679	39214	24776	29736	29596	22780	69576	60047	57088
79	76254	75424	9430812	9430812	9420690	88959	52882	105584	39055	65704	79320	50965	38134	96143	49508	41973	37810	90479	52207	63258	52443	51459	71539	111152	40997	20754	60850	45827	65963	96941	89652	103733	68140	39338	79996	39474	56669	45093	46886	45099	45896	38026	53564	44586	58243	71156	58144	54110	38559	37633	130438	34471	41074	26793	31566	31368	24709	71437	61971	58971
80	78430	77631	9550830	9550830	9542154	90868	55140	107161	28390	44706	70256	53339	27724	97886	51872	44230	18190	85048	54526	65559	54754	24835	62290	99994	43065	8715	37902	8676	31487	47566	46055	105351	33665	19303	81913	18866	27593	21263	48958	47162	22445	40094	26745	21444	60326	34406	27474	20511	40600	39723	62941	16118	28244	11568	33544	33482	11412	34766	64190	28368
81	80582	79815	9672294	9672294	9662172	92718	57878	108757	21101	34264	41261	56167	20252	99647	49665	47040	20861	46122	57294	68080	57546	27385	36850	54911	45859	11616	32198	10642	34267	50514	49014	106947	36561	22028	83998	21452	30252	24111	51748	49891	25157	42842	29482	24185	63067	37131	29938	12963	43363	42446	65633	18752	21936	14627	36335	36392	14198	37740	66799	31295
82	82657	81914	9793758	9793758	9783636	46325	60760	110319	24568	37722	44683	59135	10442	101307	28036	50351	24450	23884	60208	34517	29728	14322	40393	28325	48577	14509	15842	13277	36947	53417	51921	108524	18073	24704	85990	24107	14906	26809	54546	25122	27904	45648	32242	26952	65720	39825	14678	15468	46092	45186	68182	21352	24622	17249	39032	39244	7114	40649	69340	34212
83	84713	83975	9913776	9913776	9903654	49853	63517	111813	28417	37596	48373	61994	13894	102967	31918	53652	28462	27754	62985	38495	33661	6828	44399	32236	51227	5784	18290	15863	39602	56241	54786	110099	7230	27267	87947	26805	17486	29470	57276	27721	30604	48376	34901	29530	68266	19303	17295	18084	48754	47854	70640	24017	27192	19733	41651	42047	2892	43457	71759	37065
84	86705	85991	10035240	10035240	10025118	53178	66148	113325	32191	21782	51797	64692	17371	104642	35665	56790	32229	31540	65675	42290	37455	10293	48109	36008	53785	8740	20749	18421	42185	58960	57540	111611	10064	29956	89879	29254	20147	32036	59885	30232	33146	51119	37590	32027	70692	21742	19561	20669	51314	50337	72987	26411	29748	22030	44207	44673	5136	46180	74095	39816
85	88632	87948	10155258	10156704	10146582	56273	68710	114819	35618	25154	54972	67286	20663	106219	39209	59696	35827	35033	68223	45815	40946	13317	51472	39469	56223	10695	23123	20764	44619	61499	60101	113105	12488	32293	91750	13796	22494	34411	29700	32613	35736	53488	39994	34643	73037	24020	21878	15779	53677	52781	75262	28894	32035	10530	46666	47150	7791	48752	76357	42387
86	90564	89857	10276722	10276722	10266600	59201	71150	116305	38849	28197	57968	69809	23496	107796	42358	62457	39039	38151	70680	48958	44204	15897	54664	42648	58593	13159	25439	23318	47011	64020	62618	114599	14509	34709	93576	15909	24786	36912	32056	34948	37988	55938	42407	36905	75337	26256	24141	11606	56081	55156	77501	31311	34530	12702	49084	49672	9725	51272	78556	44947
87	92406	91751	10398186	10398186	10388064	61958	73479	117733	41679	31073	60777	72185	26337	109392	45241	65109	42005	41081	73025	51868	47105	18788	57568	45557	60870	15225	27709	25453	49245	66356	65009	116111	16906	36798	95407	18005	27035	39199	34309	37134	40317	58184	44689	39247	77547	28389	26446	13605	58319	57425	79633	33490	36855	14548	51348	51988	11691	53638	80653	47281
88	94232	93577	10518204	10519650	10509528	64561	75736	119144	44374	33703	29853	66080	28898	110921	47992	67653	44772	43765	75298	54622	49838	21386	60331	21786	63001	17403	29806	27572	51381	68582	67252	117525	18891	38880	97150	20191	29111	41259	36420	39251	42517	60337	46770	41354	79653	30506	28563	15612	60434	59544	81689	15906	38880	16692	53478	54128	14129	55821	82703	49545
89	96033	95387	10639668	10639668	10629546	67159	77984	120555	47219	36424	32646	37695	31578	112415	50797	70129	47682	46605	77562	57456	52658	24131	63105	24571	65060	19656	31828	29748	53432	70737	69449	118936	20785	40906	98893	22162	31179	43316	38523	41308	44609	62451	48889	43455	81708	32485	30533	17623	62479	61621	83759	17651	40906	18587	25822	56261	16328	58000	84733	51747
90	97776	97151	10761132	10761132	10751010	69689	80142	121983	49985	39167	35333	40504	34229	113927	53608	72521	50501	49403	79694	60225	55409	26905	65725	27225	67022	21676	33791	31775	55403	72801	71517	120364	22795	42931	100566	24055	33117	45371	40516	43267	46605	64495	50920	45412	83706	34469	32319	19641	64490	63594	85703	19664	42979	20407	27762	58279	18263	60093	86701	53861
91	99519	98894	10881150	10881150	10872474	72068	82228	123371	52680	41779	37993	43225	36855	115421	56311	74866	53210	52092	40117	62903	58138	29415	68271	29778	68926	23342	35585	33617	57341	74812	73526	121775	24807	45002	102206	25889	34947	47378	42414	45048	48518	66444	52906	47285	85602	36344	34253	21757	66377	65447	87603	21491	44864	22263	29645	60293	19799	62082	88605	55853
92	101202	100587	11002614	11002614	10992492	74394	84277	124699	55319	44327	40577	45827	39251	116874	58887	77080	55859	54644	42767	65504	60700	31792	70726	32449	70866	25310	37570	35596	59217	76783	75512	123175	26354	46761	49496	27601	36965	22782	44277	47025	50438	68397	54787	22722	41661	38126	36024	23858	32330	67369	89466	23350	46717	24062	31547	62276	21803	64073	90514	57851
93	102862	102267	11124078	11124078	11113956	76619	86245	126043	57728	46735	43054	48332	41658	118302	61326	79226	58354	57154	45075	67967	63166	34485	73070	34796	72813	27213	39456	37634	61204	78810	77586	124519	28404	48796	51300	29495	39038	24711	46243	48922	52370	70384	56785	24740	43606	40035	38041	25626	34325	69382	91355	25236	48670	26055	33526	64293	23637	66128	92358	59884
94	104522	103927	11244096	11244096	11235420	78782	88168	127371	60108	49023	45396	50752	43979	119713	63698	81322	60740	59455	47447	70316	65503	36531	75342	37103	74716	29060	41401	39619	63094	80772	79536	125847	30247	50583	53041	31538	40752	26500	48169	50870	54378	72292	58712	26606	45465	42005	39849	27278	36207	71220	93159	27144	50583	27832	35335	66217	25664	68091	94206	61879
95	106101	105516	11365560	11365560	11355438	80895	90054	128699	62327	51250	47620	53019	46092	121124	65951	83372	63040	61702	49661	72562	67756	38789	77552	39275	52110	31131	43116	41508	64895	66392	81420	127175	16189	52508	55032	33331	42592	28395	49982	52625	56172	74112	60544	28274	47248	43744	31668	29264	37887	73043	94963	28852	44218	29501	15906	56575	27465	69972	90163	63812
96	107659	107093	11487024	11487024	11476902	82945	91896	130043	64471	53382	49744	55160	48155	122552	68070	85375	65194	63833	51817	74717	69909	40972	79684	41381	37667	33135	45179	43650	32075	40705	83470	128519	15457	54551	56980	35326	44679	30443	52047	54665	58265	76212	62652	30332	49303	21444	20293	14096	39912	75073	46802	30871	26062	31543	18529	33342	29509	72118	47465	65999
97	109236	108651	11607042	11607042	11598366	84965	93722	131328	66576	55467	24206	57321	50214	123907	70213	87334	67369	31289	53889	76823	72026	19772	38414	43481	18175	35141	47370	45822	15320	42886	85469	129847	17366	56705	59076	37436	46848	32425	54222	56777	60484	78364	64754	32449	51437	23396	22348	16040	42036	77206	48878	32954	28208	33708	20557	35513	31747	74358	49720	68206
98	110773	110237	11728506	11728506	11718384	86957	95525	132588	68855	57764	26348	59653	52508	125235	72491	89266	69682	33469	56102	79004	74325	21972	40719	45798	20137	37374	49420	47940	17244	45051	87447	131145	19409	58774	61067	39537	48963	34473	56279	58809	62560	80444	66850	34496	53525	25443	24312	18121	44102	79243	50950	34971	30201	35739	22586	37612	33776	76503	51994	70402
99	112285	111731	11849970	11849970	11839848	88896	97289	133833	71117	59938	28619	61988	54703	60218	42753	91164	71974	35690	58339	81134	76579	23967	42947	48088	22016	39372	51388	50009	18973	47072	89356	132405	21353	60740	62961	41479	50910	36519	58261	60808	64569	82444	43838	36483	55455	19377	26288	19878	46031	54872	30633	36988	32070	37661	24448	39600	35803	78566	54095	72505
100	113779	113225	11969988	11969988	11959866	90805	99032	135093	73447	62294	30922	64366	26745	63239	37585	92990	74275	38054	60760	83234	78769	11668	45339	50356	23921	41523	53478	52074	20958	49177	91250	133650	23313	62743	64958	43527	52975	38562	60310	62776	66671	84484	33849	38529	57464	13099	28344	21878	48010	40065	26300	17723	34140	39698	26412	41690	37832	80688	56266	74661
101	115273	114737	12091452	12091452	12081330	92636	100718	136353	75759	64695	33376	66846	28984	65665	39989	94838	76558	40481	63092	85243	80908	13809	47781	52838	25764	43569	55447	54171	22951	51277	93076	134910	25367	64714	66892	45526	54968	40603	62325	64746	68677	86452	35815	40470	59477	14754	30260	23881	50035	42033	28282	19729	36148	41734	28387	43679	39808	82738	58319	76741
102	116751	116228	12211470	12212916	12202794	94484	102398	137598	77954	66979	35661	69236	31261	68003	42305	96591	78749	42819	65435	87231	83008	15921	50145	55099	27709	45429	57348	56155	24785	53252	94902	136170	27341	66625	68890	47307	56920	42596	64213	66656	70597	88366	37733	42419	61389	16620	31996	25889	51979	43865	29994	21547	37940	43627	30231	45626	41590	84718	60400	78743
103	118162	117639	12332934	12332934	12322812	96253	104058	138858	80086	69215	37806	71514	33442	70264	44547	98334	80864	45033	67690	89140	85026	18132	52325	57334	29456	47477	59224	58037	26411	55122	96631	137430	29039	68482	70599	49317	58773	40488	66078	68482	72469	90229	39506	44329	63175	18181	33765	27676	53739	45669	31810	23313	39858	45394	32033	47537	43441	86614	62347	80683
104	119573	119067	12454398	12454398	12444276	61864	51100	102974	57217	52255	24283	73691	19077	36108	46634	89927	57044	27049	31812	91043	86994	8215	50610	27625	11568	30160	24582	27474	13841	26893	47566	62809	31112	14460	14460	20244	11568	8676	14460	33258	41416	70465	18798	39327	28920	12773	15906	11568	24582	21690	22818	25367	18798	21690	14460	21690	45491	42106	30541	40194
105	121001	120478	12574416	12575862	12565740	49271	54082	63754	41661	36795	20137	75968	18573	36851	49850	50487	42778	24740	35172	92869	88909	10868	27888	30894	16554	26104	31604	31229	14895	30853	51086	65478	34947	17591	18415	13028	15311	12120	18175	36756	38780	46746	22161	24024	16629	10868	19126	15862	28912	25240	18072	29039	22255	25322	18060	24991	49117	45960	34861	44170
106	122412	121889	12695880	12695880	12685758	52598	57196	66377	45281	40394	23658	78207	21971	40547	53175	53778	46490	28274	38711	94695	90841	14364	31525	34394	19773	29613	34972	34814	18181	34356	54297	68062	38395	20849	21643	16182	18523	15326	21440	40048	42207	50118	25483	27346	19834	13768	22254	19088	32113	28420	21156	32420	25483	28566	21245	28420	52416	49471	38588	47771
107	123775	123299	12817344	12817344	12807222	55723	60115	68932	48588	43601	26871	80365	24987	43836	56270	56836	49839	31540	42045	96475	92670	17272	34841	37675	22535	32807	37931	37840	20854	37530	57293	70524	41457	23658	24362	19140	21348	18193	24095	42943	45237	53158	28636	30235	22678	16657	25153	22124	35137	31408	24104	35360	28490	31408	24181	31606	55475	52628	41786	50955
108	125119	124627	12937362	12937362	12928686	58610	62829	71365	51597	46583	29806	82443	27900	46935	59163	59706	52932	34496	44994	98218	94496	20173	37865	40742	25154	35599	40672	40742	23397	40351	60173	72903	44260	26323	27034	21790	24100	20764	26793	45698	47988	55957	31340	32931	25367	19111	27750	24789	37810	34072	26646	38071	31207	34072	26871	34376	58271	55492	44798	53908
109	126447	125955	13058826	13058826	13048704	61295	65466	73687	54440	49340	32666	84507	30600	49718	61955	62466	55780	37215	47761	99943	96285	22795	40713	43545	27676	38238	43191	43353	26090	42985	62852	75181	46848	28813	29252	24234	26564	23318	29456	48166	50629	58516	33765	35539	27719	21476	29983	27268	40254	36540	29038	40599	33641	36654	29243	36935	60897	58147	47534	56600
110	127775	127299	13180290	13180290	13170168	63892	68020	75964	57068	51992	35233	41749	33080	52429	64622	65150	58524	39955	50413	101623	98028	25470	43373	46174	29915	18643	20753	21734	28382	45512	65395	77422	49299	31102	31772	26373	28962	25697	31698	50553	53097	60965	36310	37965	30024	23779	32510	29538	42701	38904	31443	43074	36024	39010	31698	39275	63357	60709	50114	59162
111	129119	128627	13300308	13300308	13290186	66356	70454	78151	59652	54512	37790	44299	35733	55044	67187	67690	61143	42517	52971	103283	99762	27962	45966	48705	32191	21060	23037	24099	30636	47945	67832	79555	51673	33482	33921	28859	31307	28021	34218	52869	55456	63324	38527	40295	32420	26116	34673	31970	44919	41281	33799	45415	38365	41331	33913	41781	65714	63175	52608	61690
112	130447	129955	13421772	13421772	13411650	68702	72807	80283	62086	56956	40287	46886	37930	57496	69656	70135	63653	44931	55373	104924	101442	30178	48422	51187	34494	23135	25114	26327	32860	50260	70186	81639	53980	35643	35941	31146	33548	30233	36278	55092	57717	65590	40825	42496	34588	28184	36764	34229	47122	43385	35825	47552	40621	43577	36221	44047	67990	65512	55028	64013
113	131707	131261	13543236	13543236	13533114	70998	75115	82339	29783	59263	42537	49210	40263	59855	71978	72471	66000	47265	57744	106520	103102	23618	50756	53516	16167	25369	27259	28381	34883	52434	72409	83687	56154	37735	37961	33149	35589	32422	38335	57183	59894	67750	43047	44635	36628	30178	38848	36288	49225	45483	37851	22690	42759	45708	38389	46158	70164	67735	57337	66256
114	132967	132506	13663254	13663254	13654578	73249	77356	84407	32003	61587	44903	51668	42612	62214	74279	74791	68387	49571	60055	108097	104752	16360	53140	55853	18118	27495	29318	30499	36961	54593	74565	85679	58283	39768	40034	35154	37628	34470	40389	59203	61988	69845	45159	46718	38665	32178	40824	38343	51282	47529	39930	24711	44791	47787	40389	48260	72275	69889	59493	68425
115	134227	133766	13784718	13784718	13774596	75487	79518	86375	34260	63881	47238	53938	44698	64553	76535	77005	70722	51932	62342	65934	106348	18290	55423	58173	19875	29467	31173	32542	38982	56637	76648	87626	60297	41751	42102	37218	39719	36402	42439	61123	63982	67069	47043	48671	40599	34240	42854	40396	53179	49571	42004	26578	46691	49655	42292	23136	74291	71977	61606	70527
116	135472	135026	13906182	13906182	13896060	77666	81603	88316	36545	66097	49378	56261	46910	66810	78727	79180	73010	54188	64581	54473	107925	20547	57721	60394	21876	31379	33112	34523	40800	58708	78680	89535	62280	43643	44025	39172	41604	38343	44489	63115	65978	35240	48981	50666	42592	36071	44928	42446	55164	51492	43884	28541	48645	51612	44160	25122	76276	73998	63708	72598
117	136732	136271	14026200	14026200	14016078	79746	83677	90225	38696	68241	51588	58489	49064	69021	80843	81303	75230	56357	66744	56595	109502	22760	59898	62539	23616	33306	34942	36509	42687	60676	80672	91399	64169	45500	45821	40932	43455	40243	46310	65043	67946	37187	50846	52626	44401	37700	46778	44308	57145	53384	45686	30579	50682	53501	46175	27037	78218	75994	65744	74586
118	137992	137531	14147664	14147664	14137542	81772	85645	92059	40730	70349	53710	60667	51089	71132	82918	39254	77363	58440	68867	58702	111025	24860	62025	64644	25400	29922	36849	38446	44492	62516	82572	87264	66066	47414	47595	42716	45412	42005	48062	66789	69803	39090	52797	54476	41934	39734	48386	41934	58852	55136	47464	32361	52485	55321	47933	28897	80090	77894	67689	69087
119	139237	138791	14267682	14267682	14259006	40129	41934	93907	42958	33258	24582	29064	24582	34286	84939	18190	37981	60620	33382	27474	52988	26871	28920	30366	11748	17532	39088	7230	20244	64782	41049	46460	30366	49504	49677	20244	21844	20244	8676	31877	34363	7230	24919	56598	22034	18798	50599	21830	61020	11568	22598	15456	25551	27124	23502	31113	17352	38630	33092	37887
120	140424	139994	14389146	14389146	14379024	43641	45304	95702	46522	37355	28840	32824	27912	38015	86931	21742	41775	63385	36980	31538	56865	30290	33276	1446	14611	20699	42197	10153	24024	67373	44487	49728	34865	52737	52819	22946	25043	23307	12137	17485	37702	10153	28134	59545	24960	22067	53729	24948	63762	14322	25702	18415	28696	30310	26656	34409	20445	42021	36606	41340
121	141586	141170	14510610	14510610	14500488	22020	48904	97445	23316	41156	32690	36817	31349	41905	88871	25533	45657	66051	40766	35326	59803	15858	37108	15028	17478	23792	45136	12725	26809	69890	47546	52710	37777	55632	55636	10845	27874	26327	14926	20249	40562	12559	30949	62315	27874	24821	56611	27863	66385	16992	28541	21254	31525	33125	29543	37302	23392	45063	39808	44431
122	142762	142332	14630628	14632074	14621952	12309	25458	99209	27343	45046	36754	41076	16754	45820	90780	29607	49271	68587	44737	39432	62625	19729	41286	18852	20142	26524	47936	15675	29470	72291	50536	55570	40632	58384	27955	13440	30576	29033	17623	22860	43375	15270	33774	65003	30576	27450	59312	30635	68910	19617	31252	24017	34240	35834	14678	40139	26085	48039	42817	47449
123	143938	143508	14752092	14752092	14741970	15877	29260	63961	31379	48710	40764	21552	20557	49424	92612	33554	52637	71032	48424	19982	65304	23491	45258	22484	22396	29210	50498	18265	32036	74615	53283	58256	43345	61007	30514	15603	33308	31702	20061	25366	20953	17565	36319	67553	33057	29705	61864	33300	71315	22115	33682	26411	36922	38457	17174	42835	28813	50801	45626	50240
124	145100	144684	14873556	14873556	14863434	19427	33310	51180	35420	52112	44735	25616	15505	52819	62351	37688	43164	73421	51844	23967	32072	27493	23533	26402	24781	31865	53013	20423	27619	76832	55891	60781	45896	63461	32873	18199	35713	34100	22418	27793	23396	19906	38964	70003	35539	32191	64278	35705	73611	24443	36005	11568	39262	40810	19561	45416	31169	53378	48268	52845
125	146276	145846	14993574	14993574	14984898	23329	37417	26348	17709	55340	48465	30026	13502	55969	47862	41907	14322	75707	55055	28271	36435	31773	27829	30767	27030	14888	55376	22832	16877	79013	58384	63245	48268	65845	35132	11858	38020	36509	24716	30023	25687	22464	41288	72372	37800	34314	66668	38068	75891	26798	38400	14483	41669	43273	21878	31898	33606	55871	50814	55327
126	147452	147022	15115038	15115038	15104916	27202	41511	30584	21826	58353	51882	34410	17307	58948	51321	45777	18410	77930	58118	32447	40632	35884	32128	34938	29461	17352	57675	25340	19192	81143	60837	65609	50691	68147	37365	10064	40397	38876	27048	32227	28086	24419	43631	74696	40088	36765	68944	40341	78107	28962	40705	16633	43941	45421	24055	23533	35933	58295	53352	57844
127	148614	148198	15236502	15236502	15226380	30719	45097	34297	25439	61181	55053	38235	20711	61752	54520	49300	22115	80114	60919	36139	44337	39618	35794	38551	31505	19398	59888	27543	21156	83193	63167	67889	52923	70345	39521	11973	42692	41004	29051	34467	30225	26855	45850	76883	21016	39008	71116	19521	51004	31107	42838	18757	46191	47644	26129	25811	38227	60615	55734	60149
128	149759	149360	15356520	15356520	15346398	33809	48373	37641	28669	63881	58009	41658	23801	64425	57540	52625	25444	82201	63635	39485	47709	42978	39169	41949	33734	21826	62213	29791	23401	85203	65535	70212	55216	72618	41764	14217	44911	43359	14244	36740	32414	29085	48052	79062	20802	41079	73362	21649	40272	33486	45005	20763	48508	23853	12775	28126	40440	63017	58131	62565
129	150851	150452	15477984	15477984	15467862	36806	51397	40607	31632	66438	60850	44864	26765	66996	60407	55674	28455	84251	66231	42515	50773	46001	42272	44949	35821	24008	64424	32074	25530	87192	67847	72462	57484	74825	43843	16276	47114	45593	16427	38879	34703	31155	50321	81190	22992	43143	75515	23672	42474	35589	47116	23047	50674	25944	14895	30332	42732	65268	60489	64894
130	151930	151544	15599448	15599448	15589326	39522	54174	43418	34459	68931	63570	47725	29501	69471	63146	58529	31373	86243	68731	45389	53663	48837	45115	47761	37848	26005	66499	34266	27568	89078	70026	74590	59601	76904	45917	18329	49217	47678	18463	40905	36793	33220	52415	83240	24988	45205	77589	25697	44523	37628	49177	25040	52789	27952	16869	32385	44857	67472	62730	67078
131	153022	152623	15719466	15719466	15709344	42012	56780	46098	37070	71335	66168	50419	31936	71828	65764	61182	34039	88166	71142	48043	56326	51513	47830	50413	39927	28008	68480	36323	29465	90962	72114	76619	61641	78900	47859	20173	51235	49675	20294	42834	38716	35221	54422	85224	26837	47263	79539	27722	46434	39615	51157	26961	54749	29893	18635	34376	46798	69542	64862	69190
132	154114	153715	15840930	15840930	15830808	44408	59267	48634	39612	73658	68670	53015	34499	74162	68279	63722	36509	90052	73472	50518	58831	54018	50356	52971	41754	30014	70406	38161	31377	92766	74102	78548	63550	80809	49725	21956	53172	51591	22068	44725	40596	37170	56362	87167	28709	49107	81423	29748	48395	41354	53174	28826	56677	31714	20348	36426	48706	71520	66892	71179
133	155193	154807	15962394	15962394	15952272	46723	61624	50917	41998	75936	71054	55452	36600	76395	70676	66129	39035	91916	75729	52953	61237	56450	52799	55299	43646	26374	72257	40017	33179	94592	76040	80470	65404	82659	51518	23953	55046	53442	23968	46540	42491	39020	58270	88984	30465	50764	83273	31446	50197	43167	54858	30575	58502	33434	22303	38205	50700	73417	68800	73115
134	156285	155886	16082412	16082412	16072290	22873	30268	53410	20551	37321	34646	27290	17827	78566	34286	32586	18866	45056	36663	25794	29992	27775	25794	27214	21151	15184	74273	19019	15988	96356	78068	39597	31109	40025	24919	11037	57102	25632	11037	48584	18798	18755	28368	43090	14039	52797	40539	33493	52217	21052	56816	14334	60544	15857	24272	40317	52737	75487	34032	35822
135	157364	156978	16203876	16203876	16193754	26966	15304	56530	24864	41476	38931	13796	21826	80738	38556	36888	9379	22165	40887	30178	14888	13947	30178	13796	23574	17723	76529	21686	18415	98099	80226	42278	33674	42584	27461	13595	59720	28184	13595	51153	22125	21159	30961	45746	16503	24582	43114	36117	54763	23662	59442	16878	63180	18301	26798	43001	55373	77718	36844	38609
136	158456	158070	16323894	16323894	16315218	31844	20240	59514	13174	45432	43121	7519	26793	82813	42785	29210	14484	15906	44939	35314	20033	19020	35373	18910	26009	20043	78721	24312	7519	99849	82309	44891	36340	39327	29925	15603	62315	24677	8194	53638	24622	23582	14460	48253	18864	15039	45680	38559	26028	26009	61888	19193	65703	20657	13978	45573	57996	79876	39558	41255
137	159548	159149	16445358	16445358	16435236	36746	25439	62319	18236	49062	46979	12220	31828	84838	46671	23705	19944	16494	48612	39942	25439	24313	39942	24141	28673	22770	80887	26991	9943	101509	84379	47621	39037	23051	32392	18199	64939	15858	7960	56228	27192	26256	16986	50923	21157	13724	48148	41308	29132	28454	64461	21740	68250	23132	14483	48303	60667	81997	42388	44070
138	160627	160241	16566822	16566822	16556700	41111	29876	31014	22811	52482	50499	16836	36278	86854	50212	28344	24622	21053	52019	43941	30083	28925	43988	28709	31039	25367	82962	29495	11871	103169	86371	50197	41506	25373	14460	8715	67493	18188	10679	27290	29678	28753	19181	24751	9838	16239	50700	43932	31596	31106	66969	24191	70677	25692	17005	50889	29840	84055	45086	46714
139	161652	161284	16686840	16686840	16678164	44913	33730	35038	26837	55576	53714	20927	40132	88775	53443	32319	28682	24949	55179	47605	34096	32892	47648	32703	33672	28018	84981	32255	14424	104834	88312	52882	44212	27949	17604	11249	69974	20658	13307	29837	32358	31379	21826	27309	12309	18410	53322	46541	34184	33548	69475	26803	73079	28313	19520	53618	32506	86047	47976	49508
140	162660	162292	16808304	16808304	16798182	48244	37238	38588	30191	58541	56776	24419	43548	90684	56524	35908	32230	28382	58131	51042	37680	36424	51082	36253	36167	30505	86997	34734	17083	106411	90244	55399	46671	30440	19833	13144	72344	23043	15354	32183	34770	33740	24181	29785	14499	20754	55706	49006	36532	35879	71832	29182	75351	30572	21840	56172	34967	88024	50659	52152
141	163656	163300	16929768	16929768	16919646	51357	40389	41786	33455	61330	59648	27768	46666	92542	59403	39061	35480	31571	60965	54217	40848	39693	54255	39379	38284	32802	88889	37157	19049	107988	92099	57734	48962	32615	22025	15486	74640	25120	17870	34366	37079	36059	26402	32005	16773	23038	57996	51354	38949	38176	74082	31378	77561	32927	24108	58475	37265	89933	53049	54550
142	164664	164296	17049786	17049786	17041110	54212	43260	44752	36310	64021	62412	30481	49546	94368	62181	42074	38559	34523	63678	57181	43878	42613	57253	42368	40392	35124	90775	39273	21125	109584	93925	59944	51192	34651	24104	17513	76802	27417	20071	36418	39198	38234	28450	34140	18771	25032	60089	53522	40973	40239	76183	33553	79667	35064	26098	60688	39428	91780	55336	56812
143	165672	165304	17171250	17171250	17161128	56888	45995	47534	39114	66636	65065	33406	52268	46134	64873	20663	41408	37297	66272	60034	46710	45435	60102	45205	42393	37245	92585	41329	23194	111103	95698	62003	53248	36688	26014	19543	78854	29395	22053	38467	41258	40294	30495	36148	20575	27030	62111	55563	42994	42295	78206	35536	81721	37020	28169	62791	41476	93584	57528	58948
144	166668	166312	17292714	17292714	17282592	59547	48706	50278	41829	69123	67641	36209	54964	48920	67430	23318	44214	40031	68800	62751	49462	48172	62850	47957	44351	39144	94389	43335	25258	112597	97420	63997	55192	38668	27793	21183	80815	31246	23780	40463	43267	42201	32538	38050	22418	28818	63973	57533	44878	44210	80104	37522	83670	38932	30026	64761	43428	95373	59574	61011
145	167676	167308	17412732	17412732	17402610	62086	51308	52881	44515	71521	70088	38808	57492	51632	69914	25859	46805	42638	71208	65393	52108	50723	65486	50518	46178	40956	96141	45389	27009	114109	99142	65900	57136	40499	29675	22977	82715	33117	25552	42265	45140	44026	34399	39962	24032	30568	65845	59439	46598	46088	81967	39356	85542	40599	31775	66702	45386	97095	61583	62973
146	168684	168316	17534196	17534196	17524074	64493	53710	55361	39978	73865	72482	41391	59919	54094	25334	28317	49300	45136	53836	67860	46476	53226	67920	39575	36746	19628	97863	21263	11568	55819	100823	32202	39765	42300	31377	24891	65456	35065	11925	37868	20967	37706	15906	36584	25949	32415	31812	27474	21690	21881	76442	41207	87379	25982	14747	68587	47172	47391	30130	30502
147	169680	169324	17654214	17655660	17645538	67031	56664	28834	24740	76135	37354	21493	62606	28036	18072	14769	26017	23410	37629	70329	27813	27888	34445	27233	24144	22866	48683	24369	15325	58141	102503	35455	30283	45417	34407	13124	42730	17122	14895	22580	24024	23410	18796	21298	12963	16232	16232	31073	25294	24991	42045	44354	43864	21936	17827	34995	23884	50432	33586	33797
148	170688	170320	17775678	17775678	17765556	69535	59609	33188	29072	37487	41655	10922	65317	32434	22400	18868	30506	27799	41904	72743	32178	32242	38860	31613	27071	26099	51846	11775	18077	61043	104163	38700	33537	48586	37411	16130	45995	20146	17715	25606	27270	26653	21876	24398	16130	19181	19398	34253	28322	27978	20460	47508	47006	24958	20749	38225	27071	53689	37052	37243
149	171696	171328	17897142	17897142	17887020	71977	62441	37197	14187	41426	45549	14833	67877	36527	11113	22774	34589	31841	45774	75054	36242	36242	42913	35627	29987	29113	54791	14776	21062	63783	105760	41740	36501	51515	40293	18764	48916	23132	20552	28454	30028	29540	24736	27298	18764	21826	22110	37213	31252	13332	23318	50459	49991	27647	23658	41249	29918	56753	40220	40394
150	172692	172324	18017160	18017160	18008484	74306	65125	40963	17840	45156	49172	18474	70345	40407	14548	26572	38504	35597	49382	77295	40098	39994	46701	39388	32641	31905	57545	17377	23671	66374	107356	44525	39292	54210	42930	21364	51708	25773	23218	31039	32742	32231	27449	29984	21364	24438	24692	40005	33866	15777	25939	53209	52686	30371	26244	44017	32705	59625	43198	43313
151	173700	173332	18138624	18138624	18128502	76561	67697	44593	21353	48726	52546	22075	72758	44082	18132	30164	42201	39252	52702	79485	43753	20761	24401	43008	35033	34590	60105	20054	25858	68869	108933	47141	41848	56742	45415	24025	54280	28239	25688	33548	35481	34831	29983	32447	23676	27025	27102	42515	36348	18121	28317	26432	55213	32993	28741	46710	35328	62291	45938	46000
152	174659	174332	18260088	18260088	18249966	78778	70200	48031	24702	52047	55673	25653	75068	47562	21404	33555	45777	42692	55858	81596	47210	24107	27754	46435	37548	16677	62522	22318	28536	71275	110486	49621	44345	59195	47767	11595	56700	30708	28309	35937	37855	37304	32382	34854	26022	29101	29456	44929	17472	20397	30643	28840	57697	35244	31169	49168	16754	64852	48609	48583
153	175583	175256	18380106	18380106	18371430	80917	72562	51158	27794	55169	58633	28787	77309	50756	24405	36687	48964	45778	58773	83670	50346	27114	30942	49578	39851	19017	64948	24793	30575	73628	111998	52139	46797	61589	50172	13748	59189	33053	30432	38230	40244	39724	34853	37269	28320	31566	31698	47439	19718	22719	33056	31261	60113	37799	33482	51588	19084	67348	51176	51112
154	176507	176169	18501570	18501570	18491448	82992	74852	54061	30505	58014	61419	31741	79472	53685	27151	39671	51914	48713	61587	85686	53257	30025	33828	52493	42076	21198	67224	27041	32993	75880	113492	54423	49125	63851	52273	15869	61483	35300	32734	40443	42545	42006	37044	39537	30713	33791	33913	49737	21826	24821	35126	33504	62398	39879	35759	53938	21353	69722	53583	53560
155	177420	177093	18623034	18623034	18612912	85010	77066	56817	33243	60718	64137	34499	39016	56422	29851	42348	54703	51475	64265	87655	56015	32740	36540	55215	44235	23439	69392	29329	35126	78070	114986	56620	51307	66006	54398	17968	63621	37521	34942	42589	44727	44121	39219	41579	32743	35933	36049	51810	23921	26837	37191	35549	64508	41956	37900	26028	23313	71955	55879	55784
156	178344	178006	18743052	18743052	18734376	87002	79238	59478	35942	63315	66717	37162	41587	59097	32452	45002	57425	54096	66872	89564	58712	35243	39222	57879	46293	25564	71462	31382	37191	80202	116480	58726	53360	68093	56450	19950	65721	39618	37017	44630	46806	46228	41278	43622	34772	37900	38010	53882	25925	28853	39251	37645	66612	43979	39976	28177	25449	74117	58093	57964
157	179268	178930	18864516	18864516	18854394	88893	81334	61955	38395	65799	31812	39698	44147	61662	34918	47421	59992	56634	69351	91449	61190	37798	41731	60353	48217	27525	73445	33433	39039	82261	117891	60761	55409	70090	58458	21750	67727	41557	38876	46537	48839	48199	43286	45706	36689	39872	40028	55948	27784	18930	41258	39630	68619	46047	41900	30103	27341	76189	60215	60059
158	180181	179854	18985980	18985980	18975858	90802	83409	64494	40803	68313	34995	42177	46434	64178	37551	23266	62578	59195	71770	93297	63762	40396	44235	62895	50151	29423	75406	35423	40804	84237	119302	62730	57383	72004	60331	23500	69707	43458	40698	48495	50748	50133	45204	47742	38453	41651	41801	57980	29736	14535	43123	41569	70540	48069	43784	31977	29324	78212	62266	62082
159	181105	180767	19105998	19105998	19097322	92633	85411	66970	43362	70738	37458	44796	48947	66695	39958	25649	65098	61655	74106	95120	66230	18909	46781	65373	52012	31273	77242	37137	42835	86157	120730	64638	59293	59954	55343	25538	71534	45323	42687	50334	41820	35545	21690	49527	40245	20898	40488	27474	31500	16299	44956	43373	72414	49720	45545	33930	31112	80136	64220	64009
160	182029	181691	19227462	19227462	19217340	94459	87392	69386	45776	73081	39870	47224	51257	69150	42422	27978	67552	64107	76368	96842	68670	21298	49235	67810	53960	33330	79252	39200	44910	88107	122141	66706	61312	36225	30324	27650	73542	47332	44722	52271	26062	25464	23533	51530	42301	21358	21638	29305	33482	18236	46893	45333	74374	51674	47589	35950	33117	82197	66364	66128
161	182942	182615	19347480	19348926	19338804	96229	89278	71717	48111	75379	42192	49574	53545	71489	44658	30332	69915	66440	78540	98585	70996	23440	51572	70135	55950	35325	81222	41210	46805	90016	123520	68740	63298	38177	32186	29681	75527	49299	46713	54245	28134	27431	25404	53460	44357	23228	23396	31229	35292	19878	48838	47254	76356	53677	49630	37915	35124	84223	68469	68211
162	183866	183528	19468944	19468944	19458822	97951	91175	73971	50336	77588	44440	51814	55769	73723	46872	32577	72175	68663	80663	100272	73247	25646	53770	72387	57802	37324	83147	43125	48542	91881	124864	70657	65220	40032	34065	31382	77522	51313	48495	56116	29925	29265	27225	55319	46094	25041	25197	33038	37238	21783	50747	49225	78295	55711	51508	39885	37021	86167	70482	70204
163	184779	184452	19590408	19590408	19580286	99668	92979	76103	52390	79694	46578	54000	57878	75891	49028	34736	74359	70815	82738	101912	75405	27751	55950	74515	59665	39219	84967	27294	50419	93685	102447	72499	67115	41904	35788	33247	79316	53092	50252	49394	31745	31056	29072	57296	37554	26651	14171	34992	39085	23441	42619	32125	54872	57389	53244	41664	38879	88070	72414	72118
164	185703	185365	19710426	19711872	19701750	101308	84883	78181	54474	81747	48664	56136	59910	36985	23316	28064	76477	63847	40590	50010	77509	29775	26983	36321	29135	18643	44578	22020	10328	46280	62414	36225	69286	44070	17049	14765	81359	55303	24450	28336	33896	33190	31276	27999	23266	28682	13258	37121	41151	25483	26221	25039	40221	59544	55410	20190	41057	43946	74598	74302
165	186627	186289	19831890	19831890	19821768	102988	47462	80339	57172	83815	51348	58861	62432	39689	26017	18753	78671	36850	43210	52353	79667	32383	29697	38966	31533	21060	43700	24696	12702	48888	65099	38771	71707	46538	19451	17366	83434	57892	26883	30729	36433	35719	33828	30556	25730	31314	15582	39764	43596	27975	28647	27419	42719	62050	57960	22626	43649	46642	76869	76584
166	187540	187213	19953354	19953354	19943232	54434	50253	82418	60025	85807	54280	61703	65149	42610	13099	21450	80839	39772	46130	25982	81771	35326	32567	41938	33943	23493	46050	27259	14548	51481	67613	41255	35706	48962	21684	19729	85435	27925	29254	33136	38911	38134	36198	32786	28052	33493	17833	19019	46040	30397	31016	29817	45121	64458	60395	24988	46091	49102	79049	78774
167	188464	188126	20073372	20073372	20064696	52353	53131	84483	62841	87794	57276	64410	67720	21052	15716	24363	82914	42784	49168	28935	83862	38365	35670	44939	36306	25937	48545	29530	17186	53912	70090	43694	38069	51352	23879	22026	87438	30214	31577	35437	41338	40556	38583	35287	30468	35886	20142	21493	48320	32575	33278	32099	47535	66811	62771	27450	48541	51605	81177	80913
168	189377	189050	20194836	20194836	20184714	55194	26188	86475	30570	89703	60191	67044	70193	23925	18410	27417	84935	20449	52108	31810	85854	41329	38629	47924	38469	28242	50709	31962	19140	56273	72428	45999	40393	53599	26048	24018	89347	32531	33862	37650	43631	42842	40776	37510	32513	38181	22303	23440	50618	34913	35453	34409	49787	69052	65029	29565	50828	53954	83277	83013
169	190282	189974	20316300	20316300	20306178	58215	29263	88411	33674	91582	63002	69548	72611	27106	21445	30437	86951	23662	55225	35040	87816	44515	41824	51059	40567	30438	52823	34100	21208	58501	74668	48152	42541	55710	28122	26175	91241	34634	36001	39739	45715	45008	42905	39556	34556	40243	24272	25565	52698	36989	37500	36572	51897	71133	67147	31736	52975	56203	85260	84982
170	191122	190814	20436318	20436318	20427642	61081	32364	90343	36907	44848	65659	71960	74926	30225	24781	33553	88868	26719	58244	38158	43993	47656	45016	25546	42610	32421	25497	16296	23270	60611	76829	50253	44631	57784	30052	28166	93067	36729	17366	41774	47837	47075	45023	18643	36597	42250	26249	27676	54736	39061	39546	38612	53965	73211	69197	33765	55044	58364	87247	86974
171	191952	191654	20557782	20557782	20547660	63819	35486	92194	40085	48054	68207	74317	77167	33424	27714	36797	90777	29810	61109	41338	47126	50805	48253	28692	44650	34589	27537	18233	25326	62750	78958	52351	46714	59855	31995	30162	94893	38762	19193	43758	49952	49138	47089	20559	38583	44214	28235	29705	56772	41029	41538	40651	56028	75289	71273	35850	57136	60512	89156	88890
172	192792	192484	20679246	20679246	20669124	66409	38349	94020	42977	50938	70664	76571	79362	36338	30636	39722	92631	32734	63813	44289	50103	24582	51205	31587	46556	36572	14839	20188	27456	64785	81015	54398	48710	61785	34008	32033	96622	40742	21058	45701	51898	51119	30966	22588	40623	46092	30157	31604	58664	29060	43488	42593	27060	77260	73290	37876	59193	62554	91037	90776
173	193632	193324	20799264	20799264	20790588	68933	41114	95831	45820	53702	73038	78762	81478	39247	33486	42494	94457	35589	66434	47184	52948	27309	54106	34357	48556	38612	13893	22160	29430	66849	83090	56450	50745	63785	35849	34105	98386	42777	22952	47694	53928	53098	24114	24620	42713	48069	31963	33579	60701	21063	45490	44542	28989	79243	75284	39901	61249	64659	92863	92630
174	194462	194164	20920728	20920728	20910606	71337	43749	97574	48540	56438	75311	80876	83528	41952	36167	45185	96227	38230	68927	49911	55685	29994	56824	37030	50474	40600	15730	24139	31146	68879	85080	58388	52702	65694	37655	36172	100083	44625	24954	49564	55881	55050	25944	26414	44563	49927	33856	35618	62639	23048	47360	46407	30864	81164	77201	41878	63171	66634	94689	94434
175	195302	194994	21042192	21042192	21032070	73660	46277	99317	51072	58936	77522	82926	85501	44492	38662	47853	97991	40749	71331	52415	58224	32456	59414	39574	52287	42446	17490	25968	32960	70792	87000	60297	54512	67581	39484	37962	101723	46533	26647	51405	57699	56962	27877	28168	46293	51834	35705	37491	64453	24706	49158	48327	32695	83014	79030	43810	65033	68521	96428	96184
176	196142	195834	21162210	21162210	21153534	75911	48633	101009	53521	61305	55930	84923	52220	25433	17352	36472	61724	23533	62290	44882	36773	26780	34179	24100	32925	27294	19197	27900	34977	34586	42473	62247	56524	69501	18643	15906	48650	48448	11037	53260	28295	27442	29683	12793	48217	43419	17001	17472	66279	26495	51018	50296	34606	84863	80934	45706	22131	33042	98171	97927
177	196972	196674	21283674	21283674	21273552	78152	51798	102669	56487	63998	40617	86939	45074	24991	21060	26177	50495	22499	37574	27962	31006	18072	31533	21060	27512	21925	21648	30259	37274	37075	45028	64745	58983	34783	20961	19505	51795	50945	13595	55722	30760	29837	32039	15188	50602	26379	19193	19824	32653	29042	53351	52625	36983	86879	83009	48215	15858	35525	99898	99686
178	197812	197504	21403692	21403692	21395016	80310	26727	50420	59473	66644	44603	88856	23587	29638	10673	30778	53786	27038	41755	15596	17123	22493	36135	11963	29902	24442	24108	32891	18517	39721	47663	67306	61587	37260	23225	21921	25464	53516	15603	27124	33351	32311	34713	17490	24872	28791	21644	22484	34986	31380	55918	55230	39479	88799	85051	50805	18302	38225	101578	101346
179	198642	198344	21525156	21525156	21515034	40297	14910	53716	62280	69160	23444	90765	28465	16376	15621	35769	56880	15050	45684	20459	22308	12196	40618	16773	32306	11595	26494	35617	21048	42395	50360	69798	64169	39840	25614	24353	27957	56075	18084	29546	35812	15575	37194	19838	27419	31217	24018	24860	37614	15167	58340	57749	42069	43522	87043	24633	20455	40846	103238	103006
180	199482	199184	21646620	21646620	21636498	44358	19838	26582	64969	71585	28712	92620	33432	21547	20785	40294	59851	7230	49298	25777	27417	17186	44650	21853	34841	14050	29042	38310	23392	45046	52998	72202	66748	31509	28020	26793	30448	58663	20669	32042	38438	17827	39726	22498	29817	33774	11226	27255	40070	17472	60863	60298	44556	45971	88956	27049	23133	43546	104881	104679
181	200322	200014	21766638	21768084	21757962	48072	24280	31188	67581	73955	33333	94446	37855	26175	25388	44261	62639	11973	52663	30439	32033	21790	48298	26347	37258	16259	31314	40722	25764	47551	55620	74498	69231	21455	30370	29243	32875	61108	22780	34296	34945	20137	42253	19039	32164	36033	13595	29806	42430	19824	63258	62743	46994	48468	90888	29478	25693	46040	106477	106256
182	201162	200854	21888102	21888102	21877980	24711	28317	35309	70059	76222	37548	96217	41859	30437	29482	23410	65317	16147	55821	34590	36286	25734	51727	30515	39630	18764	33679	43142	27859	50007	58093	76746	71596	23672	32677	31500	35133	63492	25374	36636	20600	22484	44545	11847	34409	38374	15603	13796	44757	22016	65559	65130	49354	50718	92715	31979	27794	48535	108054	107833
183	201992	201684	22009566	22009566	21999444	28248	32035	39151	72454	78426	41431	97981	45553	34288	33318	27194	67907	7519	58773	38505	40190	29711	54906	34417	39042	20770	36002	45434	30221	52312	60453	78904	73910	25859	34769	33668	31384	65782	27347	38939	22810	24776	46808	13809	36686	40630	17497	16040	47011	24267	31812	67400	51605	52987	94541	34175	30024	50864	109631	109429
184	202832	202524	22129584	22129584	22120908	31582	35538	42697	74802	80603	44977	99717	48965	37907	36866	30712	70374	10951	61587	42054	43743	33149	57906	37861	20190	23053	38019	47870	32538	54664	62761	81038	76152	28021	37022	36049	18188	68056	29471	41114	24988	26871	49135	15921	38933	42720	19634	18236	49203	26323	34020	69622	53840	55241	96328	36409	32420	53205	111165	110956
185	203662	203364	22251048	22251048	22240926	34713	38667	45962	77043	82678	48217	101377	52115	41107	40046	33986	72730	13369	64265	45278	47024	36372	60718	41165	22348	25374	40191	50025	34579	56884	65020	83088	78332	30164	39092	38227	20250	70228	31580	43177	27068	29029	51197	17783	41008	44800	21750	20191	51341	28377	36093	71771	55981	57328	98071	38566	34468	55410	112659	112450
186	204502	204204	22372512	22372512	22362390	37527	41558	48885	79190	84709	51212	103057	55008	44166	43085	36912	74987	16458	66810	48241	50008	39278	63445	44079	24226	27347	42201	52089	36620	59018	67170	85078	80412	32100	41008	40236	22308	72309	33557	45191	29069	31102	53252	19784	43027	46832	23500	22162	53354	30427	38052	73827	58012	59414	99783	40658	36514	57528	114153	113962
187	205342	205034	22492530	22492530	22483854	40194	44308	51678	81288	86701	53998	104709	57678	46980	45831	39620	77201	19158	69291	51034	52819	42030	66047	46855	26129	29329	44214	54185	38389	60977	69159	87046	82363	34046	42979	42096	24105	74241	35482	47118	31006	32856	55270	21790	44910	48780	25456	24141	55255	32346	39912	75775	60002	61294	101423	42649	38557	59574	115665	115456
188	206172	205874	22613994	22613994	22603872	42645	46849	54327	83338	88605	56614	106286	60265	49551	48465	42251	79342	21321	71683	53677	55414	44750	68553	49516	28049	30915	46092	56058	40184	62940	71120	88936	84286	35886	44772	43831	26015	76147	37526	48927	32892	34879	57140	23448	46717	50526	27347	25889	57089	34096	41790	77683	61861	63148	103063	44548	40293	61517	117104	116907
189	207012	206704	22735458	22735458	22725336	45051	49300	56781	85318	90491	59105	107882	62645	52073	50879	44773	81459	23727	73994	56155	57964	47136	70970	51959	29775	14460	26411	57943	22028	30366	31812	58247	86110	15906	20244	45860	27719	37097	39253	50752	34734	16037	27474	25408	48628	52337	11568	27676	58972	25750	19628	36150	28920	65043	104715	21066	18798	63429	118515	118335
190	207852	207544	22855476	22855476	22845354	47292	51634	59163	87280	92314	28563	51542	30502	54512	24835	47114	40025	26148	36492	58564	28271	49574	73333	24835	32191	17109	9838	60549	8715	33051	36398	45793	41983	18974	23321	21976	30369	39741	41760	24801	37269	7519	30076	27757	23670	25579	13724	13488	61442	17886	22031	39844	32003	67501	106292	23587	21298	65969	119943	119746
191	208682	208384	22976940	22976940	22966818	50135	54551	61988	89212	94162	31406	55413	33364	57460	27687	50092	43018	29085	39443	61420	31274	52450	75622	27687	34972	19929	12478	63316	11249	35939	39355	48726	44982	21740	26101	24824	33117	42610	44636	27583	40213	10153	32912	30675	26414	28282	16239	16299	64159	20496	24874	42707	34801	69982	107869	26418	24140	68537	121354	121157
192	209479	209202	23098404	23098404	23088282	53096	57497	64686	91112	45819	34494	27656	36283	60365	30679	24633	46130	31879	42477	30528	34253	55470	77848	30747	37656	22576	14785	65955	13919	38664	42150	51447	47663	24277	28611	27453	16375	45294	47291	30036	42903	12559	35580	33212	28969	30747	18858	18576	66738	23171	27344	45293	37443	72380	109465	29044	26837	70983	122765	122585
193	210235	209958	23218422	23218422	23208300	56195	60434	39223	92938	48878	37766	13014	39408	63138	33896	27733	49420	35221	20853	33698	37546	44517	80032	33896	40057	25027	17263	68434	15886	41306	44770	53918	50114	26647	30847	29778	18752	47782	49764	32366	45297	15270	38005	35623	31313	33153	21152	21201	69161	25482	29748	47781	39856	34943	110990	31711	29282	73318	124123	123938
194	210982	210714	23339886	23339886	23329764	59162	63205	35042	94786	52232	41179	16299	42737	65787	37334	31190	52815	38647	24185	37153	41029	30488	82122	37334	42466	27709	19427	70884	8241	43695	47243	56390	52569	28967	33183	32128	20958	50146	52116	34717	47785	17326	40385	38046	33678	35394	23486	23352	71499	27750	31970	50145	42228	37298	112484	33986	31538	75608	125451	125266
195	211738	211461	23459904	23459904	23451228	62020	32095	38538	46497	55414	44653	19667	22020	68361	40834	34657	55965	42086	27563	40669	44515	33968	84175	19072	44561	29736	21661	73194	10086	46090	49592	58646	54914	31112	35422	34376	23132	52404	54363	36974	50026	20011	42583	40422	35943	37610	25607	25483	73704	29914	34107	52325	44475	39512	113996	36289	33948	77782	126779	126610
196	212485	212217	23581368	23581368	23571246	64717	35533	42036	49804	37390	48172	9601	25361	70813	44383	38134	27925	45582	30972	44136	48000	37400	86191	22484	39170	18736	9621	75407	11992	48239	51752	60854	57013	33180	37470	36426	25202	54526	26346	39099	52130	8917	44763	42471	15906	39702	27639	27751	75791	31930	36174	54487	46566	18909	115490	38506	36139	79940	128123	127938
197	213241	212973	23702832	23702832	23692710	67310	38931	45491	53132	30624	51610	12629	28673	73182	47837	41615	31361	49076	34403	47610	51450	40844	88139	25925	23266	15858	11606	77641	14231	50540	54132	63150	59318	35478	39568	38583	27492	56826	28617	41115	54452	10838	47017	44566	18753	41936	29741	29915	78011	34069	38397	56753	48778	21002	116939	40601	38149	82034	129451	129266
198	213997	213720	23822850	23822850	23814174	69802	42003	48781	56229	33723	54756	15863	31767	75504	51058	44870	34694	52339	37573	50884	54642	44110	90048	28957	25404	17840	13605	79773	16158	52780	56376	65301	61439	37522	41609	40725	29605	58996	30650	43178	56612	12957	49167	46740	20658	44007	31833	31931	80117	36252	40447	58890	50893	23082	118367	42788	40366	84091	130773	130610
199	214744	214476	23944314	23944314	23934192	72178	45000	51699	59159	36672	57764	18758	34583	77734	54042	47860	37730	55328	40545	53842	57620	47105	91934	31958	27301	19834	15612	81848	18109	54854	58493	67380	63516	39566	43604	42761	31575	61024	32684	45238	58683	14911	51227	48776	22678	45940	33795	34009	82104	38148	42348	60921	52959	24988	119778	44865	42417	86059	132033	131860
200	215500	215223	24065778	24065778	24055656	74474	47723	54499	61918	39398	60550	21358	37297	79866	56871	50671	40589	58131	43311	56646	60414	49879	93760	34759	29214	21836	17384	83888	19867	56848	60535	69393	65527	41457	45508	44701	33490	63018	34656	47251	60618	16883	53204	50727	24448	47794	35763	15988	84062	40108	44355	29770	54990	26837	121189	46850	44327	88013	133293	133120
201	216256	215979	24185796	24185796	24177120	76696	50253	57160	64554	42044	63185	24022	39927	81938	59530	53254	43161	60761	45863	59311	63053	52502	95562	37294	31143	23756	18992	85832	21868	58843	62511	71318	67479	43362	47290	46693	35359	64917	36465	49054	62525	18979	55039	52762	26254	49578	37793	17722	85934	42024	46227	31599	56833	28636	122617	48839	46381	89899	134538	134380
202	217003	216735	24307260	24307260	24297138	78882	52780	59636	67059	44392	65677	26416	42197	83974	62004	55790	45724	63291	48409	61830	65553	55039	97326	39768	32957	25531	21076	87749	23784	60739	64425	73193	69369	45139	49175	48518	37132	66791	38349	50753	64439	20358	56951	54494	28018	51578	39459	19515	87778	43903	48069	33450	58653	30465	123968	50748	48215	91747	122960	135625
203	217759	217482	24428724	24428724	24418602	80992	55081	62037	69442	46797	68075	28754	44630	85942	64414	58184	48190	65652	50744	64181	67985	57383	99069	42145	34915	27644	23060	89635	25637	62874	66562	75244	34181	22128	51195	50561	17486	32714	40402	25052	31639	22406	27442	56543	30024	24717	41404	21449	42766	45840	23145	15857	28221	32447	60213	52860	23235	93595	63040	62677
204	218515	218238	24548742	24548742	24538620	83042	57316	64286	71742	48999	70363	31114	46757	87901	66675	60473	50494	67960	53013	66512	70276	59678	100733	44442	37215	30024	25134	91517	27892	65321	69021	77484	36529	24369	53484	52916	19834	34983	42697	27279	33919	25041	29767	58931	32356	26972	43834	23755	45028	48128	25376	18072	30556	34734	62627	55194	25458	95404	65540	65034
205	219262	218994	24670206	24670206	24660084	85034	59508	66520	73939	51187	72551	33369	48919	89787	68890	62649	52658	70164	55191	68703	72467	61879	102393	46578	39275	32163	27506	93365	29906	67611	71306	79616	38734	26497	55527	55099	22026	37280	44915	29478	36169	27115	31923	61097	34468	28980	46043	25773	47182	50353	27577	20249	32723	36933	64826	57462	27652	97147	67882	67369
206	220018	219741	24790224	24791670	24781548	87026	61587	68620	76045	53282	74706	35480	50990	91640	71005	64783	54849	72275	57315	70825	74595	64004	104033	48664	41331	34348	29477	95185	31987	69740	73490	81697	40817	28538	57606	57190	24018	39390	47030	31521	38286	29184	34062	63221	36514	31056	48065	27793	49240	52406	29543	22213	34754	39008	66920	59615	29683	98911	70089	69592
207	220765	220497	24911688	24911688	24901566	88916	63625	70657	78099	55298	76731	37524	52974	93466	73059	66847	56879	74319	59332	72885	76650	66061	105636	50741	43385	36400	31388	96928	34000	71828	75558	83743	42847	30440	59580	59175	26015	41390	48969	33376	40292	31248	36018	65242	38503	33064	49965	29815	51216	54337	31384	24104	36729	40876	68918	61655	31714	100603	72231	71655
208	221512	221235	25033152	25033152	25023030	90802	65539	72611	80075	57275	78708	39567	55005	95260	75061	68817	58873	76303	61282	74866	78604	68056	107194	52737	45345	38233	33126	98692	36017	73826	77578	85663	44737	32359	61523	61198	27794	43201	50834	35310	42150	33119	37815	67199	40293	34897	51751	31837	53115	56280	33372	25773	38600	42855	70800	63627	33620	102263	74219	73631
209	222259	221982	25154616	25154616	25144494	92633	67491	74571	81989	59188	80649	41408	56775	97003	76978	70761	60904	78218	63203	76783	80574	69938	108752	54660	47045	40242	35133	100374	37704	75693	79476	87541	46684	34108	63206	63022	29676	45077	52707	33258	43930	34770	39687	69008	42249	36523	53637	33552	54990	58015	35070	27793	40436	44745	72609	65479	35599	103943	76180	75559
210	223006	75192	25274634	25274634	122205	57621	36800	44452	49324	42035	71802	43315	58632	61099	51179	36108	34094	80090	30366	78654	39042	71852	110315	39187	21690	42298	33258	52860	39738	37224	81463	42910	12206	36175	30541	65017	13796	21748	54745	9399	21444	36911	41774	33665	20244	38512	10122	35651	26893	11568	28064	13014	31509	20967	55972	32140	30554	51500	37280	37112
211	223753	62626	25396098	25396098	63370	47253	1446	38913	1446	30872	41261	46362	61248	49271	39896	17532	32198	82178	33364	80797	41761	36113	54493	28834	1446	21841	18864	49164	42849	40581	83538	46163	11963	39305	33710	67627	7171	24792	57753	9510	24527	18974	45016	36900	22672	41715	13595	38826	29896	15188	19193	16040	22313	23850	37805	35516	19193	54614	40734	40530
212	224509	65337	25516116	25516116	66036	50755	13014	42769	13014	34614	45097	49927	64008	52637	43759	21198	36146	84253	37131	82872	45555	39929	57550	32556	8676	25041	22026	4338	45970	43820	85534	49408	15066	42447	36545	70104	10111	28023	60642	12047	27638	22026	48167	40026	25687	44686	16514	42102	33062	18077	22120	18910	25289	26963	40963	38756	22214	57628	44196	43914
213	225265	67897	25637580	25637580	68572	53950	18573	46121	21200	37931	48545	53171	66623	55760	47171	24482	39544	86245	40496	84919	48967	43313	60450	35892	13876	27872	24702	18798	48765	46789	87533	52335	17741	45233	39280	72497	12693	30847	63341	14568	30431	24870	51005	42874	28381	47427	19095	44909	35776	20763	24786	21494	28021	29750	43749	41642	25037	60489	47229	46921
214	226012	70365	25759044	25759044	71017	56856	21491	49201	24140	40876	51557	56266	69140	58715	50186	27525	42718	88191	43457	86911	51997	46360	63220	38939	16110	30575	27341	26849	51324	49453	89442	54952	20268	47855	41934	74816	15379	33370	65916	17205	33049	27189	25168	45454	30838	50056	21461	47508	38241	23137	27112	24141	30507	32166	21652	44245	27569	63192	50035	49663
215	226768	72721	25879062	25879062	73407	59621	24139	52019	26837	43669	54440	59159	71537	61532	53027	30328	45623	90123	46315	88829	54858	49172	65834	41764	18747	33119	29536	29505	53801	52099	91332	57481	22695	50256	44240	77030	17419	35829	68396	19482	35589	29676	27612	47933	33238	52396	23851	50008	40708	25615	29676	26525	33056	34651	23937	46791	30024	65776	52728	52299
216	227524	75032	26000526	26000526	75667	62123	26836	54651	29495	46336	57104	61885	73881	64180	55723	32891	48308	91984	48920	90761	57500	51832	68347	44407	20754	35421	31968	31810	56054	54499	93180	59875	25051	52626	46566	79178	20195	38128	70702	21805	37793	31968	29855	50249	35589	54708	26022	52351	42985	27797	31838	28853	35244	36856	26260	49203	32420	68200	55179	54727
217	228271	77273	26121990	26121990	77891	30732	29068	57268	32126	48897	59687	64522	76151	66790	58295	35384	50934	93810	51512	92594	60165	54436	70800	46986	23218	37799	34105	34262	27581	56836	95006	62200	27278	54894	48778	81301	22164	40397	34120	23727	40135	34408	32135	52542	37738	56962	28246	54626	45191	29888	33983	30872	37524	39146	28392	51501	34768	70570	57664	57160
218	229027	79412	26242008	26242008	80049	33139	31537	59775	34374	51370	62218	67090	78331	69272	60853	37875	53505	95630	53980	94420	62647	56956	73141	49515	25526	40087	36172	36319	29756	59146	96751	64476	29406	57030	50893	83351	24315	42643	36301	25747	42393	36457	34323	54736	39927	59129	30441	56884	47382	31970	36172	33207	39723	41309	30576	53779	36853	72835	60013	59461
219	229774	81501	26363472	26363472	82114	35380	33702	62169	36989	53730	64589	69532	80462	71665	63215	40212	55916	97373	56413	96213	65069	59333	75410	51878	27488	42152	38179	38428	31782	61305	98515	66612	31454	59125	52959	85331	26448	44773	38356	27768	44492	38503	36433	56808	42001	61153	32424	58983	49389	34046	38179	35208	41758	43364	32615	55884	38879	75007	62202	61641
220	230530	83576	26484936	26484936	84167	37597	36252	30405	39061	56022	66938	71916	39597	74005	65550	42661	58303	99116	58703	97956	67434	61686	77644	54251	29390	44214	40242	40477	33747	63390	100226	68649	33500	61115	54952	87315	28419	46762	40358	13276	46537	40548	38428	58839	43975	63144	34292	28587	51438	36002	40086	37213	43744	45371	34651	57953	40905	77113	64350	63742
221	231286	85571	26604954	26604954	86159	39897	38364	32710	41529	58403	69355	74247	41984	76270	67952	44928	60759	100818	61079	99693	69802	64073	79802	56565	31174	46272	42298	42524	35602	65435	101866	70627	35545	63107	56797	89201	30399	48713	42262	15325	48495	42641	40375	60837	45863	65039	36176	30556	53331	38019	42102	39061	45732	47246	36517	59946	42978	79154	66427	65838
222	232033	87568	26726418	26726418	88109	42120	40620	34920	43810	60720	71658	76504	44241	37817	70273	47350	63091	102478	63369	101373	72122	66376	81926	58918	33238	48198	44213	44524	37475	67357	103526	72554	37254	64971	58583	91080	32384	50625	44178	17127	50334	44448	42230	62705	47678	31685	38075	32339	55234	39931	43978	41079	47509	49175	38398	61840	44909	81103	68410	67810
223	232738	89477	26846436	26846436	90018	44324	42998	37220	45976	62954	73942	78697	46434	40105	72577	49568	65434	104138	65663	103033	74418	68691	83987	61220	35119	49968	45911	46524	39363	69250	105135	74486	39152	66781	60521	92906	34254	52470	46013	18757	52231	46181	44101	64581	49507	33531	39933	34273	57069	41608	45731	42903	49468	50912	40192	63743	46628	83003	70396	69729
224	233410	91344	26967900	26967900	91883	32842	45204	39439	41439	65143	76156	72668	34994	28390	74785	51769	67689	105755	43139	76150	76642	70900	85955	63406	16424	24463	47853	21844	41314	34181	51693	76437	18976	32522	20902	68793	36140	23136	21690	20662	42491	48154	20449	31421	51551	35458	19019	16037	42279	19944	36746	24040	51434	16388	19019	41904	22598	40488	72471	33754
225	234074	93170	27089364	27089364	93709	23051	47526	42032	24286	67625	78362	40323	24286	21002	76999	54337	70105	107332	34142	52417	78830	73210	87913	31479	19451	12367	50910	24792	44313	37316	54721	78633	21933	35455	15238	47636	39221	13124	24486	23406	27813	51233	23307	34388	54435	38378	21782	19017	29938	22957	24058	23127	54361	12367	21972	33779	25702	43688	74791	36924
226	234746	94996	27209382	27210828	95513	25780	50435	44936	27273	70102	80517	43391	27043	23880	79200	57295	72498	108909	37056	55402	80967	75531	89822	34381	22066	14973	53752	27799	47074	40256	57694	80777	24788	38214	17772	50458	41977	15603	27225	26178	30656	54094	26089	37227	57243	41092	24398	21876	32723	25697	26840	25768	57173	14833	24737	36666	28395	46666	77032	39944
227	235418	96763	27330846	27330846	97277	28465	53264	47792	30169	72495	82617	46299	29753	26603	81322	60141	74844	110481	39860	27277	83042	77760	91718	37220	24652	17546	56376	30508	49683	42943	60450	82877	27343	40785	20191	53092	44654	6828	29778	28682	33256	56740	28673	39862	59820	43634	11775	24225	35228	28021	29285	28454	59822	17427	27222	39339	31118	49378	79232	42751
228	236082	98506	27452310	27452310	99020	31115	26028	50647	32996	74841	84650	22964	32425	29495	83397	62920	77085	111975	42673	29965	85082	79918	93544	40012	26758	19994	58843	32868	52118	45563	63055	84900	29747	43297	22442	55562	47044	9438	14039	31248	35781	59228	31173	42332	62279	45988	14198	26758	37675	30575	16189	30703	62281	19784	29705	41891	33558	52028	81353	45289
229	236754	100217	27572328	27572328	100707	33925	28834	53544	35773	77082	86642	25864	35247	32383	85423	65583	79257	113469	45536	32936	87074	82038	95356	42958	29210	22449	61215	35422	54517	48037	65586	86892	32164	45626	24821	57964	49486	11455	16119	33431	38138	61653	33486	44665	64616	48356	16259	29139	40024	32741	15858	33238	64682	21885	31996	44292	35889	54508	83428	47822
230	237426	101897	27693792	27693792	102387	36631	31519	26195	38562	79254	88594	28759	38022	35267	41361	68164	81402	114981	48397	35776	46777	84094	97120	45848	31471	24575	63497	15906	56709	50348	67927	88834	34409	47881	26837	60229	51691	13782	18416	35596	40458	63945	35763	47011	66840	50611	18199	31273	42191	35067	17723	35237	66904	24062	34253	46615	38184	56844	85429	50184
231	238090	103557	27815256	27815256	104047	39464	34476	29127	41611	81399	90503	31779	40858	38257	44405	70623	83477	116458	51379	38727	45566	86086	98863	48778	33516	26765	30434	18864	51712	52557	70191	90720	15906	50076	28853	62379	53845	16028	20455	37689	42603	66097	37958	49161	69020	52730	20158	33392	44345	37247	19729	37408	69082	26055	36310	48825	40399	59119	87409	52479
232	238762	105184	27935274	27935274	105649	42202	37197	31918	44452	83474	92347	34653	43606	41129	47204	72998	85476	117869	54195	41464	48425	88062	100557	51616	35559	29075	32609	21058	28189	54827	72469	92577	17886	52179	31006	64553	56060	18109	22494	39879	44781	68271	40031	51341	71160	54881	22224	35617	46489	39410	21836	39563	71249	28277	38473	51021	42645	61381	89318	54751
233	239434	106780	28056738	28056738	107245	44865	39885	34601	47204	85473	94195	37417	46275	43857	49930	75299	87477	119297	56908	20802	51125	89971	102237	54382	37600	31146	34645	23043	30183	56967	74653	94381	19875	54271	32955	66655	58159	20076	24448	41907	46858	70378	42099	53393	73237	56909	24198	37655	48534	41458	23756	41654	73323	30266	40519	53120	44729	63557	91192	56895
234	240098	108357	28178202	28178202	108822	47334	42452	37202	49765	87451	95977	40038	48841	46515	52550	77511	89386	120708	59496	23262	53764	91838	49887	57013	39692	33149	36568	23136	32183	59028	76706	96134	21876	46345	34913	68691	60177	8917	26412	43744	48847	72426	44163	55366	35486	58832	26102	39692	50453	19628	25693	43599	75343	32131	42466	55181	46720	65628	92996	58993
235	240770	109934	28298220	28298220	110381	49763	44915	39734	52277	89360	97720	42645	51317	49065	55048	79669	91279	122119	62004	25808	56351	93686	52155	59493	41678	35154	38556	12298	34184	61157	78814	97877	23879	27505	36933	70726	62229	11030	28460	45732	50920	74470	46223	57413	37420	60796	28172	41678	52424	21358	27719	45638	77368	34197	44515	57269	48757	67727	94844	61123
236	241434	111453	28419684	28419684	111893	52075	47294	42113	54744	91232	99484	45097	53680	51490	57500	81748	93105	123515	64414	28197	58749	95491	54514	61936	43526	37218	40547	14198	36190	63181	80876	99618	25888	29334	38689	72678	64216	12957	30437	47811	52906	76449	48151	59427	39363	62698	30029	43621	54469	23228	29536	47592	79321	36201	46426	59252	50750	69765	96596	63181
237	242106	112947	28541148	28541148	113387	54362	49515	44317	57068	93036	101148	47424	55899	53806	59757	83792	94909	124843	66706	30397	61056	97213	56886	64220	45158	39119	42395	15869	37980	65139	82826	101258	27750	31255	40621	74610	66143	14484	32033	49720	54901	78358	50047	61238	41264	64575	32037	45615	56260	25207	31312	49633	81214	37881	48344	61204	52628	71708	98318	65171
238	242778	114441	28661166	28661166	114881	56489	51718	46550	59197	94840	102808	49639	58040	56022	61987	85760	96638	126171	68890	32639	63280	98935	59125	66457	47218	40932	44212	17616	39739	67006	84731	97407	16367	33125	34774	48120	36873	16253	19232	51354	56641	43368	51871	63127	43033	66397	14460	47350	58103	26884	33117	51391	83064	39802	26832	63094	54440	66961	83135	37073
239	243442	115935	28782630	28782630	116364	58565	53833	48679	61355	96593	50297	23670	60165	27290	29853	87726	98381	127515	71034	34734	65425	100626	61319	32007	49400	34774	21555	8575	42216	69331	86699	51355	14390	35427	21260	37887	34081	18758	17365	25546	59132	40323	25085	31281	45421	68651	16862	23176	28876	13099	15973	25464	85055	19518	25369	65467	27054	36681	50159	32780
240	244114	117359	28902648	28902648	117775	60877	56196	51122	63789	98336	52392	26017	62515	29697	32198	89635	100098	128843	73367	37045	67861	102286	63691	34385	52129	21841	24197	11328	44924	71780	88649	54172	16929	38133	23848	40632	36832	21455	20042	28179	61926	43055	27837	34016	48117	71122	19290	25811	31559	15582	18517	28179	87071	22122	28020	68021	29832	39512	53119	35690
241	244786	118787	29024112	29024112	119186	63305	58673	53608	66256	100075	54970	28535	64941	32053	34681	43948	101778	130171	75682	39537	70301	103946	32030	36888	26062	24537	26809	13982	47478	74116	90558	56886	19561	40759	26337	43201	39496	23935	22400	30652	64562	45759	30475	36602	23502	73480	21537	28420	15973	18181	20949	30855	88983	24788	14043	70484	32434	42296	55994	38486
242	245450	120198	29145576	29145576	120614	65758	61118	56089	68755	101735	57462	31113	67403	34666	37164	46468	103438	131463	77906	42074	72716	105572	34585	39337	28574	27038	29257	16330	50062	76377	92400	59510	22068	43369	28682	45761	42085	26337	24953	33064	67129	48309	33027	39121	26024	75737	24095	31143	18290	20450	23481	33314	90892	27267	16252	72864	34960	44999	58761	41142
243	246122	121609	29265594	29265594	122025	68093	63534	58572	71165	103395	59925	33430	69773	37039	39544	48810	105071	132708	80064	44421	75000	107149	16424	41790	30815	29608	13889	19049	52402	78575	94248	61952	24398	45692	31114	21881	44431	28826	11595	35428	69540	50730	35335	41586	28248	77933	26323	33395	20445	22765	25683	35603	92741	29467	18533	75143	37370	47506	61305	43681
244	246794	123035	29387058	29387058	123411	70380	65885	60884	73522	105049	62282	35885	72064	39426	41885	51247	106667	133968	82153	46823	77241	108726	18796	44102	33090	31905	15989	21223	54752	80721	96028	64331	26759	47988	33307	24144	46833	30980	13748	37806	71924	53077	37665	43864	30579	80091	28813	35736	22760	24781	27784	37916	94567	31839	20763	77384	39786	49925	63838	46123
245	247458	124363	29508522	29508522	124755	72568	68126	63180	75778	106626	64555	38180	74278	41674	44146	53535	108244	135228	84181	49149	79381	110308	20800	46346	31812	34168	18073	23639	56968	82746	97771	66595	28853	50219	35421	26212	49033	33182	15603	39886	74143	55325	39910	46028	32681	82154	30834	37878	24776	27030	29876	40198	96332	30366	22774	79493	42015	52192	66179	48442
246	248130	125691	29628540	29628540	126083	35590	70354	65455	77972	108203	66843	40447	76453	43993	46433	26274	109821	136473	86173	51370	39387	111802	9601	48655	17292	36402	20043	25666	59029	84774	99535	68753	30872	52356	37469	28347	51139	35362	17497	41963	76296	57482	42034	48179	34773	84206	32856	40007	26871	29106	31958	42306	98096	16628	24873	81604	44176	54436	68440	50734
247	248794	127035	29750004	29750004	127411	37959	72711	67890	80156	109799	69263	42979	78674	46376	48820	28840	111345	137733	88145	53844	41837	113296	11588	51059	19235	38505	22026	27693	61090	86742	101197	70844	32892	54365	39410	30332	53196	37414	19634	43985	78367	59564	44101	50196	36802	86174	34879	42027	28813	31040	33913	44314	99807	18528	26806	83654	46236	56524	70599	52847
248	249466	128363	29871468	29871468	128755	40291	75050	70329	82242	111307	71685	21444	80817	48934	51376	31127	112839	138993	90054	56281	44288	114808	13894	24969	21000	40498	24018	29721	63049	88667	102857	72820	34913	56270	41308	32257	55179	39251	21654	45963	80369	61541	46075	52136	38670	88077	36790	44094	30699	32923	35933	46233	48484	20352	28826	40641	22538	58598	72695	54919
249	250138	129691	29991486	29991486	130083	42736	77291	72715	84290	112801	74024	23925	82892	51485	53850	33628	114333	140182	91918	58823	46831	116295	16508	27431	22991	42544	25774	31749	65043	90576	104537	74858	36989	58218	43267	34255	57232	41308	23588	47860	82346	63517	48009	54230	40603	90009	38605	46113	32538	34942	37845	48161	50282	22213	30846	42682	24486	60637	74818	56981
