1.4539 1
1.45391 1
1.45419 1
1.4542 1
1.45429 1
1.45458 1
1.45459 1
1.45531 1
1.45534 1
1.4559 1
1.45591 1
1.45591 1
1.456 1
1.45603 1
1.45605 1
1.4562 1
1.45627 1
1.45629 1
1.4563 1
1.45632 1
1.45642 1
1.46135 1
1.46161 1
1.4622 1
1.46221 1
1.46222 1
1.46233 1
1.46235 1
1.4626 1
1.4626 1
1.46263 1
1.46273 1
1.46296 1
1.46325 1
1.46361 1
1.46642 1
1.46648 1
1.46651 1
1.46652 1
1.4669 1
1.46792 1
1.46852 1
1.46858 1
1.46861 1
1.46863 1
1.46866 1
1.4689 1
1.4689 1
1.46893 1
1.46927 1
1.46941 1
1.47281 1
1.47282 1
1.4735 1
1.47353 1
1.4739 1
1.47392 1
1.47511 1
1.47518 1
1.47521 1
1.47521 1
1.47534 1
1.47557 1
1.47908 1
1.47911 1
1.47911 1
1.47912 1
1.47951 1
1.47983 1
1.48083 1
1.48083 1
1.48112 1
1.48113 1
1.48118 1
1.48119 1
1.48121 1
1.48141 1
1.48148 1
1.48539 1
1.48542 1
1.48551 1
1.48752 1
1.48755 1
1.48781 1
1.48782 1
1.48787 1
1.48788 1
1.48794 1
1.48817 1
1.48818 1
1.4914 1
1.49142 1
1.49143 1
1.49181 1
1.49244 1
1.49257 1
1.49274 1
1.49382 1
1.49387 1
1.49419 1
1.49744 1
1.4977 1
1.49772 1
1.49773 1
1.49773 1
1.49793 1
1.49794 1
1.49811 1
1.49858 1
1.49859 1
1.49872 1
1.49974 1
1.4998 1
1.4998 1
1.49996 1
1.50003 1
1.50003 1
1.50004 1
1.50004 1
1.50013 1
1.50015 1
1.50018 1
1.50032 1
1.50042 1
1.50045 1
1.50438 1
1.50512 1
1.50525 1
1.50604 1
1.50605 1
1.5061 1
1.50611 1
1.50633 1
1.50634 1
1.50634 1
1.50634 1
1.50686 1
1.50728 1
1.50738 1
1.51034 1
1.51052 1
1.51055 1
1.5106 1
1.51235 1
1.51241 1
1.51241 1
1.51264 1
1.51265 1
1.51274 1
1.51276 1
1.51279 1
1.51303 1
1.51316 1
1.51339 1
1.51664 1
1.51665 1
1.51684 1
1.51685 1
1.51691 1
1.5175 1
1.51763 1
1.51766 1
1.51878 1
1.51891 1
1.51894 1
1.51895 1
1.51895 1
1.51904 1
1.51907 1
1.5194 1
1.5224 1
1.52243 1
1.52295 1
1.52321 1
1.52409 1
1.52472 1
1.52493 1
1.52495 1
1.52496 1
1.52525 1
1.52534 1
1.52534 1
1.52569 1
1.52571 1
1.52914 1
1.52916 1
1.52922 1
1.52925 1
1.52945 1
1.52946 1
1.53132 1
1.53135 1
1.53139 1
1.53156 1
1.53165 1
1.53165 1
1.5317 1
1.53178 1
1.53184 1
1.53201 1
1.53552 1
1.53556 1
1.53642 1
1.53653 1
1.53654 1
1.53664 1
1.53687 1
1.53763 1
1.53766 1
1.53769 1
1.538 1
1.53808 1
1.5383 1
1.53831 1
1.54157 1
1.54175 1
1.54176 1
1.54177 1
1.54183 1
1.54254 1
1.54254 1
1.54255 1
1.54271 1
1.5437 1
1.54387 1
1.54393 1
1.54393 1
1.54396 1
1.54409 1
1.54416 1
1.54416 1
1.54417 1
1.54431 1
1.54914 1
1.54987 1
1.54988 1
1.54994 1
1.54997 1
1.55001 1
1.55047 1
1.55047 1
1.55076 1
1.55088 1
1.55091 1
1.5515 1
1.55417 1
1.55417 1
1.55438 1
1.55467 1
1.55467 1
1.55618 1
1.55624 1
1.55627 1
1.55631 1
1.55654 1
1.55657 1
1.5567 1
1.55677 1
1.55689 1
1.55691 1
1.55703 1
1.55706 1
1.55723 1
1.56145 1
1.56145 1
1.56146 1
1.56278 1
1.56284 1
1.56284 1
1.56291 1
1.56304 1
1.56307 1
1.56307 1
1.56308 1
1.56383 1
1.56699 1
1.56746 1
1.56776 1
1.5685 1
1.56885 1
1.56888 1
1.56908 1
1.56909 1
1.56915 1
1.56918 1
1.56921 1
1.56934 1
1.56937 1
1.56938 1
1.57287 1
1.57297 1
1.57297 1
1.57309 1
1.57326 1
1.57329 1
1.57335 1
1.57338 1
1.57501 1
1.57522 1
1.57539 1
1.57545 1
1.57552 1
1.57569 1
1.57577 1
1.5759 1
1.57597 1
1.57603 1
1.5761 1
1.57612 1
1.57614 1
1.58054 1
1.58067 1
1.5808 1
1.58204 1
1.58208 1
1.58221 1
1.58228 1
1.58234 1
1.5824 1
1.58243 1
1.58243 1
1.58244 1
1.5857 1
1.58602 1
1.58619 1
1.58633 1
1.58685 1
1.58733 1
1.58758 1
1.58768 1
1.5877 1
1.58776 1
1.58783 1
1.58806 1
1.58855 1
1.58858 1
1.58873 1
1.58874 1
1.59298 1
1.59331 1
1.59338 1
1.59344 1
1.5935 1
1.59363 1
1.59465 1
1.59474 1
1.59474 1
1.59485 1
1.59488 1
1.59498 1
1.59501 1
1.59504 1
1.59505 1
1.59863 1
1.59898 1
1.59945 1
1.59946 1
1.59961 1
1.59971 1
1.59974 1
1.59991 1
1.60061 1
1.60089 1
1.6009 1
1.60099 1
1.60102 1
1.60105 1
1.60112 1
1.60116 1
1.60125 1
1.60134 1
1.60134 1
1.60135 1
1.6062 1
1.60624 1
1.60632 1
1.60735 1
1.60742 1
1.60746 1
1.60755 1
1.60762 1
1.60764 1
1.60765 1
1.60766 1
1.61254 1
1.61262 1
1.61268 1
1.61268 1
1.61373 1
1.6138 1
1.61386 1
1.61392 1
1.61395 1
1.61395 1
1.61396 1
1.61813 1
1.61819 1
1.61819 1
1.6182 1
1.61885 1
1.61893 1
1.61898 1
1.61899 1
1.61922 1
1.61922 1
1.6202 1
1.62023 1
1.62025 1
1.62026 1
1.62027 1
1.6245 1
1.62512 1
1.62515 1
1.62529 1
1.62529 1
1.62553 1
1.62631 1
1.62637 1
1.6264 1
1.62653 1
1.62655 1
1.6316 1
1.63183 1
1.63256 1
1.63257 1
1.63271 1
1.63283 1
1.63286 1
1.63286 1
1.63291 1
1.63676 1
1.6371 1
1.63711 1
1.6376 1
1.63773 1
1.63776 1
1.63801 1
1.63814 1
1.63881 1
1.63884 1
1.63887 1
1.63887 1
1.63901 1
1.63918 1
1.63922 1
1.6434 1
1.64341 1
1.64441 1
1.64515 1
1.64517 1
1.64518 1
1.64525 1
1.64528 1
1.64532 1
1.64547 1
1.64547 1
1.64548 1
1.64972 1
1.65147 1
1.65148 1
1.65155 1
1.65157 1
1.65159 1
1.65178 1
1.65179 1
1.65445 1
1.65538 1
1.6556 1
1.65566 1
1.65571 1
1.65573 1
1.65612 1
1.65635 1
1.65763 1
1.65769 1
1.65778 1
1.65778 1
1.65786 1
1.65798 1
1.65809 1
1.66064 1
1.66067 1
1.66093 1
1.66202 1
1.6622 1
1.66222 1
1.66246 1
1.66261 1
1.66364 1
1.66393 1
1.66394 1
1.66399 1
1.66409 1
1.6642 1
1.66438 1
1.66691 1
1.66694 1
1.66694 1
1.66697 1
1.66743 1
1.66745 1
1.66827 1
1.6685 1
1.66853 1
1.66863 1
1.66963 1
1.67024 1
1.67024 1
1.67039 1
1.6705 1
1.6734 1
1.67342 1
1.67354 1
1.67373 1
1.67376 1
1.67464 1
1.67481 1
1.67492 1
1.67493 1
1.67588 1
1.67593 1
1.67625 1
1.67654 1
1.67655 1
1.67669 1
1.6768 1
1.67954 1
1.67965 1
1.67966 1
1.67967 1
1.67973 1
1.67974 1
1.68082 1
1.68088 1
1.68093 1
1.68124 1
1.68214 1
1.68216 1
1.68218 1
1.68255 1
1.68281 1
1.6833 1
1.68331 1
1.68631 1
1.68631 1
1.68634 1
1.68754 1
1.68787 1
1.68846 1
1.68849 1
1.68857 1
1.68921 1
1.6893 1
1.6893 1
1.68961 1
1.69219 1
1.69226 1
1.69231 1
1.69231 1
1.69233 1
1.69235 1
1.69313 1
1.69319 1
1.69342 1
1.69348 1
1.69349 1
1.69355 1
1.69384 1
1.69385 1
1.69479 1
1.69485 1
1.69487 1
1.69545 1
1.69546 1
1.69551 1
1.69858 1
1.69862 1
1.69862 1
1.69864 1
1.69865 1
1.70015 1
1.70109 1
1.70115 1
1.70117 1
1.70168 1
1.70191 1
1.70222 1
1.70494 1
1.70495 1
1.70522 1
1.70525 1
1.70528 1
1.70574 1
1.70579 1
1.7058 1
1.70644 1
1.70645 1
1.70738 1
1.7074 1
1.70745 1
1.70757 1
1.70777 1
1.70806 1
1.70807 1
1.70819 1
1.70822 1
1.71378 1
1.71407 1
1.71407 1
1.71452 1
1.71483 1
1.71716 1
1.71725 1
1.71726 1
1.71741 1
1.71749 1
1.71753 1
1.71753 1
1.71756 1
1.71789 1
1.71828 1
1.71834 1
1.71834 1
1.71864 1
1.71875 1
1.71877 1
1.71974 1
1.71998 1
1.72001 1
1.72029 1
1.72036 1
1.72037 1
1.72038 1
1.72112 1
1.72113 1
1.72365 1
1.72464 1
1.72465 1
1.72491 1
1.72501 1
1.72605 1
1.72629 1
1.72639 1
1.72668 1
1.72668 1
1.72697 1
1.72698 1
1.72703 1
1.7298 1
1.72987 1
1.72993 1
1.72995 1
1.73016 1
1.73017 1
1.73095 1
1.73101 1
1.73118 1
1.73119 1
1.73124 1
1.73167 1
1.73267 1
1.73328 1
1.7334 1
1.73343 1
1.73343 1
1.73602 1
1.73632 1
1.73644 1
1.73646 1
1.73752 1
1.73755 1
1.73767 1
1.73768 1
1.73897 1
1.73929 1
1.73974 1
1.73984 1
1.74247 1
1.74248 1
1.74256 1
1.7427 1
1.74273 1
1.74277 1
1.74278 1
1.74382 1
1.74385 1
1.74493 1
1.74496 1
1.74559 1
1.74585 1
1.74589 1
1.74594 1
1.7501 1
1.75013 1
1.75016 1
1.75027 1
1.75091 1
1.75091 1
1.75121 1
1.75123 1
1.75126 1
1.7519 1
1.75219 1
1.75225 1
1.75234 1
1.75234 1
1.75504 1
1.75517 1
1.75534 1
1.75535 1
1.75537 1
1.75539 1
1.75659 1
1.75673 1
1.75678 1
1.75688 1
1.75689 1
1.75727 1
1.75751 1
1.75753 1
1.75841 1
1.7585 1
1.75864 1
1.75865 1
1.76168 1
1.76169 1
1.76274 1
1.76276 1
1.76288 1
1.76289 1
1.76303 1
1.76318 1
1.76318 1
1.76381 1
1.76387 1
1.7648 1
1.7648 1
1.7677 1
1.76777 1
1.76784 1
1.76832 1
1.76878 1
1.76905 1
1.76907 1
1.76919 1
1.7692 1
1.76948 1
1.76949 1
1.76953 1
1.76969 1
1.76976 1
1.76978 1
1.76982 1
1.76988 1
1.77126 1
1.77393 1
1.77395 1
1.774 1
1.77406 1
1.77408 1
1.77544 1
1.7757 1
1.77579 1
1.7758 1
1.77583 1
1.77606 1
1.77608 1
1.77618 1
1.77645 1
1.77755 1
1.78012 1
1.78015 1
1.78029 1
1.7803 1
1.7806 1
1.78168 1
1.78174 1
1.782 1
1.7821 1
1.78224 1
1.78237 1
1.78243 1
1.78249 1
1.78272 1
1.78278 1
1.78639 1
1.78642 1
1.78645 1
1.78675 1
1.78798 1
1.7881 1
1.78811 1
1.78814 1
1.78869 1
1.78873 1
1.78901 1
1.78903 1
1.79016 1
1.79264 1
1.79268 1
1.79273 1
1.79276 1
1.7929 1
1.79291 1
1.79428 1
1.79441 1
1.79455 1
1.79455 1
1.79527 1
1.79533 1
1.79536 1
1.79539 1
1.79561 1
1.79565 1
1.79903 1
1.79906 1
1.79922 1
1.79928 1
1.79929 1
1.7995 1
1.79951 1
1.80128 1
1.8013 1
1.80134 1
1.80153 1
1.80157 1
1.80163 1
1.80166 1
1.80169 1
1.80528 1
1.8053 1
1.80533 1
1.80533 1
1.80545 1
1.80597 1
1.80732 1
1.80758 1
1.8076 1
1.808 1
1.80826 1
1.81164 1
1.8119 1
1.81197 1
1.81211 1
1.81212 1
1.81314 1
1.81362 1
1.81384 1
1.81385 1
1.81389 1
1.81395 1
1.81401 1
1.81453 1
1.81462 1
1.81786 1
1.81789 1
1.81794 1
1.81797 1
1.81827 1
1.82021 1
1.82025 1
1.82055 1
1.82087 1
1.82088 1
1.82093 1
1.82168 1
1.82645 1
1.82681 1
1.82684 1
1.82685 1
1.82799 1
1.83136 1
1.83188 1
1.83252 1
1.83253 1
1.83276 1
1.83429 1
1.83766 1
1.83769 1
1.83854 1
1.83868 1
1.83912 1
1.83912 1
1.83915 1
1.83916 1
1.83946 1
1.83952 1
1.84469 1
1.84472 1
1.84485 1
1.8469 1
1.85173 1
1.85175 1
1.85177 1
1.85207 1
1.85209 1
1.85213 1
1.85318 1
1.8532 1
1.87098 1
1.87101 1
1.87104 1
1.87666 1
1.87699 1
1.87705 1
1.87727 1
1.87727 1
1.87728 1
1.87731 1
1.96516 1
1.96523 1
1.96523 1
1.96548 1
1.96552 1
1.96553 1
1.97183 1
1.9719 1
7.32935 1
7.32938 1
7.32939 1
7.33595 1
7.33875 1
7.33875 1
7.33883 1
7.33884 1
7.33895 1
7.3392 1
7.33925 1
7.34832 1
7.35223 1
7.35447 1
7.35879 1
7.35918 1
7.36106 1
7.36691 1
7.36694 1
7.36726 1
7.36731 1
7.36736 1
7.37756 1
7.37757 1
7.38998 1
13.3656 1
13.3656 1
13.3656 1
13.413 1
13.4851 1
13.4852 1
13.4853 1
13.4854 1
13.4855 1
13.4949 1
13.495 1
13.4951 1
13.4952 1
13.4952 1
13.4957 1
13.4959 1
13.4978 1
13.4982 1
13.5029 1
13.503 1
13.5034 1
13.5037 1
13.504 1
13.5041 1
13.5041 1
13.5041 1
13.5045 1
13.5045 1
13.5108 1
13.5108 1
13.5141 1
13.5168 1
13.5168 1
13.5168 1
13.5171 1
13.5171 1
13.5234 1
13.5242 1
13.5294 1
13.5297 1
13.5301 1
13.5301 1
13.5359 1
13.5372 1
13.5378 1
13.5378 1
13.5378 1
13.5381 1
13.5391 1
13.5452 1
13.5454 1
13.5454 1
13.5455 1
13.5486 1
13.5514 1
13.5548 1
13.5549 1
13.5549 1
13.5567 1
13.5567 1
13.5568 1
13.5609 1
13.5633 1
13.5636 1
13.5696 1
13.5697 1
13.5699 1
13.57 1
13.5706 1
13.5826 1
13.5829 1
13.5884 1
13.5923 1
13.5923 1
13.5923 1
13.596 1
13.6019 1
13.6021 1
13.6023 1
13.6023 1
19.5438 1
19.5493 1
19.5494 1
19.556 1
19.5613 1
19.5618 1
19.5619 1
19.5619 1
19.5696 1
19.5744 1
19.5745 1
19.7069 1
19.7143 1
19.7143 1
19.7145 1
19.7146 1
19.7146 1
19.7146 1
19.7163 1
19.7163 1
19.7164 1
19.7166 1
19.7166 1
19.7166 1
19.729 1
19.732 1
19.7321 1
19.7321 1
19.7323 1
19.7324 1
19.7381 1
19.7383 1
19.7383 1
19.7383 1
19.7384 1
19.7384 1
19.7384 1
19.7449 1
19.745 1
19.745 1
19.7451 1
19.7451 1
19.7666 1
19.7668 1
19.7668 1
19.7794 1
19.7825 1
19.7825 1
19.7891 1
19.792 1
19.7921 1
19.7923 1
19.7923 1
19.8012 1
19.8013 1
19.8014 1
19.8077 1
19.8077 1
19.8078 1
19.8079 1
19.8081 1
19.8081 1
19.8088 1
19.8088 1
19.8203 1
19.8203 1
19.8204 1
19.8207 1
19.8208 1
19.8235 1
19.8235 1
19.8238 1
19.8238 1
19.8238 1
19.8301 1
19.8335 1
19.8344 1
19.8359 1
19.8359 1
19.8359 1
19.8361 1
19.8361 1
19.8361 1
19.8364 1
19.8364 1
19.8364 1
19.8425 1
19.8426 1
19.8427 1
19.8488 1
19.849 1
19.851 1
19.8518 1
19.8518 1
19.8519 1
19.8519 1
19.855 1
19.855 1
19.8551 1
19.8552 1
19.8553 1
19.8553 1
19.8554 1
19.8634 1
19.8642 1
19.8644 1
19.8645 1
19.8646 1
19.868 1
19.8698 1
19.8707 1
19.8707 1
19.871 1
19.8771 1
19.8773 1
19.8802 1
19.8804 1
19.8805 1
19.8805 1
19.8806 1
19.8896 1
19.8896 1
19.8897 1
19.8897 1
19.8899 1
19.8963 1
19.8964 1
19.902 1
19.902 1
19.9026 1
19.9076 1
19.9076 1
19.9152 1
19.9272 1
19.9272 1
19.9275 1
19.9275 1
19.9275 1
19.9463 1
