15.1007 11
15.1075 11
15.1141 11
15.159 11
15.1653 11
15.1716 11
15.1782 11
15.185 11
15.1915 11
15.1979 11
15.2051 12
15.3019 12
15.3091 12
15.3157 12
15.3605 12
15.3668 12
15.3731 12
15.3806 12
15.3872 12
15.3935 12
15.4003 12
15.4071 12
15.4134 12
15.5036 13
15.5113 13
15.5181 13
15.5621 13
15.5687 13
15.5751 13
15.5825 13
15.5898 13
15.5961 13
15.6024 13
15.6095 13
15.6158 13
15.7061 13
15.7126 14
15.7189 14
15.7252 14
15.7633 14
15.7702 14
15.7766 14
15.7846 14
15.7926 14
15.7989 14
15.8052 14
15.8115 14
15.8179 14
15.908 14
15.9144 14
15.9207 14
15.927 15
15.9333 15
15.965 15
15.9719 15
15.9787 15
15.9873 15
15.9949 15
16.0015 15
16.0078 15
16.0142 15
16.0205 15
16.11 15
16.1164 15
16.1227 15
16.129 15
16.1355 16
16.1418 16
16.1677 16
16.1743 16
16.1816 16
16.1909 16
16.1979 16
16.2045 16
16.2108 16
16.2172 16
16.2235 16
16.3127 16
16.3201 16
16.3264 16
16.3328 16
16.3391 16
16.3454 16
16.3517 17
16.3706 17
16.3778 17
16.3851 17
16.3937 17
16.4008 17
16.4074 17
16.4137 17
16.42 17
16.4266 17
16.519 17
16.5268 17
16.5336 17
16.54 17
16.5465 17
16.5528 17
16.5596 17
16.5659 18
16.5779 18
16.5854 18
16.5923 18
16.6016 18
16.6091 18
16.7442 6
17.1326 6
17.1407 6
17.1474 6
17.2047 7
17.214 7
17.2206 7
17.3349 7
17.3433 7
17.3496 7
17.406 7
17.4123 8
17.4186 8
17.4252 8
17.5362 8
17.5446 8
17.5512 8
17.6081 8
17.6144 8
17.6207 8
17.6271 9
17.6334 9
17.7384 9
17.7465 9
17.753 9
17.8104 9
17.817 9
17.8233 9
17.8296 9
17.8359 10
17.8422 10
17.9402 10
17.9482 10
17.9546 10
18.0132 10
18.0209 10
18.0276 10
18.034 10
18.0412 10
18.0477 10
18.0543 11
18.142 11
18.1498 11
18.1561 11
18.2168 11
18.2252 11
18.2315 11
18.2378 11
18.245 11
18.2515 11
18.258 11
18.2644 12
18.3445 12
18.3524 12
18.3587 12
18.4218 12
18.4325 12
18.4391 12
18.446 12
18.4532 12
18.46 12
18.4665 12
18.4728 12
18.4792 12
18.5526 13
18.5608 13
18.5674 13
18.6321 13
18.6436 13
18.6503 13
18.6575 13
18.6639 13
18.6712 13
18.6784 13
18.6853 13
18.6916 13
18.7648 13
18.7711 14
18.7775 14
18.7838 14
18.8415 14
18.8526 14
18.8593 14
18.8656 14
18.8719 14
18.8797 14
18.8869 14
18.8935 14
18.8998 14
18.9716 14
18.9779 14
18.9842 14
18.9905 15
18.9968 15
19.0492 15
19.06 15
19.0672 15
19.0735 15
19.0804 15
19.0891 15
19.096 15
19.1023 15
19.1087 15
19.1789 15
19.1856 15
19.1922 15
19.1988 15
19.2052 16
19.2117 16
19.2572 16
19.2679 16
19.2742 16
19.2805 16
19.2868 16
19.294 16
19.3003 16
19.3066 16
19.313 16
19.3809 16
19.3872 16
19.3937 16
19.4007 16
19.407 16
19.4134 16
19.4197 17
19.4591 17
19.4698 17
19.4763 17
19.4826 17
19.4889 17
19.4957 17
19.502 17
19.5083 17
19.5146 17
19.5825 17
19.5889 17
19.5952 17
19.6028 17
19.6091 17
19.6155 17
19.6222 17
19.6285 18
19.6611 18
19.672 18
19.6783 18
19.6846 18
19.691 18
19.6979 18
19.7042 18
19.7105 18
19.7168 18
19.7841 18
19.7905 18
19.7971 18
19.8054 18
19.8118 18
19.8181 18
19.8248 18
19.8311 18
19.8374 18
19.8637 19
19.8741 19
19.8806 19
19.8869 19
19.8932 19
19.9 19
19.9063 19
19.9126 19
19.9189 19
19.9857 19
19.9922 19
19.9987 19
20.0078 19
20.0142 19
20.0205 19
20.0272 19
20.0337 19
20.0401 19
20.066 19
20.0723 19
20.0786 20
20.085 20
20.0913 20
20.0976 20
20.1039 20
20.1102 20
20.1165 20
20.1228 20
20.1882 20
20.1959 20
20.2028 20
20.2128 20
20.2196 20
20.2261 20
20.2329 20
20.2393 20
20.2459 20
20.2701 20
20.2765 20
20.2828 20
20.2891 21
20.2954 21
20.3017 21
20.308 21
20.3143 21
20.3206 21
20.3269 21
20.3333 21
20.392 21
20.4009 21
20.4083 21
20.4179 21
20.4245 21
20.4311 21
20.4386 21
20.4452 21
20.4519 21
20.4775 21
20.4842 21
20.491 21
20.4973 21
20.5041 21
20.5112 22
20.5183 22
20.5246 22
20.5311 22
20.5374 22
20.5437 22
20.55 22
20.6042 22
20.6131 22
20.6206 22
20.6316 22
20.6383 22
20.6662 10
20.9727 10
21.0188 10
21.0276 10
21.0356 10
21.0453 10
21.0516 10
21.0637 10
21.0703 10
21.0767 10
21.1679 10
21.1742 11
21.22 11
21.2291 11
21.2374 11
21.2476 11
21.2539 11
21.2654 11
21.2722 11
21.2785 11
21.3699 11
21.3762 11
21.3825 12
21.4217 12
21.4309 12
21.4396 12
21.4494 12
21.4557 12
21.4678 12
21.4745 12
21.4809 12
21.5716 12
21.578 12
21.5843 12
21.5906 12
21.6236 13
21.6326 13
21.641 13
21.6513 13
21.6577 13
21.67 13
21.6769 13
21.6832 13
21.7731 13
21.7797 13
21.7861 13
21.7924 13
21.825 13
21.8313 13
21.8378 14
21.8441 14
21.8534 14
21.8597 14
21.8721 14
21.8786 14
21.885 14
21.9753 14
21.9817 14
21.9881 14
21.9948 14
22.0282 14
22.0346 14
22.0413 14
22.0476 15
22.0539 15
22.0602 15
22.0665 15
22.0741 15
22.0807 15
22.0875 15
22.1803 15
22.1866 15
22.1929 15
22.1992 15
22.2306 15
22.2373 15
22.2444 15
22.251 15
22.2577 15
22.2646 16
22.2716 16
22.2782 16
22.2849 16
22.2915 16
22.298 16
22.3844 16
22.3908 16
22.3975 16
22.4042 16
22.4376 16
22.4448 16
22.4517 16
22.4585 16
22.4653 16
22.4721 16
22.4786 17
22.4849 17
22.4914 17
22.498 17
22.5044 17
22.5108 17
22.5954 17
22.6029 17
22.6095 17
22.6164 17
22.6502 17
22.6571 17
22.6643 17
22.6714 17
22.6779 17
22.6845 17
22.6915 17
22.6978 17
22.7042 18
22.7105 18
22.7173 18
22.7237 18
22.73 18
22.8059 18
22.8122 18
22.8185 18
22.8248 18
22.8522 18
22.859 18
22.8661 18
22.8734 18
22.88 18
22.8865 18
22.8934 18
22.8997 18
22.906 18
22.9123 19
22.9187 19
22.925 19
22.9313 19
22.9376 19
23.0072 19
23.0135 19
23.0198 19
23.0261 19
23.0537 19
23.0603 19
23.0674 19
23.0754 19
23.082 19
23.0884 19
23.095 19
23.1013 19
23.1076 19
23.1139 19
23.1202 19
23.1265 20
23.1332 20
23.1398 20
23.1461 20
23.2088 20
23.2155 20
23.222 20
23.2285 20
23.2556 20
23.262 20
23.2686 20
23.2774 20
23.2838 20
23.2902 20
23.2965 20
23.3028 20
23.3091 20
23.3157 20
23.322 20
23.3284 20
23.3348 20
23.3411 21
23.3474 21
23.3537 21
23.4107 21
23.4171 21
23.4235 21
23.4299 21
23.4573 21
23.4638 21
23.4707 21
23.4806 21
23.4873 21
23.4936 21
23.5 21
23.5064 21
23.5127 21
23.519 21
23.5253 21
23.5316 21
23.5379 21
23.5442 21
23.5505 22
23.5568 22
23.5631 22
23.6128 22
23.6195 22
23.6258 22
23.6322 22
23.6617 22
23.668 22
23.6743 22
23.6823 22
23.6888 22
23.6953 22
23.7016 22
23.7079 22
23.7142 22
23.7205 22
23.7268 22
23.7331 22
23.7394 22
23.7457 22
23.752 22
23.7583 22
23.7646 23
23.7714 23
23.8153 23
23.822 23
23.8285 23
23.8351 23
23.8651 23
23.8714 23
23.8777 23
23.8846 23
23.8909 23
23.8972 23
23.9035 23
23.91 23
23.9164 23
23.9227 23
23.9292 23
23.9362 23
23.943 23
23.9497 23
23.9562 23
23.9631 23
23.9698 23
23.9767 24
23.9838 24
24.0214 24
24.0289 24
24.0352 24
24.0415 24
24.0697 24
24.0764 24
24.0832 24
24.0902 24
24.0974 24
24.1047 24
24.1124 24
24.1204 24
24.1272 24
24.1345 24
24.1418 24
24.1488 24
24.1553 24
24.1619 24
24.1682 24
24.1753 24
24.1816 24
24.1881 24
24.1945 24
24.2008 25
24.2334 25
24.241 25
24.2477 25
24.2548 25
24.2839 25
24.2909 25
24.3188 11
24.5236 11
24.6137 11
24.62 11
24.6437 11
24.651 11
24.6573 12
24.6641 12
24.6932 12
24.6997 12
24.7125 12
24.7188 12
24.7251 12
24.8158 12
24.8221 12
24.8452 12
24.8529 12
24.8592 12
24.8655 12
24.8718 13
24.8945 13
24.9011 13
24.9147 13
24.921 13
24.9273 13
