15.0055 46
15.0118 46
15.0181 46
15.0244 46
15.0307 46
15.037 46
15.0433 46
15.0496 46
15.0559 46
15.0622 46
15.0686 46
15.0749 46
15.0812 46
15.0875 46
15.0938 46
15.1001 46
15.1064 46
15.1127 46
15.119 47
15.1253 47
15.1316 47
15.1379 47
15.1442 47
15.1505 47
15.1568 47
15.1631 47
15.1694 47
15.1758 47
15.1821 47
15.1884 47
15.1947 47
15.201 47
15.2073 47
15.2136 47
15.2199 47
15.2262 47
15.2325 47
15.2388 47
15.2451 47
15.2514 47
15.2577 47
15.264 47
15.2703 47
15.2766 47
15.283 47
15.2893 47
15.2956 47
15.3019 47
15.3082 47
15.3145 47
15.3208 47
15.3271 47
15.3334 47
15.3397 47
15.346 47
15.3523 47
15.3586 47
15.3649 47
15.3712 47
15.3775 47
15.3838 47
15.3901 47
15.3964 47
15.4027 47
15.409 47
15.4153 47
15.4216 47
15.4279 48
15.4342 48
15.4406 48
15.4469 48
15.4532 48
15.4595 48
15.4658 48
15.4721 48
15.4784 48
15.4847 48
15.491 48
15.4973 48
15.5036 48
15.5099 48
15.5162 48
15.5225 48
15.5288 48
15.5351 48
15.5414 48
15.5477 48
15.554 48
15.5603 48
15.5666 48
15.5729 48
15.5792 48
15.5855 48
15.5918 48
15.5982 48
15.6045 48
15.6108 48
15.6171 48
15.6234 48
15.6297 48
15.636 48
15.6423 48
15.6486 48
15.6549 48
15.6612 48
15.6675 48
15.6738 48
15.6801 48
15.6864 48
15.6927 48
15.699 48
15.7053 48
15.7116 48
15.7179 48
15.7242 48
15.7305 48
15.7368 49
15.7431 49
15.7494 49
15.7558 49
15.7621 49
15.7684 49
15.7747 49
15.781 49
15.7873 49
15.7936 49
15.7999 49
15.8062 49
15.8125 49
15.8188 49
15.8251 49
15.8314 49
15.8377 49
15.844 49
15.8503 49
15.8566 49
15.8629 49
15.8692 49
15.8755 49
15.8818 49
15.8881 49
15.8944 49
15.9007 49
15.907 49
15.9134 49
15.9197 49
15.926 49
15.9323 49
15.9386 49
15.9449 49
15.9512 49
15.9575 49
15.9638 49
15.9701 49
15.9764 49
15.9827 49
15.989 49
15.9953 49
16.0016 49
16.0079 49
16.0142 49
16.0205 49
16.0268 49
16.0331 49
16.0394 49
16.0457 49
16.052 50
16.0583 50
16.0646 50
16.071 50
16.0773 50
16.0836 50
16.0899 50
16.0962 50
16.1025 50
16.1088 50
16.1151 50
16.1214 50
16.1277 50
16.134 50
16.1403 50
16.1466 50
16.1529 50
16.1592 50
16.1655 50
16.1718 50
16.1781 50
16.1844 50
16.1907 50
16.197 50
16.2033 50
16.2096 50
16.2159 50
16.2222 50
16.2286 50
16.2349 50
16.2412 50
16.2475 50
16.2538 50
16.2601 50
16.2664 50
16.2727 50
16.279 50
16.2853 50
16.2916 50
16.2979 50
16.3042 50
16.3105 50
16.3168 50
16.3231 50
16.3294 50
16.3357 50
16.342 50
16.3483 50
16.3546 50
16.3609 50
16.3672 50
16.3735 50
16.3798 51
16.3862 51
16.3925 51
16.3988 51
16.4051 51
16.4114 51
16.4177 51
16.424 51
16.4303 51
16.4366 51
16.4429 51
16.4492 51
16.4555 51
16.4618 51
16.4681 51
16.4744 51
16.4807 51
16.487 51
16.4933 51
16.4996 51
16.5059 51
16.5122 51
16.5185 51
16.5248 51
16.5311 51
16.5374 51
16.5438 51
16.5501 51
16.5564 51
16.5627 51
16.569 51
16.5753 51
16.5816 51
16.5879 51
16.5942 51
16.6005 51
16.6068 51
16.6131 51
16.6194 51
16.6257 51
16.632 51
16.6383 51
16.6446 51
16.6509 51
16.6572 51
16.6635 51
16.6698 51
16.6761 51
16.6824 51
16.6887 51
16.695 51
16.7014 51
16.7077 52
16.714 52
16.7203 52
16.7266 52
16.7329 52
16.7392 52
16.7455 52
16.7518 52
16.7581 52
16.7644 52
16.7707 52
16.777 52
16.7833 52
16.7896 52
16.7959 52
16.8022 52
16.8085 52
16.8148 52
16.8211 52
16.8274 52
16.8337 52
16.84 52
16.8463 52
16.8526 52
16.859 52
16.8653 52
16.8716 52
16.8779 52
16.8842 52
16.8905 52
16.8968 52
16.9031 52
16.9094 52
16.9157 52
16.922 52
16.9283 52
16.9346 52
16.9409 52
16.9472 52
16.9535 52
16.9598 52
16.9661 52
16.9724 52
16.9787 52
16.985 52
16.9913 52
16.9976 52
17.0039 52
17.0102 52
17.0166 52
17.0229 52
17.0292 52
17.0355 52
17.0418 52
17.0481 53
17.0544 53
17.0607 53
17.067 53
17.0733 53
17.0796 53
17.0859 53
17.0922 53
17.0985 53
17.1048 53
17.1111 53
17.1174 53
17.1237 53
17.13 53
17.1363 53
17.1426 53
17.1489 53
17.1552 53
17.1615 53
17.1678 53
17.1742 53
17.1805 53
17.1868 53
17.1931 53
17.1994 53
17.2057 53
17.212 53
17.2183 53
17.2246 53
17.2309 53
17.2372 53
17.2435 53
17.2498 53
17.2561 53
17.2624 53
17.2687 53
17.275 53
17.2813 53
17.2876 53
17.2939 53
17.3002 53
17.3065 53
17.3128 53
17.3191 53
17.3254 53
17.3318 53
17.3381 53
17.3444 53
17.3507 53
17.357 53
17.3633 53
17.3696 53
17.3759 53
17.3822 53
17.3885 54
17.3948 54
17.4011 54
17.4074 54
17.4137 54
17.42 54
17.4263 54
17.4326 54
17.4389 54
17.4452 54
17.4515 54
17.4578 54
17.4641 54
17.4704 54
17.4767 54
17.483 54
17.4894 54
17.4957 54
17.502 54
17.5083 54
17.5146 54
17.5209 54
17.5272 54
17.5335 54
17.5398 54
17.5461 54
17.5524 54
17.5587 54
17.565 54
17.5713 54
17.5776 54
17.5839 54
17.5902 54
17.5965 54
17.6028 54
17.6091 54
17.6154 54
17.6217 54
17.628 54
17.6343 54
17.6406 54
17.647 54
17.6533 54
17.6596 54
17.6659 54
17.6722 54
17.6785 54
17.6848 54
17.6911 54
17.6974 54
17.7037 54
17.71 54
17.7163 54
17.7226 54
17.7289 54
17.7352 54
17.7415 55
17.7478 55
17.7541 55
17.7604 55
17.7667 55
17.773 55
17.7793 55
17.7856 55
17.7919 55
17.7982 55
17.8046 55
17.8109 55
17.8172 55
17.8235 55
17.8298 55
17.8361 55
17.8424 55
17.8487 55
17.855 55
17.8613 55
17.8676 55
17.8739 55
17.8802 55
17.8865 55
17.8928 55
17.8991 55
17.9054 55
17.9117 55
17.918 55
17.9243 55
17.9306 55
17.9369 55
17.9432 55
17.9495 55
17.9558 55
17.9622 55
17.9685 55
17.9748 55
17.9811 55
17.9874 55
17.9937 55
18 55
18.0063 55
18.0126 55
18.0189 55
18.0252 55
18.0315 55
18.0378 55
18.0441 55
18.0504 55
18.0567 55
18.063 55
18.0693 55
18.0756 55
18.0819 55
18.0882 55
18.0945 56
18.1008 56
18.1071 56
18.1134 56
18.1198 56
18.1261 56
18.1324 56
18.1387 56
18.145 56
18.1513 56
18.1576 56
18.1639 56
18.1702 56
18.1765 56
18.1828 56
18.1891 56
18.1954 56
18.2017 56
18.208 56
18.2143 56
18.2206 56
18.2269 56
18.2332 56
18.2395 56
18.2458 56
18.2521 56
18.2584 56
18.2647 56
18.271 56
18.2774 56
18.2837 56
18.29 56
18.2963 56
18.3026 56
18.3089 56
18.3152 56
18.3215 56
18.3278 56
18.3341 56
18.3404 56
18.3467 56
18.353 56
18.3593 56
18.3656 56
18.3719 56
18.3782 56
18.3845 56
18.3908 56
18.3971 56
18.4034 56
18.4097 56
18.416 56
18.4223 56
18.4286 56
18.435 56
18.4413 56
18.4476 56
18.4539 56
18.4602 57
18.4665 57
18.4728 57
18.4791 57
18.4854 57
18.4917 57
18.498 57
18.5043 57
18.5106 57
18.5169 57
18.5232 57
18.5295 57
18.5358 57
18.5421 57
18.5484 57
18.5547 57
18.561 57
18.5673 57
18.5736 57
18.5799 57
18.5862 57
18.5926 57
18.5989 57
18.6052 57
18.6115 57
18.6178 57
18.6241 57
18.6304 57
18.6367 57
18.643 57
18.6493 57
18.6556 57
18.662 57
18.6872 27
19.0402 27
19.0659 27
19.0724 27
19.0787 27
19.085 27
19.0914 27
19.0977 27
19.104 27
19.1103 27
19.1166 27
19.1229 27
19.1292 27
19.1355 27
19.1418 28
19.1481 28
19.1544 28
19.1607 28
19.167 28
19.1733 28
19.1797 28
19.186 28
19.1923 28
19.1986 28
19.205 28
19.2114 28
19.2177 28
19.224 28
19.2303 28
19.2552 28
19.2615 28
19.2678 28
19.2743 28
19.2812 28
19.2875 28
19.2938 28
19.3001 28
19.3064 28
19.3127 28
19.319 28
19.3254 28
19.3317 28
19.338 28
19.3443 29
19.3506 29
19.3569 29
19.3632 29
19.3695 29
19.3758 29
19.3821 29
19.3884 29
19.3948 29
19.4011 29
19.4074 29
19.4137 29
19.42 29
19.4263 29
19.4441 29
19.4505 29
19.4568 29
19.4636 29
19.4701 29
19.4767 29
19.483 29
19.4893 29
19.4956 29
19.5019 29
19.5082 29
19.5145 29
19.5208 29
19.5271 29
19.5334 29
19.5397 29
19.546 30
19.5523 30
19.5586 30
19.565 30
19.5713 30
19.5776 30
19.5839 30
19.5902 30
19.5965 30
19.6028 30
19.6091 30
19.6154 30
19.6217 30
19.6332 30
19.6395 30
19.6458 30
19.6528 30
19.6594 30
19.6659 30
19.6723 30
19.6786 30
19.6849 30
19.6912 30
19.6975 30
19.7038 30
19.7101 30
19.7166 30
19.7229 30
19.7292 30
19.7355 30
19.7418 30
19.7481 31
19.7544 31
19.7607 31
19.767 31
19.7734 31
19.7797 31
19.786 31
19.7923 31
19.7986 31
19.8049 31
19.8112 31
19.8175 31
19.8238 31
19.8301 31
19.8364 31
19.8427 31
19.849 31
19.8553 31
19.8616 31
19.8679 31
19.8742 31
19.8805 31
19.8868 31
19.8931 31
19.8994 31
19.9057 31
19.912 31
19.9183 31
19.9246 31
19.931 31
19.9373 31
19.9436 31
19.95 32
19.9564 32
19.9627 32
19.969 32
19.9753 32
19.9816 32
19.9879 32
19.9942 32
20.0005 32
20.0068 32
20.0131 32
20.0194 32
20.0258 32
20.0321 32
20.0384 32
20.0447 32
20.051 32
20.0573 32
20.0636 32
20.0699 32
20.0762 32
20.0827 32
20.089 32
20.0953 32
20.1016 32
20.1079 32
20.1142 32
20.1205 32
20.1269 32
20.1332 32
20.1395 32
20.1458 32
20.1521 33
20.1584 33
20.1647 33
20.171 33
20.1774 33
20.1841 33
20.1908 33
20.1975 33
20.2042 33
20.2107 33
20.2171 33
20.2235 33
20.2298 33
20.2361 33
20.2424 33
20.2487 33
20.255 33
20.2613 33
20.2676 33
20.2739 33
20.2802 33
20.2865 33
20.2928 33
20.2991 33
20.3054 33
20.3117 33
20.318 33
20.3243 33
20.3306 33
20.3369 33
20.3432 33
20.3495 33
20.3558 33
20.3621 33
20.3684 34
20.3747 34
20.3811 34
20.3874 34
20.3937 34
20.4 34
20.4063 34
20.4126 34
20.4189 34
20.4252 34
20.4315 34
20.4378 34
20.4441 34
20.4504 34
20.4567 34
20.463 34
20.4693 34
20.4756 34
20.4819 34
20.4882 34
20.4946 34
20.5013 34
20.5078 34
20.5143 34
20.5206 34
20.527 34
20.5336 34
20.5402 34
20.5466 34
20.5531 34
20.5597 34
20.566 34
20.5723 34
20.5786 34
20.5849 34
20.5916 35
20.5983 35
20.6051 35
20.6115 35
20.6182 35
20.6247 35
20.6312 35
20.6375 35
20.6438 35
20.6501 35
20.6564 35
20.6627 35
20.669 35
20.6753 35
20.6816 35
20.6879 35
20.6942 35
20.7005 35
20.7068 35
20.7131 35
20.7194 35
20.7257 35
20.732 35
20.7383 35
20.7446 35
20.7509 35
20.7572 35
20.7635 35
20.7698 35
20.7762 35
20.7825 35
20.7888 35
20.7951 35
20.8014 35
20.8077 35
20.814 35
20.8203 36
20.8266 36
20.8329 36
20.8392 36
20.8455 36
20.8518 36
20.8581 36
20.8644 36
20.8707 36
20.877 36
20.8833 36
20.8896 36
20.8959 36
20.9022 36
20.9085 36
20.9148 36
20.9211 36
20.9274 36
20.9338 36
20.9401 36
20.9464 36
20.9527 36
20.959 36
20.9653 36
20.9716 36
20.9779 36
20.9842 36
20.9905 36
20.9968 36
21.0031 36
21.0094 36
21.0157 36
21.022 36
21.0283 36
21.0346 36
21.0409 36
21.0472 36
21.0535 37
21.0598 37
21.0661 37
21.0724 37
21.0787 37
21.085 37
21.0914 37
21.0977 37
21.104 37
21.1103 37
21.1166 37
21.1229 37
21.1292 37
21.1355 37
21.1418 37
21.1481 37
21.1544 37
21.1607 37
21.167 37
21.1733 37
21.1796 37
21.1859 37
21.1922 37
21.1985 37
21.2048 37
21.2111 37
21.2174 37
21.2237 37
21.23 37
21.2363 37
21.2426 37
21.249 37
21.2553 37
21.2616 37
21.2679 37
21.2742 37
21.2805 37
21.2868 37
21.2931 38
21.2994 38
21.3057 38
21.312 38
21.3183 38
21.3246 38
21.3309 38
21.3372 38
21.3435 38
21.3498 38
21.3561 38
21.3624 38
21.3687 38
21.375 38
21.3813 38
21.3876 38
21.3939 38
21.4002 38
21.4066 38
21.4129 38
21.4192 38
21.4255 38
21.4318 38
21.4381 38
21.4444 38
21.4507 38
21.457 38
21.4633 38
21.4696 38
21.4759 38
21.4822 38
21.4885 38
21.4948 38
21.5011 38
21.5074 38
21.5137 38
21.52 38
21.5263 38
21.5326 38
21.5389 39
21.5452 39
21.5515 39
21.5578 39
21.5642 39
21.5705 39
21.5768 39
21.5831 39
21.5894 39
21.5957 39
21.602 39
21.6083 39
21.6146 39
21.6209 39
21.6272 39
21.6335 39
21.6398 39
21.6461 39
21.6524 39
21.6587 39
21.665 39
21.6713 39
21.6776 39
21.6839 39
21.6902 39
21.6965 39
21.7028 39
21.7091 39
21.7154 39
21.7218 39
21.7281 39
21.7344 39
21.7407 39
21.747 39
21.7533 39
21.7596 39
21.7659 39
21.7722 39
21.7785 39
21.7848 39
21.7911 40
21.7974 40
21.8037 40
21.81 40
21.8163 40
21.8226 40
21.8289 40
21.8352 40
21.8415 40
21.8478 40
21.8541 40
21.8604 40
21.8667 40
21.873 40
21.8794 40
21.8857 40
21.892 40
21.8983 40
21.9046 40
21.9109 40
21.9172 40
21.9235 40
21.9298 40
21.9361 40
21.9424 40
21.9487 40
21.955 40
21.9613 40
21.9676 40
21.9739 40
21.9802 40
21.9865 40
21.9928 40
21.9991 40
22.0054 40
22.0117 40
22.018 40
22.0243 40
22.0306 40
22.037 40
22.0433 40
22.0496 41
22.0559 41
22.0622 41
22.0685 41
22.0748 41
22.0811 41
22.0874 41
22.0937 41
22.1 41
22.1063 41
22.1126 41
22.1189 41
22.1252 41
22.1315 41
22.1378 41
22.1441 41
22.1504 41
22.1567 41
22.163 41
22.1693 41
22.1756 41
22.1819 41
22.1882 41
22.1946 41
22.2009 41
22.2072 41
22.2135 41
22.2198 41
22.2261 41
22.2324 41
22.2387 41
22.245 41
22.2513 41
22.2576 41
22.2639 41
22.2702 41
22.2765 41
22.2828 41
22.2891 41
22.2954 41
22.3017 41
22.308 41
22.3143 42
22.3206 42
22.3269 42
22.3332 42
22.3395 42
22.3458 42
22.3522 42
22.3585 42
22.3648 42
22.3711 42
22.3774 42
22.3837 42
22.39 42
22.3963 42
22.4026 42
22.4089 42
22.4152 42
22.4215 42
22.4278 42
22.4341 42
22.4404 42
22.4467 42
22.453 42
22.4593 42
22.4656 42
22.4719 42
22.4782 42
22.4845 42
22.4908 42
22.4971 42
22.5034 42
22.5098 42
22.5161 42
22.5224 42
22.5287 42
22.535 42
22.5413 42
22.5476 42
22.5539 42
22.5602 42
22.5665 42
22.5728 42
22.5791 42
22.5854 43
22.5917 43
22.598 43
22.6043 43
22.6106 43
22.6169 43
22.6232 43
22.6295 43
22.6358 43
22.6421 43
22.6484 43
22.6547 43
22.661 43
22.6674 43
22.6737 43
22.68 43
22.6863 43
22.6926 43
22.6989 43
22.7052 43
22.7115 43
22.7178 43
22.7241 43
22.7304 43
22.7367 43
22.743 43
22.7493 43
22.7556 43
22.7619 43
22.7682 43
22.7745 43
22.7808 43
22.7871 43
22.7934 43
22.7997 43
22.806 43
22.8123 43
22.8186 43
22.825 43
22.8313 43
22.8376 43
22.8439 43
22.8502 43
22.8565 43
22.8628 44
22.8691 44
22.8754 44
22.8817 44
22.888 44
22.8943 44
22.9006 44
22.9069 44
22.9132 44
22.9195 44
22.9258 44
22.9321 44
22.9384 44
22.9447 44
22.951 44
22.9573 44
22.9636 44
22.9699 44
22.9762 44
22.9826 44
22.9889 44
22.9952 44
23.0015 44
23.0078 44
23.0141 44
23.0204 44
23.0267 44
23.033 44
23.0393 44
23.0456 44
23.0519 44
23.0582 44
23.0645 44
23.0708 44
23.0771 44
23.0834 44
23.0897 44
23.096 44
23.1023 44
23.1086 44
23.1149 44
23.1212 44
23.1275 44
23.1338 44
23.1402 44
23.1465 44
23.1528 45
23.1591 45
23.1654 45
23.1717 45
23.178 45
23.1843 45
23.1906 45
23.1969 45
23.2032 45
23.2095 45
23.2158 45
23.2221 45
23.2284 45
23.2347 45
23.241 45
23.2473 45
23.2536 45
23.2599 45
23.2662 45
23.2725 45
23.2788 45
23.2851 45
23.2914 45
23.2978 45
23.3041 45
23.3104 45
23.3167 45
23.323 45
23.3293 45
23.3356 45
23.3419 45
23.3482 45
23.3545 45
23.3608 45
23.3671 45
23.3734 45
23.3797 45
23.386 45
23.3923 45
23.3986 45
23.4049 45
23.4112 45
23.4175 45
23.4238 45
23.4301 45
23.4364 45
23.4427 46
23.449 46
23.4554 46
23.4617 46
23.468 46
23.4743 46
23.4806 46
23.4869 46
23.4932 46
23.4995 46
23.5058 46
23.5121 46
23.5184 46
23.5247 46
23.531 46
23.5373 46
23.5436 46
23.5499 46
23.5562 46
23.5625 46
23.5688 46
23.5751 46
23.5814 46
23.5877 46
23.594 46
23.6003 46
23.6066 46
23.613 46
23.6193 46
23.6256 46
23.6319 46
23.6382 46
23.6445 46
23.6508 46
23.6571 46
23.6634 46
23.6697 46
23.676 46
23.6823 46
23.6886 46
23.6949 46
23.7012 46
23.7075 46
23.7138 46
23.7201 46
23.7264 46
23.7327 46
23.739 47
23.7453 47
23.7516 47
23.7579 47
23.7642 47
23.7706 47
23.7769 47
23.7832 47
23.7895 47
23.7958 47
23.8021 47
23.8084 47
23.8147 47
23.821 47
23.8273 47
23.8336 47
23.8399 47
23.8462 47
23.8525 47
23.8588 47
23.8651 47
23.8714 47
23.8777 47
23.884 47
23.8903 47
23.8966 47
23.9029 47
23.9092 47
23.9155 47
23.9218 47
23.9282 47
23.9345 47
23.9408 47
23.9471 47
23.9534 47
23.9597 47
23.966 47
23.9723 47
23.9786 47
23.9849 47
23.9912 47
23.9975 47
24.0038 47
24.0101 47
24.0164 47
24.0227 47
24.029 47
24.0353 47
24.0416 48
24.0479 48
24.0542 48
24.0605 48
24.0668 48
24.0731 48
24.0794 48
24.0858 48
24.0921 48
24.0984 48
24.1047 48
24.111 48
24.1173 48
24.1236 48
24.1299 48
24.1362 48
24.1425 48
24.1488 48
24.1551 48
24.1614 48
24.1677 48
24.174 48
24.1803 48
24.1866 48
24.1929 48
24.1992 48
24.2055 48
24.2118 48
24.2181 48
24.2244 48
24.2307 48
24.237 48
24.2434 48
24.2497 48
24.256 48
24.2623 48
24.2686 48
24.2749 48
24.2812 48
24.2875 48
24.2938 48
24.3001 48
24.3064 48
24.3127 48
24.319 48
24.3253 48
24.3316 48
24.3379 48
24.3442 48
24.3505 48
24.3568 49
24.3631 49
24.3694 49
24.3757 49
24.382 49
24.4073 23
24.7099 23
24.7605 23
24.7668 23
24.7731 23
24.7795 23
24.7858 23
24.7921 23
24.7984 23
24.8049 23
24.8112 23
24.8175 23
24.8238 24
24.8301 24
24.8364 24
24.8427 24
24.849 24
24.8553 24
24.8616 24
24.8679 24
24.8742 24
24.8805 24
24.8868 24
24.8931 24
24.8994 24
24.9495 24
24.956 24
24.9623 24
24.9686 24
24.9749 24
24.9812 24
24.9875 24
24.9941 24
