15.0044 16
15.0118 16
15.0183 16
15.1019 7
15.2868 7
15.3741 7
15.3817 7
15.3882 7
15.3946 7
15.4071 7
15.4136 7
15.472 8
15.559 8
15.5668 8
15.5731 8
15.5796 8
15.592 8
15.5984 8
15.6572 8
15.6635 9
15.7442 9
15.7519 9
15.7583 9
15.7646 9
15.7772 9
15.7837 9
15.8426 9
15.8489 9
15.8552 9
15.9297 10
15.937 10
15.9433 10
15.9496 10
15.9624 10
15.9687 10
16.028 10
16.0343 10
16.0406 10
16.1149 10
16.1212 11
16.1275 11
16.1338 11
16.1402 11
16.1473 11
16.1541 11
16.2134 11
16.2197 11
16.2261 11
16.3 11
16.3067 11
16.313 11
16.3194 12
16.3257 12
16.332 12
16.3383 12
16.3446 12
16.3986 12
16.4049 12
16.4114 12
16.4856 12
16.4922 12
16.4986 12
16.5053 12
16.5118 13
16.5181 13
16.5245 13
16.5308 13
16.5371 13
16.5837 13
16.5902 13
16.5965 13
16.6717 13
16.6787 13
16.6852 13
16.6916 13
16.6982 13
16.7047 13
16.7113 14
16.7176 14
16.7239 14
16.7302 14
16.7688 14
16.7754 14
16.7817 14
16.8572 14
16.8645 14
16.8708 14
16.8771 14
16.8834 14
16.8897 14
16.8963 14
16.9026 15
16.9089 15
16.9152 15
16.9216 15
16.9537 15
16.9603 15
16.9666 15
17.0422 15
17.0494 15
17.0557 15
17.062 15
17.0683 15
17.0747 15
17.0812 15
17.0875 15
17.0938 15
17.1001 16
17.1064 16
17.1127 16
17.1387 16
17.1454 16
17.1517 16
17.2272 16
17.2349 16
17.2412 16
17.2475 16
17.2538 16
17.2601 16
17.2664 16
17.2727 16
17.279 16
17.2853 16
17.2916 16
17.298 17
17.3043 17
17.3242 17
17.3306 17
17.3369 17
17.4127 17
17.4201 17
17.4264 17
17.4327 17
17.439 17
17.4454 17
17.4517 17
17.458 17
17.4643 17
17.4706 17
17.4769 17
17.4833 17
17.4896 18
17.4959 18
17.5093 18
17.5158 18
17.5221 18
17.5981 18
17.6053 18
17.6116 18
17.6179 18
17.6242 18
17.6305 18
17.6368 18
17.6431 18
17.6494 18
17.6557 18
17.662 18
17.6683 18
17.6746 18
17.6809 18
17.6872 19
17.6949 19
17.7013 19
17.7078 19
17.7841 19
17.7916 19
17.7979 19
17.8042 19
17.8105 19
17.8168 19
17.8231 19
17.8295 19
17.8358 19
17.8421 19
17.8484 19
17.8547 19
17.861 19
17.8673 19
17.8736 19
17.8799 20
17.8862 20
17.8925 20
17.8988 20
17.9689 20
17.9766 20
17.9829 20
17.9894 20
17.9959 20
18.0028 20
18.0095 20
18.0162 20
18.0226 20
18.0294 20
18.0361 20
18.0425 20
18.0488 20
18.0551 20
18.0614 20
18.0677 20
18.0741 20
18.0804 21
18.0867 21
18.093 21
18.1539 21
18.162 21
18.1683 21
18.1749 21
18.1817 21
18.1884 21
18.1952 21
18.2021 21
18.2087 21
18.2158 21
18.2221 21
18.2284 21
18.2349 21
18.2412 21
18.2475 21
18.254 21
18.2604 21
18.2668 21
18.2734 21
18.2797 22
18.2861 22
18.3398 22
18.3478 22
18.3541 22
18.3607 22
18.3679 22
18.3746 22
18.3814 22
18.389 22
18.3961 22
18.4042 22
18.411 22
18.4177 22
18.4244 22
18.4312 22
18.438 22
18.4449 22
18.4515 22
18.4579 22
18.4643 22
18.4708 22
18.4771 23
18.4834 23
18.5298 23
18.5382 23
18.5447 23
18.5513 23
18.5589 23
18.5657 23
18.5727 23
18.5809 23
18.588 23
18.5954 23
18.6028 23
18.6092 23
18.6161 23
18.6229 23
18.6293 23
18.6364 23
18.6431 23
18.6494 23
18.6558 23
18.6626 23
18.669 23
18.6753 23
18.6816 24
18.7206 24
18.7297 24
18.736 24
18.7423 24
18.7498 24
18.7566 24
18.7638 24
18.7718 24
18.7783 24
18.7852 24
18.7923 24
18.7989 24
18.8052 24
18.8117 24
18.818 24
18.8243 24
18.8306 24
18.8369 24
18.8433 24
18.8496 24
18.8559 24
18.8622 24
18.8685 24
18.8748 24
18.9065 25
18.9147 25
18.921 25
18.9273 25
18.9348 25
18.9417 25
18.9493 25
18.9569 25
18.9633 25
18.9703 25
18.9772 25
18.984 25
18.9905 25
18.9969 25
19.0032 25
19.0095 25
19.0158 25
19.0221 25
19.0284 25
19.0347 25
19.041 25
19.0473 25
19.0536 25
19.0599 25
19.0919 25
19.0982 26
19.1046 26
19.1109 26
19.1172 26
19.1235 26
19.1298 26
19.1362 26
19.1425 26
19.1488 26
19.1554 26
19.1625 26
19.1695 26
19.1759 26
19.1825 26
19.1888 26
19.1951 26
19.2014 26
19.2078 26
19.2141 26
19.2204 26
19.2267 26
19.233 26
19.2393 26
19.2456 26
19.2777 26
19.284 26
19.2903 26
19.2966 27
19.3029 27
19.3092 27
19.3155 27
19.3219 27
19.3282 27
19.3345 27
19.3408 27
19.3471 27
19.3534 27
19.3597 27
19.366 27
19.3723 27
19.3786 27
19.3849 27
19.3912 27
19.3975 27
19.4038 27
19.4101 27
19.4164 27
19.4227 27
19.429 27
19.4353 27
19.4626 27
19.4689 27
19.4752 27
19.4815 27
19.4878 27
19.4942 28
19.5005 28
19.5068 28
19.5131 28
19.5194 28
19.5257 28
19.532 28
19.5383 28
19.5446 28
19.551 28
19.5573 28
19.5636 28
19.5699 28
19.5762 28
19.5825 28
19.5888 28
19.5951 28
19.6014 28
19.6077 28
19.6142 28
19.6205 28
19.6268 28
19.6478 28
19.6541 28
19.6607 28
19.667 28
19.6733 28
19.6796 28
19.6859 28
19.6922 29
19.6985 29
19.7048 29
19.7111 29
19.7174 29
19.7237 29
19.73 29
19.7363 29
19.7426 29
19.749 29
19.7553 29
19.7616 29
19.7679 29
19.7742 29
19.7805 29
19.7868 29
19.7931 29
19.7996 29
19.806 29
19.8123 29
19.8186 29
19.833 29
19.8393 29
19.8458 29
19.8521 29
19.8584 29
19.8647 29
19.8712 29
19.8776 29
19.8839 30
19.8902 30
19.8965 30
19.9028 30
19.9091 30
19.9154 30
19.9217 30
19.928 30
19.9344 30
19.9407 30
19.947 30
19.9533 30
19.9596 30
19.9659 30
19.9722 30
19.9785 30
19.9848 30
19.9911 30
19.9974 30
20.0037 30
20.01 30
20.018 30
20.0243 30
20.0311 30
20.0374 30
20.0437 30
20.05 30
20.0563 30
20.0628 30
20.0693 30
20.0756 30
20.0819 31
20.0882 31
20.0945 31
20.1008 31
20.1071 31
20.1136 31
20.1199 31
20.1262 31
20.1325 31
20.1388 31
20.1451 31
20.1514 31
20.1577 31
20.164 31
20.1704 31
20.1769 31
20.1839 31
20.1903 31
20.197 31
20.2037 31
20.2101 31
20.2164 31
20.2227 31
20.2291 31
20.2354 31
20.2417 31
20.248 31
20.2544 31
20.2607 31
20.267 31
20.2733 31
20.2796 31
20.2859 32
20.2922 32
20.2985 32
20.3048 32
20.3111 32
20.3174 32
20.3237 32
20.33 32
20.3363 32
20.3426 32
20.3489 32
20.3552 32
20.3615 32
20.3678 32
20.3741 32
20.3804 32
20.3867 32
20.393 32
20.3993 32
20.4056 32
20.412 32
20.4183 32
20.4246 32
20.4309 32
20.4372 32
20.4435 32
20.4498 32
20.4561 32
20.4624 32
20.4687 32
20.475 32
20.4813 32
20.4876 32
20.4943 33
20.5011 33
20.5076 33
20.514 33
20.5203 33
20.5267 33
20.5332 33
20.5395 33
20.5458 33
20.5523 33
20.559 33
20.5653 33
20.5717 33
20.5781 33
20.5847 33
20.5912 33
20.5979 33
20.6045 33
20.611 33
20.6178 33
20.6241 33
20.6304 33
20.6368 33
20.6431 33
20.6495 33
20.6558 33
20.6621 33
20.6684 33
20.6747 33
20.681 33
20.6875 33
20.6938 33
20.7001 33
20.7064 33
20.7315 15
20.9331 15
21.0301 15
21.0364 15
21.0427 15
21.049 15
21.0553 15
21.0616 15
21.0679 16
21.0742 16
21.0805 16
21.0868 16
21.0933 16
21.0996 16
21.1059 16
21.1122 16
21.1185 16
21.2151 16
21.2215 16
21.2279 16
21.2342 16
21.2405 16
21.2468 16
21.2531 16
21.2595 16
21.2658 17
21.2721 17
21.2784 17
21.2847 17
21.2911 17
21.2977 17
21.304 17
21.3103 17
21.4 17
21.4063 17
21.4128 17
21.4191 17
21.4254 17
21.4317 17
21.438 17
21.4444 17
21.4507 17
21.457 17
21.4633 18
21.4696 18
21.4759 18
21.4822 18
21.4885 18
21.4948 18
21.5012 18
21.5853 18
21.5916 18
21.5979 18
21.6042 18
21.6105 18
21.6168 18
21.6232 18
21.6296 18
21.6359 18
21.6422 18
21.6485 18
21.6548 19
21.6611 19
21.6674 19
21.6737 19
21.68 19
21.6863 19
21.6926 19
21.7707 19
21.777 19
21.7833 19
21.7896 19
21.7959 19
21.8023 19
21.8087 19
21.815 19
21.8214 19
21.8278 19
21.8341 19
21.8404 19
21.8467 19
21.853 20
21.8593 20
21.8656 20
21.8719 20
21.8782 20
21.8845 20
21.9562 20
21.9625 20
21.9688 20
21.9751 20
21.9814 20
21.9877 20
21.994 20
22.0003 20
22.0066 20
22.013 20
22.0194 20
22.0257 20
22.032 20
22.0383 20
22.0446 21
22.0509 21
22.0572 21
22.0636 21
22.0703 21
22.0771 21
22.1434 21
22.1501 21
22.1567 21
22.163 21
22.1693 21
22.1756 21
22.1819 21
22.1882 21
22.1945 21
22.2008 21
22.2071 21
22.2134 21
22.2197 21
22.226 21
22.2323 21
22.2386 21
22.2449 22
22.2512 22
22.2575 22
22.2638 22
22.2701 22
22.3302 22
22.3371 22
22.3434 22
22.3497 22
22.356 22
22.3623 22
22.3686 22
22.3749 22
22.3812 22
22.3875 22
22.3938 22
22.4001 22
22.4064 22
22.4127 22
22.419 22
22.4253 22
22.4316 22
22.438 22
22.4443 23
22.4506 23
22.4569 23
22.4632 23
22.5173 23
22.5241 23
22.5308 23
22.5376 23
22.5443 23
22.5506 23
22.5569 23
22.5632 23
22.5696 23
22.5759 23
22.5825 23
22.5892 23
22.5956 23
22.6023 23
22.6087 23
22.615 23
22.6213 23
22.6276 23
22.6339 23
22.6402 24
22.6465 24
22.6528 24
22.6591 24
22.7079 24
22.7156 24
22.7228 24
22.749 11
22.9341 11
23.0163 11
23.0227 11
23.029 11
23.0353 11
23.0416 11
23.0784 11
23.0857 11
23.0932 11
23.1065 11
23.1129 11
23.1196 12
23.2021 12
23.2085 12
23.2149 12
23.2214 12
23.2277 12
23.2636 12
23.271 12
23.2783 12
23.2913 12
23.2977 12
23.3047 12
23.311 13
23.3871 13
23.3937 13
23.4001 13
23.4064 13
23.4127 13
23.4492 13
23.4565 13
23.4645 13
23.4776 13
23.4839 13
23.4911 13
23.4974 13
23.5038 13
23.5723 14
23.5792 14
23.5855 14
23.5919 14
23.5984 14
23.6356 14
23.6434 14
23.6514 14
23.6632 14
23.6695 14
23.6759 14
23.6823 14
23.6888 14
23.7579 14
23.7646 14
23.7709 15
23.7772 15
23.7835 15
23.7898 15
23.8215 15
23.8292 15
23.8372 15
23.8485 15
23.8548 15
23.8611 15
23.8675 15
23.8741 15
23.9448 15
23.9516 15
23.9582 15
23.9649 16
23.9717 16
23.978 16
23.9843 16
24.0091 16
24.0172 16
24.0243 16
24.0352 16
24.0415 16
24.0478 16
24.0541 16
24.0609 16
24.134 16
24.1406 16
24.1473 16
24.1541 16
24.1604 16
24.1667 17
24.173 17
24.1793 17
24.1981 17
24.2066 17
24.214 17
24.2248 17
24.2312 17
24.2381 17
24.245 17
24.2525 17
24.3247 17
24.3315 17
24.3383 17
24.3453 17
24.3518 17
24.3584 17
24.3649 18
24.3712 18
24.3775 18
24.3896 18
24.3986 18
24.4059 18
24.4168 18
24.4231 18
24.43 18
24.4369 18
24.4443 18
24.5128 18
24.5191 18
24.5254 18
24.5321 18
24.5385 18
24.5448 18
24.5511 18
24.5574 18
24.5637 19
24.5701 19
24.5764 19
24.5836 19
24.5912 19
24.6017 19
24.608 19
24.6148 19
24.6218 19
24.6293 19
24.6979 19
24.7042 19
24.7106 19
24.7173 19
24.7238 19
24.7301 19
24.7364 19
24.7428 19
24.7491 19
24.7554 20
24.7617 20
24.768 20
24.7743 20
24.7806 20
24.7869 20
24.7932 20
24.8005 20
24.8073 20
24.8147 20
24.8828 20
24.8893 20
24.8956 20
24.9027 20
24.9091 20
24.9154 20
24.9221 20
24.9285 20
24.9348 20
24.9411 20
24.9474 20
24.9537 21
24.96 21
24.9663 21
24.9726 21
24.9789 21
24.9852 21
24.9915 21
24.9978 21
