15.0008 27
15.0071 27
15.0134 27
15.0197 27
15.026 28
15.0323 28
15.0386 28
15.0449 28
15.0512 28
15.0575 28
15.0638 28
15.0701 28
15.0764 28
15.0827 28
15.089 28
15.0953 28
15.1016 28
15.1079 28
15.1142 28
15.1206 28
15.1269 28
15.1332 28
15.1395 28
15.1458 28
15.1521 28
15.1584 28
15.1647 28
15.171 28
15.1773 28
15.1836 28
15.1899 28
15.1962 28
15.2025 28
15.2088 29
15.2151 29
15.2214 29
15.2277 29
15.234 29
15.2403 29
15.2466 29
15.2529 29
15.2592 29
15.2655 29
15.2718 29
15.2782 29
15.2845 29
15.2908 29
15.2971 29
15.3034 29
15.3097 29
15.316 29
15.3223 29
15.3286 29
15.3349 29
15.3412 29
15.3475 29
15.3538 29
15.3601 29
15.3664 29
15.3727 29
15.379 29
15.3853 29
15.3916 29
15.3979 30
15.4042 30
15.4105 30
15.4168 30
15.4231 30
15.4294 30
15.4358 30
15.4421 30
15.4484 30
15.4547 30
15.461 30
15.4673 30
15.4736 30
15.4799 30
15.4862 30
15.4925 30
15.4988 30
15.5051 30
15.5114 30
15.5177 30
15.524 30
15.5303 30
15.5366 30
15.5429 30
15.5492 30
15.5555 30
15.5618 30
15.5681 30
15.5744 30
15.5807 30
15.587 31
15.5934 31
15.5997 31
15.606 31
15.6123 31
15.6186 31
15.6249 31
15.6312 31
15.6375 31
15.6438 31
15.6501 31
15.6564 31
15.6627 31
15.669 31
15.6753 31
15.6816 31
15.6879 31
15.6942 31
15.7005 31
15.7068 31
15.7131 31
15.7194 31
15.7257 31
15.732 31
15.7383 31
15.7446 31
15.751 31
15.7573 31
15.7636 31
15.7699 31
15.7762 31
15.7825 31
15.7888 32
15.7951 32
15.8014 32
15.8077 32
15.814 32
15.8203 32
15.8266 32
15.8329 32
15.8392 32
15.8455 32
15.8518 32
15.8581 32
15.8644 32
15.8707 32
15.877 32
15.8833 32
15.8896 32
15.8959 32
15.9022 32
15.9086 32
15.9149 32
15.9212 32
15.9275 32
15.9338 32
15.9401 32
15.9464 32
15.9527 32
15.959 32
15.9653 32
15.9716 32
15.9779 32
15.9842 32
15.9905 32
15.9968 33
16.0031 33
16.0094 33
16.0157 33
16.022 33
16.0283 33
16.0346 33
16.0409 33
16.0472 33
16.0535 33
16.0598 33
16.0662 33
16.0725 33
16.0788 33
16.0851 33
16.0914 33
16.0977 33
16.104 33
16.1103 33
16.1166 33
16.1229 33
16.1292 33
16.1355 33
16.1418 33
16.1481 33
16.1544 33
16.1607 33
16.167 33
16.1733 33
16.1796 33
16.1859 33
16.1922 33
16.1985 33
16.2048 33
16.2111 34
16.2174 34
16.2238 34
16.2301 34
16.2364 34
16.2427 34
16.249 34
16.2553 34
16.2616 34
16.2679 34
16.2742 34
16.2805 34
16.2868 34
16.2931 34
16.2994 34
16.3057 34
16.312 34
16.3183 34
16.3246 34
16.3309 34
16.3372 34
16.3435 34
16.3498 34
16.3561 34
16.3624 34
16.3687 34
16.375 34
16.3814 34
16.3877 34
16.394 34
16.4003 34
16.4066 34
16.4133 34
16.4198 34
16.4262 34
16.4326 35
16.4389 35
16.4452 35
16.4517 35
16.4582 35
16.4647 35
16.4713 35
16.4777 35
16.4842 35
16.4906 35
16.497 35
16.5035 35
16.5101 35
16.5168 35
16.5232 35
16.5295 35
16.5358 35
16.5422 35
16.5487 35
16.5552 35
16.5618 35
16.5683 35
16.5746 35
16.5809 35
16.5873 35
16.5936 35
16.5999 35
16.6062 35
16.6125 35
16.6189 35
16.6252 35
16.6315 35
16.638 35
16.6443 35
16.6506 35
16.657 35
16.6633 36
16.6696 36
16.6759 36
16.6822 36
16.6885 36
16.6948 36
16.7011 36
16.7074 36
16.7137 36
16.72 36
16.7263 36
16.7326 36
16.7389 36
16.7452 36
16.7515 36
16.7578 36
16.7641 36
16.7704 36
16.7767 36
16.783 36
16.7893 36
16.7957 36
16.802 36
16.8083 36
16.8146 36
16.8209 36
16.8272 36
16.8335 36
16.8398 36
16.8461 36
16.8524 36
16.8587 36
16.865 36
16.8713 36
16.8776 36
16.8839 36
16.8902 36
16.8965 37
16.9028 37
16.9091 37
16.9154 37
16.9217 37
16.928 37
16.9343 37
16.9406 37
16.9469 37
16.9533 37
16.9596 37
16.9659 37
16.9722 37
16.9785 37
16.9848 37
16.9911 37
16.9974 37
17.0037 37
17.01 37
17.0163 37
17.0226 37
17.0289 37
17.0352 37
17.0415 37
17.0478 37
17.0541 37
17.0604 37
17.0667 37
17.073 37
17.0793 37
17.0856 37
17.0919 37
17.0982 37
17.1045 37
17.1109 37
17.1172 37
17.1235 37
17.1298 37
17.1361 38
17.1424 38
17.1487 38
17.155 38
17.1613 38
17.1676 38
17.1739 38
17.1802 38
17.1865 38
17.1928 38
17.1991 38
17.2054 38
17.2117 38
17.218 38
17.2243 38
17.2306 38
17.2369 38
17.2432 38
17.2495 38
17.2558 38
17.2621 38
17.2685 38
17.2748 38
17.2811 38
17.2874 38
17.2937 38
17.3 38
17.3063 38
17.3126 38
17.3189 38
17.3252 38
17.3315 38
17.3378 38
17.3441 38
17.3504 38
17.3567 38
17.363 38
17.3693 38
17.3756 38
17.3819 39
17.3882 39
17.3945 39
17.4008 39
17.4071 39
17.4134 39
17.4197 39
17.4261 39
17.4324 39
17.4387 39
17.445 39
17.4513 39
17.4576 39
17.4639 39
17.4702 39
17.4765 39
17.4828 39
17.4891 39
17.4954 39
17.5017 39
17.508 39
17.5143 39
17.5206 39
17.5269 39
17.5332 39
17.5395 39
17.5458 39
17.5521 39
17.5584 39
17.5647 39
17.571 39
17.5773 39
17.5837 39
17.59 39
17.5963 39
17.6026 39
17.6089 39
17.6152 39
17.6215 39
17.6278 39
17.6341 40
17.6404 40
17.6467 40
17.653 40
17.6593 40
17.6656 40
17.6719 40
17.6782 40
17.6845 40
17.6908 40
17.6971 40
17.7034 40
17.7097 40
17.716 40
17.7223 40
17.7286 40
17.7349 40
17.7413 40
17.7476 40
17.7539 40
17.7602 40
17.7665 40
17.7728 40
17.7791 40
17.7854 40
17.7917 40
17.798 40
17.8043 40
17.8106 40
17.8169 40
17.8232 40
17.8295 40
17.8358 40
17.8421 40
17.8484 40
17.8547 40
17.861 40
17.8673 40
17.8736 40
17.8799 40
17.8862 40
17.8925 41
17.8989 41
17.9052 41
17.9115 41
17.9178 41
17.9241 41
17.9304 41
17.9367 41
17.943 41
17.9493 41
17.9556 41
17.9619 41
17.9682 41
17.9745 41
17.9808 41
17.9871 41
17.9934 41
17.9997 41
18.006 41
18.0123 41
18.0186 41
18.0249 41
18.0312 41
18.0375 41
18.0438 41
18.0501 41
18.0565 41
18.0628 41
18.0691 41
18.0754 41
18.0817 41
18.088 41
18.0943 41
18.1006 41
18.1069 41
18.1132 41
18.1195 41
18.1258 41
18.1321 41
18.1384 41
18.1447 41
18.151 41
18.1573 42
18.1636 42
18.1699 42
18.1762 42
18.1825 42
18.1888 42
18.1951 42
18.2014 42
18.2077 42
18.2141 42
18.2204 42
18.2267 42
18.233 42
18.2393 42
18.2456 42
18.2519 42
18.2582 42
18.2645 42
18.2708 42
18.2771 42
18.2834 42
18.2897 42
18.296 42
18.3023 42
18.3086 42
18.3149 42
18.3212 42
18.3275 42
18.3338 42
18.3401 42
18.3464 42
18.3527 42
18.359 42
18.3653 42
18.3717 42
18.378 42
18.3843 42
18.3906 42
18.3969 42
18.4032 42
18.4095 42
18.4158 42
18.4221 42
18.4284 43
18.4347 43
18.441 43
18.4473 43
18.4536 43
18.4599 43
18.4662 43
18.4725 43
18.4788 43
18.4851 43
18.4914 43
18.4977 43
18.504 43
18.5103 43
18.5166 43
18.5229 43
18.5293 43
18.5356 43
18.5419 43
18.5482 43
18.5545 43
18.5608 43
18.5671 43
18.5734 43
18.5797 43
18.586 43
18.5923 43
18.5986 43
18.6049 43
18.6112 43
18.6175 43
18.6238 43
18.6301 43
18.6364 43
18.6427 43
18.649 43
18.6553 43
18.6616 43
18.6679 43
18.6742 43
18.6805 43
18.6869 43
18.6932 43
18.6995 43
18.7058 44
18.7121 44
18.7184 44
18.7247 44
18.731 44
18.7373 44
18.7436 44
18.7499 44
18.7562 44
18.7625 44
18.7688 44
18.7751 44
18.7814 44
18.7877 44
18.794 44
18.8003 44
18.8066 44
18.8129 44
18.8192 44
18.8255 44
18.8318 44
18.8381 44
18.8445 44
18.8508 44
18.8571 44
18.8634 44
18.8697 44
18.876 44
18.8823 44
18.8886 44
18.8949 44
18.9012 44
18.9075 44
18.9138 44
18.9201 44
18.9264 44
18.9327 44
18.939 44
18.9453 44
18.9516 44
18.9579 44
18.9642 44
18.9705 44
18.9768 44
18.9831 44
18.9894 45
18.9957 45
19.0021 45
19.0084 45
19.0147 45
19.021 45
19.0273 45
19.0336 45
19.0399 45
19.0462 45
19.0525 45
19.0588 45
19.0651 45
19.0714 45
19.0777 45
19.084 45
19.0903 45
19.0966 45
19.1029 45
19.1092 45
19.1155 45
19.1218 45
19.1281 45
19.1344 45
19.1407 45
19.147 45
19.1533 45
19.1597 45
19.166 45
19.1723 45
19.1786 45
19.1849 45
19.1912 45
19.1975 45
19.2038 45
19.2101 45
19.2164 45
19.2227 45
19.2291 45
19.2354 45
19.2417 45
19.248 45
19.2543 45
19.2606 45
19.2669 45
19.2732 45
19.2795 46
19.2858 46
19.2921 46
19.2984 46
19.3047 46
19.311 46
19.3173 46
19.3236 46
19.3299 46
19.3362 46
19.3425 46
19.3488 46
19.3551 46
19.3614 46
19.3677 46
19.374 46
19.3803 46
19.3867 46
19.393 46
19.3993 46
19.4056 46
19.4119 46
19.4182 46
19.4245 46
19.4308 46
19.4371 46
19.4434 46
19.4497 46
19.456 46
19.4623 46
19.4686 46
19.4749 46
19.4812 46
19.4875 46
19.4938 46
19.5001 46
19.5064 46
19.5127 46
19.519 46
19.5253 46
19.5316 46
19.5379 46
19.5443 46
19.5506 46
19.5569 46
19.5632 46
19.5695 46
19.5758 47
19.5821 47
19.5884 47
19.5947 47
19.601 47
19.6073 47
19.6136 47
19.6199 47
19.6262 47
19.6325 47
19.6388 47
19.6451 47
19.6514 47
19.6577 47
19.664 47
19.6703 47
19.6766 47
19.6829 47
19.6892 47
19.6955 47
19.7019 47
19.7082 47
19.7145 47
19.7208 47
19.7271 47
19.7334 47
19.7397 47
19.746 47
19.7523 47
19.7586 47
19.7649 47
19.7712 47
19.7775 47
19.7838 47
19.7901 47
19.7964 47
19.8027 47
19.809 47
19.8153 47
19.8216 47
19.8279 47
19.8342 47
19.8405 47
19.8468 47
19.8531 47
19.8595 47
19.8658 47
19.8721 47
19.8784 47
19.8847 48
19.891 48
19.8973 48
19.9036 48
19.9099 48
19.9162 48
19.9225 48
19.9288 48
19.9351 48
19.9414 48
19.9477 48
19.954 48
19.9603 48
19.9666 48
19.9729 48
19.9792 48
19.9855 48
19.9918 48
19.9981 48
20.0044 48
20.0107 48
20.0171 48
20.0234 48
20.0297 48
20.036 48
20.0423 48
20.0486 48
20.0549 48
20.0612 48
20.0675 48
20.0738 48
20.0801 48
20.0864 48
20.0927 48
20.099 48
20.1053 48
20.1116 48
20.1179 48
20.1242 48
20.1305 48
20.1368 48
20.1431 48
20.1494 48
20.1557 48
20.162 48
20.1683 48
20.1747 48
20.181 48
20.1873 48
20.1936 49
20.1999 49
20.2062 49
20.2125 49
20.2188 49
20.2251 49
20.2314 49
20.2377 49
20.244 49
20.2503 49
20.2566 49
20.2629 49
20.2692 49
20.2755 49
20.2818 49
20.2881 49
20.2944 49
20.3007 49
20.307 49
20.3133 49
20.3196 49
20.3259 49
20.3323 49
20.3386 49
20.3449 49
20.3512 49
20.3575 49
20.3638 49
20.3701 49
20.3764 49
20.3827 49
20.389 49
20.3953 49
20.4016 49
20.4079 49
20.4142 49
20.4205 49
20.4268 49
20.4331 49
20.4394 49
20.4457 49
20.452 49
20.4583 49
20.4646 49
20.4709 49
20.4772 49
20.4835 49
20.4899 49
20.4962 49
20.5025 49
20.5088 50
20.5151 50
20.5214 50
20.5277 50
20.534 50
20.5403 50
20.5466 50
20.5529 50
20.5592 50
20.5655 50
20.5718 50
20.5781 50
20.5844 50
20.5907 50
20.597 50
20.6033 50
20.6096 50
20.6159 50
20.6222 50
20.6285 50
20.6348 50
20.6411 50
20.6475 50
20.6538 50
20.6601 50
20.6664 50
20.6727 50
20.679 50
20.6853 50
20.6916 50
20.6979 50
20.7042 50
20.7105 50
20.7168 50
20.7231 50
20.7294 50
20.7357 50
20.742 50
20.7483 50
20.7546 50
20.7609 50
20.7672 50
20.7735 50
20.7798 50
20.7861 50
20.7924 50
20.7987 50
20.8051 50
20.8114 50
20.8177 50
20.824 50
20.8303 50
20.8366 51
20.8429 51
20.8492 51
20.8555 51
20.8618 51
20.8681 51
20.8744 51
20.8807 51
20.887 51
20.8933 51
20.8996 51
20.9059 51
20.9122 51
20.9185 51
20.9248 51
20.9311 51
20.9374 51
20.9437 51
20.95 51
20.9563 51
20.9627 51
20.969 51
20.9753 51
20.9816 51
20.9879 51
20.9942 51
21.0005 51
21.0068 51
21.0131 51
21.0194 51
21.0257 51
21.032 51
21.0383 51
21.0446 51
21.0509 51
21.0572 51
21.0635 51
21.0698 51
21.0761 51
21.0824 51
21.0887 51
21.095 51
21.1013 51
21.1076 51
21.1139 51
21.1203 51
21.1266 51
21.1329 51
21.1392 51
21.1455 51
21.1518 51
21.1581 51
21.1644 52
21.1707 52
21.177 52
21.1833 52
21.1896 52
21.1959 52
21.2022 52
21.2085 52
21.2148 52
21.2211 52
21.2274 52
21.2337 52
21.24 52
21.2463 52
21.2526 52
21.2589 52
21.2652 52
21.2715 52
21.2779 52
21.2842 52
21.2905 52
21.2968 52
21.3031 52
21.3094 52
21.3157 52
21.322 52
21.3283 52
21.3346 52
21.3409 52
21.3472 52
21.3535 52
21.3598 52
21.3661 52
21.3724 52
21.3787 52
21.385 52
21.3913 52
21.3976 52
21.4039 52
21.4102 52
21.4165 52
21.4228 52
21.4291 52
21.4355 52
21.4418 52
21.4481 52
21.4544 52
21.4607 52
21.467 52
21.4733 52
21.4796 52
21.4859 52
21.4922 52
21.4985 52
21.5048 53
21.5111 53
21.5174 53
21.5237 53
21.53 53
21.5363 53
21.5426 53
21.5489 53
21.5552 53
21.5615 53
21.5678 53
21.5741 53
21.5804 53
21.5867 53
21.5931 53
21.5994 53
21.6057 53
21.612 53
21.6183 53
21.6246 53
21.6309 53
21.6372 53
21.6435 53
21.6498 53
21.6561 53
21.6624 53
21.6687 53
21.675 53
21.6813 53
21.6876 53
21.6939 53
21.7002 53
21.7065 53
21.7128 53
21.7191 53
21.7254 53
21.7317 53
21.738 53
21.7443 53
21.7507 53
21.757 53
21.7633 53
21.7696 53
21.7759 53
21.7822 53
21.7885 53
21.7948 53
21.8011 53
21.8074 53
21.8137 53
21.82 53
21.8263 53
21.8326 53
21.8389 53
21.8452 54
21.8515 54
21.8578 54
21.8641 54
21.8704 54
21.8767 54
21.883 54
21.8893 54
21.8956 54
21.9019 54
21.9083 54
21.9146 54
21.9209 54
21.9272 54
21.9335 54
21.9398 54
21.9461 54
21.9524 54
21.9587 54
21.965 54
21.9713 54
21.9776 54
21.9839 54
21.9902 54
21.9965 54
22.0028 54
22.0091 54
22.0154 54
22.0217 54
22.028 54
22.0343 54
22.0406 54
22.0469 54
22.0532 54
22.0595 54
22.0659 54
22.0722 54
22.0785 54
22.0848 54
22.0911 54
22.0974 54
22.1037 54
22.11 54
22.1163 54
22.1226 54
22.1289 54
22.1352 54
22.1415 54
22.1478 54
22.1541 54
22.1604 54
22.1667 54
22.173 54
22.1793 54
22.1856 54
22.1919 54
22.1982 55
22.2045 55
22.2108 55
22.2171 55
22.2235 55
22.2298 55
22.2361 55
22.2424 55
22.2487 55
22.255 55
22.2613 55
22.2676 55
22.2739 55
22.2802 55
22.2865 55
22.2928 55
22.2991 55
22.3054 55
22.3117 55
22.318 55
22.3243 55
22.3306 55
22.3369 55
22.3432 55
22.3495 55
22.3558 55
22.3621 55
22.3684 55
22.3747 55
22.3811 55
22.3874 55
22.3937 55
22.4 55
22.4063 55
22.4126 55
22.4189 55
22.4252 55
22.4315 55
22.4378 55
22.4441 55
22.4504 55
22.4567 55
22.463 55
22.4693 55
22.4756 55
22.4819 55
22.4882 55
22.4945 55
22.5008 55
22.5071 55
22.5134 55
22.5197 55
22.526 55
22.5323 55
22.5387 55
22.545 55
22.5513 56
22.5576 56
22.5639 56
22.5891 27
22.9608 27
22.9671 27
22.9734 27
22.9797 27
22.986 27
22.9923 27
22.9986 27
23.0049 27
23.0112 27
23.0175 27
23.0238 27
23.0301 27
23.0364 27
23.0427 27
23.049 27
23.0553 27
23.0616 27
23.0679 27
23.0742 27
23.0805 27
23.0868 27
23.0931 27
23.0995 27
23.1058 27
23.1121 27
23.1184 27
23.1247 27
23.131 28
23.1373 28
23.1436 28
23.1499 28
23.1562 28
23.1625 28
23.1688 28
23.1751 28
23.1814 28
23.1877 28
23.194 28
23.2003 28
23.2066 28
23.2129 28
23.2192 28
23.2255 28
23.2318 28
23.2381 28
23.2444 28
23.2507 28
23.2571 28
23.2634 28
23.2697 28
23.276 28
23.2823 28
23.2886 28
23.2949 28
23.3012 28
23.3075 28
23.3138 29
23.3201 29
23.3264 29
23.3327 29
23.339 29
23.3453 29
23.3516 29
23.3579 29
23.3642 29
23.3705 29
23.3768 29
23.3831 29
23.3894 29
23.3957 29
23.402 29
23.4083 29
23.4147 29
23.421 29
23.4273 29
23.4336 29
23.4399 29
23.4462 29
23.4525 29
23.4588 29
23.4651 29
23.4714 29
23.4777 29
23.484 29
23.4903 29
23.4966 29
23.5029 30
23.5092 30
23.5155 30
23.5218 30
23.5281 30
23.5344 30
23.5407 30
23.547 30
23.5533 30
23.5596 30
23.5659 30
23.5723 30
23.5786 30
23.5849 30
23.5912 30
23.5975 30
23.6038 30
23.6101 30
23.6164 30
23.6227 30
23.629 30
23.6353 30
23.6416 30
23.6479 30
23.6542 30
23.6605 30
23.6668 30
23.6731 30
23.6794 30
23.6857 30
23.692 30
23.6983 31
23.7046 31
23.7109 31
23.7172 31
23.7235 31
23.7299 31
23.7362 31
23.7425 31
23.7488 31
23.7551 31
23.7614 31
23.7677 31
23.774 31
23.7803 31
23.7866 31
23.7929 31
23.7992 31
23.8055 31
23.8118 31
23.8181 31
23.8244 31
23.8307 31
23.837 31
23.8433 31
23.8496 31
23.8559 31
23.8622 31
23.8685 31
23.8748 31
23.8811 31
23.8875 31
23.8938 32
23.9001 32
23.9064 32
23.9127 32
23.919 32
23.9253 32
23.9316 32
23.9379 32
23.9442 32
23.9505 32
23.9568 32
23.9631 32
23.9694 32
23.9757 32
23.982 32
23.9883 32
23.9946 32
24.0009 32
24.0072 32
24.0135 32
24.0198 32
24.0261 32
24.0324 32
24.0387 32
24.0451 32
24.0514 32
24.0577 32
24.064 32
24.0703 32
24.0766 32
24.0829 32
24.1147 14
24.4243 14
24.4306 14
24.4369 14
24.4432 14
24.4495 14
24.4959 14
24.5022 14
24.5085 15
24.5148 15
24.5211 15
24.5274 15
24.5386 15
24.5449 15
24.5513 15
24.5576 15
24.564 15
24.5703 15
24.5766 15
24.583 15
24.629 15
24.6355 15
24.6419 15
24.6482 16
24.6545 16
24.6608 16
24.6671 16
24.6734 16
24.6797 16
24.6861 16
24.6924 16
24.6987 16
24.705 16
24.7113 16
24.7176 16
24.7621 16
24.7686 16
24.775 16
24.7813 16
24.7876 16
24.7939 17
24.8002 17
24.8065 17
24.8129 17
24.8192 17
24.8255 17
24.8319 17
24.8382 17
24.8445 17
24.8509 17
24.8572 17
24.8958 17
24.9021 17
24.9084 17
24.9147 17
24.921 17
24.9273 17
24.9336 17
24.9399 18
24.9462 18
24.9525 18
24.9589 18
24.9652 18
24.9715 18
24.9778 18
24.9841 18
24.9904 18
24.9967 18
