175.108 49
175.169 50
175.26 51
175.361 52
175.469 53
175.587 54
175.718 55
175.874 56
176.038 57
176.226 58
176.473 59
176.869 60
179.541 61
179.919 62
180.141 63
180.338 64
180.505 65
180.65 66
180.781 67
180.927 68
180.977 47
181.152 48
181.18 49
181.243 50
181.307 51
181.375 52
181.444 53
181.517 54
181.594 55
181.676 56
181.786 57
181.863 58
181.942 59
182.043 60
182.156 61
182.268 62
182.399 63
182.544 64
182.608 44
182.757 45
182.829 46
182.934 47
183.056 48
183.183 49
183.329 50
183.495 51
183.694 52
183.938 53
184.292 54
184.747 37
184.911 38
184.948 39
184.95 40
185.1 41
185.212 42
185.357 43
185.439 44
185.573 45
185.657 46
185.762 47
185.902 48
186.034 49
186.206 50
186.376 51
186.546 52
186.719 53
186.761 37
186.953 38
187.085 39
187.222 40
187.366 41
187.515 42
187.683 43
187.976 44
188.297 45
190.975 31
191.136 32
191.19 33
191.269 34
191.356 35
191.472 36
191.552 37
191.662 38
191.779 39
191.924 40
192.08 41
192.238 42
192.417 43
192.67 44
193.016 30
193.217 31
193.343 32
193.477 33
193.634 34
193.823 35
194.071 36
194.424 37
195.229 25
195.378 26
195.473 27
195.529 28
195.631 29
195.745 30
195.889 31
196.037 32
196.188 33
196.339 34
196.496 35
196.814 36
197.14 37
199.873 38
