175.125 37
175.294 38
175.551 39
175.939 40
176.753 28
176.905 29
176.958 30
177.096 31
177.15 32
177.257 33
177.391 34
177.541 35
177.695 36
177.849 37
178.014 38
178.285 39
178.614 40
181.003 28
181.215 29
181.216 30
181.357 31
181.506 32
181.581 33
181.687 34
181.818 35
181.981 36
182.148 37
182.324 38
182.506 26
182.68 27
182.829 28
182.99 29
183.152 30
183.402 31
183.821 32
186.463 33
186.596 23
186.919 24
187.045 25
187.09 26
187.206 27
187.339 28
187.495 29
187.652 30
187.857 31
188.146 32
188.489 33
191.186 34
191.513 35
191.804 36
191.965 37
192.132 38
192.305 39
192.479 40
192.517 41
192.655 42
192.726 43
192.832 44
192.909 45
193.012 46
193.017 32
193.213 33
193.311 34
193.336 35
193.452 36
193.598 37
193.62 38
193.75 39
193.907 40
194.066 41
194.123 42
194.288 43
194.555 44
194.734 45
195.086 46
195.267 32
195.408 33
195.447 34
195.533 35
195.675 36
195.714 37
195.821 38
195.972 39
196.045 40
196.175 41
196.32 42
196.485 43
196.682 44
196.961 45
197.31 46
