175 2.4417
175.2 1.552
175.4 1.552
175.6 1.48992
175.8 1.552
176 1.05536
176.2 0.99328
176.4 1.11744
176.6 1.552
176.8 1.552
177 1.552
177.2 1.552
177.4 1.552
177.6 1.61408
177.8 0.99328
178 0.9312
178.2 1.48992
178.4 1.80032
178.6 1.8624
178.8 1.80032
179 1.42784
179.2 1.552
179.4 1.36576
179.6 0.99328
179.8 1.36576
180 1.92448
180.2 1.98656
180.4 2.04864
180.6 1.42784
180.8 1.92448
181 1.2416
181.2 1.67616
181.4 2.11072
181.6 2.11072
181.8 1.48992
182 2.11072
182.2 1.92448
182.4 1.36576
182.6 1.552
182.8 2.11072
183 2.11072
183.2 2.11072
183.4 1.48992
183.6 1.552
183.8 1.30368
184 2.23488
184.2 2.29696
184.4 1.73824
184.6 2.4832
184.8 2.35904
185 2.1728
185.2 1.67616
185.4 2.97984
185.6 3.16608
185.8 3.104
186 2.11072
186.2 2.4832
186.4 2.85568
186.6 2.73152
186.8 2.91776
187 3.04192
187.2 2.35904
187.4 2.4832
187.6 2.54528
187.8 3.4144
188 3.47648
188.2 3.16608
188.4 3.16608
188.6 2.91776
188.8 2.66944
189 2.42112
189.2 3.60064
189.4 3.35232
189.6 3.04192
189.8 3.16608
190 2.04864
190.2 2.60736
190.4 2.4832
190.6 2.66944
190.8 2.85568
191 2.97984
191.2 2.91776
191.4 2.73152
191.6 2.91776
191.8 2.11072
192 2.29696
192.2 2.35904
192.4 2.42112
192.6 2.54528
192.8 2.66944
193 2.73152
193.2 2.7936
193.4 1.92448
193.6 1.05536
193.8 2.73152
194 2.54528
194.2 1.98656
194.4 2.1728
194.6 2.29696
194.8 2.42112
195 2.11072
195.2 2.42112
195.4 1.80032
195.6 1.61408
195.8 2.7936
196 2.85568
196.2 2.73152
196.4 2.35904
196.6 2.11072
196.8 1.48992
197 2.91776
197.2 2.91776
197.4 2.35904
197.6 2.35904
197.8 1.98656
198 1.73824
198.2 1.36576
198.4 2.29696
198.6 2.4832
198.8 2.60736
199 2.42112
199.2 2.11072
199.4 1.73824
199.6 2.23488
199.8 2.66944
