175 1.39684
175.2 1.552
175.4 1.2416
175.6 1.552
175.8 1.2416
176 1.73824
176.2 1.61408
176.4 1.30368
176.6 1.552
176.8 1.30368
177 1.2416
177.2 1.42784
177.4 1.05536
177.6 1.30368
177.8 1.05536
178 1.2416
178.2 1.05536
178.4 1.05536
178.6 1.05536
178.8 0.9312
179 1.552
179.2 0.9312
179.4 1.2416
179.6 0.9312
179.8 1.30368
180 1.17952
180.2 0.9312
180.4 1.2416
180.6 0.9312
180.8 1.36576
181 0.74496
181.2 0.80704
181.4 1.05536
181.6 0.9312
181.8 1.36576
182 0.9312
182.2 0.86912
182.4 0.99328
182.6 0.9312
182.8 1.05536
183 0.86912
183.2 1.05536
183.4 0.99328
183.6 1.05536
183.8 0.74496
184 0.80704
184.2 1.2416
184.4 0.9312
184.6 0.68288
184.8 0.6208
185 0.68288
185.2 1.11744
185.4 0.86912
185.6 0.74496
185.8 0.68288
186 0.6208
186.2 0.86912
186.4 0.74496
186.6 0.55872
186.8 0.6208
187 0.9312
187.2 0.9312
187.4 0.80704
187.6 0.68288
187.8 0.68288
188 1.11744
188.2 0.9312
188.4 0.68288
188.6 0.68288
188.8 0.80704
189 1.11744
189.2 0.80704
189.4 0.68288
189.6 0.68288
189.8 0.99328
190 1.05536
190.2 0.86912
190.4 0.80704
190.6 0.55872
190.8 1.11744
191 0.99328
191.2 0.68288
191.4 0.6208
191.6 0.6208
191.8 1.17952
192 0.86912
192.2 0.68288
192.4 0.68288
192.6 0.74496
192.8 1.30368
193 0.68288
193.2 0.68288
193.4 0.68288
193.6 0.6208
193.8 0.86912
194 0.55872
194.2 0.6208
194.4 0.6208
194.6 1.2416
194.8 0.80704
195 0.68288
195.2 0.6208
195.4 0.43456
195.6 1.05536
195.8 0.6208
196 0.6208
196.2 0.68288
196.4 0.99328
196.6 1.05536
196.8 0.68288
197 0.68288
197.2 0.68288
197.4 0.99328
197.6 0.6208
197.8 0.55872
198 0.6208
198.2 0.6208
198.4 1.36576
198.6 0.68288
198.8 0.68288
199 0.68288
199.2 1.05536
199.4 0.99328
199.6 0.68288
199.8 0.68288
