175 2.51087
175.2 2.4832
175.4 2.04864
175.6 2.54528
175.8 2.66944
176 2.66944
176.2 2.66944
176.4 2.66944
176.6 2.35904
176.8 2.04864
177 2.04864
177.2 2.42112
177.4 2.54528
177.6 1.92448
177.8 2.66944
178 2.66944
178.2 2.1728
178.4 1.80032
178.6 2.1728
178.8 2.11072
179 1.98656
179.2 2.1728
179.4 2.29696
179.6 2.42112
179.8 1.92448
180 1.48992
180.2 2.42112
180.4 1.42784
180.6 1.8624
180.8 1.98656
181 2.11072
181.2 1.73824
181.4 0.99328
181.6 2.1728
181.8 1.73824
182 2.29696
182.2 2.29696
182.4 2.29696
182.6 2.29696
182.8 1.73824
183 1.17952
183.2 1.67616
183.4 2.29696
183.6 2.29696
183.8 2.29696
184 0.74496
184.2 1.73824
184.4 1.98656
184.6 1.552
184.8 1.67616
185 1.80032
185.2 1.92448
185.4 1.17952
185.6 1.67616
185.8 1.30368
186 1.67616
186.2 1.30368
186.4 1.552
186.6 1.67616
186.8 1.73824
187 1.73824
187.2 1.80032
187.4 1.8624
187.6 1.8624
187.8 1.17952
188 1.42784
188.2 1.11744
188.4 1.8624
188.6 1.8624
188.8 1.8624
189 1.80032
189.2 1.17952
189.4 0.74496
189.6 1.8624
189.8 1.8624
190 1.8624
190.2 1.61408
190.4 2.1728
190.6 1.80032
190.8 1.67616
191 1.67616
191.2 1.2416
191.4 2.29696
191.6 2.42112
191.8 2.54528
192 1.8624
192.2 2.23488
192.4 2.11072
192.6 1.8624
192.8 1.80032
193 2.23488
193.2 2.4832
193.4 2.60736
193.6 2.73152
193.8 1.73824
194 1.61408
194.2 2.29696
194.4 1.92448
194.6 1.98656
194.8 2.1728
195 2.23488
195.2 2.29696
195.4 2.35904
195.6 2.35904
195.8 1.98656
196 1.42784
196.2 1.42784
196.4 2.42112
196.6 2.42112
196.8 2.29696
197 1.67616
197.2 1.05536
197.4 2.23488
197.6 2.42112
197.8 2.42112
198 2.42112
198.2 2.42112
198.4 2.4832
198.6 1.92448
198.8 1.30368
199 1.80032
199.2 2.60736
199.4 2.4832
199.6 1.92448
199.8 2.04864
