175 4.19945
175.01 11.1744
175.02 0
175.03 3.7248
175.04 2.4832
175.05 0
175.06 12.416
175.07 4.9664
175.08 0
175.09 0
175.1 6.208
175.11 12.416
175.12 8.6912
175.13 0
175.14 4.9664
175.15 1.2416
175.16 3.7248
175.17 11.1744
175.18 2.4832
175.19 0
175.2 0
175.21 6.208
175.22 9.9328
175.23 9.9328
175.24 2.4832
175.25 2.4832
175.26 3.7248
175.27 0
175.28 9.9328
175.29 7.4496
175.3 0
175.31 0
175.32 1.2416
175.33 8.6912
175.34 9.9328
175.35 9.9328
175.36 0
175.37 6.208
175.38 0
175.39 3.7248
175.4 8.6912
175.41 4.9664
175.42 0
175.43 0
175.44 2.4832
175.45 7.4496
175.46 9.9328
175.47 8.6912
175.48 1.2416
175.49 6.208
175.5 1.2416
175.51 2.4832
175.52 8.6912
175.53 6.208
175.54 0
175.55 0
175.56 1.2416
175.57 6.208
175.58 9.9328
175.59 7.4496
175.6 4.9664
175.61 1.2416
175.62 6.208
175.63 0
175.64 7.4496
175.65 11.1744
175.66 0
175.67 0
175.68 0
175.69 3.7248
175.7 8.6912
175.71 7.4496
175.72 8.6912
175.73 1.2416
175.74 6.208
175.75 1.2416
175.76 0
175.77 9.9328
175.78 8.6912
175.79 0
175.8 0
175.81 0
175.82 6.208
175.83 8.6912
175.84 6.208
175.85 8.6912
175.86 1.2416
175.87 7.4496
175.88 0
175.89 1.2416
175.9 8.6912
175.91 8.6912
175.92 0
175.93 0
175.94 0
175.95 4.9664
175.96 7.4496
175.97 7.4496
175.98 8.6912
175.99 2.4832
176 6.208
176.01 2.4832
176.02 0
176.03 7.4496
176.04 9.9328
176.05 1.2416
176.06 0
176.07 0
176.08 2.4832
176.09 6.208
176.1 8.6912
176.11 7.4496
176.12 6.208
176.13 0
176.14 8.6912
176.15 0
176.16 3.7248
176.17 7.4496
176.18 7.4496
176.19 0
176.2 0
176.21 0
176.22 6.208
176.23 6.208
176.24 6.208
176.25 8.6912
176.26 4.9664
176.27 4.9664
176.28 3.7248
176.29 0
176.3 6.208
176.31 8.6912
176.32 3.7248
176.33 0
176.34 0
176.35 0
176.36 6.208
176.37 7.4496
176.38 6.208
176.39 8.6912
176.4 3.7248
176.41 6.208
176.42 2.4832
176.43 0
176.44 6.208
176.45 8.6912
176.46 3.7248
176.47 0
176.48 0
176.49 0
176.5 6.208
176.51 6.208
176.52 7.4496
176.53 7.4496
176.54 4.9664
176.55 4.9664
176.56 3.7248
176.57 0
176.58 4.9664
176.59 8.6912
176.6 4.9664
176.61 0
176.62 0
176.63 0
176.64 6.208
176.65 3.7248
176.66 8.6912
176.67 7.4496
176.68 7.4496
176.69 2.4832
176.7 6.208
176.71 0
176.72 1.2416
176.73 8.6912
176.74 8.6912
176.75 0
176.76 0
176.77 0
176.78 2.4832
176.79 4.9664
176.8 7.4496
176.81 7.4496
176.82 9.9328
176.83 1.2416
176.84 7.4496
176.85 1.2416
176.86 0
176.87 6.208
176.88 9.9328
176.89 2.4832
176.9 0
176.91 0
176.92 0
176.93 6.208
176.94 3.7248
176.95 8.6912
176.96 8.6912
176.97 6.208
176.98 1.2416
176.99 7.4496
177 0
177.01 0
177.02 8.6912
177.03 9.9328
177.04 0
177.05 0
177.06 0
177.07 1.2416
177.08 6.208
177.09 6.208
177.1 7.4496
177.11 8.6912
177.12 3.7248
177.13 4.9664
177.14 3.7248
177.15 0
177.16 2.4832
177.17 7.4496
177.18 7.4496
177.19 0
177.2 0
177.21 0
177.22 3.7248
177.23 3.7248
177.24 7.4496
177.25 8.6912
177.26 8.6912
177.27 1.2416
177.28 6.208
177.29 2.4832
177.3 0
177.31 3.7248
177.32 2.4832
177.33 0
177.34 0
177.35 0
177.36 1.2416
177.37 8.6912
177.38 8.6912
177.39 8.6912
177.4 0
177.41 7.4496
177.42 1.2416
177.43 0
177.44 4.9664
177.45 2.4832
177.46 0
177.47 0
177.48 0
177.49 4.9664
177.5 9.9328
177.51 8.6912
177.52 4.9664
177.53 1.2416
177.54 7.4496
177.55 0
177.56 0
177.57 4.9664
177.58 2.4832
177.59 0
177.6 0
177.61 0
177.62 9.9328
177.63 8.6912
177.64 7.4496
177.65 3.7248
177.66 1.2416
177.67 7.4496
177.68 0
177.69 0
177.7 6.208
177.71 2.4832
177.72 0
177.73 0
177.74 0
177.75 8.6912
177.76 8.6912
177.77 8.6912
177.78 4.9664
177.79 0
177.8 7.4496
177.81 1.2416
177.82 0
177.83 1.2416
177.84 7.4496
177.85 0
177.86 0
177.87 0
177.88 4.9664
177.89 11.1744
177.9 6.208
177.91 9.9328
177.92 0
177.93 4.9664
177.94 3.7248
177.95 0
177.96 0
177.97 7.4496
177.98 2.4832
177.99 0
178 0
178.01 0
178.02 8.6912
178.03 8.6912
178.04 8.6912
178.05 6.208
178.06 0
178.07 4.9664
178.08 3.7248
178.09 0
178.1 0
178.11 9.9328
178.12 1.2416
178.13 0
178.14 0
178.15 0
178.16 9.9328
178.17 8.6912
178.18 7.4496
178.19 6.208
178.2 0
178.21 6.208
178.22 3.7248
178.23 0
178.24 0
178.25 9.9328
178.26 1.2416
178.27 0
178.28 0
178.29 0
178.3 11.1744
178.31 7.4496
178.32 7.4496
178.33 7.4496
178.34 0
178.35 6.208
178.36 3.7248
178.37 0
178.38 0
178.39 7.4496
178.4 3.7248
178.41 0
178.42 0
178.43 0
178.44 8.6912
178.45 8.6912
178.46 7.4496
178.47 8.6912
178.48 0
178.49 6.208
178.5 4.9664
178.51 0
178.52 0
178.53 3.7248
178.54 7.4496
178.55 0
178.56 0
178.57 0
178.58 4.9664
178.59 11.1744
178.6 4.9664
178.61 8.6912
178.62 3.7248
178.63 2.4832
178.64 6.208
178.65 3.7248
178.66 0
178.67 0
178.68 11.1744
178.69 0
178.7 0
178.71 0
178.72 0
178.73 9.9328
178.74 7.4496
178.75 7.4496
178.76 8.6912
178.77 0
178.78 6.208
178.79 6.208
178.8 0
178.81 0
178.82 4.9664
178.83 6.208
178.84 0
178.85 0
178.86 0
178.87 3.7248
178.88 11.1744
178.89 6.208
178.9 7.4496
178.91 6.208
178.92 0
178.93 6.208
178.94 4.9664
178.95 0
178.96 0
178.97 8.6912
178.98 2.4832
178.99 0
179 0
179.01 0
179.02 6.208
179.03 11.1744
179.04 3.7248
179.05 9.9328
179.06 3.7248
179.07 0
179.08 4.9664
179.09 0
179.1 0
179.11 0
179.12 0
179.13 0
179.14 0
179.15 0
179.16 2.4832
179.17 11.1744
179.18 6.208
179.19 7.4496
179.2 6.208
179.21 0
179.22 6.208
179.23 0
179.24 0
179.25 0
179.26 0
179.27 0
179.28 0
179.29 0
179.3 4.9664
179.31 9.9328
179.32 4.9664
179.33 8.6912
179.34 4.9664
179.35 0
179.36 7.4496
179.37 0
179.38 0
179.39 0
179.4 0
179.41 0
179.42 0
179.43 0
179.44 4.9664
179.45 11.1744
179.46 4.9664
179.47 8.6912
179.48 3.7248
179.49 1.2416
179.5 7.4496
179.51 0
179.52 0
179.53 0
179.54 0
179.55 0
179.56 0
179.57 0
179.58 4.9664
179.59 9.9328
179.6 4.9664
179.61 8.6912
179.62 4.9664
179.63 0
179.64 9.9328
179.65 0
179.66 0
179.67 0
179.68 0
179.69 0
179.7 0
179.71 0
179.72 3.7248
179.73 9.9328
179.74 4.9664
179.75 8.6912
179.76 6.208
179.77 0
179.78 8.6912
179.79 1.2416
179.8 0
179.81 0
179.82 0
179.83 0
179.84 0
179.85 0
179.86 2.4832
179.87 9.9328
179.88 6.208
179.89 7.4496
179.9 8.6912
179.91 0
179.92 4.9664
179.93 4.9664
179.94 0
179.95 0
179.96 0
179.97 0
179.98 0
179.99 0
180 0
180.01 9.9328
180.02 8.6912
180.03 3.7248
180.04 8.6912
180.05 4.9664
180.06 0
180.07 9.9328
180.08 0
180.09 0
180.1 0
180.11 0
180.12 0
180.13 0
180.14 0
180.15 2.4832
180.16 11.1744
180.17 6.208
180.18 7.4496
180.19 8.6912
180.2 0
180.21 4.9664
180.22 4.9664
180.23 0
180.24 0
180.25 0
180.26 0
180.27 0
180.28 0
180.29 0
180.3 6.208
180.31 11.1744
180.32 6.208
180.33 6.208
180.34 6.208
180.35 0
180.36 8.6912
180.37 1.2416
180.38 0
180.39 0
180.4 0
180.41 0
180.42 0
180.43 0
180.44 0
180.45 8.6912
180.46 11.1744
180.47 7.4496
180.48 0
180.49 3.7248
180.5 1.2416
180.51 0
180.52 0
180.53 0
180.54 0
180.55 0
180.56 0
180.57 3.7248
180.58 11.1744
180.59 9.9328
180.6 3.7248
180.61 1.2416
180.62 3.7248
180.63 0
180.64 0
180.65 0
180.66 0
180.67 0
180.68 0
180.69 0
180.7 7.4496
180.71 11.1744
180.72 9.9328
180.73 0
180.74 4.9664
180.75 1.2416
180.76 0
180.77 0
180.78 0
180.79 0
180.8 0
180.81 0
180.82 0
180.83 6.208
180.84 11.1744
180.85 11.1744
180.86 0
180.87 3.7248
180.88 2.4832
180.89 0
180.9 0
180.91 0
180.92 0
180.93 0
180.94 0
180.95 0
180.96 4.9664
180.97 9.9328
180.98 11.1744
180.99 3.7248
181 0
181.01 6.208
181.02 0
181.03 0
181.04 0
181.05 0
181.06 0
181.07 0
181.08 0
181.09 0
181.1 9.9328
181.11 11.1744
181.12 9.9328
181.13 0
181.14 3.7248
181.15 2.4832
181.16 0
181.17 0
181.18 0
181.19 0
181.2 0
181.21 0
181.22 0
181.23 2.4832
181.24 9.9328
181.25 12.416
181.26 6.208
181.27 0
181.28 6.208
181.29 0
181.3 0
181.31 0
181.32 0
181.33 0
181.34 0
181.35 0
181.36 0
181.37 3.7248
181.38 11.1744
181.39 11.1744
181.4 6.208
181.41 0
181.42 6.208
181.43 0
181.44 0
181.45 0
181.46 0
181.47 0
181.48 0
181.49 0
181.5 0
181.51 1.2416
181.52 9.9328
181.53 12.416
181.54 8.6912
181.55 0
181.56 4.9664
181.57 1.2416
181.58 0
181.59 0
181.6 0
181.61 0
181.62 0
181.63 0
181.64 0
181.65 0
181.66 8.6912
181.67 9.9328
181.68 11.1744
181.69 2.4832
181.7 0
181.71 6.208
181.72 0
181.73 0
181.74 0
181.75 0
181.76 0
181.77 0
181.78 0
181.79 0
181.8 2.4832
181.81 9.9328
181.82 12.416
181.83 8.6912
181.84 0
181.85 3.7248
181.86 2.4832
181.87 0
181.88 0
181.89 0
181.9 0
181.91 0
181.92 0
181.93 0
181.94 0
181.95 4.9664
181.96 11.1744
181.97 11.1744
181.98 6.208
181.99 0
182 6.208
182.01 0
182.02 0
182.03 0
182.04 0
182.05 0
182.06 0
182.07 0
182.08 4.9664
182.09 11.1744
182.1 12.416
182.11 4.9664
182.12 0
182.13 6.208
182.14 0
182.15 0
182.16 0
182.17 0
182.18 0
182.19 0
182.2 0
182.21 4.9664
182.22 9.9328
182.23 11.1744
182.24 7.4496
182.25 0
182.26 4.9664
182.27 1.2416
182.28 0
182.29 0
182.3 0
182.31 0
182.32 0
182.33 0
182.34 1.2416
182.35 11.1744
182.36 9.9328
182.37 9.9328
182.38 1.2416
182.39 0
182.4 6.208
182.41 0
182.42 0
182.43 0
182.44 0
182.45 0
182.46 0
182.47 0
182.48 4.9664
182.49 11.1744
182.5 9.9328
182.51 7.4496
182.52 0
182.53 2.4832
182.54 3.7248
182.55 0
182.56 0
182.57 0
182.58 0
182.59 0
182.6 0
182.61 0
182.62 4.9664
182.63 9.9328
182.64 11.1744
182.65 7.4496
182.66 0
182.67 2.4832
182.68 3.7248
182.69 0
182.7 0
182.71 0
182.72 0
182.73 0
182.74 0
182.75 0
182.76 1.2416
182.77 9.9328
182.78 11.1744
182.79 8.6912
182.8 2.4832
182.81 0
182.82 6.208
182.83 0
182.84 0
182.85 0
182.86 0
182.87 0
182.88 0
182.89 0
182.9 0
182.91 4.9664
182.92 9.9328
182.93 9.9328
182.94 8.6912
182.95 0
182.96 2.4832
182.97 3.7248
182.98 0
182.99 0
183 0
183.01 0
183.02 0
183.03 0
183.04 0
183.05 0
183.06 7.4496
183.07 9.9328
183.08 8.6912
183.09 6.208
183.1 0
183.11 4.9664
183.12 1.2416
183.13 0
183.14 0
183.15 0
183.16 0
183.17 0
183.18 0
183.19 0
183.2 0
183.21 8.6912
183.22 11.1744
183.23 2.4832
183.24 1.2416
183.25 3.7248
183.26 0
183.27 0
183.28 0
183.29 0
183.3 0
183.31 0
183.32 2.4832
183.33 9.9328
183.34 11.1744
183.35 0
183.36 4.9664
183.37 0
183.38 0
183.39 0
183.4 0
183.41 0
183.42 0
183.43 0
183.44 6.208
183.45 9.9328
183.46 8.6912
183.47 4.9664
183.48 0
183.49 0
183.5 0
183.51 0
183.52 0
183.53 0
183.54 0
183.55 0
183.56 4.9664
183.57 11.1744
183.58 9.9328
183.59 4.9664
183.6 0
183.61 0
183.62 0
183.63 0
183.64 0
183.65 0
183.66 0
183.67 0
183.68 2.4832
183.69 12.416
183.7 9.9328
183.71 3.7248
183.72 3.7248
183.73 0
183.74 0
183.75 0
183.76 0
183.77 0
183.78 0
183.79 0
183.8 0
183.81 9.9328
183.82 11.1744
183.83 7.4496
183.84 4.9664
183.85 0
183.86 0
183.87 0
183.88 0
183.89 0
183.9 0
183.91 0
183.92 0
183.93 0
183.94 11.1744
183.95 12.416
183.96 6.208
183.97 4.9664
183.98 0
183.99 0
184 0
184.01 0
184.02 0
184.03 0
184.04 0
184.05 0
184.06 0
184.07 9.9328
184.08 12.416
184.09 7.4496
184.1 4.9664
184.11 0
184.12 0
184.13 0
184.14 0
184.15 0
184.16 0
184.17 0
184.18 0
184.19 0
184.2 7.4496
184.21 11.1744
184.22 11.1744
184.23 3.7248
184.24 2.4832
184.25 0
184.26 0
184.27 0
184.28 0
184.29 0
184.3 0
184.31 0
184.32 0
184.33 3.7248
184.34 12.416
184.35 9.9328
184.36 6.208
184.37 4.9664
184.38 0
184.39 0
184.4 0
184.41 0
184.42 0
184.43 0
184.44 0
184.45 0
184.46 0
184.47 8.6912
184.48 11.1744
184.49 9.9328
184.5 3.7248
184.51 3.7248
184.52 0
184.53 0
184.54 0
184.55 0
184.56 0
184.57 0
184.58 0
184.59 0
184.6 0
184.61 9.9328
184.62 12.416
184.63 11.1744
184.64 2.4832
184.65 2.4832
184.66 0
184.67 0
184.68 0
184.69 0
184.7 0
184.71 0
184.72 0
184.73 0
184.74 0
184.75 8.6912
184.76 11.1744
184.77 12.416
184.78 2.4832
184.79 3.7248
184.8 0
184.81 0
184.82 0
184.83 0
184.84 0
184.85 0
184.86 0
184.87 0
184.88 0
184.89 7.4496
184.9 9.9328
184.91 11.1744
184.92 4.9664
184.93 6.208
184.94 0
184.95 0
184.96 0
184.97 0
184.98 0
184.99 0
185 0
185.01 0
185.02 0
185.03 4.9664
185.04 9.9328
185.05 11.1744
185.06 7.4496
185.07 4.9664
185.08 1.2416
185.09 0
185.1 0
185.11 0
185.12 0
185.13 0
185.14 0
185.15 0
185.16 0
185.17 1.2416
185.18 11.1744
185.19 9.9328
185.2 11.1744
185.21 2.4832
185.22 3.7248
185.23 0
185.24 0
185.25 0
185.26 0
185.27 0
185.28 0
185.29 0
185.3 0
185.31 0
185.32 4.9664
185.33 11.1744
185.34 12.416
185.35 4.9664
185.36 6.208
185.37 0
185.38 0
185.39 0
185.4 0
185.41 0
185.42 0
185.43 0
185.44 0
185.45 0
185.46 0
185.47 8.6912
185.48 11.1744
185.49 11.1744
185.5 3.7248
185.51 4.9664
185.52 0
185.53 0
185.54 0
185.55 0
185.56 0
185.57 0
185.58 0
185.59 0
185.6 0
185.61 1.2416
185.62 9.9328
185.63 11.1744
185.64 9.9328
185.65 3.7248
185.66 3.7248
185.67 0
185.68 0
185.69 0
185.7 0
185.71 0
185.72 0
185.73 0
185.74 0
185.75 0
185.76 3.7248
185.77 9.9328
185.78 11.1744
185.79 8.6912
185.8 6.208
185.81 0
185.82 0
185.83 0
185.84 0
185.85 0
185.86 0
185.87 0
185.88 3.7248
185.89 11.1744
185.9 11.1744
185.91 9.9328
185.92 3.7248
185.93 0
185.94 0
185.95 0
185.96 0
185.97 0
185.98 0
185.99 0
186 3.7248
186.01 9.9328
186.02 11.1744
186.03 9.9328
186.04 4.9664
186.05 0
186.06 0
186.07 0
186.08 0
186.09 0
186.1 0
186.11 0
186.12 0
186.13 8.6912
186.14 11.1744
186.15 11.1744
186.16 8.6912
186.17 0
186.18 0
186.19 0
186.2 0
186.21 0
186.22 0
186.23 0
186.24 0
186.25 3.7248
186.26 9.9328
186.27 9.9328
186.28 9.9328
186.29 6.208
186.3 0
186.31 0
186.32 0
186.33 0
186.34 0
186.35 0
186.36 0
186.37 0
186.38 6.208
186.39 9.9328
186.4 9.9328
186.41 8.6912
186.42 4.9664
186.43 0
186.44 0
186.45 0
186.46 0
186.47 0
186.48 0
186.49 0
186.5 0
186.51 4.9664
186.52 11.1744
186.53 9.9328
186.54 8.6912
186.55 4.9664
186.56 0
186.57 0
186.58 0
186.59 0
186.6 0
186.61 0
186.62 0
186.63 0
186.64 1.2416
186.65 9.9328
186.66 11.1744
186.67 9.9328
186.68 7.4496
186.69 0
186.7 0
186.71 0
186.72 0
186.73 0
186.74 0
186.75 0
186.76 0
186.77 0
186.78 4.9664
186.79 11.1744
186.8 9.9328
186.81 7.4496
186.82 6.208
186.83 0
186.84 0
186.85 0
186.86 0
186.87 0
186.88 0
186.89 0
186.9 0
186.91 1.2416
186.92 7.4496
186.93 9.9328
186.94 9.9328
186.95 7.4496
186.96 3.7248
186.97 0
186.98 0
186.99 0
187 0
187.01 0
187.02 0
187.03 0
187.04 0
187.05 2.4832
187.06 8.6912
187.07 9.9328
187.08 8.6912
187.09 6.208
187.1 3.7248
187.11 0
187.12 0
187.13 0
187.14 0
187.15 0
187.16 0
187.17 0
187.18 0
187.19 1.2416
187.2 8.6912
187.21 9.9328
187.22 9.9328
187.23 6.208
187.24 3.7248
187.25 0
187.26 0
187.27 0
187.28 0
187.29 0
187.3 0
187.31 0
187.32 0
187.33 0
187.34 7.4496
187.35 8.6912
187.36 9.9328
187.37 7.4496
187.38 6.208
187.39 0
187.4 0
187.41 0
187.42 0
187.43 0
187.44 0
187.45 0
187.46 0
187.47 0
187.48 3.7248
187.49 8.6912
187.5 9.9328
187.51 7.4496
187.52 7.4496
187.53 2.4832
187.54 0
187.55 0
187.56 0
187.57 0
187.58 0
187.59 0
187.6 0
187.61 0
187.62 0
187.63 7.4496
187.64 8.6912
187.65 9.9328
187.66 7.4496
187.67 6.208
187.68 1.2416
187.69 0
187.7 0
187.71 0
187.72 0
187.73 0
187.74 0
187.75 0
187.76 0
187.77 2.4832
187.78 7.4496
187.79 9.9328
187.8 8.6912
187.81 7.4496
187.82 4.9664
187.83 0
187.84 0
187.85 0
187.86 0
187.87 0
187.88 0
187.89 0
187.9 1.2416
187.91 8.6912
187.92 9.9328
187.93 8.6912
187.94 7.4496
187.95 4.9664
187.96 0
187.97 0
187.98 0
187.99 0
188 0
188.01 0
188.02 0
188.03 1.2416
188.04 8.6912
188.05 9.9328
188.06 9.9328
188.07 6.208
188.08 6.208
188.09 0
188.1 0
188.11 0
188.12 0
188.13 0
188.14 0
188.15 0
188.16 0
188.17 9.9328
188.18 8.6912
188.19 8.6912
188.2 6.208
188.21 7.4496
188.22 1.2416
188.23 0
188.24 0
188.25 0
188.26 0
188.27 0
188.28 0
188.29 0
188.3 8.6912
188.31 7.4496
188.32 9.9328
188.33 7.4496
188.34 6.208
188.35 3.7248
188.36 0
188.37 0
188.38 0
188.39 0
188.4 0
188.41 0
188.42 0
188.43 4.9664
188.44 8.6912
188.45 8.6912
188.46 8.6912
188.47 6.208
188.48 6.208
188.49 1.2416
188.5 0
188.51 0
188.52 0
188.53 0
188.54 0
188.55 0
188.56 0
188.57 7.4496
188.58 8.6912
188.59 8.6912
188.6 8.6912
188.61 7.4496
188.62 4.9664
188.63 0
188.64 0
188.65 0
188.66 0
188.67 0
188.68 0
188.69 0
188.7 0
188.71 7.4496
188.72 8.6912
188.73 8.6912
188.74 8.6912
188.75 7.4496
188.76 6.208
188.77 0
188.78 0
188.79 0
188.8 0
188.81 0
188.82 0
188.83 0
188.84 0
188.85 7.4496
188.86 7.4496
188.87 8.6912
188.88 8.6912
188.89 7.4496
188.9 8.6912
188.91 0
188.92 0
188.93 0
188.94 0
188.95 0
188.96 0
188.97 0
188.98 0
188.99 4.9664
189 8.6912
189.01 8.6912
189.02 8.6912
189.03 7.4496
189.04 8.6912
189.05 2.4832
189.06 0
189.07 0
189.08 0
189.09 0
189.1 0
189.11 0
189.12 0
189.13 2.4832
189.14 11.1744
189.15 6.208
189.16 8.6912
189.17 8.6912
189.18 7.4496
189.19 6.208
189.2 0
189.21 0
189.22 0
189.23 0
189.24 0
189.25 0
189.26 0
189.27 0
189.28 4.9664
189.29 11.1744
189.3 7.4496
189.31 9.9328
189.32 8.6912
189.33 8.6912
189.34 2.4832
189.35 0
189.36 0
189.37 0
189.38 0
189.39 0
189.4 0
189.41 0
189.42 0
189.43 6.208
189.44 11.1744
189.45 8.6912
189.46 9.9328
189.47 7.4496
189.48 9.9328
189.49 1.2416
189.5 0
189.51 0
189.52 0
189.53 0
189.54 0
189.55 0
189.56 0
189.57 1.2416
189.58 6.208
189.59 9.9328
189.6 11.1744
189.61 11.1744
189.62 0
189.63 0
189.64 0
189.65 0
189.66 0
189.67 0
189.68 0
189.69 0
189.7 8.6912
189.71 7.4496
189.72 11.1744
189.73 11.1744
189.74 2.4832
189.75 0
189.76 0
189.77 0
189.78 0
189.79 0
189.8 0
189.81 0
189.82 2.4832
189.83 7.4496
189.84 12.416
189.85 11.1744
189.86 9.9328
189.87 0
189.88 0
189.89 0
189.9 0
189.91 0
189.92 0
189.93 0
189.94 0
189.95 2.4832
189.96 8.6912
189.97 11.1744
189.98 11.1744
189.99 11.1744
190 0
190.01 0
190.02 0
190.03 0
190.04 0
190.05 0
190.06 0
190.07 0
190.08 0
190.09 8.6912
190.1 9.9328
190.11 12.416
190.12 11.1744
190.13 3.7248
190.14 0
190.15 0
190.16 0
190.17 0
190.18 0
190.19 0
190.2 0
190.21 0
190.22 3.7248
190.23 11.1744
190.24 11.1744
190.25 9.9328
190.26 11.1744
190.27 0
190.28 0
190.29 0
190.3 0
190.31 0
190.32 0
190.33 0
190.34 0
190.35 0
190.36 6.208
190.37 11.1744
190.38 11.1744
190.39 11.1744
190.4 9.9328
190.41 0
190.42 0
190.43 0
190.44 0
190.45 0
190.46 0
190.47 0
190.48 0
190.49 0
190.5 4.9664
190.51 11.1744
190.52 12.416
190.53 11.1744
190.54 11.1744
190.55 0
190.56 0
190.57 0
190.58 0
190.59 0
190.6 0
190.61 0
190.62 0
190.63 0
190.64 0
190.65 11.1744
190.66 11.1744
190.67 11.1744
190.68 12.416
190.69 6.208
190.7 0
190.71 0
190.72 0
190.73 0
190.74 0
190.75 0
190.76 0
190.77 0
190.78 0
190.79 2.4832
190.8 11.1744
190.81 9.9328
190.82 11.1744
190.83 12.416
190.84 4.9664
190.85 0
190.86 0
190.87 0
190.88 0
190.89 0
190.9 0
190.91 0
190.92 0
190.93 0
190.94 4.9664
190.95 9.9328
190.96 6.208
190.97 3.7248
190.98 11.1744
190.99 0
191 0
191.01 0
191.02 0
191.03 0
191.04 0
191.05 0
191.06 0
191.07 11.1744
191.08 11.1744
191.09 4.9664
191.1 9.9328
191.11 0
191.12 0
191.13 0
191.14 0
191.15 0
191.16 0
191.17 0
191.18 0
191.19 11.1744
191.2 12.416
191.21 6.208
191.22 8.6912
191.23 0
191.24 0
191.25 0
191.26 0
191.27 0
191.28 0
191.29 0
191.3 0
191.31 6.208
191.32 12.416
191.33 6.208
191.34 11.1744
191.35 3.7248
191.36 0
191.37 0
191.38 0
191.39 0
191.4 0
191.41 0
191.42 0
191.43 0
191.44 9.9328
191.45 12.416
191.46 6.208
191.47 11.1744
191.48 0
191.49 0
191.5 0
191.51 0
191.52 0
191.53 0
191.54 0
191.55 0
191.56 1.2416
191.57 12.416
191.58 9.9328
191.59 6.208
191.6 11.1744
191.61 0
191.62 0
191.63 0
191.64 0
191.65 0
191.66 0
191.67 0
191.68 0
191.69 2.4832
191.7 11.1744
191.71 9.9328
191.72 6.208
191.73 11.1744
191.74 1.2416
191.75 0
191.76 0
191.77 0
191.78 0
191.79 0
191.8 0
191.81 0
191.82 0
191.83 9.9328
191.84 9.9328
191.85 7.4496
191.86 11.1744
191.87 3.7248
191.88 0
191.89 0
191.9 0
191.91 0
191.92 0
191.93 0
191.94 0
191.95 0
191.96 3.7248
191.97 12.416
191.98 9.9328
191.99 6.208
192 11.1744
192.01 0
192.02 0
192.03 0
192.04 0
192.05 0
192.06 0
192.07 0
192.08 0
192.09 0
192.1 7.4496
192.11 9.9328
192.12 9.9328
192.13 7.4496
192.14 8.6912
192.15 0
192.16 0
192.17 0
192.18 0
192.19 0
192.2 0
192.21 0
192.22 0
192.23 0
192.24 8.6912
192.25 9.9328
192.26 8.6912
192.27 8.6912
192.28 7.4496
192.29 0
192.3 0
192.31 0
192.32 0
192.33 0
192.34 0
192.35 0
192.36 0
192.37 0
192.38 9.9328
192.39 9.9328
192.4 8.6912
192.41 7.4496
192.42 8.6912
192.43 0
192.44 0
192.45 0
192.46 0
192.47 0
192.48 0
192.49 0
192.5 0
192.51 0
192.52 7.4496
192.53 11.1744
192.54 9.9328
192.55 6.208
192.56 9.9328
192.57 0
192.58 0
192.59 0
192.6 0
192.61 0
192.62 0
192.63 0
192.64 0
192.65 0
192.66 2.4832
192.67 12.416
192.68 8.6912
192.69 7.4496
192.7 9.9328
192.71 3.7248
192.72 0
192.73 0
192.74 0
192.75 0
192.76 0
192.77 0
192.78 0
192.79 0
192.8 0
192.81 8.6912
192.82 9.9328
192.83 9.9328
192.84 6.208
192.85 9.9328
192.86 0
192.87 0
192.88 0
192.89 0
192.9 0
192.91 0
192.92 0
192.93 0
192.94 0
192.95 2.4832
192.96 11.1744
192.97 8.6912
192.98 7.4496
192.99 8.6912
193 6.208
193.01 0
193.02 0
193.03 0
193.04 0
193.05 0
193.06 0
193.07 0
193.08 0
193.09 0
193.1 7.4496
193.11 9.9328
193.12 8.6912
193.13 4.9664
193.14 11.1744
193.15 2.4832
193.16 0
193.17 0
193.18 0
193.19 0
193.2 0
193.21 0
193.22 0
193.23 2.4832
193.24 12.416
193.25 9.9328
193.26 4.9664
193.27 11.1744
193.28 3.7248
193.29 0
193.3 0
193.31 0
193.32 0
193.33 0
193.34 0
193.35 0
193.36 7.4496
193.37 11.1744
193.38 8.6912
193.39 4.9664
193.4 11.1744
193.41 1.2416
193.42 0
193.43 0
193.44 0
193.45 0
193.46 0
193.47 0
193.48 0
193.49 8.6912
193.5 9.9328
193.51 7.4496
193.52 4.9664
193.53 11.1744
193.54 2.4832
193.55 0
193.56 0
193.57 0
193.58 0
193.59 0
193.6 0
193.61 0
193.62 7.4496
193.63 9.9328
193.64 7.4496
193.65 4.9664
193.66 9.9328
193.67 4.9664
193.68 0
193.69 0
193.7 0
193.71 0
193.72 0
193.73 0
193.74 0
193.75 3.7248
193.76 11.1744
193.77 7.4496
193.78 6.208
193.79 6.208
193.8 9.9328
193.81 0
193.82 0
193.83 0
193.84 0
193.85 0
193.86 0
193.87 0
193.88 0
193.89 6.208
193.9 11.1744
193.91 6.208
193.92 6.208
193.93 9.9328
193.94 4.9664
193.95 0
193.96 0
193.97 0
193.98 0
193.99 0
194 0
194.01 0
194.02 0
194.03 7.4496
194.04 9.9328
194.05 7.4496
194.06 6.208
194.07 8.6912
194.08 4.9664
194.09 0
194.1 0
194.11 0
194.12 0
194.13 0
194.14 0
194.15 0
194.16 0
194.17 7.4496
194.18 9.9328
194.19 6.208
194.2 6.208
194.21 8.6912
194.22 6.208
194.23 0
194.24 0
194.25 0
194.26 0
194.27 0
194.28 0
194.29 0
194.3 0
194.31 6.208
194.32 9.9328
194.33 7.4496
194.34 4.9664
194.35 7.4496
194.36 8.6912
194.37 0
194.38 0
194.39 0
194.4 0
194.41 0
194.42 0
194.43 0
194.44 0
194.45 3.7248
194.46 9.9328
194.47 7.4496
194.48 7.4496
194.49 6.208
194.5 7.4496
194.51 2.4832
194.52 0
194.53 0
194.54 0
194.55 0
194.56 0
194.57 0
194.58 0
194.59 0
194.6 7.4496
194.61 9.9328
194.62 7.4496
194.63 6.208
194.64 7.4496
194.65 6.208
194.66 0
194.67 0
194.68 0
194.69 0
194.7 0
194.71 0
194.72 0
194.73 0
194.74 2.4832
194.75 8.6912
194.76 7.4496
194.77 8.6912
194.78 6.208
194.79 7.4496
194.8 3.7248
194.81 0
194.82 0
194.83 0
194.84 0
194.85 0
194.86 0
194.87 0
194.88 0
194.89 4.9664
194.9 8.6912
194.91 6.208
194.92 7.4496
194.93 4.9664
194.94 7.4496
194.95 1.2416
194.96 0
194.97 0
194.98 0
194.99 0
195 0
195.01 0
195.02 0
195.03 0
195.04 7.4496
195.05 8.6912
195.06 2.4832
195.07 0
195.08 11.1744
195.09 0
195.1 0
195.11 0
195.12 0
195.13 0
195.14 0
195.15 1.2416
195.16 9.9328
195.17 8.6912
195.18 0
195.19 8.6912
195.2 2.4832
195.21 0
195.22 0
195.23 0
195.24 0
195.25 0
195.26 0
195.27 2.4832
195.28 9.9328
195.29 9.9328
195.3 0
195.31 11.1744
195.32 0
195.33 0
195.34 0
195.35 0
195.36 0
195.37 0
195.38 0
195.39 1.2416
195.4 9.9328
195.41 9.9328
195.42 1.2416
195.43 8.6912
195.44 2.4832
195.45 0
195.46 0
195.47 0
195.48 0
195.49 0
195.5 0
195.51 0
195.52 8.6912
195.53 9.9328
195.54 4.9664
195.55 4.9664
195.56 7.4496
195.57 0
195.58 0
195.59 0
195.6 0
195.61 0
195.62 0
195.63 0
195.64 3.7248
195.65 8.6912
195.66 9.9328
195.67 1.2416
195.68 9.9328
195.69 3.7248
195.7 0
195.71 0
195.72 0
195.73 0
195.74 0
195.75 0
195.76 0
195.77 3.7248
195.78 8.6912
195.79 11.1744
195.8 2.4832
195.81 8.6912
195.82 3.7248
195.83 0
195.84 0
195.85 0
195.86 0
195.87 0
195.88 0
195.89 0
195.9 1.2416
195.91 9.9328
195.92 9.9328
195.93 4.9664
195.94 7.4496
195.95 6.208
195.96 0
195.97 0
195.98 0
195.99 0
196 0
196.01 0
196.02 0
196.03 0
196.04 8.6912
196.05 7.4496
196.06 9.9328
196.07 4.9664
196.08 8.6912
196.09 1.2416
196.1 0
196.11 0
196.12 0
196.13 0
196.14 0
196.15 0
196.16 0
196.17 3.7248
196.18 7.4496
196.19 11.1744
196.2 3.7248
196.21 8.6912
196.22 6.208
196.23 0
196.24 0
196.25 0
196.26 0
196.27 0
196.28 0
196.29 0
196.3 0
196.31 7.4496
196.32 7.4496
196.33 12.416
196.34 1.2416
196.35 8.6912
196.36 4.9664
196.37 0
196.38 0
196.39 0
196.4 0
196.41 0
196.42 0
196.43 0
196.44 0
196.45 6.208
196.46 9.9328
196.47 11.1744
196.48 3.7248
196.49 8.6912
196.5 3.7248
196.51 0
196.52 0
196.53 0
196.54 0
196.55 0
196.56 0
196.57 0
196.58 0
196.59 3.7248
196.6 9.9328
196.61 11.1744
196.62 3.7248
196.63 7.4496
196.64 7.4496
196.65 0
196.66 0
196.67 0
196.68 0
196.69 0
196.7 0
196.71 0
196.72 0
196.73 0
196.74 11.1744
196.75 11.1744
196.76 7.4496
196.77 4.9664
196.78 7.4496
196.79 2.4832
196.8 0
196.81 0
196.82 0
196.83 0
196.84 0
196.85 0
196.86 0
196.87 0
196.88 6.208
196.89 11.1744
196.9 11.1744
196.91 1.2416
196.92 7.4496
196.93 7.4496
196.94 0
196.95 0
196.96 0
196.97 0
196.98 0
196.99 0
197 0
197.01 0
197.02 0
197.03 11.1744
197.04 9.9328
197.05 9.9328
197.06 2.4832
197.07 7.4496
197.08 4.9664
197.09 0
197.1 0
197.11 0
197.12 0
197.13 0
197.14 0
197.15 0
197.16 0
197.17 1.2416
197.18 12.416
197.19 11.1744
197.2 6.208
197.21 4.9664
197.22 6.208
197.23 3.7248
197.24 0
197.25 0
197.26 0
197.27 0
197.28 0
197.29 0
197.3 4.9664
197.31 12.416
197.32 11.1744
197.33 6.208
197.34 7.4496
197.35 3.7248
197.36 0
197.37 0
197.38 0
197.39 0
197.4 0
197.41 0
197.42 6.208
197.43 9.9328
197.44 9.9328
197.45 6.208
197.46 6.208
197.47 6.208
197.48 1.2416
197.49 0
197.5 0
197.51 0
197.52 0
197.53 0
197.54 3.7248
197.55 8.6912
197.56 9.9328
197.57 8.6912
197.58 4.9664
197.59 6.208
197.6 3.7248
197.61 0
197.62 0
197.63 0
197.64 0
197.65 0
197.66 0
197.67 6.208
197.68 9.9328
197.69 8.6912
197.7 6.208
197.71 6.208
197.72 4.9664
197.73 3.7248
197.74 0
197.75 0
197.76 0
197.77 0
197.78 0
197.79 0
197.8 6.208
197.81 8.6912
197.82 8.6912
197.83 7.4496
197.84 6.208
197.85 4.9664
197.86 3.7248
197.87 0
197.88 0
197.89 0
197.9 0
197.91 0
197.92 0
197.93 4.9664
197.94 7.4496
197.95 7.4496
197.96 9.9328
197.97 3.7248
197.98 4.9664
197.99 6.208
198 1.2416
198.01 0
198.02 0
198.03 0
198.04 0
198.05 0
198.06 2.4832
198.07 7.4496
198.08 6.208
198.09 7.4496
198.1 7.4496
198.11 4.9664
198.12 4.9664
198.13 4.9664
198.14 0
198.15 0
198.16 0
198.17 0
198.18 0
198.19 0
198.2 6.208
198.21 6.208
198.22 7.4496
198.23 7.4496
198.24 4.9664
198.25 4.9664
198.26 4.9664
198.27 3.7248
198.28 0
198.29 0
198.3 0
198.31 0
198.32 0
198.33 0
198.34 6.208
198.35 7.4496
198.36 7.4496
198.37 7.4496
198.38 3.7248
198.39 6.208
198.4 3.7248
198.41 3.7248
198.42 0
198.43 0
198.44 0
198.45 0
198.46 0
198.47 0
198.48 6.208
198.49 6.208
198.5 6.208
198.51 7.4496
198.52 4.9664
198.53 6.208
198.54 4.9664
198.55 3.7248
198.56 0
198.57 0
198.58 0
198.59 0
198.6 0
198.61 0
198.62 3.7248
198.63 6.208
198.64 6.208
198.65 7.4496
198.66 7.4496
198.67 2.4832
198.68 4.9664
198.69 4.9664
198.7 2.4832
198.71 0
198.72 0
198.73 0
198.74 0
198.75 0
198.76 0
198.77 7.4496
198.78 4.9664
198.79 7.4496
198.8 6.208
198.81 4.9664
198.82 4.9664
198.83 3.7248
198.84 6.208
198.85 0
198.86 0
198.87 0
198.88 0
198.89 0
198.9 0
198.91 4.9664
198.92 4.9664
198.93 6.208
198.94 6.208
198.95 7.4496
198.96 2.4832
198.97 4.9664
198.98 3.7248
198.99 3.7248
199 0
199.01 0
199.02 0
199.03 0
199.04 0
199.05 8.6912
199.06 6.208
199.07 7.4496
199.08 7.4496
199.09 2.4832
199.1 4.9664
199.11 2.4832
199.12 1.2416
199.13 0
199.14 0
199.15 0
199.16 0
199.17 0
199.18 1.2416
199.19 6.208
199.2 7.4496
199.21 6.208
199.22 2.4832
199.23 3.7248
199.24 4.9664
199.25 0
199.26 0
199.27 0
199.28 0
199.29 0
199.3 0
199.31 2.4832
199.32 6.208
199.33 7.4496
199.34 6.208
199.35 2.4832
199.36 3.7248
199.37 3.7248
199.38 1.2416
199.39 0
199.4 0
199.41 0
199.42 0
199.43 0
199.44 2.4832
199.45 6.208
199.46 7.4496
199.47 7.4496
199.48 1.2416
199.49 3.7248
199.5 2.4832
199.51 3.7248
199.52 0
199.53 0
199.54 0
199.55 0
199.56 0
199.57 0
199.58 7.4496
199.59 7.4496
199.6 6.208
199.61 3.7248
199.62 2.4832
199.63 3.7248
199.64 6.208
199.65 0
199.66 0
199.67 0
199.68 0
199.69 0
199.7 0
199.71 0
199.72 8.6912
199.73 8.6912
199.74 7.4496
199.75 1.2416
199.76 3.7248
199.77 2.4832
199.78 6.208
199.79 0
199.8 0
199.81 0
199.82 0
199.83 0
199.84 0
199.85 0
199.86 8.6912
199.87 7.4496
199.88 7.4496
199.89 2.4832
199.9 3.7248
199.91 3.7248
199.92 6.208
199.93 0
199.94 0
199.95 0
199.96 0
199.97 0
199.98 0
199.99 0
