15.0045 8
15.0114 8
15.018 8
15.0244 8
15.0307 8
15.0371 8
15.0437 8
15.0502 9
15.0566 9
15.0629 9
15.0692 9
15.0755 9
15.0818 9
15.0881 9
15.0945 9
15.1008 9
15.1071 10
15.1134 10
15.1197 10
15.126 10
15.1323 10
15.1386 10
15.1449 10
15.1512 10
15.1575 10
15.1638 10
15.1701 10
15.1764 11
15.1827 11
15.189 11
15.1953 11
15.2016 11
15.2079 11
15.2142 11
15.2205 11
15.2268 11
15.2331 11
15.2395 11
15.2458 12
15.2521 12
15.2584 12
15.2647 12
15.271 12
15.2774 12
15.2842 12
15.2905 12
15.2969 12
15.3032 12
15.3098 12
15.3355 5
15.4638 5
15.4706 5
15.477 5
15.4833 5
15.4896 5
15.4959 6
15.5023 6
15.5089 6
15.5152 6
15.5215 6
15.5278 6
15.5535 2
15.585 2
15.6037 2
15.61 3
15.6278 3
15.6342 3
15.6406 4
15.6511 4
15.6576 4
15.664 4
15.6704 4
15.6769 5
15.6834 5
15.6899 5
15.6963 5
15.7027 5
15.7093 6
15.7157 6
15.7222 6
15.7287 6
15.7351 6
15.7415 6
15.748 7
15.7544 7
15.761 7
15.7674 7
15.7739 7
15.7804 7
15.7868 7
15.7932 7
15.7998 8
15.8064 8
15.8129 8
15.8196 8
15.8262 8
15.8327 8
15.8393 8
15.8457 8
15.8521 9
15.8585 9
15.865 9
15.8714 9
15.8777 9
15.884 9
15.8908 9
15.8975 9
15.9043 9
15.9107 9
15.9173 10
15.9238 10
15.9304 10
15.9368 10
15.9433 10
15.9497 10
15.9561 10
15.9626 10
15.969 10
15.9755 10
15.9822 11
15.9889 11
15.9955 11
16.0019 11
16.0082 11
16.0146 11
16.0209 11
16.0275 11
16.0339 11
16.0403 11
16.0468 11
16.0532 11
16.0595 12
16.0658 12
16.0723 12
16.0788 12
16.0851 12
16.0914 12
16.0978 12
16.1041 12
16.1104 12
16.1167 12
16.123 12
16.1293 12
16.1356 13
16.1419 13
16.1482 13
16.1545 13
16.1608 13
16.1671 13
16.1734 13
16.1797 13
16.186 13
16.1923 13
16.1986 13
16.2049 13
16.2112 13
16.2175 13
16.2238 14
16.2301 14
16.2364 14
16.2427 14
16.249 14
16.2554 14
16.2617 14
16.268 14
16.2743 14
16.2806 14
16.2869 14
16.2932 14
16.2995 14
16.3058 14
16.3121 15
16.3184 15
16.3247 15
16.331 15
16.3373 15
16.3436 15
16.3499 15
16.3562 15
16.3625 15
16.3688 15
16.3751 15
16.3814 15
16.3877 15
16.394 15
16.4003 15
16.4066 15
16.413 16
16.4193 16
16.4256 16
16.4319 16
16.4382 16
16.4445 16
16.4508 16
16.4571 16
16.4634 16
16.4697 16
16.476 16
16.4823 16
16.4886 16
16.4949 16
16.5012 16
16.5075 16
16.5138 17
16.5201 17
16.5264 17
16.5327 17
16.539 17
16.5453 17
16.5516 17
16.5579 17
16.5642 17
16.5706 17
16.5769 17
16.5832 17
16.5895 17
16.5958 17
16.6021 17
16.6084 17
16.6147 17
16.621 17
16.6273 18
16.6336 18
16.6399 18
16.6462 18
16.6525 18
16.6588 18
16.6651 18
16.6714 18
16.6777 18
16.684 18
16.6903 18
16.6966 18
16.7029 18
16.7092 18
16.7155 18
16.7218 18
16.7282 18
16.7345 18
16.7652 7
16.8828 7
16.8891 7
16.8954 7
16.9017 8
16.908 8
16.9143 8
16.9206 8
16.9269 8
16.9332 8
16.9395 8
16.9458 8
16.9521 8
16.9584 9
16.9647 9
16.971 9
16.9773 9
16.9836 9
16.9899 9
16.9962 9
17.0026 9
17.0089 9
17.0152 10
17.0215 10
17.0278 10
17.0341 10
17.0404 10
17.0467 10
17.053 10
17.0593 10
17.0656 10
17.0719 10
17.0782 10
17.0845 11
17.0908 11
17.0971 11
17.1034 11
17.1097 11
17.116 11
17.1223 11
17.1286 11
17.1349 11
17.1412 11
17.1475 11
17.1538 12
17.1602 12
17.1665 12
17.1728 12
17.1791 12
17.1854 12
17.1917 12
17.198 12
17.2043 12
17.2106 12
17.2169 12
17.2232 12
17.2295 12
17.2358 13
17.2421 13
17.2484 13
17.2547 13
17.261 13
17.2673 13
17.2736 13
17.2799 13
17.2862 13
17.2925 13
17.2988 13
17.3051 13
17.3114 13
17.3178 14
17.3241 14
17.3304 14
17.3367 14
17.343 14
17.3493 14
17.3556 14
17.3619 14
17.3682 14
17.3745 14
17.3812 14
17.3876 14
17.3943 14
17.4011 14
17.4078 14
17.4143 15
17.421 15
17.4276 15
17.4341 15
17.4657 6
17.5544 6
17.5607 6
17.567 6
17.5733 7
17.5796 7
17.5859 7
17.5922 7
17.5985 7
17.6048 7
17.6112 7
17.6175 8
17.6238 8
17.6301 8
17.6364 8
17.6427 8
17.649 8
17.6553 8
17.6616 8
17.6679 8
17.6742 9
17.6805 9
17.6868 9
17.6931 9
17.6994 9
17.7057 9
17.712 9
17.7183 9
17.7246 9
17.7309 10
17.7372 10
17.7435 10
17.7498 10
17.7561 10
17.7624 10
17.7688 10
17.7751 10
17.7814 10
17.7877 10
17.794 10
17.8003 11
17.8066 11
17.8129 11
17.8192 11
17.8255 11
17.8318 11
17.8381 11
17.8444 11
17.8507 11
17.857 11
17.8633 11
17.8696 12
17.8759 12
17.8822 12
17.8885 12
17.8948 12
17.9011 12
17.9074 12
17.9137 12
17.92 12
17.9264 12
17.9327 12
17.939 12
17.9453 12
17.9516 13
17.9579 13
17.9642 13
17.9705 13
17.9768 13
17.9831 13
17.9894 13
17.9957 13
18.002 13
18.0083 13
18.0146 13
18.0209 13
18.0272 13
18.0335 14
18.0398 14
18.0461 14
18.0524 14
18.0587 14
18.065 14
18.0713 14
18.0776 14
18.084 14
18.0903 14
18.0966 14
18.1029 14
18.1092 14
18.1155 14
18.1218 14
18.1281 15
18.1344 15
18.1407 15
18.147 15
18.1533 15
18.1596 15
18.1659 15
18.1722 15
18.1785 15
18.1848 15
18.2094 6
18.2977 6
18.304 6
18.3103 6
18.3166 7
18.3229 7
18.3292 7
18.3356 7
18.3419 7
18.3482 7
18.3545 7
18.3608 8
18.3671 8
18.3734 8
18.3797 8
18.386 8
18.3923 8
18.3986 8
18.4049 8
18.4112 8
18.4175 9
18.4238 9
18.4301 9
18.4364 9
18.4427 9
18.449 9
18.4553 9
18.4616 9
18.4679 9
18.4742 10
18.4805 10
18.4868 10
18.4932 10
18.4995 10
18.5058 10
18.5121 10
18.5184 10
18.5247 10
18.531 10
18.5373 10
18.5436 11
18.5499 11
18.5562 11
18.5625 11
18.5688 11
18.5751 11
18.5814 11
18.5877 11
18.594 11
18.6003 11
18.6066 11
18.6129 12
18.6192 12
18.6255 12
18.6318 12
18.6381 12
18.6444 12
18.6508 12
18.6571 12
18.6634 12
18.6697 12
18.676 12
18.6823 12
18.6886 12
18.6949 13
18.7012 13
18.7075 13
18.7138 13
18.7201 13
18.7264 13
18.7327 13
18.739 13
18.7583 5
18.8339 5
18.8402 5
18.8465 6
18.8528 6
18.8591 6
18.8654 6
18.8717 6
18.878 6
18.8843 6
18.8906 7
18.8973 7
18.9036 7
18.9099 7
18.9162 7
18.9226 7
18.9293 7
18.9356 8
18.9423 8
18.9486 8
18.9549 8
18.9612 8
18.9675 8
18.974 8
18.9803 8
18.9866 8
18.9929 9
18.9992 9
19.0055 9
19.0118 9
19.0181 9
19.0244 9
19.0307 9
19.037 9
19.0434 9
19.0497 10
19.056 10
19.0625 10
19.0691 10
19.0758 10
19.0824 10
19.0893 10
19.0961 10
19.1025 10
19.1091 10
19.1156 10
19.1222 11
19.1285 11
19.135 11
19.142 11
19.1483 11
19.1546 11
19.1609 11
19.1672 11
19.1735 11
19.1798 11
19.1861 11
19.1924 12
19.1987 12
19.205 12
19.2114 12
19.2177 12
19.224 12
19.2303 12
19.2366 12
19.2429 12
19.2492 12
19.2555 12
19.2618 12
19.2681 12
19.2744 13
19.2807 13
19.287 13
19.2933 13
19.2996 13
19.3059 13
19.3122 13
19.3185 13
19.3248 13
19.3311 13
19.3374 13
19.3437 13
19.35 13
19.3563 14
19.3626 14
19.369 14
19.3753 14
19.3819 14
19.4259 5
19.51 5
19.5163 5
19.5226 5
19.5305 5
19.5369 5
19.5435 6
19.5499 6
19.5562 6
19.5639 6
19.5899 2
19.625 2
19.6526 2
19.6591 3
19.6848 3
19.6911 3
19.6974 4
19.7139 4
19.7202 4
19.7265 4
19.7328 4
19.7437 5
19.7501 5
19.7565 5
19.7636 5
19.775 5
19.7816 6
19.7884 6
19.7956 6
19.8028 6
19.8577 2
19.9711 2
19.9893 2
19.9962 3
20.0153 3
20.0229 3
20.0296 4
20.0432 4
20.0513 4
20.0588 4
20.0651 4
20.0715 5
20.0805 5
20.0874 5
20.0937 5
20.1253 2
20.1729 2
20.1792 2
20.1987 3
20.205 3
20.2246 3
20.2309 4
20.2372 4
20.2506 4
20.257 4
20.2638 4
20.2704 5
20.2784 5
20.2849 5
20.2916 5
20.298 5
20.3043 6
20.3106 6
20.3169 6
20.3232 6
20.3295 6
20.3362 6
20.3425 7
20.3489 7
20.3552 7
20.3615 7
20.3678 7
20.3741 7
20.3804 7
20.3867 7
20.393 8
20.3993 8
20.4056 8
20.4119 8
20.4182 8
20.4245 8
20.4308 8
20.4371 8
20.4434 9
20.4497 9
20.456 9
20.4623 9
20.4687 9
20.475 9
20.4813 9
20.4876 9
20.4939 9
20.5002 9
20.5065 10
20.5128 10
20.5191 10
20.5254 10
20.5317 10
20.538 10
20.5443 10
20.5506 10
20.5569 10
20.5632 10
20.5695 11
20.5758 11
20.5821 11
20.5884 11
20.5947 11
20.601 11
20.6073 11
20.6136 11
20.6199 11
20.6266 11
20.6329 11
20.6392 11
20.6458 12
20.6522 12
20.6588 12
20.6653 12
20.6716 12
20.6781 12
20.6845 12
20.6909 12
20.6975 12
20.7038 12
20.7101 12
20.7164 12
20.7227 13
20.7292 13
20.7357 13
20.742 13
20.7484 13
20.7551 13
20.7616 13
20.7679 13
20.7742 13
20.7805 13
20.787 13
20.7934 13
20.7997 13
20.806 13
20.8123 14
20.8186 14
20.8249 14
20.8312 14
20.8375 14
20.8438 14
20.8501 14
20.8564 14
20.8627 14
20.869 14
20.8753 14
20.8816 14
20.8879 14
20.8942 14
20.9006 15
20.9069 15
20.9132 15
20.9195 15
20.9258 15
20.9321 15
20.9384 15
20.9447 15
20.951 15
20.9573 15
20.9636 15
20.9699 15
20.9762 15
20.9825 15
20.9888 15
20.9951 15
21.0014 16
21.0077 16
21.014 16
21.0203 16
21.0266 16
21.0329 16
21.0392 16
21.0455 16
21.0518 16
21.0582 16
21.0645 16
21.0929 7
21.2 7
21.2063 7
21.2126 7
21.2189 7
21.2252 7
21.2315 7
21.2378 7
21.2441 8
21.2504 8
21.2567 8
21.263 8
21.2693 8
21.2756 8
21.2819 8
21.2882 8
21.2945 9
21.3008 9
21.3071 9
21.3134 9
21.3197 9
21.326 9
21.3324 9
21.3387 9
21.345 9
21.3513 9
21.3577 10
21.3641 10
21.3705 10
21.3768 10
21.3834 10
21.3897 10
21.396 10
21.4023 10
21.4273 4
21.4914 4
21.4977 4
21.504 4
21.5103 4
21.517 5
21.5233 5
21.5298 5
21.5368 5
21.5431 5
21.5496 6
21.5562 6
21.5625 6
21.5688 6
21.5751 6
21.5814 6
21.5877 6
21.594 7
21.6003 7
21.6066 7
21.6134 7
21.62 7
21.6264 7
21.6332 7
21.64 8
21.6463 8
21.6526 8
21.659 8
21.6656 8
21.6721 8
21.6785 8
21.6848 8
21.6917 8
21.6982 9
21.705 9
21.7115 9
21.7181 9
21.7248 9
21.7315 9
21.738 9
21.7443 9
21.751 9
21.7579 10
21.7657 10
21.7723 10
21.7786 10
21.7856 10
21.7919 10
21.7982 10
21.8045 10
21.8109 10
21.8172 10
21.8235 10
21.8298 11
21.8361 11
21.8424 11
21.8487 11
21.855 11
21.8613 11
21.8676 11
21.8739 11
21.8802 11
21.8865 11
21.8928 11
21.8991 12
21.9054 12
21.9117 12
21.918 12
21.9243 12
21.9307 12
21.937 12
21.9433 12
21.9496 12
21.9559 12
21.9622 12
21.9685 12
21.9748 12
21.9811 13
21.9874 13
21.9937 13
22 13
22.0063 13
22.0126 13
22.0189 13
22.0252 13
22.0315 13
22.0378 13
22.0441 13
22.0504 13
22.0567 13
22.063 14
22.0693 14
22.0756 14
22.0819 14
22.0883 14
22.0946 14
22.1009 14
22.1072 14
22.1135 14
22.1198 14
22.1261 14
22.1324 14
22.1387 14
22.145 14
22.1513 14
22.1576 15
22.1639 15
22.1702 15
22.1765 15
22.1828 15
22.1891 15
22.1954 15
22.2017 15
22.208 15
22.2143 15
22.2206 15
22.2269 15
22.2332 15
22.2395 15
22.2459 15
22.2522 16
22.2585 16
22.2648 16
22.2711 16
22.2774 16
22.2837 16
22.29 16
22.2963 16
22.3026 16
22.3089 16
22.3152 16
22.3215 16
22.3278 16
22.3341 16
22.3404 16
22.3467 16
22.353 16
22.3593 17
22.3656 17
22.3719 17
22.3782 17
22.3845 17
22.3908 17
22.3971 17
22.4035 17
22.4098 17
22.4161 17
22.4224 17
22.4287 17
22.435 17
22.4413 17
22.4476 17
22.4539 17
22.4602 17
22.4665 18
22.4728 18
22.4791 18
22.4854 18
22.4917 18
22.498 18
22.5043 18
22.5106 18
22.5169 18
22.5232 18
22.5295 18
22.5358 18
22.5421 18
22.5484 18
22.5547 18
22.5611 18
22.5674 18
22.5737 18
22.58 18
22.5863 19
22.5926 19
22.5989 19
22.6052 19
22.6115 19
22.6178 19
22.6241 19
22.6304 19
22.6367 19
22.643 19
22.6493 19
22.6556 19
22.6619 19
22.6682 19
22.6745 19
22.6808 19
22.6871 19
22.6934 19
22.6997 19
22.706 19
22.7123 20
22.7187 20
22.725 20
22.7313 20
22.7376 20
22.7439 20
22.7502 20
22.7565 20
22.7628 20
22.7691 20
22.7754 20
22.7817 20
22.788 20
22.7943 20
22.8006 20
22.8069 20
22.8132 20
22.8195 20
22.8258 20
22.8321 20
22.8384 21
22.8447 21
22.851 21
22.8573 21
22.8636 21
22.8699 21
22.8763 21
22.8826 21
22.8889 21
22.8952 21
22.9015 21
22.9078 21
22.9141 21
22.9204 21
22.9267 21
22.933 21
22.9393 21
22.9456 21
22.9519 21
22.9582 21
22.9645 21
22.9708 21
22.9771 22
22.9834 22
22.9897 22
22.996 22
23.0023 22
23.0086 22
23.0149 22
23.0212 22
23.0275 22
23.0339 22
23.0402 22
23.0465 22
23.0528 22
23.0591 22
23.0654 22
23.0717 22
23.078 22
23.0843 22
23.0906 22
23.0969 22
23.1032 22
23.1095 22
23.1158 23
23.1221 23
23.1284 23
23.1347 23
23.141 23
23.1473 23
23.1536 23
23.1599 23
23.1662 23
23.1725 23
23.1788 23
23.1851 23
23.1915 23
23.1978 23
23.2041 23
23.2104 23
23.2167 23
23.223 23
23.2293 23
23.2356 23
23.2419 23
23.2482 23
23.2545 23
23.2608 23
23.2671 24
23.2734 24
23.2797 24
23.286 24
23.2923 24
23.2986 24
23.3049 24
23.3112 24
23.3175 24
23.3238 24
23.3301 24
23.3618 11
23.5126 11
23.5189 11
23.5252 11
23.5316 11
23.5379 11
23.5442 11
23.5505 11
23.5568 11
23.5631 11
23.5694 11
23.5757 11
23.582 12
23.5883 12
23.5946 12
23.6009 12
23.6451 5
23.7215 5
23.7278 5
23.7341 5
23.7404 5
23.7468 5
23.7531 6
23.7594 6
23.7657 6
23.772 6
23.7787 6
23.7852 6
23.7921 7
23.7988 7
23.8051 7
23.8114 7
23.8177 7
23.8244 7
23.8307 7
23.837 7
23.8433 8
23.8496 8
23.8559 8
23.8622 8
23.8685 8
23.8748 8
23.8811 8
23.8874 8
23.8937 9
23.9 9
23.9063 9
23.9126 9
23.9189 9
23.9252 9
23.9315 9
23.9378 9
23.9441 9
23.9504 9
23.9567 10
23.963 10
23.9693 10
23.9757 10
23.982 10
23.9883 10
23.9946 10
24.0009 10
24.0072 10
24.0135 10
24.0198 11
24.0261 11
24.0324 11
24.0387 11
24.045 11
24.0513 11
24.0576 11
24.0639 11
24.0702 11
24.0765 11
24.0828 11
24.0891 11
24.0954 12
24.1017 12
24.108 12
24.1143 12
24.1206 12
24.1269 12
24.1333 12
24.1396 12
24.1459 12
24.1522 12
24.1585 12
24.1648 12
24.1711 13
24.1774 13
24.1837 13
24.1902 13
24.1965 13
24.2028 13
24.2091 13
24.2155 13
24.2219 13
24.2282 13
24.2345 13
24.241 13
24.2473 13
24.2537 13
24.2603 14
24.2666 14
24.2729 14
24.2792 14
24.2855 14
24.2918 14
24.2981 14
24.3044 14
24.3107 14
24.317 14
24.3233 14
24.3296 14
24.3359 14
24.3422 14
24.3485 15
24.3548 15
24.3611 15
24.3674 15
24.3737 15
24.38 15
24.3863 15
24.3926 15
24.3989 15
24.4052 15
24.4115 15
24.4179 15
24.4242 15
24.4305 15
24.4368 15
24.4431 15
24.4494 16
24.4557 16
24.462 16
24.4683 16
24.4746 16
24.4809 16
24.4873 16
24.494 16
24.5003 16
24.5066 16
24.5129 16
24.5194 16
24.5257 16
24.532 16
24.5383 16
24.5446 16
24.5509 17
24.5572 17
24.5635 17
24.5698 17
24.5761 17
24.5824 17
24.5887 17
24.595 17
24.6013 17
24.6076 17
24.6139 17
24.6202 17
24.6265 17
24.6328 17
24.6391 17
24.6454 17
24.6517 17
24.6581 17
24.6644 18
24.6707 18
24.677 18
24.6833 18
24.6896 18
24.6959 18
24.7022 18
24.7085 18
24.7148 18
24.7211 18
24.7274 18
24.7337 18
24.74 18
24.7463 18
24.7526 18
24.7589 18
24.7652 18
24.7715 18
24.7778 18
24.7841 19
24.7904 19
24.7967 19
24.803 19
24.8093 19
24.8157 19
24.822 19
24.8283 19
24.8346 19
24.8409 19
24.8472 19
24.8535 19
24.8598 19
24.8661 19
24.8724 19
24.8787 19
24.885 19
24.8913 19
24.8976 19
24.9039 20
24.9102 20
24.9165 20
24.9228 20
24.9291 20
24.9354 20
24.9417 20
24.948 20
24.9543 20
24.9606 20
24.9669 20
24.9733 20
24.9796 20
24.9859 20
24.9922 20
24.9985 20
