15.0039 30
15.0102 30
15.0165 30
15.0228 30
15.0291 30
15.0355 30
15.0418 30
15.0481 30
15.0544 30
15.0607 30
15.067 30
15.0733 30
15.0796 30
15.0859 30
15.0922 30
15.0985 30
15.1048 30
15.1111 30
15.1174 30
15.1237 30
15.13 30
15.1363 30
15.1426 30
15.1489 30
15.1552 30
15.1615 30
15.1678 30
15.1741 30
15.1804 30
15.1867 30
15.1931 31
15.1994 31
15.2057 31
15.212 31
15.2183 31
15.2246 31
15.2309 31
15.2372 31
15.2435 31
15.2498 31
15.2561 31
15.2624 31
15.2687 31
15.275 31
15.2813 31
15.2876 31
15.2939 31
15.3002 31
15.3065 31
15.3128 31
15.3191 31
15.3254 31
15.3317 31
15.338 31
15.3443 31
15.3507 31
15.357 31
15.3633 31
15.3696 31
15.3759 31
15.3822 31
15.3885 31
15.3948 32
15.4011 32
15.4074 32
15.4137 32
15.42 32
15.4263 32
15.4326 32
15.4389 32
15.4452 32
15.4515 32
15.4578 32
15.4641 32
15.4704 32
15.4767 32
15.483 32
15.4893 32
15.4956 32
15.5019 32
15.5083 32
15.5146 32
15.5209 32
15.5272 32
15.5335 32
15.5398 32
15.5461 32
15.5524 32
15.5587 32
15.565 32
15.5713 32
15.5776 32
15.5839 32
15.5902 32
15.5965 32
15.6028 33
15.6091 33
15.6154 33
15.6217 33
15.628 33
15.6343 33
15.6406 33
15.6469 33
15.6532 33
15.6595 33
15.6659 33
15.6722 33
15.6785 33
15.6848 33
15.6911 33
15.6974 33
15.7037 33
15.71 33
15.7163 33
15.7226 33
15.7289 33
15.7352 33
15.7415 33
15.7478 33
15.7541 33
15.7604 33
15.7667 33
15.773 33
15.7793 33
15.7856 33
15.7919 33
15.7982 33
15.8045 33
15.8108 33
15.8171 34
15.8235 34
15.8298 34
15.8361 34
15.8424 34
15.8487 34
15.855 34
15.8613 34
15.8676 34
15.8739 34
15.8802 34
15.8865 34
15.8928 34
15.8991 34
15.9054 34
15.9117 34
15.918 34
15.9243 34
15.9306 34
15.9369 34
15.9432 34
15.9495 34
15.9558 34
15.9621 34
15.9684 34
15.9747 34
15.9811 34
15.9874 34
15.9937 34
16 34
16.0063 34
16.0126 34
16.0189 34
16.0252 34
16.0315 34
16.0378 35
16.0441 35
16.0504 35
16.0567 35
16.063 35
16.0693 35
16.0756 35
16.0819 35
16.0882 35
16.0945 35
16.1008 35
16.1071 35
16.1134 35
16.1197 35
16.126 35
16.1323 35
16.1387 35
16.145 35
16.1513 35
16.1576 35
16.1639 35
16.1702 35
16.1765 35
16.1828 35
16.1891 35
16.1954 35
16.2017 35
16.208 35
16.2143 35
16.2206 35
16.2269 35
16.2332 35
16.2395 35
16.2458 35
16.2521 35
16.2584 35
16.2647 36
16.271 36
16.2773 36
16.2836 36
16.2899 36
16.2963 36
16.3026 36
16.3089 36
16.3152 36
16.3215 36
16.3278 36
16.3341 36
16.3404 36
16.3467 36
16.353 36
16.3593 36
16.3656 36
16.3719 36
16.3782 36
16.3845 36
16.3908 36
16.3971 36
16.4034 36
16.4097 36
16.416 36
16.4223 36
16.4286 36
16.4349 36
16.4412 36
16.4475 36
16.4539 36
16.4602 36
16.4665 36
16.4728 36
16.4791 36
16.4854 36
16.4917 36
16.498 37
16.5043 37
16.5106 37
16.5169 37
16.5232 37
16.5295 37
16.5358 37
16.5421 37
16.5484 37
16.5547 37
16.561 37
16.5673 37
16.5736 37
16.5799 37
16.5862 37
16.5925 37
16.5988 37
16.6051 37
16.6115 37
16.6178 37
16.6241 37
16.6304 37
16.6367 37
16.643 37
16.6493 37
16.6556 37
16.6619 37
16.6682 37
16.6745 37
16.6808 37
16.6871 37
16.6934 37
16.6997 37
16.706 37
16.7123 37
16.7186 37
16.7249 37
16.7312 37
16.7375 38
16.7438 38
16.7501 38
16.7564 38
16.7627 38
16.7691 38
16.7754 38
16.7817 38
16.788 38
16.7943 38
16.8006 38
16.8069 38
16.8132 38
16.8195 38
16.8258 38
16.8321 38
16.8384 38
16.8447 38
16.851 38
16.8573 38
16.8636 38
16.8699 38
16.8762 38
16.8825 38
16.8888 38
16.8951 38
16.9014 38
16.9077 38
16.914 38
16.9203 38
16.9267 38
16.933 38
16.9393 38
16.9456 38
16.9519 38
16.9582 38
16.9645 38
16.9708 38
16.9771 38
16.9834 39
16.9897 39
16.996 39
17.0023 39
17.0086 39
17.0149 39
17.0212 39
17.0275 39
17.0338 39
17.0401 39
17.0464 39
17.0527 39
17.059 39
17.0653 39
17.0716 39
17.0779 39
17.0843 39
17.0906 39
17.0969 39
17.1032 39
17.1095 39
17.1158 39
17.1221 39
17.1284 39
17.1347 39
17.141 39
17.1473 39
17.1536 39
17.1599 39
17.1662 39
17.1725 39
17.1788 39
17.1851 39
17.1914 39
17.1977 39
17.204 39
17.2103 39
17.2166 39
17.2229 39
17.2292 39
17.2355 40
17.2419 40
17.2482 40
17.2545 40
17.2608 40
17.2671 40
17.2734 40
17.2797 40
17.286 40
17.2923 40
17.2986 40
17.3049 40
17.3112 40
17.3175 40
17.3238 40
17.3301 40
17.3364 40
17.3427 40
17.349 40
17.3553 40
17.3616 40
17.3679 40
17.3742 40
17.3805 40
17.3868 40
17.3931 40
17.3995 40
17.4058 40
17.4121 40
17.4184 40
17.4247 40
17.431 40
17.4373 40
17.4436 40
17.4499 40
17.4562 40
17.4625 40
17.4688 40
17.4751 40
17.4814 40
17.4877 40
17.494 41
17.5003 41
17.5066 41
17.5129 41
17.5192 41
17.5255 41
17.5318 41
17.5381 41
17.5444 41
17.5507 41
17.5571 41
17.5634 41
17.5697 41
17.576 41
17.5823 41
17.5886 41
17.5949 41
17.6012 41
17.6075 41
17.6138 41
17.6201 41
17.6264 41
17.6327 41
17.639 41
17.6453 41
17.6516 41
17.6579 41
17.6642 41
17.6705 41
17.6768 41
17.6831 41
17.6894 41
17.6957 41
17.702 41
17.7083 41
17.7147 41
17.721 41
17.7273 41
17.7336 41
17.7399 41
17.7462 41
17.7525 41
17.7588 42
17.7651 42
17.7714 42
17.7777 42
17.784 42
17.7903 42
17.7966 42
17.8029 42
17.8092 42
17.8155 42
17.8218 42
17.8281 42
17.8344 42
17.8407 42
17.847 42
17.8533 42
17.8596 42
17.8659 42
17.8723 42
17.8786 42
17.8849 42
17.8912 42
17.8975 42
17.9038 42
17.9101 42
17.9164 42
17.9227 42
17.929 42
17.9353 42
17.9416 42
17.9479 42
17.9542 42
17.9605 42
17.9668 42
17.9731 42
17.9794 42
17.9857 42
17.992 42
17.9983 42
18.0046 42
18.0109 42
18.0172 42
18.0235 42
18.0299 43
18.0362 43
18.0425 43
18.0488 43
18.0551 43
18.0614 43
18.0677 43
18.074 43
18.0803 43
18.0866 43
18.0929 43
18.0992 43
18.1055 43
18.1118 43
18.1181 43
18.1244 43
18.1307 43
18.137 43
18.1433 43
18.1496 43
18.1559 43
18.1622 43
18.1685 43
18.1748 43
18.1811 43
18.1875 43
18.1938 43
18.2001 43
18.2064 43
18.2127 43
18.219 43
18.2253 43
18.2316 43
18.2379 43
18.2442 43
18.2505 43
18.2568 43
18.2631 43
18.2694 43
18.2757 43
18.282 43
18.2883 43
18.2946 43
18.3009 43
18.3072 44
18.3135 44
18.3198 44
18.3261 44
18.3324 44
18.3387 44
18.3451 44
18.3514 44
18.3577 44
18.364 44
18.3703 44
18.3766 44
18.3829 44
18.3892 44
18.3955 44
18.4018 44
18.4081 44
18.4144 44
18.4207 44
18.427 44
18.4333 44
18.4396 44
18.4459 44
18.4522 44
18.4585 44
18.4648 44
18.4711 44
18.4774 44
18.4837 44
18.49 44
18.4963 44
18.5027 44
18.509 44
18.5153 44
18.5216 44
18.5279 44
18.5342 44
18.5405 44
18.5468 44
18.5531 44
18.5594 44
18.5657 44
18.572 44
18.5783 44
18.5846 44
18.5909 45
18.5972 45
18.6035 45
18.6098 45
18.6161 45
18.6224 45
18.6287 45
18.635 45
18.6413 45
18.6476 45
18.6539 45
18.6603 45
18.6666 45
18.6729 45
18.6792 45
18.6855 45
18.6918 45
18.6981 45
18.7044 45
18.7107 45
18.717 45
18.7233 45
18.7296 45
18.7359 45
18.7422 45
18.7485 45
18.7548 45
18.7611 45
18.7674 45
18.7737 45
18.78 45
18.7863 45
18.7926 45
18.7989 45
18.8052 45
18.8115 45
18.8179 45
18.8242 45
18.8305 45
18.8368 45
18.8431 45
18.8494 45
18.8557 45
18.862 45
18.8683 45
18.8746 45
18.8809 46
18.8872 46
18.8935 46
18.8998 46
18.9061 46
18.9124 46
18.9187 46
18.925 46
18.9313 46
18.9376 46
18.9439 46
18.9502 46
18.9565 46
18.9628 46
18.9691 46
18.9755 46
18.9818 46
18.9881 46
18.9944 46
19.0007 46
19.007 46
19.0133 46
19.0196 46
19.0259 46
19.0322 46
19.0385 46
19.0448 46
19.0511 46
19.0574 46
19.0637 46
19.07 46
19.0763 46
19.0826 46
19.0889 46
19.0952 46
19.1015 46
19.1078 46
19.1141 46
19.1204 46
19.1267 46
19.1331 46
19.1394 46
19.1457 46
19.152 46
19.1583 46
19.1646 46
19.1709 46
19.1772 46
19.1835 47
19.1898 47
19.1961 47
19.2024 47
19.2087 47
19.215 47
19.2213 47
19.2276 47
19.2339 47
19.2402 47
19.2465 47
19.2528 47
19.2591 47
19.2654 47
19.2717 47
19.278 47
19.2843 47
19.2907 47
19.297 47
19.3033 47
19.3096 47
19.3159 47
19.3222 47
19.3285 47
19.3348 47
19.3411 47
19.3474 47
19.3537 47
19.36 47
19.3663 47
19.3726 47
19.3789 47
19.3852 47
19.3915 47
19.3978 47
19.4041 47
19.4104 47
19.4167 47
19.423 47
19.4293 47
19.4356 47
19.4419 47
19.4483 47
19.4546 47
19.4609 47
19.4672 47
19.4735 47
19.4798 47
19.4861 48
19.4924 48
19.4987 48
19.505 48
19.5113 48
19.5176 48
19.5239 48
19.5302 48
19.5365 48
19.5428 48
19.5491 48
19.5554 48
19.5617 48
19.568 48
19.5743 48
19.5806 48
19.5869 48
19.5932 48
19.5995 48
19.6059 48
19.6122 48
19.6185 48
19.6248 48
19.6311 48
19.6374 48
19.6437 48
19.65 48
19.6563 48
19.6626 48
19.6689 48
19.6752 48
19.6815 48
19.6878 48
19.6941 48
19.7004 48
19.7067 48
19.713 48
19.7193 48
19.7256 48
19.7319 48
19.7382 48
19.7445 48
19.7508 48
19.7571 48
19.7635 48
19.7698 48
19.7761 48
19.7824 48
19.7887 48
19.795 49
19.8013 49
19.8076 49
19.8139 49
19.8202 49
19.8265 49
19.8328 49
19.8391 49
19.8454 49
19.8517 49
19.858 49
19.8643 49
19.8706 49
19.8769 49
19.8832 49
19.8895 49
19.8958 49
19.9021 49
19.9084 49
19.9147 49
19.9211 49
19.9274 49
19.9337 49
19.94 49
19.9463 49
19.9526 49
19.9589 49
19.9652 49
19.9715 49
19.9778 49
19.9841 49
19.9904 49
19.9967 49
20.003 49
20.0093 49
20.0156 49
20.0219 49
20.0282 49
20.0345 49
20.0408 49
20.0471 49
20.0534 49
20.0597 49
20.066 49
20.0723 49
20.0787 49
20.085 49
20.0913 49
20.1165 23
20.4191 23
20.4254 23
20.4317 23
20.438 23
20.4443 23
20.4506 23
20.4569 23
20.4632 23
20.4695 23
20.4758 23
20.4821 23
20.4884 24
20.4947 24
20.501 24
20.5073 24
20.5136 24
20.5199 24
20.5262 24
20.5325 24
20.5388 24
20.5451 24
20.5515 24
20.5578 24
20.5641 24
20.5704 24
20.5767 24
20.583 24
20.5893 24
20.5956 24
20.6019 24
20.6082 24
20.6145 24
20.6208 24
20.6271 24
20.6334 24
20.6397 24
20.646 25
20.6523 25
20.6586 25
20.6649 25
20.6712 25
20.6775 25
20.6838 25
20.6901 25
20.6964 25
20.7027 25
20.7091 25
20.7154 25
20.7217 25
20.728 25
20.7343 25
20.7406 25
20.7469 25
20.7532 25
20.7595 25
20.7658 25
20.7721 25
20.7784 25
20.7847 25
20.791 25
20.7973 25
20.8036 25
20.8099 26
20.8162 26
20.8225 26
20.8288 26
20.8351 26
20.8414 26
20.8477 26
20.854 26
20.8603 26
20.8667 26
20.873 26
20.8793 26
20.8856 26
20.8919 26
20.8982 26
20.9045 26
20.9108 26
20.9171 26
20.9234 26
20.9297 26
20.936 26
20.9423 26
20.9486 26
20.9549 26
20.9612 26
20.9675 26
20.9738 26
20.9801 27
20.9864 27
20.9927 27
20.999 27
21.0053 27
21.0116 27
21.0179 27
21.0243 27
21.0306 27
21.0369 27
21.0432 27
21.0495 27
21.0558 27
21.0621 27
21.0684 27
21.0747 27
21.081 27
21.0873 27
21.0936 27
21.0999 27
21.1062 27
21.1125 27
21.1188 27
21.1251 27
21.1314 27
21.1377 27
21.144 27
21.1503 28
21.1566 28
21.1629 28
21.1692 28
21.1755 28
21.1819 28
21.1882 28
21.1945 28
21.2008 28
21.2071 28
21.2134 28
21.2197 28
21.226 28
21.2323 28
21.2386 28
21.2449 28
21.2512 28
21.2575 28
21.2638 28
21.2701 28
21.2764 28
21.2827 28
21.289 28
21.2953 28
21.3016 28
21.3079 28
21.3142 28
21.3205 28
21.3268 28
21.3331 29
21.3395 29
21.3458 29
21.3521 29
21.3584 29
21.3647 29
21.371 29
21.3773 29
21.3836 29
21.3899 29
21.3962 29
21.4025 29
21.4088 29
21.4151 29
21.4214 29
21.4277 29
21.434 29
21.4403 29
21.4466 29
21.4529 29
21.4592 29
21.4655 29
21.4718 29
21.4781 29
21.4844 29
21.4907 29
21.4971 29
21.5034 29
21.5097 29
21.516 29
21.5223 30
21.5286 30
21.5349 30
21.5412 30
21.5475 30
21.5538 30
21.5601 30
21.5664 30
21.5727 30
21.579 30
21.5853 30
21.5916 30
21.5979 30
21.6042 30
21.6105 30
21.6168 30
21.6231 30
21.6294 30
21.6357 30
21.642 30
21.6483 30
21.6547 30
21.661 30
21.6673 30
21.6736 30
21.6799 30
21.6862 30
21.6925 30
21.6988 30
21.7051 30
21.7114 30
21.7177 31
21.724 31
21.7303 31
21.7366 31
21.7429 31
21.7492 31
21.7877 14
21.989 14
21.9953 14
22.0016 14
22.0079 14
22.0142 14
22.0205 14
22.0268 14
22.0331 15
22.0394 15
22.0457 15
22.052 15
22.0583 15
22.0646 15
22.0709 15
22.0961 6
22.1843 6
22.1906 6
22.1969 6
22.2032 7
22.2095 7
22.2158 7
22.2221 7
22.2284 7
22.2347 7
22.241 7
22.2473 8
22.2536 8
22.2599 8
22.2662 8
22.2725 8
22.2788 8
22.2851 8
22.2914 8
22.2977 8
22.304 9
22.3103 9
22.3166 9
22.3229 9
22.3292 9
22.3355 9
22.3419 9
22.3482 9
22.3545 9
22.3608 10
22.3671 10
22.3734 10
22.3797 10
22.386 10
22.3923 10
22.3986 10
22.4049 10
22.4112 10
22.4175 10
22.4238 10
22.4301 11
22.4364 11
22.4427 11
22.449 11
22.4553 11
22.4616 11
22.4679 11
22.4742 11
22.4805 11
22.4868 11
22.4931 11
22.4995 12
22.5058 12
22.5121 12
22.5184 12
22.5247 12
22.531 12
22.5373 12
22.5436 12
22.5499 12
22.5562 12
22.5625 12
22.5688 12
22.5751 12
22.5814 13
22.5877 13
22.594 13
22.6003 13
22.6066 13
22.6129 13
22.6192 13
22.6255 13
22.6318 13
22.6381 13
22.6444 13
22.6693 5
22.7449 5
22.7512 5
22.7575 6
22.7638 6
22.7701 6
22.7764 6
22.7827 6
22.789 6
22.7953 6
22.8016 7
22.8079 7
22.8142 7
22.8205 7
22.8269 7
22.8332 7
22.8395 7
22.8458 8
22.8521 8
22.8584 8
22.8647 8
22.871 8
22.8773 8
22.8836 8
22.89 8
22.8963 8
22.9026 9
22.9089 9
22.9152 9
22.9215 9
22.9278 9
22.9341 9
22.9404 9
22.9467 9
22.9531 9
22.9594 10
22.9657 10
22.972 10
22.9783 10
22.9846 10
22.9909 10
22.9972 10
23.0035 10
23.0098 10
23.0161 10
23.0224 10
23.0287 11
23.035 11
23.0413 11
23.0476 11
23.0539 11
23.0602 11
23.0665 11
23.0728 11
23.0791 11
23.0854 11
23.0917 11
23.098 12
23.1043 12
23.1107 12
23.117 12
23.1233 12
23.1296 12
23.1359 12
23.1422 12
23.1485 12
23.1548 12
23.1611 12
23.1674 12
23.1737 12
23.18 13
23.1863 13
23.1926 13
23.1989 13
23.2052 13
23.2115 13
23.2178 13
23.2241 13
23.2304 13
23.2367 13
23.243 13
23.2493 13
23.2556 13
23.2619 14
23.2683 14
23.2746 14
23.2809 14
23.2872 14
23.2935 14
23.2998 14
23.3061 14
23.3124 14
23.3187 14
23.325 14
23.3313 14
23.3376 14
23.3439 14
23.3502 14
23.3565 15
23.3628 15
23.3691 15
23.3754 15
23.3817 15
23.388 15
23.3943 15
23.4006 15
23.4069 15
23.4132 15
23.4195 15
23.4259 15
23.4322 15
23.4385 15
23.4448 15
23.4511 16
23.4574 16
23.4637 16
23.47 16
23.4763 16
23.4826 16
23.4889 16
23.4952 16
23.5015 16
23.5078 16
23.5141 16
23.5204 16
23.5267 16
23.533 16
23.5394 16
23.5457 16
23.552 16
23.5583 17
23.5646 17
23.5709 17
23.5772 17
23.5835 17
23.5898 17
23.5961 17
23.6024 17
23.6087 17
23.615 17
23.6213 17
23.6277 17
23.634 17
23.6403 17
23.6466 17
23.6529 17
23.6592 17
23.6655 18
23.6718 18
23.6781 18
23.6844 18
23.6907 18
23.697 18
23.7033 18
23.7096 18
23.7159 18
23.7222 18
23.7285 18
23.7348 18
23.7411 18
23.7474 18
23.7537 18
23.76 18
23.7663 18
23.7726 18
23.7789 18
23.7853 19
23.7916 19
23.7979 19
23.8042 19
23.8105 19
23.8169 19
23.8233 19
23.8296 19
23.8359 19
23.8422 19
23.8485 19
23.8548 19
23.886 8
23.9994 8
24.0057 8
24.012 8
24.0183 8
24.0246 9
24.0309 9
24.0372 9
24.0435 9
24.0498 9
24.0561 9
24.0624 9
24.0687 9
24.075 9
24.0813 10
24.0876 10
24.0939 10
24.1002 10
24.1065 10
24.1128 10
24.1191 10
24.1254 10
24.1317 10
24.138 10
24.1443 10
24.1507 11
24.157 11
24.1633 11
24.1696 11
24.1759 11
24.1822 11
24.1885 11
24.195 11
24.2203 4
24.2833 4
24.2896 4
24.2959 5
24.3022 5
24.3085 5
24.3148 5
24.3211 5
24.3274 6
24.3337 6
24.3401 6
24.3464 6
24.3527 6
24.359 6
24.3653 6
24.3716 7
24.3779 7
24.3842 7
24.3905 7
24.3968 7
24.4031 7
24.4094 7
24.4157 8
24.422 8
24.4283 8
24.4346 8
24.4409 8
24.4472 8
24.4535 8
24.4598 8
24.4661 8
24.4724 9
24.4787 9
24.485 9
24.4913 9
24.4977 9
24.504 9
24.5356 3
24.5859 3
24.5922 4
24.5985 4
24.6048 4
24.6111 4
24.6174 4
24.6237 5
24.63 5
24.6363 5
24.6426 5
24.6489 5
24.6552 6
24.6615 6
24.6678 6
24.6741 6
24.6804 6
24.6867 6
24.693 6
24.6993 7
24.7056 7
24.7119 7
24.7182 7
24.7245 7
24.7308 7
24.7372 7
24.7435 8
24.7498 8
24.7561 8
24.7624 8
24.7687 8
24.775 8
24.7813 8
24.7876 8
24.7939 9
24.8002 9
24.8065 9
24.8128 9
24.8191 9
24.8254 9
24.8317 9
24.838 9
24.8443 9
24.8506 9
24.8569 10
24.8632 10
24.8695 10
24.8758 10
24.8821 10
24.8884 10
24.8948 10
24.9011 10
24.9074 10
24.9137 10
24.92 11
24.9263 11
24.9326 11
24.9389 11
24.9452 11
24.9515 11
24.9578 11
24.9641 11
24.9704 11
24.9767 11
24.983 11
24.9893 11
24.9956 12
