15.0062 14
15.0125 14
15.0188 15
15.0251 15
15.0314 15
15.0377 15
15.044 15
15.0503 15
15.0566 15
15.0629 15
15.0692 15
15.0755 15
15.0818 15
15.0882 15
15.0945 15
15.1008 15
15.1071 15
15.1134 15
15.1197 16
15.126 16
15.1323 16
15.1386 16
15.1449 16
15.1512 16
15.1575 16
15.1638 16
15.1701 16
15.1764 16
15.1827 16
15.189 16
15.1953 16
15.2016 16
15.2079 16
15.2142 16
15.2205 17
15.2268 17
15.2331 17
15.2394 17
15.2458 17
15.2521 17
15.2584 17
15.2647 17
15.271 17
15.2773 17
15.2836 17
15.2899 17
15.2962 17
15.3025 17
15.3088 17
15.3151 17
15.3214 17
15.3277 17
15.334 18
15.3405 18
15.3469 18
15.3532 18
15.3595 18
15.3658 18
15.3721 18
15.3784 18
15.3847 18
15.391 18
15.3973 18
15.4036 18
15.4099 18
15.4162 18
15.4225 18
15.4288 18
15.4351 18
15.4414 18
15.4477 18
15.454 19
15.4603 19
15.4666 19
15.4729 19
15.4792 19
15.4855 19
15.4918 19
15.4981 19
15.5045 19
15.5108 19
15.5171 19
15.5234 19
15.5297 19
15.536 19
15.5423 19
15.5486 19
15.5549 19
15.5612 19
15.5675 19
15.5738 20
15.5801 20
15.5864 20
15.5927 20
15.599 20
15.6053 20
15.6116 20
15.6179 20
15.6242 20
15.6305 20
15.6368 20
15.6431 20
15.6494 20
15.6557 20
15.6621 20
15.6684 20
15.6747 20
15.681 20
15.6873 20
15.6936 20
15.6999 20
15.7062 21
15.7125 21
15.7188 21
15.7251 21
15.7314 21
15.7377 21
15.744 21
15.7503 21
15.7566 21
15.7629 21
15.7692 21
15.7755 21
15.7818 21
15.7881 21
15.7944 21
15.8007 21
15.807 21
15.8133 21
15.8197 21
15.826 21
15.8323 21
15.8386 22
15.8449 22
15.8512 22
15.8575 22
15.8638 22
15.8701 22
15.8764 22
15.8827 22
15.889 22
15.8953 22
15.9016 22
15.9079 22
15.9142 22
15.9205 22
15.9268 22
15.9331 22
15.9394 22
15.9457 22
15.952 22
15.9583 22
15.9646 22
15.9709 22
15.9773 22
15.9836 23
15.9899 23
15.9962 23
16.0025 23
16.0088 23
16.0151 23
16.0214 23
16.0277 23
16.034 23
16.0403 23
16.0466 23
16.0529 23
16.0592 23
16.0655 23
16.0718 23
16.0781 23
16.0844 23
16.0907 23
16.097 23
16.1033 23
16.1096 23
16.1159 23
16.1222 23
16.1285 23
16.1349 24
16.1412 24
16.1475 24
16.1538 24
16.1601 24
16.1664 24
16.1727 24
16.179 24
16.1853 24
16.1916 24
16.1979 24
16.2042 24
16.2105 24
16.2168 24
16.2231 24
16.2294 24
16.2357 24
16.242 24
16.2483 24
16.2546 24
16.2609 24
16.2672 24
16.2735 24
16.2798 24
16.2861 25
16.2925 25
16.2988 25
16.3051 25
16.3114 25
16.3177 25
16.324 25
16.3303 25
16.3366 25
16.3429 25
16.3492 25
16.3555 25
16.3618 25
16.3681 25
16.3744 25
16.3807 25
16.387 25
16.3933 25
16.3996 25
16.4059 25
16.4122 25
16.4185 25
16.4248 25
16.4311 25
16.4374 25
16.4437 25
16.4687 11
17.4437 1
17.4677 2
17.4911 3
17.5146 4
17.5212 5
17.5276 6
17.5381 6
17.5444 6
17.5507 6
17.557 6
17.5633 6
17.5696 6
17.5759 7
17.5822 7
17.5885 7
17.5948 7
17.6011 7
17.6074 7
17.6137 7
17.62 8
17.6263 8
17.6326 8
17.6389 8
17.6452 8
17.6515 8
17.6578 8
17.6641 8
17.6704 8
17.6767 9
17.683 9
17.6893 9
17.6957 9
17.702 9
17.7083 9
17.7146 9
17.7209 9
17.7272 9
17.7335 10
17.7398 10
17.7461 10
17.7524 10
17.7587 10
17.765 10
17.7713 10
17.7776 10
17.7839 10
17.7902 10
17.7965 10
17.8028 11
17.8091 11
17.8154 11
17.8217 11
17.828 11
17.8344 11
17.8407 11
17.847 11
17.8533 11
17.8598 11
17.8661 11
17.8724 12
17.8787 12
17.885 12
17.8913 12
17.8976 12
17.9039 12
17.9102 12
17.9166 12
17.9229 12
17.9292 12
17.9355 12
17.9418 12
17.9481 12
17.9544 13
17.9607 13
17.967 13
17.9733 13
17.9796 13
17.9859 13
17.9922 13
17.9985 13
18.0048 13
18.0111 13
18.0174 13
18.0237 13
18.03 13
18.0363 14
18.0426 14
18.0489 14
18.0552 14
18.0615 14
18.0678 14
18.0742 14
18.0805 14
18.0868 14
18.0931 14
18.0994 14
18.1057 14
18.112 14
18.1183 14
18.1246 14
18.1309 15
18.1372 15
18.1435 15
18.1498 15
18.1561 15
18.1624 15
18.1687 15
18.175 15
18.1813 15
18.1876 15
18.1939 15
18.2002 15
18.2065 15
18.2128 15
18.2191 15
18.2254 16
18.2318 16
18.2381 16
18.2444 16
18.2507 16
18.257 16
18.2633 16
18.2696 16
18.2759 16
18.2822 16
18.2885 16
18.2948 16
18.3011 16
18.3074 16
18.3137 16
18.32 16
18.3263 16
18.3326 17
18.3389 17
18.3452 17
18.3515 17
18.3578 17
18.3641 17
18.3704 17
18.3767 17
18.383 17
18.3894 17
18.3957 17
18.402 17
18.4083 17
18.4146 17
18.4209 17
18.4272 17
18.4335 17
18.4398 17
18.4461 18
18.4524 18
18.4587 18
18.465 18
18.4713 18
18.4776 18
18.4839 18
18.4902 18
18.4965 18
18.5028 18
18.5091 18
18.5154 18
18.5217 18
18.528 18
18.5343 18
18.5406 18
18.547 18
18.5533 18
18.5596 19
18.5659 19
18.5722 19
18.5785 19
18.5848 19
18.5911 19
18.5974 19
18.6037 19
18.61 19
18.6163 19
18.6226 19
18.6289 19
18.6352 19
18.6415 19
18.6478 19
18.6541 19
18.6604 19
18.6667 19
18.673 19
18.6793 19
18.6856 20
18.6919 20
18.6982 20
18.7046 20
18.7109 20
18.7172 20
18.7235 20
18.7298 20
18.7361 20
18.7424 20
18.7487 20
18.755 20
18.7613 20
18.7676 20
18.7739 20
18.7802 20
18.7865 20
18.7928 20
18.7991 20
18.8054 20
18.8117 21
18.818 21
18.8243 21
18.8306 21
18.8369 21
18.8432 21
18.8495 21
18.8558 21
18.8622 21
18.8685 21
18.8748 21
18.8811 21
18.8874 21
18.8937 21
18.9 21
18.9063 21
18.9126 21
18.9189 21
18.9252 21
18.9315 21
18.9378 21
18.9441 21
18.9504 22
18.9567 22
18.963 22
18.9693 22
18.9756 22
18.9819 22
18.9882 22
18.9945 22
19.0008 22
19.0071 22
19.0134 22
19.0198 22
19.0261 22
19.0324 22
19.0387 22
19.045 22
19.0513 22
19.0576 22
19.0639 22
19.0702 22
19.0765 22
19.0828 22
19.0891 22
19.0954 23
19.1017 23
19.108 23
19.1143 23
19.1206 23
19.1269 23
19.1332 23
19.1395 23
19.1458 23
19.1521 23
19.1584 23
19.1647 23
19.171 23
19.1774 23
19.1837 23
19.19 23
19.1963 23
19.2026 23
19.2089 23
19.2152 23
19.2215 23
19.2278 23
19.2341 23
19.2404 24
19.2467 24
19.253 24
19.2593 24
19.2656 24
19.2719 24
19.2782 24
19.2845 24
19.2908 24
19.2971 24
19.3034 24
19.3097 24
19.316 24
19.3223 24
19.3286 24
19.335 24
19.3413 24
19.3476 24
19.3539 24
19.3602 24
19.3665 24
19.3728 24
19.3791 24
19.3855 24
19.3918 24
19.3981 25
19.4044 25
19.4107 25
19.417 25
19.4233 25
19.4296 25
19.4359 25
19.4422 25
19.4485 25
19.4548 25
19.4611 25
19.4674 25
19.4737 25
19.48 25
19.4863 25
19.4926 25
19.4989 25
19.5052 25
19.5115 25
19.5178 25
19.5241 25
19.5304 25
19.5367 25
19.5431 25
19.5494 25
19.5557 25
19.5622 26
19.5685 26
19.5748 26
19.5811 26
19.5874 26
19.5937 26
19.6 26
19.6063 26
19.6126 26
19.6189 26
19.6252 26
19.6315 26
19.6379 26
19.6442 26
19.6505 26
19.6568 26
19.6631 26
19.6694 26
19.6757 26
19.682 26
19.6883 26
19.6946 26
19.7009 26
19.7072 26
19.7135 26
19.7198 26
19.7261 27
19.7324 27
19.7387 27
19.745 27
19.7513 27
19.7576 27
19.7639 27
19.7702 27
19.7765 27
19.7828 27
19.7891 27
19.7955 27
19.8018 27
19.8081 27
19.8145 27
19.821 27
19.8273 27
19.8336 27
19.8399 27
19.8462 27
19.8525 27
19.8772 12
20.041 12
20.0473 12
20.0857 5
20.1612 5
20.1676 5
20.1739 5
20.1802 5
20.1865 5
20.1928 6
20.1991 6
20.2054 6
20.2117 6
20.218 6
20.2243 6
20.2306 7
20.2369 7
20.2432 7
20.2495 7
20.2558 7
20.2621 7
20.2684 7
20.2747 7
20.281 8
20.2873 8
20.2936 8
20.2999 8
20.3062 8
20.3125 8
20.3188 8
20.3252 8
20.3315 9
20.3378 9
20.3441 9
20.3504 9
20.3567 9
20.363 9
20.3693 9
20.3756 9
20.3819 9
20.3882 9
20.3945 10
20.4008 10
20.4071 10
20.4134 10
20.4197 10
20.426 10
20.4323 10
20.4386 10
20.4449 10
20.4512 10
20.4575 11
20.4638 11
20.4701 11
20.4764 11
20.4828 11
20.4891 11
20.4954 11
20.5017 11
20.508 11
20.5143 11
20.5206 11
20.5269 11
20.5332 12
20.5395 12
20.5458 12
20.5521 12
20.5584 12
20.5647 12
20.571 12
20.5773 12
20.5836 12
20.5899 12
20.5962 12
20.6025 12
20.6088 13
20.6151 13
20.6214 13
20.6277 13
20.634 13
20.6404 13
20.6467 13
20.653 13
20.6593 13
20.6656 13
20.6719 13
20.6782 13
20.6845 13
20.6908 13
20.6971 14
20.7034 14
20.7097 14
20.716 14
20.7223 14
20.7286 14
20.7349 14
20.7412 14
20.7475 14
20.7538 14
20.7601 14
20.7664 14
20.7727 14
20.779 14
20.7853 15
20.7916 15
20.798 15
20.8043 15
20.8106 15
20.8169 15
20.8232 15
20.8295 15
20.8358 15
20.8421 15
20.8484 15
20.8547 15
20.861 15
20.8673 15
20.8736 15
20.8799 15
20.8862 16
20.8925 16
20.8988 16
20.9051 16
20.9114 16
20.9177 16
20.924 16
20.9303 16
20.9366 16
20.9429 16
20.9492 16
20.9556 16
20.9619 16
20.9682 16
20.9745 16
20.9808 16
20.9871 17
20.9934 17
20.9997 17
21.006 17
21.0123 17
21.0186 17
21.0249 17
21.0312 17
21.0375 17
21.0438 17
21.0501 17
21.0564 17
21.0627 17
21.069 17
21.0753 17
21.0816 17
21.0879 17
21.0942 17
21.1005 18
21.1068 18
21.1132 18
21.1195 18
21.1258 18
21.1321 18
21.1384 18
21.1447 18
21.151 18
21.1573 18
21.1636 18
21.1699 18
21.1762 18
21.1825 18
21.1888 18
21.1951 18
21.2014 18
21.2077 18
21.214 18
21.2203 19
21.2266 19
21.2329 19
21.2392 19
21.2455 19
21.2518 19
21.2581 19
21.2644 19
21.2708 19
21.2771 19
21.2834 19
21.2897 19
21.296 19
21.3023 19
21.3086 19
21.3149 19
21.3212 19
21.3275 19
21.3338 19
21.3401 20
21.3464 20
21.3527 20
21.359 20
21.3653 20
21.3716 20
21.3779 20
21.3842 20
21.3905 20
21.3968 20
21.4031 20
21.4094 20
21.4157 20
21.422 20
21.4284 20
21.4347 20
21.441 20
21.4473 20
21.4536 20
21.4599 20
21.4662 20
21.4725 21
21.4788 21
21.4851 21
21.4914 21
21.4977 21
21.504 21
21.5103 21
21.5166 21
21.5229 21
21.5292 21
21.5355 21
21.5418 21
21.5481 21
21.5544 21
21.5607 21
21.567 21
21.5733 21
21.5796 21
21.586 21
21.5923 21
21.5986 21
21.6049 22
21.6112 22
21.6175 22
21.6238 22
21.6301 22
21.6364 22
21.6427 22
21.649 22
21.6553 22
21.6616 22
21.6679 22
21.6742 22
21.6805 22
21.6868 22
21.6931 22
21.6994 22
21.7057 22
21.712 22
21.7183 22
21.7246 22
21.7309 22
21.7372 22
21.7436 22
21.7499 23
21.7562 23
21.7625 23
21.7688 23
21.7754 23
21.7819 23
21.7882 23
21.7945 23
21.8008 23
21.8071 23
21.8134 23
21.8197 23
21.826 23
21.8323 23
21.8386 23
21.845 23
21.8513 23
21.8755 10
22.0142 10
22.0205 10
22.0268 10
22.0332 10
22.0396 10
22.0459 11
22.0522 11
22.0585 11
22.0649 11
22.0713 11
22.0776 11
22.0839 11
22.0902 11
22.0965 11
22.1029 11
22.1092 11
22.1155 12
22.1218 12
22.1281 12
22.1344 12
22.1407 12
22.147 12
22.1533 12
22.1596 12
22.1659 12
22.1722 12
22.1785 12
22.1848 12
22.1911 12
22.1974 13
22.2037 13
22.21 13
22.2163 13
22.2226 13
22.2289 13
22.2352 13
22.2415 13
22.2478 13
22.2541 13
22.2605 13
22.2668 13
22.2731 13
22.2794 14
22.2857 14
22.292 14
22.2983 14
22.3046 14
22.3109 14
22.3172 14
22.3235 14
22.3298 14
22.3361 14
22.3424 14
22.3487 14
22.355 14
22.3613 14
22.3676 14
22.3739 15
22.3802 15
22.3865 15
22.3928 15
22.3991 15
22.4054 15
22.4117 15
22.4181 15
22.4244 15
22.4307 15
22.437 15
22.4433 15
22.4496 15
22.4559 15
22.4622 15
22.4685 16
22.4748 16
22.4811 16
22.4874 16
22.4937 16
22.5 16
22.5063 16
22.5126 16
22.5189 16
22.5252 16
22.5315 16
22.5378 16
22.5441 16
22.5504 16
22.5567 16
22.563 16
22.5693 16
22.5757 17
22.582 17
22.5883 17
22.5946 17
22.6009 17
22.6072 17
22.6135 17
22.6198 17
22.6261 17
22.6324 17
22.6387 17
22.645 17
22.6513 17
22.6576 17
22.6639 17
22.6702 17
22.6765 17
22.6828 17
22.6891 18
22.6954 18
22.7017 18
22.708 18
22.7143 18
22.7206 18
22.7269 18
22.7333 18
22.7396 18
22.7459 18
22.7522 18
22.7585 18
22.7648 18
22.7711 18
22.7774 18
22.7837 18
22.79 18
22.7963 18
22.8026 19
22.8089 19
22.8152 19
22.8215 19
22.8278 19
22.8341 19
22.8404 19
22.8467 19
22.853 19
22.8593 19
22.8656 19
22.8719 19
22.8782 19
22.8845 19
22.8909 19
22.8972 19
22.9035 19
22.9098 19
22.9161 19
22.9224 19
22.9287 20
22.935 20
22.9413 20
22.9476 20
22.9539 20
22.9602 20
22.9665 20
22.9728 20
22.9791 20
22.9854 20
22.9917 20
22.998 20
23.0043 20
23.0106 20
23.0169 20
23.0232 20
23.0295 20
23.0358 20
23.0421 20
23.0485 20
23.0548 21
23.0611 21
23.0674 21
23.0737 21
23.08 21
23.0863 21
23.0926 21
23.0989 21
23.1052 21
23.1115 21
23.1178 21
23.1241 21
23.1304 21
23.1367 21
23.143 21
23.1493 21
23.1556 21
23.1619 21
23.1682 21
23.1745 21
23.1808 21
23.1871 21
23.1934 22
23.1997 22
23.2061 22
23.2124 22
23.2187 22
23.225 22
23.2313 22
23.2376 22
23.2439 22
23.2502 22
23.2565 22
23.2628 22
23.2691 22
23.2754 22
23.2817 22
23.288 22
23.2943 22
23.3006 22
23.3069 22
23.3132 22
23.3195 22
23.3258 22
23.3321 22
23.3384 23
23.3447 23
23.351 23
23.3573 23
23.3637 23
23.37 23
23.3763 23
23.3826 23
23.3889 23
23.3952 23
23.4015 23
23.4078 23
23.4141 23
23.4204 23
23.4267 23
23.433 23
23.4393 23
23.4456 23
23.4519 23
23.4582 23
23.4645 23
23.4708 23
23.4771 23
23.4834 24
23.4897 24
23.496 24
23.5023 24
23.5086 24
23.5149 24
23.5213 24
23.5276 24
23.5339 24
23.5589 11
23.7038 11
23.7101 11
23.7164 11
23.7227 11
23.729 11
23.7353 11
23.7416 11
23.7479 11
23.7542 11
23.7605 11
23.7668 11
23.7731 12
23.7794 12
23.7857 12
23.7922 12
23.7986 12
23.8049 12
23.8113 12
23.8179 12
23.8242 12
23.8305 12
23.8368 12
23.8431 12
23.8494 13
23.8557 13
23.862 13
23.8683 13
23.8746 13
23.8809 13
23.8872 13
23.8936 13
23.8999 13
23.9062 13
23.9125 13
23.9188 13
23.9251 13
23.9314 13
23.9377 14
23.944 14
23.9503 14
23.9566 14
23.9629 14
23.9692 14
23.9755 14
23.9818 14
23.9881 14
23.9944 14
24.0007 14
24.007 14
24.0133 14
24.0196 14
24.0259 14
24.0322 15
24.0385 15
24.0448 15
24.0512 15
24.0575 15
24.0638 15
24.0701 15
24.0764 15
24.0827 15
24.089 15
24.0953 15
24.1016 15
24.1079 15
24.1142 15
24.1205 15
24.1268 16
24.1331 16
24.1394 16
24.1457 16
24.152 16
24.1583 16
24.1646 16
24.1709 16
24.1772 16
24.1835 16
24.1898 16
24.1961 16
24.2401 6
24.3346 6
24.3409 6
24.3472 6
24.3535 6
24.3598 6
24.3661 6
24.3724 7
24.3787 7
24.385 7
24.3913 7
24.3976 7
24.4039 7
24.4102 7
24.4165 8
24.4228 8
24.4291 8
24.4354 8
24.4417 8
24.448 8
24.4543 8
24.4606 8
24.467 8
24.4733 9
24.4796 9
24.4859 9
24.4922 9
24.4985 9
24.5048 9
24.5112 9
24.5175 9
24.5238 9
24.5301 10
24.5364 10
24.5427 10
24.549 10
24.5553 10
24.5616 10
24.5679 10
24.5742 10
24.5805 10
24.5868 10
24.5931 10
24.5994 11
24.6057 11
24.612 11
24.6183 11
24.6246 11
24.631 11
24.6373 11
24.6436 11
24.6499 11
24.6562 11
24.6625 11
24.6688 12
24.6751 12
24.6814 12
24.6877 12
24.694 12
24.7003 12
24.7066 12
24.7129 12
24.7192 12
24.7255 12
24.7318 12
24.7381 12
24.7444 12
24.7507 13
24.757 13
24.7633 13
24.7696 13
24.7759 13
24.7822 13
24.7886 13
24.7949 13
24.8012 13
24.8075 13
24.8138 13
24.8201 13
24.8264 13
24.8327 14
24.839 14
24.8453 14
24.8516 14
24.8579 14
24.8642 14
24.8705 14
24.8768 14
24.8831 14
24.8894 14
24.8957 14
24.902 14
24.9083 14
24.9146 14
24.9209 14
24.9272 15
24.9335 15
24.9398 15
24.9462 15
24.9525 15
24.9588 15
24.9651 15
24.9714 15
24.9777 15
24.984 15
24.9903 15
24.9966 15
