15.442 1
15.4608 2
15.4793 2
15.4856 2
15.4977 3
15.5041 3
15.5162 3
15.5227 4
15.5357 4
15.542 4
15.5483 4
15.5546 4
15.5609 5
15.5672 5
15.5735 5
15.5798 5
15.5861 5
15.5924 6
15.5987 6
15.605 6
15.6113 6
15.6176 6
15.6239 6
15.6302 7
15.6365 7
15.6428 7
15.6491 7
15.6554 7
15.6617 7
15.668 7
15.6743 7
15.6806 8
15.687 8
15.6933 8
15.6996 8
15.7059 8
15.7122 8
15.7185 8
15.7248 8
15.7311 9
15.7374 9
15.7437 9
15.75 9
15.7563 9
15.7626 9
15.769 9
15.7753 9
15.7816 9
15.7879 9
15.7943 10
15.8009 10
15.8073 10
15.8137 10
15.8202 10
15.8266 10
15.833 10
15.8395 10
15.8459 10
15.8522 10
15.8585 11
15.8648 11
15.8711 11
15.8775 11
15.8841 11
15.8907 11
15.8972 11
15.9036 11
15.9101 11
15.9165 11
15.9229 11
15.9294 11
15.9357 12
15.942 12
15.9483 12
15.9546 12
15.961 12
15.9674 12
15.974 12
15.9806 12
15.9871 12
15.9937 12
16.0001 12
16.0065 12
16.013 13
16.0194 13
16.0257 13
16.032 13
16.0383 13
16.0446 13
16.0509 13
16.0572 13
16.0635 13
16.0698 13
16.0761 13
16.0824 13
16.0887 13
16.095 13
16.1013 14
16.1076 14
16.1139 14
16.1202 14
16.1265 14
16.1329 14
16.1392 14
16.1456 14
16.1519 14
16.1582 14
16.1645 14
16.1708 14
16.1771 14
16.1834 14
16.1897 15
16.196 15
16.2023 15
16.2086 15
16.2149 15
16.2212 15
16.2275 15
16.2338 15
16.2401 15
16.2464 15
16.2527 15
16.259 15
16.2653 15
16.2717 15
16.278 15
16.2843 15
16.2906 16
16.2969 16
16.3032 16
16.3095 16
16.3158 16
16.3221 16
16.3284 16
16.3347 16
16.341 16
16.3473 16
16.3536 16
16.3599 16
16.3662 16
16.3725 16
16.3788 16
16.3851 16
16.3914 17
16.3977 17
16.404 17
16.4103 17
16.4166 17
16.4229 17
16.4293 17
16.4356 17
16.4419 17
16.4484 17
16.4547 17
16.461 17
16.4673 17
16.4736 17
16.4799 17
16.4862 17
16.4925 17
16.4988 17
16.5051 18
16.5114 18
16.5177 18
16.524 18
16.5303 18
16.5366 18
16.5429 18
16.5492 18
16.5555 18
16.5618 18
16.5681 18
16.5745 18
16.5808 18
16.5871 18
16.5934 18
16.5997 18
16.606 18
16.6123 18
16.6186 18
16.6249 19
16.6312 19
16.6375 19
16.6438 19
16.6501 19
16.6564 19
16.6627 19
16.669 19
16.6753 19
16.6816 19
16.6879 19
16.6942 19
16.7005 19
16.7068 19
16.7131 19
16.7194 19
16.7257 19
16.732 19
16.7384 19
16.7447 20
16.751 20
16.7573 20
16.7636 20
16.7699 20
16.7762 20
16.7825 20
16.7888 20
16.7951 20
16.8014 20
16.8077 20
16.814 20
16.8203 20
16.8266 20
16.8329 20
16.8392 20
16.8455 20
16.8518 20
16.8581 20
16.8644 20
16.8707 20
16.877 21
16.8833 21
16.8896 21
16.896 21
16.9023 21
16.9086 21
16.9149 21
16.9212 21
16.9275 21
16.9338 21
16.9401 21
16.9464 21
16.9527 21
16.959 21
16.9653 21
16.9716 21
16.9779 21
16.9842 21
16.9905 21
16.9968 21
17.0031 21
17.0094 22
17.0157 22
17.022 22
17.0283 22
17.0346 22
17.0409 22
17.0472 22
17.0536 22
17.0599 22
17.0662 22
17.0725 22
17.0788 22
17.0851 22
17.0914 22
17.0977 22
17.104 22
17.1103 22
17.1166 22
17.1229 22
17.1292 22
17.1355 22
17.1418 22
17.1481 22
17.1544 23
17.1607 23
17.167 23
17.1733 23
17.1796 23
17.1859 23
17.1922 23
17.1985 23
17.2048 23
17.2112 23
17.2175 23
17.2238 23
17.2301 23
17.2364 23
17.2427 23
17.249 23
17.2553 23
17.2616 23
17.2679 23
17.2742 23
17.2805 23
17.2868 23
17.2931 23
17.2994 23
17.3057 24
17.312 24
17.3183 24
17.3246 24
17.3309 24
17.3372 24
17.3435 24
17.3498 24
17.3561 24
17.3624 24
17.3688 24
17.3751 24
17.3814 24
17.3877 24
17.394 24
17.4003 24
17.4066 24
17.4129 24
17.4192 24
17.4255 24
17.4318 24
17.4381 24
17.4444 24
17.4507 24
17.457 25
17.4633 25
17.4696 25
17.4759 25
17.4822 25
17.4885 25
17.4948 25
17.5011 25
17.5074 25
17.5137 25
17.52 25
17.5264 25
17.5327 25
17.539 25
17.5453 25
17.5516 25
17.5579 25
17.5642 25
17.5705 25
17.5768 25
17.5831 25
17.5894 25
17.5957 25
17.602 25
17.6083 25
17.6146 25
17.6209 26
17.6272 26
17.6335 26
17.6398 26
17.6461 26
17.6524 26
17.6587 26
17.665 26
17.6713 26
17.6776 26
17.684 26
17.6903 26
17.6966 26
17.7029 26
17.7092 26
17.7155 26
17.7218 26
17.7281 26
17.7344 26
17.7407 26
17.747 26
17.7533 26
17.7596 26
17.7659 26
17.7722 26
17.7785 26
17.7848 26
17.7911 27
17.7974 27
17.8037 27
17.81 27
17.8163 27
17.8226 27
17.8289 27
17.8352 27
17.8416 27
17.8479 27
17.8542 27
17.8605 27
17.8668 27
17.8731 27
17.8794 27
17.8857 27
17.892 27
17.8983 27
17.9046 27
17.9109 27
17.9172 27
17.9235 27
17.9298 27
17.9361 27
17.9424 27
17.9487 27
17.955 27
17.9613 27
17.9676 28
17.9739 28
17.9802 28
17.9865 28
17.9928 28
17.9992 28
18.0055 28
18.0118 28
18.0181 28
18.0244 28
18.0307 28
18.037 28
18.0433 28
18.0496 28
18.0559 28
18.0622 28
18.0685 28
18.0748 28
18.0811 28
18.0874 28
18.0937 28
18.1 28
18.1063 28
18.1126 28
18.1189 28
18.1252 28
18.1315 28
18.1378 28
18.1441 29
18.1504 29
18.1568 29
18.1631 29
18.1694 29
18.1757 29
18.182 29
18.1883 29
18.1946 29
18.2009 29
18.2072 29
18.2135 29
18.2198 29
18.2261 29
18.2324 29
18.2387 29
18.245 29
18.2513 29
18.2576 29
18.2639 29
18.2702 29
18.2765 29
18.2828 29
18.2891 29
18.2954 29
18.3017 29
18.308 29
18.3144 29
18.3207 29
18.327 29
18.3333 30
18.3396 30
18.3459 30
18.3522 30
18.3585 30
18.3648 30
18.3711 30
18.3774 30
18.3837 30
18.39 30
18.3963 30
18.4026 30
18.4089 30
18.4152 30
18.4215 30
18.4278 30
18.4341 30
18.4404 30
18.4467 30
18.453 30
18.4593 30
18.4656 30
18.472 30
18.4783 30
18.4846 30
18.4909 30
18.4972 30
18.5035 30
18.5098 30
18.5161 30
18.5224 30
18.5287 31
18.535 31
18.5413 31
18.5476 31
18.5539 31
18.5602 31
18.5665 31
18.5728 31
18.5791 31
18.5854 31
18.5917 31
18.598 31
18.6043 31
18.6106 31
18.6169 31
18.6232 31
18.6296 31
18.6359 31
18.6422 31
18.6485 31
18.6548 31
18.6611 31
18.6674 31
18.6737 31
18.68 31
18.6863 31
18.6926 31
18.6989 31
18.7052 31
18.7115 31
18.7178 31
18.7241 31
18.7304 32
18.7367 32
18.743 32
18.7493 32
18.7556 32
18.7619 32
18.7682 32
18.7745 32
18.7808 32
18.7872 32
18.7935 32
18.7998 32
18.8061 32
18.8124 32
18.8187 32
18.825 32
18.8313 32
18.8376 32
18.8439 32
18.8502 32
18.8565 32
18.8628 32
18.8691 32
18.8754 32
18.8817 32
18.888 32
18.8943 32
18.9006 32
18.9069 32
18.9132 32
18.9195 32
18.9258 32
18.9321 32
18.9384 33
18.9448 33
18.9511 33
18.9574 33
18.9637 33
18.97 33
18.9763 33
18.9826 33
18.9889 33
18.9952 33
19.0015 33
19.0078 33
19.0141 33
19.0204 33
19.0267 33
19.033 33
19.0393 33
19.0456 33
19.0519 33
19.0582 33
19.0645 33
19.0708 33
19.0771 33
19.0834 33
19.0897 33
19.096 33
19.1024 33
19.1087 33
19.115 33
19.1213 33
19.1276 33
19.1339 33
19.1402 33
19.1465 34
19.1528 34
19.1591 34
19.1654 34
19.1717 34
19.178 34
19.1843 34
19.1906 34
19.1969 34
19.2032 34
19.2095 34
19.2158 34
19.2221 34
19.2284 34
19.2347 34
19.241 34
19.2473 34
19.2536 34
19.26 34
19.2663 34
19.2726 34
19.2789 34
19.2852 34
19.2915 34
19.2978 34
19.3041 34
19.3104 34
19.3417 16
19.5626 16
19.5689 16
19.5752 16
19.5815 16
19.5878 16
19.6255 7
19.72 7
19.7263 7
19.7326 7
19.7389 7
19.7452 7
19.7515 7
19.7578 7
19.7641 8
19.7704 8
19.7767 8
19.783 8
19.7893 8
19.7956 8
19.8019 8
19.8082 8
19.8148 9
19.8213 9
19.8526 3
19.9043 3
19.9108 3
19.9171 3
19.9234 4
19.9297 4
19.936 4
19.9423 4
19.9486 5
19.9549 5
19.9612 5
19.9677 5
19.9741 5
19.9806 5
19.9874 6
19.994 6
20.0007 6
20.0073 6
20.014 6
20.0208 6
20.0278 7
20.0345 7
20.0414 7
20.0481 7
20.0546 7
20.1054 2
20.1727 2
20.1878 2
20.1941 3
20.2083 3
20.2147 3
20.2213 4
20.2288 4
20.2352 4
20.2423 4
20.2487 4
20.2554 5
20.2621 5
20.2688 5
20.2753 5
20.2819 5
20.2883 6
20.2946 6
20.3009 6
20.3072 6
20.3135 6
20.3198 6
20.3261 7
20.3325 7
20.3388 7
20.3451 7
20.3514 7
20.3578 7
20.3641 7
20.3704 7
20.3767 8
20.383 8
20.3893 8
20.3956 8
20.402 8
20.4083 8
20.4146 8
20.4209 8
20.4272 9
20.4335 9
20.4398 9
20.4461 9
20.4524 9
20.4587 9
20.465 9
20.4713 9
20.4776 9
20.4839 9
20.4902 10
20.4965 10
20.5028 10
20.5092 10
20.5155 10
20.5218 10
20.5281 10
20.5344 10
20.5407 10
20.547 10
20.5533 11
20.5596 11
20.5659 11
20.5722 11
20.5785 11
20.5848 11
20.5911 11
20.5974 11
20.6037 11
20.61 11
20.6163 11
20.6226 11
20.6289 12
20.6354 12
20.6418 12
20.6481 12
20.6546 12
20.6611 12
20.6674 12
20.6737 12
20.68 12
20.6863 12
20.6928 12
20.6991 12
20.7054 13
20.7117 13
20.718 13
20.7243 13
20.7306 13
20.7369 13
20.7432 13
20.7495 13
20.7558 13
20.7621 13
20.7684 13
20.7747 13
20.781 13
20.7873 13
20.7936 14
20.7999 14
20.8062 14
20.8125 14
20.8188 14
20.8251 14
20.8315 14
20.8378 14
20.8441 14
20.8504 14
20.8567 14
20.863 14
20.8693 14
20.8756 14
20.8819 15
20.8882 15
20.8945 15
20.9008 15
20.9071 15
20.9134 15
20.9197 15
20.926 15
20.9323 15
20.9386 15
20.9449 15
20.9512 15
20.9575 15
20.9638 15
20.9701 15
20.9764 15
20.9827 16
20.9891 16
20.9954 16
21.0017 16
21.008 16
21.0143 16
21.0206 16
21.0269 16
21.0332 16
21.0395 16
21.0458 16
21.0521 16
21.0584 16
21.0647 16
21.071 16
21.0773 16
21.0836 17
21.0899 17
21.0962 17
21.1025 17
21.1088 17
21.1151 17
21.1214 17
21.1277 17
21.134 17
21.1403 17
21.1467 17
21.153 17
21.1593 17
21.1656 17
21.1719 17
21.1782 17
21.1845 17
21.1908 17
21.1971 18
21.2034 18
21.2097 18
21.216 18
21.2223 18
21.2286 18
21.2349 18
21.2412 18
21.2475 18
21.2538 18
21.2601 18
21.2664 18
21.2727 18
21.279 18
21.2853 18
21.2916 18
21.2979 18
21.3043 18
21.3106 18
21.3169 19
21.3232 19
21.3295 19
21.3358 19
21.3421 19
21.3484 19
21.3547 19
21.361 19
21.3673 19
21.3736 19
21.3799 19
21.3862 19
21.3925 19
21.3988 19
21.4051 19
21.4114 19
21.4177 19
21.424 19
21.4303 19
21.4366 20
21.4429 20
21.4492 20
21.4555 20
21.4619 20
21.4682 20
21.4745 20
21.4808 20
21.4871 20
21.4934 20
21.4997 20
21.506 20
21.5123 20
21.5186 20
21.5249 20
21.5312 20
21.5375 20
21.5438 20
21.5501 20
21.5564 20
21.5627 20
21.569 21
21.5753 21
21.5816 21
21.5879 21
21.5942 21
21.6005 21
21.6068 21
21.6131 21
21.6195 21
21.6258 21
21.6321 21
21.6384 21
21.6447 21
21.651 21
21.6573 21
21.6636 21
21.6699 21
21.6762 21
21.6825 21
21.6888 21
21.6951 21
21.7014 22
21.7077 22
21.714 22
21.7203 22
21.7266 22
21.7329 22
21.7392 22
21.7455 22
21.7518 22
21.7582 22
21.7646 22
21.771 22
21.7775 22
21.8151 9
21.9538 9
21.9601 9
21.9664 9
21.9727 9
21.979 10
21.9853 10
21.9916 10
21.9979 10
22.0042 10
22.0105 10
22.0168 10
22.0231 10
22.0294 10
22.0357 10
22.042 10
22.0483 11
22.0547 11
22.0861 4
22.1491 4
22.1554 4
22.1617 5
22.168 5
22.1743 5
22.1806 5
22.1869 5
22.1932 6
22.1995 6
22.2058 6
22.2121 6
22.2184 6
22.2247 6
22.231 6
22.2373 7
22.2436 7
22.2499 7
22.2562 7
22.2625 7
22.2688 7
22.2751 7
22.2814 8
22.2878 8
22.2941 8
22.3004 8
22.3067 8
22.313 8
22.3193 8
22.3256 8
22.3319 8
22.3382 9
22.3445 9
22.3508 9
22.3571 9
22.3634 9
22.3697 9
22.376 9
22.3823 9
22.3886 9
22.3949 10
22.4012 10
22.4075 10
22.4138 10
22.4201 10
22.4264 10
22.4327 10
22.439 10
22.4454 10
22.4517 10
22.458 10
22.4643 11
22.4706 11
22.4769 11
22.4832 11
22.4895 11
22.4958 11
22.5021 11
22.5084 11
22.5147 11
22.521 11
22.5273 11
22.5336 12
22.5399 12
22.5462 12
22.5525 12
22.5588 12
22.5651 12
22.5714 12
22.5777 12
22.584 12
22.5903 12
22.5966 12
22.603 12
22.6093 12
22.6156 13
22.6219 13
22.6282 13
22.6345 13
22.6408 13
22.6471 13
22.6534 13
22.6597 13
22.666 13
22.6723 13
22.6786 13
22.6849 13
22.6912 13
22.6975 14
22.7038 14
22.7101 14
22.7164 14
22.7227 14
22.729 14
22.7353 14
22.7416 14
22.7479 14
22.7542 14
22.7606 14
22.7669 14
22.7732 14
22.7795 14
22.7858 14
22.7921 15
22.7984 15
22.8047 15
22.811 15
22.8173 15
22.8236 15
22.8299 15
22.8362 15
22.8425 15
22.8488 15
22.8551 15
22.8614 15
22.8677 15
22.874 15
22.8803 15
22.8866 16
22.8929 16
22.8992 16
22.9055 16
22.9118 16
22.9182 16
22.9245 16
22.9308 16
22.9371 16
22.9434 16
22.9497 16
22.956 16
22.9623 16
22.9686 16
22.9749 16
22.9812 16
22.9875 16
22.9938 17
23.0001 17
23.0064 17
23.0127 17
23.019 17
23.0253 17
23.0316 17
23.0379 17
23.0442 17
23.0505 17
23.0568 17
23.0631 17
23.0694 17
23.0758 17
23.0821 17
23.0884 17
23.0947 17
23.101 18
23.1073 18
23.1136 18
23.1199 18
23.1262 18
23.1325 18
23.1388 18
23.1451 18
23.1514 18
23.1577 18
23.164 18
23.1703 18
23.1766 18
23.1829 18
23.1892 18
23.1955 18
23.2018 18
23.2081 18
23.2144 18
23.2207 19
23.227 19
23.2334 19
23.2397 19
23.246 19
23.2523 19
23.2586 19
23.2649 19
23.2712 19
23.2775 19
23.2838 19
23.2901 19
23.2964 19
23.3027 19
23.309 19
23.3153 19
23.3216 19
23.3279 19
23.3342 19
23.3405 20
23.3468 20
23.3531 20
23.3594 20
23.3657 20
23.372 20
23.3783 20
23.3846 20
23.391 20
23.3973 20
23.4036 20
23.4099 20
23.4162 20
23.4225 20
23.4288 20
23.4351 20
23.4414 20
23.4477 20
23.454 20
23.4603 20
23.4666 20
23.4729 21
23.4792 21
23.4855 21
23.4918 21
23.4981 21
23.5044 21
23.5107 21
23.517 21
23.5233 21
23.5296 21
23.5359 21
23.5609 9
23.687 9
23.6933 9
23.6996 9
23.7059 9
23.7122 10
23.7185 10
23.7248 10
23.7311 10
23.7374 10
23.7437 10
23.75 10
23.7563 10
23.7626 10
23.7689 10
23.7753 10
23.7816 11
23.7879 11
23.8389 3
24.005 3
24.0115 3
24.0178 3
24.0242 4
24.0307 4
24.0372 4
24.0439 4
24.0506 5
24.0569 5
24.0633 5
24.07 5
24.0763 5
24.0826 5
24.0891 6
24.0954 6
24.1018 6
24.1082 6
24.1148 6
24.1212 6
24.1276 7
24.1342 7
24.1406 7
24.1474 7
24.1537 7
24.16 7
24.1667 7
24.1733 7
24.18 8
24.1863 8
24.193 8
24.1993 8
24.2056 8
24.2119 8
24.2183 8
24.2248 8
24.269 2
24.3289 2
24.3352 2
24.348 3
24.3546 3
24.3675 3
24.3738 4
24.3801 4
24.387 4
24.3936 4
24.4 4
24.4067 5
24.4134 5
24.4199 5
24.4267 5
24.4333 5
24.4398 6
24.4464 6
24.4531 6
24.4598 6
24.4663 6
24.473 6
24.4793 7
24.4857 7
24.4921 7
24.4987 7
24.505 7
24.5114 7
24.5177 7
24.524 7
24.5303 8
24.5366 8
24.5429 8
24.5493 8
24.5556 8
24.5619 8
24.5682 8
24.5745 8
24.5808 9
24.5871 9
24.5934 9
24.5997 9
24.606 9
24.6123 9
24.6186 9
24.6249 9
24.6312 9
24.6375 9
24.6438 10
24.6501 10
24.6564 10
24.6627 10
24.669 10
24.6753 10
24.6816 10
24.6879 10
24.6942 10
24.7005 10
24.7069 11
24.7132 11
24.7195 11
24.7258 11
24.7321 11
24.7384 11
24.7447 11
24.751 11
24.7573 11
24.7636 11
24.7699 11
24.7762 11
24.7825 12
24.7888 12
24.7951 12
24.8014 12
24.8077 12
24.814 12
24.8203 12
24.8266 12
24.8329 12
24.8392 12
24.8455 12
24.8518 12
24.8581 13
24.8645 13
24.8708 13
24.8771 13
24.8834 13
24.8897 13
24.896 13
24.9023 13
24.9086 13
24.9149 13
24.9212 13
24.9275 13
24.9338 13
24.9401 13
24.9464 14
24.9527 14
24.959 14
24.9653 14
24.9716 14
24.9779 14
24.9842 14
24.9905 14
24.9968 14
