15.2127 1
15.2394 2
15.2663 3
15.2728 4
15.2728 4
15.294 4
15.3003 4
15.3134 4
15.3222 5
15.3286 5
15.3349 5
15.3415 5
15.3507 5
15.3822 2
15.4242 2
15.4368 2
15.4512 3
15.4643 3
15.4787 3
15.4852 4
15.492 4
15.5066 4
15.5131 4
15.5194 4
15.5257 5
15.5347 5
15.5411 5
15.5474 5
15.5537 5
15.56 6
15.5663 6
15.5726 6
15.5789 6
15.5852 6
15.5915 6
15.5978 7
15.6041 7
15.6105 7
15.6168 7
15.6231 7
15.6294 7
15.6357 7
15.642 7
15.6483 8
15.6546 8
15.6609 8
15.6672 8
15.6735 8
15.6798 8
15.6861 8
15.6924 8
15.6987 9
15.705 9
15.7113 9
15.7176 9
15.7239 9
15.7302 9
15.7365 9
15.7428 9
15.7491 9
15.7554 9
15.7617 10
15.7681 10
15.7744 10
15.7807 10
15.787 10
15.7933 10
15.7996 10
15.8059 10
15.8122 10
15.8185 10
15.8248 11
15.8311 11
15.8374 11
15.8437 11
15.85 11
15.8563 11
15.8626 11
15.8689 11
15.8752 11
15.8815 11
15.8878 11
15.8941 11
15.9004 12
15.9067 12
15.913 12
15.9193 12
15.9257 12
15.932 12
15.9383 12
15.9446 12
15.9509 12
15.9572 12
15.9635 12
15.9698 12
15.9761 13
15.9824 13
15.9887 13
15.995 13
16.0013 13
16.0076 13
16.0139 13
16.0202 13
16.0265 13
16.0328 13
16.0391 13
16.0454 13
16.0517 13
16.058 13
16.0643 14
16.0708 14
16.0771 14
16.0834 14
16.0897 14
16.096 14
16.1271 5
16.209 5
16.2153 5
16.2216 6
16.2279 6
16.2342 6
16.2405 6
16.2468 6
16.2531 6
16.2595 6
16.2658 7
16.2721 7
16.2784 7
16.2847 7
16.291 7
16.2973 7
16.3036 7
16.3099 8
16.3162 8
16.3225 8
16.3288 8
16.3351 8
16.3414 8
16.3477 8
16.354 8
16.3603 8
16.3666 9
16.3729 9
16.3792 9
16.3855 9
16.3918 9
16.3981 9
16.4044 9
16.4107 9
16.4171 9
16.4234 10
16.4297 10
16.436 10
16.4423 10
16.4486 10
16.4549 10
16.4612 10
16.4675 10
16.4738 10
16.4801 10
16.4864 10
16.4927 11
16.499 11
16.5053 11
16.5116 11
16.5179 11
16.5242 11
16.5305 11
16.5368 11
16.5431 11
16.5494 11
16.5557 11
16.562 12
16.5683 12
16.5747 12
16.581 12
16.5873 12
16.5936 12
16.5999 12
16.6062 12
16.6125 12
16.6188 12
16.6251 12
16.6314 12
16.6377 12
16.644 13
16.6503 13
16.6566 13
16.6629 13
16.6692 13
16.6755 13
16.6818 13
16.6881 13
16.6944 13
16.7007 13
16.707 13
16.7134 13
16.7197 13
16.726 14
16.7325 14
16.7388 14
16.7451 14
16.7514 14
16.7577 14
16.764 14
16.7703 14
16.7767 14
16.783 14
16.7893 14
16.7956 14
16.8019 14
16.8083 14
16.8146 14
16.8209 15
16.8272 15
16.8335 15
16.8398 15
16.8461 15
16.8524 15
16.8587 15
16.865 15
16.8713 15
16.8776 15
16.8839 15
16.8902 15
16.8965 15
16.9028 15
16.9091 15
16.9154 16
16.9217 16
16.928 16
16.9343 16
16.9406 16
16.9469 16
16.9532 16
16.9595 16
16.9659 16
16.9722 16
16.9785 16
16.9848 16
16.9911 16
16.9974 16
17.0037 16
17.01 16
17.0163 16
17.0226 17
17.0289 17
17.0352 17
17.0415 17
17.0478 17
17.0541 17
17.0604 17
17.0667 17
17.073 17
17.0793 17
17.0856 17
17.0919 17
17.0982 17
17.1045 17
17.1108 17
17.1171 17
17.1235 17
17.1298 18
17.1361 18
17.1424 18
17.1487 18
17.155 18
17.1613 18
17.1676 18
17.1739 18
17.1802 18
17.1865 18
17.1928 18
17.1991 18
17.2054 18
17.2117 18
17.218 18
17.2243 18
17.2306 18
17.2369 18
17.2432 18
17.2495 19
17.2558 19
17.2621 19
17.2684 19
17.2747 19
17.2811 19
17.2874 19
17.2937 19
17.3 19
17.3063 19
17.3126 19
17.3189 19
17.3252 19
17.3315 19
17.3378 19
17.3441 19
17.3504 19
17.3567 19
17.363 19
17.3693 19
17.3756 20
17.3819 20
17.3882 20
17.3945 20
17.4008 20
17.4071 20
17.4134 20
17.4197 20
17.426 20
17.4323 20
17.4387 20
17.445 20
17.4513 20
17.4576 20
17.4639 20
17.4702 20
17.4765 20
17.4828 20
17.4891 20
17.4954 20
17.5017 21
17.508 21
17.5143 21
17.5206 21
17.5269 21
17.5332 21
17.5395 21
17.5458 21
17.5521 21
17.5584 21
17.5647 21
17.571 21
17.5773 21
17.5836 21
17.5899 21
17.5963 21
17.6026 21
17.6089 21
17.6152 21
17.6215 21
17.6278 21
17.6341 21
17.6404 22
17.6467 22
17.653 22
17.6593 22
17.6656 22
17.6719 22
17.6782 22
17.6845 22
17.6908 22
17.6971 22
17.7034 22
17.7097 22
17.716 22
17.7223 22
17.7286 22
17.7349 22
17.7412 22
17.7475 22
17.7539 22
17.7602 22
17.7665 22
17.7728 22
17.7791 23
17.7854 23
17.7917 23
17.798 23
17.8043 23
17.8106 23
17.8169 23
17.8232 23
17.8295 23
17.8358 23
17.8421 23
17.8484 23
17.8547 23
17.861 23
17.8673 23
17.8736 23
17.8799 23
17.8862 23
17.8925 23
17.8988 23
17.9051 23
17.9115 23
17.9178 23
17.9241 23
17.9304 24
17.9367 24
17.943 24
17.9493 24
17.9556 24
17.9619 24
17.9682 24
17.9745 24
17.9808 24
17.9871 24
17.9934 24
17.9997 24
18.006 24
18.0123 24
18.0186 24
18.0249 24
18.0312 24
18.0375 24
18.0438 24
18.0501 24
18.0564 24
18.0627 24
18.0691 24
18.0754 24
18.0817 24
18.088 25
18.0943 25
18.1006 25
18.1069 25
18.1132 25
18.1195 25
18.1258 25
18.1321 25
18.1384 25
18.1447 25
18.151 25
18.1573 25
18.1636 25
18.1699 25
18.1762 25
18.1825 25
18.1888 25
18.1951 25
18.2014 25
18.2077 25
18.214 25
18.2203 25
18.2267 25
18.2519 11
18.4094 11
18.4157 11
18.422 11
18.4283 11
18.4346 11
18.4409 12
18.4472 12
18.4535 12
18.4598 12
18.4661 12
18.4724 12
18.4787 12
18.485 12
18.4913 12
18.4976 12
18.5039 12
18.5102 12
18.5165 12
18.5228 13
18.5291 13
18.5355 13
18.5418 13
18.5481 13
18.5544 13
18.5607 13
18.567 13
18.5733 13
18.5796 13
18.5859 13
18.5922 13
18.5985 13
18.6048 14
18.6111 14
18.6174 14
18.6237 14
18.63 14
18.6363 14
18.6426 14
18.6489 14
18.6552 14
18.6615 14
18.6678 14
18.6741 14
18.6805 14
18.6868 14
18.6931 14
18.7246 6
18.8064 6
18.8127 6
18.819 6
18.8253 6
18.8316 6
18.8379 6
18.8442 7
18.8505 7
18.8568 7
18.8631 7
18.8694 7
18.8757 7
18.882 7
18.8883 8
18.8948 8
18.9263 3
18.9852 3
18.9915 3
19.0058 3
19.0121 4
19.0184 4
19.0322 4
19.0386 4
19.0449 5
19.0512 5
19.0585 5
19.0649 5
19.0713 5
19.0778 5
19.0842 6
19.0908 6
19.0973 6
19.1037 6
19.1102 6
19.1166 6
19.123 7
19.1614 2
19.3166 2
19.323 2
19.3428 3
19.3495 3
19.3703 3
19.4113 2
19.5474 2
19.5537 2
19.5747 3
19.5813 3
19.6026 3
19.6091 4
19.6155 4
19.6307 4
19.6374 4
19.6652 2
19.6923 2
19.7121 2
19.7185 3
19.7381 3
19.7444 3
19.751 4
19.7643 4
19.7708 4
19.7773 4
19.784 4
19.791 5
19.7977 5
19.8047 5
19.8113 5
19.8189 5
19.8254 6
19.8318 6
19.9041 2
20.0116 2
20.0179 2
20.0333 3
20.0396 3
20.0549 3
20.0612 4
20.0675 4
20.0759 4
20.0824 4
20.0888 4
20.0951 5
20.1014 5
20.1077 5
20.114 5
20.1203 5
20.1266 6
20.1329 6
20.1392 6
20.1455 6
20.1518 6
20.1581 6
20.1644 7
20.1707 7
20.177 7
20.1833 7
20.1896 7
20.1959 7
20.2023 7
20.2086 7
20.2149 8
20.2212 8
20.2275 8
20.2338 8
20.2401 8
20.2464 8
20.2527 8
20.259 8
20.2653 9
20.2716 9
20.2779 9
20.2842 9
20.2905 9
20.2968 9
20.3031 9
20.3094 9
20.3157 9
20.322 9
20.3283 10
20.3346 10
20.3409 10
20.3472 10
20.3535 10
20.3599 10
20.3662 10
20.3725 10
20.3788 10
20.3851 10
20.3914 11
20.3977 11
20.404 11
20.4103 11
20.4166 11
20.4229 11
20.4292 11
20.4355 11
20.4418 11
20.4481 11
20.4544 11
20.4607 11
20.4671 12
20.4734 12
20.4797 12
20.486 12
20.4923 12
20.4986 12
20.505 12
20.5113 12
20.5176 12
20.5239 12
20.5302 12
20.5365 12
20.5428 13
20.5491 13
20.5554 13
20.5617 13
20.568 13
20.5743 13
20.5807 13
20.587 13
20.5933 13
20.5996 13
20.6059 13
20.6122 13
20.6185 13
20.6248 13
20.6312 14
20.6375 14
20.6438 14
20.6501 14
20.6564 14
20.6627 14
20.669 14
20.6753 14
20.6817 14
20.6881 14
20.6946 14
20.701 14
20.7075 14
20.7138 14
20.7202 15
20.7265 15
20.7328 15
20.7393 15
20.7459 15
20.7523 15
20.7587 15
20.7652 15
20.7717 15
20.7781 15
20.7847 15
20.7911 15
20.7974 15
20.8039 15
20.8103 15
20.8168 15
20.8233 16
20.83 16
20.8363 16
20.8427 16
20.8493 16
20.8558 16
20.8622 16
20.8688 16
20.8752 16
20.8819 16
20.8882 16
20.8948 16
20.9012 16
20.9075 16
20.9138 16
20.9201 16
20.9264 17
20.9327 17
20.939 17
20.9453 17
20.9516 17
20.9579 17
20.9642 17
20.9705 17
20.9768 17
20.9832 17
20.9895 17
20.9958 17
21.0021 17
21.0084 17
21.0147 17
21.021 17
21.0273 17
21.0336 17
21.0399 18
21.0462 18
21.0525 18
21.0588 18
21.0651 18
21.0714 18
21.0777 18
21.084 18
21.0903 18
21.0966 18
21.1029 18
21.1092 18
21.1155 18
21.1218 18
21.1281 18
21.1344 18
21.1408 18
21.1471 18
21.1534 18
21.1597 19
21.166 19
21.1723 19
21.1786 19
21.1849 19
21.1912 19
21.1975 19
21.2038 19
21.2101 19
21.2164 19
21.2227 19
21.229 19
21.2353 19
21.2416 19
21.2479 19
21.2542 19
21.2605 19
21.2668 19
21.2731 19
21.2794 20
21.2857 20
21.292 20
21.2984 20
21.3047 20
21.311 20
21.3173 20
21.3236 20
21.3299 20
21.3362 20
21.3425 20
21.3488 20
21.3551 20
21.3614 20
21.3677 20
21.374 20
21.3803 20
21.3866 20
21.3929 20
21.3992 20
21.4055 20
21.4118 21
21.4181 21
21.4244 21
21.4307 21
21.437 21
21.4433 21
21.4496 21
21.456 21
21.4623 21
21.4686 21
21.4749 21
21.4812 21
21.4875 21
21.4938 21
21.5001 21
21.5064 21
21.5127 21
21.519 21
21.5253 21
21.5316 21
21.5379 21
21.5442 22
21.5505 22
21.5568 22
21.5631 22
21.5694 22
21.5757 22
21.582 22
21.5883 22
21.5946 22
21.6009 22
21.6072 22
21.6136 22
21.6199 22
21.6262 22
21.6325 22
21.6388 22
21.6451 22
21.6514 22
21.6577 22
21.664 22
21.6703 22
21.6766 22
21.6829 22
21.6892 23
21.6955 23
21.7018 23
21.7081 23
21.7144 23
21.7209 23
21.7273 23
21.7336 23
21.7399 23
21.7462 23
21.7525 23
21.7588 23
21.7651 23
21.7714 23
21.7777 23
21.784 23
21.7903 23
21.7966 23
21.8029 23
21.8092 23
21.8155 23
21.8218 23
21.8281 23
21.8344 23
21.8407 24
21.8471 24
21.8534 24
21.8597 24
21.866 24
21.8723 24
21.8786 24
21.8849 24
21.8912 24
21.8975 24
21.9038 24
21.9101 24
21.9164 24
21.9227 24
21.929 24
21.9353 24
21.9416 24
21.9479 24
21.9542 24
21.9605 24
21.9668 24
21.9731 24
21.9794 24
21.9857 24
21.992 25
21.9983 25
22.0047 25
22.011 25
22.0173 25
22.0236 25
22.0299 25
22.0362 25
22.0425 25
22.0488 25
22.0551 25
22.0614 25
22.0677 25
22.074 25
22.0803 25
22.0866 25
22.0929 25
22.0992 25
22.1058 25
22.1121 25
22.1184 25
22.1247 25
22.131 25
22.1373 25
22.1436 25
22.1499 25
22.1562 26
22.1625 26
22.1688 26
22.1751 26
22.1814 26
22.1877 26
22.194 26
22.2003 26
22.2066 26
22.2129 26
22.2192 26
22.2255 26
22.2318 26
22.2382 26
22.2445 26
22.2508 26
22.2571 26
22.2634 26
22.2697 26
22.276 26
22.2823 26
22.2886 26
22.2949 26
22.3012 26
22.3076 26
22.314 26
22.3204 26
22.3268 27
22.3331 27
22.3394 27
22.3457 27
22.352 27
22.3583 27
22.3646 27
22.3709 27
22.3773 27
22.3836 27
22.3899 27
22.3962 27
22.4025 27
22.4088 27
22.4151 27
22.4214 27
22.4277 27
22.434 27
22.4403 27
22.4466 27
22.4529 27
22.4592 27
22.4655 27
22.4718 27
22.4781 27
22.4844 27
22.4907 27
22.497 27
22.5033 28
22.5096 28
22.5159 28
22.5222 28
22.5285 28
22.5349 28
22.5412 28
22.5475 28
22.5538 28
22.5601 28
22.5664 28
22.5727 28
22.579 28
22.5853 28
22.5916 28
22.5979 28
22.6042 28
22.6105 28
22.6168 28
22.6231 28
22.6294 28
22.6357 28
22.642 28
22.6483 28
22.6546 28
22.6609 28
22.6672 28
22.6735 28
22.6798 29
22.6861 29
22.6925 29
22.6988 29
22.7051 29
22.7114 29
22.7177 29
22.724 29
22.7303 29
22.7366 29
22.7429 29
22.7492 29
22.7555 29
22.7618 29
22.7681 29
22.7744 29
22.7807 29
22.787 29
22.7933 29
22.7996 29
22.8059 29
22.8122 29
22.8185 29
22.8248 29
22.8311 29
22.8374 29
22.8437 29
22.8501 29
22.8564 29
22.8627 29
22.869 30
22.8753 30
22.8816 30
22.8879 30
22.8942 30
22.9005 30
22.9068 30
22.9131 30
22.9194 30
22.9257 30
22.932 30
22.9383 30
22.9446 30
22.9509 30
22.9572 30
22.9635 30
22.9698 30
22.9761 30
22.9824 30
22.9887 30
22.995 30
23.0013 30
23.0077 30
23.014 30
23.0203 30
23.0266 30
23.0329 30
23.0392 30
23.0455 30
23.0518 30
23.0581 30
23.0644 31
23.0707 31
23.077 31
23.0833 31
23.0896 31
23.0959 31
23.1022 31
23.1085 31
23.1148 31
23.1211 31
23.1274 31
23.1337 31
23.14 31
23.1463 31
23.1526 31
23.1589 31
23.1653 31
23.1716 31
23.1779 31
23.1842 31
23.1905 31
23.1968 31
23.2031 31
23.2094 31
23.2157 31
23.222 31
23.2283 31
23.2346 31
23.2409 31
23.2473 31
23.2537 31
23.285 14
23.4805 14
23.4868 14
23.4932 14
23.4995 14
23.5058 14
23.5121 14
23.5184 14
23.5247 15
23.531 15
23.5373 15
23.5436 15
23.5499 15
23.5562 15
23.5625 15
23.5688 15
23.5751 15
23.5814 15
23.5877 15
23.6127 6
23.7012 6
23.7075 6
23.7138 6
23.7201 7
23.7264 7
23.7327 7
23.739 7
23.7453 7
23.7516 7
23.7579 7
23.7642 8
23.7705 8
23.7768 8
23.7832 8
23.7895 8
23.7958 8
23.8021 8
23.8084 8
23.8147 8
23.821 9
23.8273 9
23.8336 9
23.8399 9
23.8462 9
23.8525 9
23.8588 9
23.8651 9
23.8714 9
23.8777 10
23.884 10
23.8903 10
23.8966 10
23.9029 10
23.9092 10
23.9155 10
23.9218 10
23.9281 10
23.9344 10
23.9408 10
23.9471 11
23.9534 11
23.9597 11
23.966 11
23.9723 11
23.9786 11
23.9849 11
23.9912 11
23.9975 11
24.0038 11
24.0101 11
24.0165 12
24.0228 12
24.0291 12
24.0355 12
24.0418 12
24.0481 12
24.0544 12
24.0607 12
24.067 12
24.0733 12
24.1047 5
24.1739 5
24.1802 5
24.1865 5
24.1928 5
24.1991 5
24.2055 6
24.2118 6
24.2181 6
24.2244 6
24.2307 6
24.237 6
24.2433 7
24.2496 7
24.256 7
24.2624 7
24.2873 2
24.3251 2
24.3442 3
24.3505 3
24.3689 3
24.3752 4
24.3815 4
24.3935 4
24.3999 4
24.4066 4
24.4131 5
24.4197 5
24.426 5
24.4326 5
24.4394 5
24.4459 6
24.4526 6
24.459 6
24.4657 6
24.472 6
24.4784 6
24.4849 7
24.4916 7
24.498 7
24.5043 7
24.5106 7
24.5169 7
24.5232 7
24.5295 7
24.5358 8
24.5421 8
24.5484 8
24.5547 8
24.561 8
24.5673 8
24.5736 8
24.5799 8
24.5862 9
24.5925 9
24.5988 9
24.6051 9
24.6115 9
24.6178 9
24.6241 9
24.6304 9
24.6367 9
24.643 9
24.6493 10
24.6556 10
24.6619 10
24.6682 10
24.6745 10
24.6808 10
24.6871 10
24.6934 10
24.6997 10
24.706 10
24.7123 11
24.7186 11
24.7249 11
24.7312 11
24.7375 11
24.7438 11
24.7501 11
24.7564 11
24.7627 11
24.7691 11
24.7754 11
24.7817 11
24.788 12
24.7943 12
24.8006 12
24.8069 12
24.8132 12
24.8195 12
24.8258 12
24.8321 12
24.8384 12
24.8447 12
24.851 12
24.8573 12
24.8636 13
24.8699 13
24.8762 13
24.8825 13
24.8888 13
24.8951 13
24.9014 13
24.9077 13
24.914 13
24.9203 13
24.9267 13
24.933 13
24.9393 13
24.9456 13
24.9519 14
24.9582 14
24.9645 14
24.9708 14
24.9771 14
24.9834 14
24.9897 14
24.996 14
