175 0.792801
175.01 0.786347
175.02 0.827733
175.03 0.951893
175.04 0.827733
175.05 0.662187
175.06 0.703573
175.07 0.6208
175.08 0.538027
175.09 0.827733
175.1 0.86912
175.11 0.86912
175.12 0.827733
175.13 0.786347
175.14 0.910507
175.15 0.703573
175.16 0.786347
175.17 0.910507
175.18 0.827733
175.19 0.786347
175.2 0.827733
175.21 0.827733
175.22 0.74496
175.23 0.786347
175.24 0.74496
175.25 0.786347
175.26 0.86912
175.27 0.662187
175.28 0.910507
175.29 0.910507
175.3 1.03467
175.31 0.74496
175.32 1.03467
175.33 1.03467
175.34 0.827733
175.35 0.662187
175.36 0.74496
175.37 0.579413
175.38 0.86912
175.39 0.86912
175.4 0.74496
175.41 0.827733
175.42 0.786347
175.43 0.786347
175.44 0.827733
175.45 0.786347
175.46 0.951893
175.47 0.827733
175.48 0.86912
175.49 0.910507
175.5 0.86912
175.51 0.786347
175.52 0.786347
175.53 0.74496
175.54 0.827733
175.55 0.910507
175.56 0.662187
175.57 0.827733
175.58 0.74496
175.59 0.910507
175.6 0.827733
175.61 0.86912
175.62 0.827733
175.63 0.951893
175.64 0.86912
175.65 0.86912
175.66 0.74496
175.67 0.827733
175.68 0.99328
175.69 0.86912
175.7 0.786347
175.71 0.703573
175.72 0.910507
175.73 0.86912
175.74 0.827733
175.75 0.786347
175.76 0.86912
175.77 0.74496
175.78 0.827733
175.79 0.86912
175.8 0.703573
175.81 0.827733
175.82 0.86912
175.83 0.786347
175.84 0.910507
175.85 0.910507
175.86 0.910507
175.87 0.74496
175.88 0.827733
175.89 0.786347
175.9 0.827733
175.91 0.86912
175.92 0.910507
175.93 0.786347
175.94 0.827733
175.95 0.86912
175.96 0.74496
175.97 0.827733
175.98 0.74496
175.99 0.786347
176 0.86912
176.01 0.827733
176.02 0.74496
176.03 0.86912
176.04 0.86912
176.05 0.99328
176.06 0.827733
176.07 0.86912
176.08 0.86912
176.09 0.827733
176.1 0.74496
176.11 0.910507
176.12 0.827733
176.13 0.827733
176.14 0.703573
176.15 0.86912
176.16 0.786347
176.17 0.910507
176.18 0.910507
176.19 0.703573
176.2 0.662187
176.21 0.827733
176.22 0.951893
176.23 0.910507
176.24 0.86912
176.25 0.951893
176.26 0.827733
176.27 0.827733
176.28 0.86912
176.29 0.827733
176.3 0.74496
176.31 0.74496
176.32 0.74496
176.33 0.86912
176.34 0.786347
176.35 0.827733
176.36 0.6208
176.37 0.951893
176.38 0.951893
176.39 0.74496
176.4 0.786347
176.41 0.99328
176.42 0.786347
176.43 0.74496
176.44 0.86912
176.45 0.951893
176.46 0.786347
176.47 0.827733
176.48 0.910507
176.49 0.827733
176.5 0.86912
176.51 0.910507
176.52 0.827733
176.53 0.74496
176.54 0.74496
176.55 0.703573
176.56 0.86912
176.57 0.827733
176.58 0.910507
176.59 0.827733
176.6 0.74496
176.61 0.703573
176.62 0.910507
176.63 0.74496
176.64 0.786347
176.65 0.827733
176.66 0.86912
176.67 0.74496
176.68 0.86912
176.69 0.827733
176.7 0.703573
176.71 0.74496
176.72 0.827733
176.73 0.86912
176.74 0.786347
176.75 0.786347
176.76 0.827733
176.77 0.786347
176.78 0.86912
176.79 0.786347
176.8 0.786347
176.81 0.662187
176.82 0.951893
176.83 0.74496
176.84 0.951893
176.85 0.827733
176.86 0.86912
176.87 0.951893
176.88 0.910507
176.89 0.86912
176.9 0.827733
176.91 0.86912
176.92 0.74496
176.93 0.86912
176.94 0.86912
176.95 0.86912
176.96 0.86912
176.97 0.786347
176.98 0.703573
176.99 0.538027
177 0.74496
177.01 0.49664
177.02 0.827733
177.03 0.86912
177.04 0.786347
177.05 0.786347
177.06 0.951893
177.07 0.99328
177.08 0.910507
177.09 0.74496
177.1 0.786347
177.11 0.74496
177.12 0.74496
177.13 0.86912
177.14 0.74496
177.15 0.74496
177.16 0.703573
177.17 0.703573
177.18 0.538027
177.19 0.49664
177.2 0.827733
177.21 0.827733
177.22 0.786347
177.23 0.827733
177.24 0.86912
177.25 0.951893
177.26 0.74496
177.27 0.951893
177.28 0.827733
177.29 0.86912
177.3 0.662187
177.31 0.6208
177.32 0.703573
177.33 0.662187
177.34 0.827733
177.35 0.662187
177.36 0.662187
177.37 0.910507
177.38 0.827733
177.39 0.827733
177.4 0.827733
177.41 0.74496
177.42 0.951893
177.43 0.827733
177.44 0.951893
177.45 0.86912
177.46 0.703573
177.47 0.827733
177.48 0.703573
177.49 0.74496
177.5 0.6208
177.51 0.703573
177.52 0.786347
177.53 0.74496
177.54 0.827733
177.55 0.786347
177.56 0.910507
177.57 0.703573
177.58 0.86912
177.59 0.951893
177.6 0.86912
177.61 0.86912
177.62 0.827733
177.63 0.786347
177.64 0.74496
177.65 0.827733
177.66 0.827733
177.67 0.703573
177.68 0.703573
177.69 0.86912
177.7 0.910507
177.71 0.74496
177.72 0.786347
177.73 0.74496
177.74 0.74496
177.75 0.86912
177.76 0.74496
177.77 0.786347
177.78 0.827733
177.79 0.827733
177.8 0.951893
177.81 0.74496
177.82 0.827733
177.83 0.827733
177.84 0.827733
177.85 0.827733
177.86 0.827733
177.87 0.703573
177.88 0.86912
177.89 0.86912
177.9 0.703573
177.91 0.703573
177.92 0.74496
177.93 0.910507
177.94 0.910507
177.95 0.74496
177.96 0.86912
177.97 0.74496
177.98 0.86912
177.99 0.827733
178 0.786347
178.01 0.703573
178.02 0.910507
178.03 0.910507
178.04 0.827733
178.05 0.827733
178.06 0.99328
178.07 0.703573
178.08 0.827733
178.09 0.74496
178.1 0.827733
178.11 0.786347
178.12 0.827733
178.13 0.703573
178.14 0.786347
178.15 0.86912
178.16 0.703573
178.17 0.827733
178.18 0.74496
178.19 0.951893
178.2 0.786347
178.21 0.74496
178.22 0.86912
178.23 0.910507
178.24 0.951893
178.25 0.74496
178.26 0.786347
178.27 0.827733
178.28 0.827733
178.29 0.74496
178.3 0.786347
178.31 0.86912
178.32 0.74496
178.33 0.6208
178.34 0.827733
178.35 0.827733
178.36 0.74496
178.37 0.786347
178.38 0.910507
178.39 0.827733
178.4 0.74496
178.41 0.827733
178.42 0.786347
178.43 0.786347
178.44 0.910507
178.45 0.86912
178.46 0.74496
178.47 0.86912
178.48 0.74496
178.49 0.827733
178.5 0.786347
178.51 0.827733
178.52 0.827733
178.53 0.827733
178.54 0.786347
178.55 0.786347
178.56 0.662187
178.57 0.786347
178.58 0.74496
178.59 0.910507
178.6 0.910507
178.61 0.827733
178.62 0.951893
178.63 0.910507
178.64 0.86912
178.65 0.910507
178.66 0.910507
178.67 0.662187
178.68 0.827733
178.69 0.662187
178.7 0.74496
178.71 0.827733
178.72 0.703573
178.73 0.74496
178.74 0.827733
178.75 0.99328
178.76 0.827733
178.77 0.662187
178.78 0.74496
178.79 0.703573
178.8 0.538027
178.81 0.86912
178.82 0.703573
178.83 0.910507
178.84 0.910507
178.85 0.86912
178.86 0.786347
178.87 0.827733
178.88 0.703573
178.89 0.74496
178.9 0.951893
178.91 0.910507
178.92 0.910507
178.93 0.786347
178.94 0.827733
178.95 0.827733
178.96 0.86912
178.97 0.786347
178.98 0.786347
178.99 0.827733
179 0.662187
179.01 0.86912
179.02 0.786347
179.03 0.910507
179.04 0.786347
179.05 0.74496
179.06 0.827733
179.07 0.99328
179.08 0.86912
179.09 0.827733
179.1 0.662187
179.11 0.703573
179.12 0.538027
179.13 0.827733
179.14 0.786347
179.15 0.703573
179.16 0.786347
179.17 1.07605
179.18 0.99328
179.19 0.86912
179.2 0.786347
179.21 0.703573
179.22 0.910507
179.23 0.86912
179.24 0.910507
179.25 0.86912
179.26 0.786347
179.27 0.910507
179.28 0.86912
179.29 0.827733
179.3 0.74496
179.31 0.827733
179.32 0.786347
179.33 0.86912
179.34 0.827733
179.35 0.703573
179.36 0.827733
179.37 0.786347
179.38 0.703573
179.39 0.74496
179.4 0.827733
179.41 0.951893
179.42 1.07605
179.43 0.99328
179.44 0.827733
179.45 0.74496
179.46 0.662187
179.47 0.786347
179.48 0.827733
179.49 0.662187
179.5 0.951893
179.51 0.86912
179.52 0.910507
179.53 0.99328
179.54 0.910507
179.55 0.6208
179.56 0.662187
179.57 0.86912
179.58 0.86912
179.59 0.86912
179.6 0.99328
179.61 0.703573
179.62 0.99328
179.63 0.99328
179.64 0.827733
179.65 0.74496
179.66 0.786347
179.67 0.827733
179.68 0.786347
179.69 0.827733
179.7 0.662187
179.71 0.951893
179.72 0.827733
179.73 0.827733
179.74 0.74496
179.75 0.786347
179.76 0.827733
179.77 0.86912
179.78 0.662187
179.79 0.86912
179.8 0.74496
179.81 0.579413
179.82 0.786347
179.83 0.99328
179.84 0.786347
179.85 0.86912
179.86 0.951893
179.87 0.86912
179.88 0.951893
179.89 0.703573
179.9 0.910507
179.91 0.703573
179.92 0.786347
179.93 0.910507
179.94 0.6208
179.95 0.86912
179.96 0.662187
179.97 0.786347
179.98 0.86912
179.99 0.99328
180 1.03467
180.01 0.6208
180.02 0.86912
180.03 0.74496
180.04 0.703573
180.05 0.786347
180.06 0.951893
180.07 0.703573
180.08 0.827733
180.09 0.786347
180.1 0.951893
180.11 1.03467
180.12 0.827733
180.13 0.703573
180.14 0.703573
180.15 0.455253
180.16 0.951893
180.17 0.786347
180.18 0.86912
180.19 0.703573
180.2 0.786347
180.21 0.86912
180.22 0.99328
180.23 0.951893
180.24 0.827733
180.25 0.703573
180.26 0.74496
180.27 0.703573
180.28 0.579413
180.29 0.86912
180.3 0.951893
180.31 0.86912
180.32 0.99328
180.33 0.86912
180.34 0.74496
180.35 0.6208
180.36 0.538027
180.37 0.827733
180.38 0.827733
180.39 0.74496
180.4 0.99328
180.41 0.86912
180.42 0.86912
180.43 0.703573
180.44 0.6208
180.45 0.786347
180.46 0.827733
180.47 0.910507
180.48 0.786347
180.49 0.74496
180.5 0.827733
180.51 0.827733
180.52 0.910507
180.53 0.74496
180.54 0.786347
180.55 0.662187
180.56 0.786347
180.57 0.6208
180.58 0.86912
180.59 0.99328
180.6 0.951893
180.61 0.827733
180.62 0.910507
180.63 0.910507
180.64 0.74496
180.65 0.49664
180.66 0.786347
180.67 0.910507
180.68 0.86912
180.69 0.786347
180.7 0.827733
180.71 0.86912
180.72 0.99328
180.73 0.827733
180.74 0.662187
180.75 0.827733
180.76 0.910507
180.77 0.786347
180.78 0.910507
180.79 0.74496
180.8 0.827733
180.81 0.827733
180.82 0.99328
180.83 0.827733
180.84 0.662187
180.85 0.786347
180.86 0.786347
180.87 0.786347
180.88 0.703573
180.89 0.786347
180.9 0.910507
180.91 0.827733
180.92 0.827733
180.93 0.86912
180.94 0.786347
180.95 0.86912
180.96 0.786347
180.97 0.86912
180.98 0.951893
180.99 0.74496
181 0.74496
181.01 0.86912
181.02 0.786347
181.03 0.827733
181.04 0.86912
181.05 0.910507
181.06 0.910507
181.07 0.74496
181.08 0.786347
181.09 0.910507
181.1 0.86912
181.11 0.827733
181.12 0.827733
181.13 0.910507
181.14 0.910507
181.15 1.03467
181.16 0.703573
181.17 0.703573
181.18 0.74496
181.19 0.827733
181.2 0.74496
181.21 0.703573
181.22 0.86912
181.23 0.951893
181.24 0.86912
181.25 0.786347
181.26 0.910507
181.27 0.827733
181.28 0.74496
181.29 0.662187
181.3 0.827733
181.31 0.951893
181.32 0.786347
181.33 0.74496
181.34 0.827733
181.35 0.86912
181.36 0.951893
181.37 0.86912
181.38 0.910507
181.39 0.786347
181.4 0.827733
181.41 0.786347
181.42 0.86912
181.43 0.786347
181.44 0.74496
181.45 0.827733
181.46 0.910507
181.47 0.910507
181.48 0.703573
181.49 0.951893
181.5 0.910507
181.51 0.74496
181.52 0.786347
181.53 0.86912
181.54 0.786347
181.55 0.827733
181.56 0.74496
181.57 0.86912
181.58 0.99328
181.59 0.786347
181.6 0.910507
181.61 0.86912
181.62 0.827733
181.63 0.703573
181.64 0.74496
181.65 0.86912
181.66 0.827733
181.67 0.86912
181.68 0.74496
181.69 0.74496
181.7 0.74496
181.71 0.827733
181.72 0.86912
181.73 0.827733
181.74 0.703573
181.75 0.786347
181.76 0.74496
181.77 0.86912
181.78 0.99328
181.79 0.86912
181.8 0.662187
181.81 0.86912
181.82 0.703573
181.83 0.951893
181.84 0.786347
181.85 0.74496
181.86 0.74496
181.87 0.74496
181.88 0.703573
181.89 0.951893
181.9 0.786347
181.91 0.786347
181.92 0.786347
181.93 0.786347
181.94 0.827733
181.95 0.662187
181.96 0.74496
181.97 0.910507
181.98 0.827733
181.99 0.786347
182 0.74496
182.01 0.827733
182.02 0.786347
182.03 0.74496
182.04 0.74496
182.05 0.703573
182.06 0.86912
182.07 0.86912
182.08 0.910507
182.09 0.910507
182.1 0.827733
182.11 0.703573
182.12 0.99328
182.13 0.74496
182.14 0.703573
182.15 0.786347
182.16 0.99328
182.17 1.2416
182.18 1.15883
182.19 0.662187
182.2 0.74496
182.21 0.951893
182.22 0.786347
182.23 0.703573
182.24 0.74496
182.25 0.6208
182.26 0.827733
182.27 0.579413
182.28 0.703573
182.29 0.86912
182.3 0.662187
182.31 0.910507
182.32 0.827733
182.33 0.6208
182.34 0.786347
182.35 0.86912
182.36 0.910507
182.37 0.910507
182.38 0.74496
182.39 0.74496
182.4 0.74496
182.41 0.74496
182.42 0.662187
182.43 0.910507
182.44 0.99328
182.45 0.951893
182.46 0.86912
182.47 0.74496
182.48 0.703573
182.49 0.74496
182.5 0.951893
182.51 0.786347
182.52 0.827733
182.53 0.74496
182.54 0.74496
182.55 0.6208
182.56 0.786347
182.57 0.827733
182.58 0.86912
182.59 0.910507
182.6 0.910507
182.61 0.786347
182.62 0.74496
182.63 0.910507
182.64 0.910507
182.65 0.827733
182.66 0.86912
182.67 0.910507
182.68 0.74496
182.69 0.827733
182.7 0.74496
182.71 0.74496
182.72 0.99328
182.73 0.910507
182.74 0.786347
182.75 0.86912
182.76 0.86912
182.77 0.703573
182.78 0.703573
182.79 0.74496
182.8 0.662187
182.81 0.910507
182.82 0.74496
182.83 0.827733
182.84 0.703573
182.85 0.827733
182.86 0.910507
182.87 0.86912
182.88 0.99328
182.89 0.786347
182.9 0.86912
182.91 0.786347
182.92 0.786347
182.93 0.827733
182.94 0.951893
182.95 0.786347
182.96 1.03467
182.97 0.827733
182.98 0.662187
182.99 0.951893
183 0.74496
183.01 0.827733
183.02 0.74496
183.03 0.951893
183.04 0.786347
183.05 0.86912
183.06 0.786347
183.07 0.86912
183.08 0.786347
183.09 0.662187
183.1 0.827733
183.11 0.703573
183.12 0.910507
183.13 0.86912
183.14 0.951893
183.15 0.662187
183.16 0.827733
183.17 0.703573
183.18 0.703573
183.19 0.827733
183.2 0.74496
183.21 0.827733
183.22 0.86912
183.23 0.786347
183.24 0.910507
183.25 0.99328
183.26 0.786347
183.27 0.786347
183.28 0.99328
183.29 0.662187
183.3 0.74496
183.31 0.910507
183.32 0.74496
183.33 0.951893
183.34 0.827733
183.35 0.951893
183.36 0.86912
183.37 0.74496
183.38 0.827733
183.39 0.74496
183.4 0.827733
183.41 0.703573
183.42 0.74496
183.43 0.951893
183.44 0.703573
183.45 0.86912
183.46 0.86912
183.47 0.827733
183.48 0.951893
183.49 0.786347
183.5 0.74496
183.51 0.786347
183.52 0.827733
183.53 0.827733
183.54 0.703573
183.55 0.86912
183.56 0.703573
183.57 0.703573
183.58 0.827733
183.59 0.827733
183.6 0.786347
183.61 0.951893
183.62 0.910507
183.63 0.703573
183.64 0.86912
183.65 0.86912
183.66 0.86912
183.67 0.827733
183.68 0.86912
183.69 0.74496
183.7 0.827733
183.71 0.74496
183.72 0.827733
183.73 0.86912
183.74 0.786347
183.75 0.827733
183.76 0.703573
183.77 0.74496
183.78 0.74496
183.79 0.86912
183.8 0.910507
183.81 0.827733
183.82 0.74496
183.83 0.99328
183.84 0.910507
183.85 0.786347
183.86 0.827733
183.87 0.910507
183.88 0.786347
183.89 0.827733
183.9 0.786347
183.91 0.74496
183.92 0.74496
183.93 0.827733
183.94 0.786347
183.95 0.703573
183.96 0.86912
183.97 0.786347
183.98 0.6208
183.99 0.827733
184 0.74496
184.01 0.827733
184.02 0.827733
184.03 0.86912
184.04 0.786347
184.05 0.703573
184.06 0.827733
184.07 0.910507
184.08 0.74496
184.09 0.786347
184.1 0.74496
184.11 0.703573
184.12 0.74496
184.13 0.786347
184.14 0.827733
184.15 0.703573
184.16 0.786347
184.17 0.74496
184.18 0.827733
184.19 0.827733
184.2 0.703573
184.21 0.74496
184.22 0.827733
184.23 0.827733
184.24 0.6208
184.25 0.951893
184.26 0.786347
184.27 0.786347
184.28 0.786347
184.29 0.827733
184.3 0.827733
184.31 0.86912
184.32 0.86912
184.33 0.703573
184.34 0.786347
184.35 0.86912
184.36 0.827733
184.37 0.827733
184.38 0.86912
184.39 0.786347
184.4 0.6208
184.41 0.6208
184.42 0.662187
184.43 1.07605
184.44 0.86912
184.45 0.827733
184.46 0.951893
184.47 0.910507
184.48 0.910507
184.49 0.74496
184.5 0.538027
184.51 0.703573
184.52 0.49664
184.53 0.827733
184.54 0.827733
184.55 0.786347
184.56 0.579413
184.57 0.538027
184.58 0.951893
184.59 0.86912
184.6 0.951893
184.61 0.786347
184.62 0.786347
184.63 0.6208
184.64 0.74496
184.65 0.786347
184.66 0.86912
184.67 0.74496
184.68 0.827733
184.69 0.827733
184.7 0.74496
184.71 0.6208
184.72 0.6208
184.73 0.99328
184.74 0.74496
184.75 0.827733
184.76 0.910507
184.77 0.74496
184.78 0.951893
184.79 0.827733
184.8 0.703573
184.81 0.6208
184.82 0.827733
184.83 0.86912
184.84 0.662187
184.85 0.786347
184.86 0.538027
184.87 0.827733
184.88 1.03467
184.89 0.827733
184.9 0.910507
184.91 0.910507
184.92 0.786347
184.93 0.662187
184.94 0.86912
184.95 0.86912
184.96 0.74496
184.97 0.827733
184.98 0.86912
184.99 0.910507
185 0.786347
185.01 0.6208
185.02 0.74496
185.03 0.827733
185.04 0.827733
185.05 0.74496
185.06 0.910507
185.07 0.827733
185.08 0.910507
185.09 0.827733
185.1 0.74496
185.11 0.662187
185.12 0.827733
185.13 0.703573
185.14 0.74496
185.15 0.74496
185.16 0.86912
185.17 0.74496
185.18 0.951893
185.19 0.910507
185.2 0.951893
185.21 0.74496
185.22 0.951893
185.23 0.786347
185.24 0.74496
185.25 0.786347
185.26 0.99328
185.27 0.86912
185.28 0.786347
185.29 0.827733
185.3 0.662187
185.31 0.86912
185.32 0.74496
185.33 0.74496
185.34 0.74496
185.35 0.74496
185.36 0.827733
185.37 0.86912
185.38 0.86912
185.39 0.86912
185.4 0.786347
185.41 0.910507
185.42 0.910507
185.43 0.74496
185.44 0.786347
185.45 0.86912
185.46 0.827733
185.47 0.662187
185.48 0.74496
185.49 0.703573
185.5 0.827733
185.51 0.703573
185.52 0.74496
185.53 0.910507
185.54 0.786347
185.55 0.910507
185.56 0.86912
185.57 0.86912
185.58 0.827733
185.59 0.99328
185.6 0.827733
185.61 0.827733
185.62 0.827733
185.63 0.703573
185.64 0.827733
185.65 0.827733
185.66 0.86912
185.67 0.827733
185.68 0.74496
185.69 0.703573
185.7 0.74496
185.71 0.86912
185.72 0.827733
185.73 0.827733
185.74 0.86912
185.75 0.74496
185.76 0.827733
185.77 1.03467
185.78 0.74496
185.79 0.86912
185.8 0.910507
185.81 0.74496
185.82 0.786347
185.83 0.703573
185.84 0.827733
185.85 0.827733
185.86 0.786347
185.87 0.74496
185.88 0.662187
185.89 0.827733
185.9 0.827733
185.91 0.786347
185.92 0.74496
185.93 0.86912
185.94 0.86912
185.95 0.86912
185.96 0.827733
185.97 0.86912
185.98 0.786347
185.99 0.86912
186 0.910507
186.01 0.786347
186.02 0.951893
186.03 0.786347
186.04 0.703573
186.05 0.703573
186.06 0.786347
186.07 0.86912
186.08 0.827733
186.09 0.662187
186.1 0.74496
186.11 0.827733
186.12 0.786347
186.13 0.786347
186.14 0.951893
186.15 0.703573
186.16 0.74496
186.17 0.662187
186.18 0.74496
186.19 0.910507
186.2 0.951893
186.21 0.786347
186.22 0.703573
186.23 0.86912
186.24 0.703573
186.25 0.827733
186.26 0.662187
186.27 0.86912
186.28 0.786347
186.29 0.827733
186.3 0.786347
186.31 0.910507
186.32 0.74496
186.33 0.86912
186.34 0.662187
186.35 0.910507
186.36 0.827733
186.37 0.951893
186.38 0.951893
186.39 0.827733
186.4 0.786347
186.41 0.86912
186.42 0.786347
186.43 0.951893
186.44 0.703573
186.45 0.579413
186.46 0.6208
186.47 0.703573
186.48 0.910507
186.49 0.786347
186.5 0.827733
186.51 0.786347
186.52 0.579413
186.53 0.910507
186.54 0.662187
186.55 0.662187
186.56 0.74496
186.57 0.951893
186.58 0.86912
186.59 0.74496
186.6 0.662187
186.61 0.662187
186.62 0.703573
186.63 0.827733
186.64 0.827733
186.65 0.703573
186.66 0.786347
186.67 0.86912
186.68 0.910507
186.69 0.827733
186.7 0.703573
186.71 0.703573
186.72 0.703573
186.73 0.86912
186.74 0.86912
186.75 0.703573
186.76 0.579413
186.77 0.99328
186.78 0.951893
186.79 0.786347
186.8 0.827733
186.81 0.910507
186.82 0.703573
186.83 0.99328
186.84 0.827733
186.85 0.86912
186.86 0.786347
186.87 0.786347
186.88 0.74496
186.89 0.703573
186.9 0.827733
186.91 0.662187
186.92 0.827733
186.93 0.86912
186.94 0.951893
186.95 0.786347
186.96 0.662187
186.97 0.99328
186.98 0.827733
186.99 0.951893
187 0.703573
187.01 0.827733
187.02 0.703573
187.03 0.74496
187.04 0.910507
187.05 0.74496
187.06 0.579413
187.07 0.827733
187.08 0.910507
187.09 0.910507
187.1 0.703573
187.11 0.99328
187.12 0.786347
187.13 0.951893
187.14 0.86912
187.15 0.99328
187.16 0.74496
187.17 0.86912
187.18 0.86912
187.19 0.827733
187.2 0.662187
187.21 0.86912
187.22 0.910507
187.23 0.703573
187.24 0.786347
187.25 0.827733
187.26 0.74496
187.27 0.74496
187.28 0.827733
187.29 0.86912
187.3 0.99328
187.31 0.86912
187.32 0.86912
187.33 0.86912
187.34 0.703573
187.35 0.910507
187.36 0.951893
187.37 0.827733
187.38 0.703573
187.39 0.827733
187.4 0.86912
187.41 0.827733
187.42 0.74496
187.43 0.827733
187.44 0.703573
187.45 0.786347
187.46 0.910507
187.47 0.703573
187.48 0.951893
187.49 0.86912
187.5 0.951893
187.51 0.86912
187.52 0.86912
187.53 0.86912
187.54 0.99328
187.55 0.951893
187.56 0.74496
187.57 0.86912
187.58 0.662187
187.59 0.86912
187.6 0.74496
187.61 0.910507
187.62 0.703573
187.63 0.951893
187.64 0.827733
187.65 0.951893
187.66 0.703573
187.67 0.910507
187.68 0.74496
187.69 0.827733
187.7 0.951893
187.71 1.03467
187.72 0.786347
187.73 0.86912
187.74 0.910507
187.75 0.99328
187.76 0.703573
187.77 0.786347
187.78 0.786347
187.79 0.86912
187.8 0.827733
187.81 0.74496
187.82 0.786347
187.83 0.86912
187.84 0.910507
187.85 0.86912
187.86 0.827733
187.87 0.86912
187.88 0.910507
187.89 0.99328
187.9 0.910507
187.91 0.86912
187.92 0.827733
187.93 0.827733
187.94 0.910507
187.95 0.827733
187.96 0.951893
187.97 0.74496
187.98 0.827733
187.99 0.99328
188 0.703573
188.01 0.74496
188.02 0.99328
188.03 0.786347
188.04 0.910507
188.05 0.951893
188.06 0.827733
188.07 0.910507
188.08 0.827733
188.09 0.910507
188.1 0.951893
188.11 0.74496
188.12 0.827733
188.13 0.827733
188.14 0.827733
188.15 0.910507
188.16 0.6208
188.17 0.662187
188.18 0.74496
188.19 0.786347
188.2 0.827733
188.21 0.786347
188.22 0.786347
188.23 0.703573
188.24 0.910507
188.25 0.827733
188.26 0.786347
188.27 0.827733
188.28 0.74496
188.29 0.910507
188.3 0.86912
188.31 0.910507
188.32 0.910507
188.33 0.786347
188.34 0.786347
188.35 0.827733
188.36 0.662187
188.37 0.910507
188.38 0.827733
188.39 0.74496
188.4 0.951893
188.41 0.703573
188.42 0.827733
188.43 0.86912
188.44 1.07605
188.45 0.99328
188.46 0.86912
188.47 0.662187
188.48 0.786347
188.49 0.827733
188.5 0.703573
188.51 0.662187
188.52 0.579413
188.53 0.827733
188.54 0.827733
188.55 0.49664
188.56 0.910507
188.57 1.11744
188.58 0.99328
188.59 0.910507
188.6 0.910507
188.61 0.786347
188.62 0.6208
188.63 0.786347
188.64 0.827733
188.65 0.86912
188.66 0.951893
188.67 0.910507
188.68 0.74496
188.69 0.703573
188.7 0.827733
188.71 0.74496
188.72 0.86912
188.73 0.910507
188.74 0.910507
188.75 0.951893
188.76 0.827733
188.77 0.951893
188.78 0.99328
188.79 0.74496
188.8 0.74496
188.81 0.662187
188.82 0.74496
188.83 0.786347
188.84 0.455253
188.85 0.786347
188.86 0.951893
188.87 0.910507
188.88 0.99328
188.89 1.03467
188.9 0.86912
188.91 0.6208
188.92 0.910507
188.93 0.74496
188.94 0.86912
188.95 0.951893
188.96 0.827733
188.97 0.786347
188.98 0.786347
188.99 0.703573
189 0.786347
189.01 0.827733
189.02 0.910507
189.03 0.86912
189.04 0.99328
189.05 0.827733
189.06 1.03467
189.07 0.99328
189.08 0.86912
189.09 0.86912
189.1 0.827733
189.11 0.786347
189.12 0.786347
189.13 0.74496
189.14 0.786347
189.15 0.827733
189.16 1.03467
189.17 0.786347
189.18 0.910507
189.19 0.827733
189.2 0.86912
189.21 0.6208
189.22 0.86912
189.23 0.86912
189.24 0.86912
189.25 0.951893
189.26 1.07605
189.27 0.827733
189.28 0.827733
189.29 0.827733
189.3 0.74496
189.31 0.786347
189.32 0.827733
189.33 0.86912
189.34 0.910507
189.35 0.827733
189.36 0.827733
189.37 0.910507
189.38 0.910507
189.39 0.827733
189.4 0.951893
189.41 0.703573
189.42 0.951893
189.43 0.827733
189.44 0.910507
189.45 0.827733
189.46 0.827733
189.47 0.910507
189.48 0.951893
189.49 0.86912
189.5 0.786347
189.51 0.910507
189.52 0.910507
189.53 0.827733
189.54 0.703573
189.55 0.951893
189.56 0.86912
189.57 0.74496
189.58 0.86912
189.59 0.827733
189.6 0.951893
189.61 0.951893
189.62 0.827733
189.63 0.662187
189.64 0.951893
189.65 0.951893
189.66 0.86912
189.67 0.86912
189.68 0.74496
189.69 0.827733
189.7 0.74496
189.71 0.786347
189.72 0.786347
189.73 0.74496
189.74 0.74496
189.75 0.662187
189.76 0.86912
189.77 0.6208
189.78 0.910507
189.79 0.74496
189.8 0.951893
189.81 0.786347
189.82 0.910507
189.83 0.910507
189.84 0.827733
189.85 0.910507
189.86 0.786347
189.87 0.910507
189.88 0.74496
189.89 1.03467
189.9 0.827733
189.91 0.86912
189.92 0.827733
189.93 1.03467
189.94 0.951893
189.95 0.951893
189.96 0.951893
189.97 0.786347
189.98 0.86912
189.99 0.99328
190 0.827733
190.01 0.786347
190.02 0.6208
190.03 0.703573
190.04 0.910507
190.05 0.910507
190.06 0.86912
190.07 0.6208
190.08 0.827733
190.09 0.827733
190.1 0.86912
190.11 0.827733
190.12 0.827733
190.13 0.703573
190.14 0.538027
190.15 0.662187
190.16 0.827733
190.17 0.99328
190.18 1.03467
190.19 0.662187
190.2 0.910507
190.21 0.786347
190.22 0.827733
190.23 0.786347
190.24 0.86912
190.25 0.786347
190.26 1.07605
190.27 0.74496
190.28 0.951893
190.29 0.86912
190.3 0.74496
190.31 0.86912
190.32 0.86912
190.33 0.74496
190.34 0.6208
190.35 0.827733
190.36 0.86912
190.37 0.662187
190.38 0.86912
190.39 0.662187
190.4 0.786347
190.41 0.951893
190.42 1.03467
190.43 0.99328
190.44 0.827733
190.45 0.662187
190.46 0.74496
190.47 0.786347
190.48 0.86912
190.49 0.910507
190.5 0.703573
190.51 0.786347
190.52 0.86912
190.53 0.86912
190.54 0.86912
190.55 0.827733
190.56 0.86912
190.57 0.86912
190.58 1.07605
190.59 0.827733
190.6 0.786347
190.61 0.86912
190.62 0.951893
190.63 0.827733
190.64 0.74496
190.65 0.86912
190.66 0.579413
190.67 0.827733
190.68 0.951893
190.69 0.74496
190.7 0.786347
190.71 0.86912
190.72 0.662187
190.73 0.99328
190.74 0.827733
190.75 1.03467
190.76 0.786347
190.77 0.74496
190.78 0.786347
190.79 0.74496
190.8 0.910507
190.81 0.910507
190.82 0.99328
190.83 0.74496
190.84 0.86912
190.85 0.86912
190.86 0.827733
190.87 0.703573
190.88 0.910507
190.89 0.74496
190.9 0.86912
190.91 0.86912
190.92 0.786347
190.93 0.910507
190.94 0.910507
190.95 0.99328
190.96 0.703573
190.97 0.951893
190.98 0.951893
190.99 0.74496
191 0.86912
191.01 0.827733
191.02 0.786347
191.03 0.827733
191.04 0.74496
191.05 0.786347
191.06 0.786347
191.07 0.951893
191.08 0.910507
191.09 0.910507
191.1 0.910507
191.11 0.662187
191.12 0.910507
191.13 0.74496
191.14 0.86912
191.15 0.827733
191.16 0.786347
191.17 0.86912
191.18 0.703573
191.19 0.827733
191.2 0.99328
191.21 0.786347
191.22 0.910507
191.23 0.703573
191.24 0.910507
191.25 0.786347
191.26 0.910507
191.27 0.86912
191.28 0.786347
191.29 0.86912
191.3 0.786347
191.31 0.86912
191.32 0.827733
191.33 0.910507
191.34 0.910507
191.35 0.86912
191.36 0.910507
191.37 0.74496
191.38 0.99328
191.39 0.786347
191.4 0.786347
191.41 0.910507
191.42 0.703573
191.43 0.951893
191.44 0.6208
191.45 0.86912
191.46 0.786347
191.47 0.827733
191.48 0.99328
191.49 0.786347
191.5 0.786347
191.51 0.951893
191.52 0.827733
191.53 0.827733
191.54 0.86912
191.55 0.74496
191.56 0.703573
191.57 0.74496
191.58 0.703573
191.59 0.74496
191.6 0.86912
191.61 0.86912
191.62 0.827733
191.63 0.86912
191.64 0.662187
191.65 0.951893
191.66 0.86912
191.67 0.910507
191.68 0.910507
191.69 0.827733
191.7 0.827733
191.71 0.910507
191.72 0.786347
191.73 0.86912
191.74 0.827733
191.75 0.951893
191.76 0.74496
191.77 0.74496
191.78 0.662187
191.79 0.6208
191.8 0.827733
191.81 0.86912
191.82 0.703573
191.83 0.951893
191.84 0.86912
191.85 0.86912
191.86 0.86912
191.87 0.827733
191.88 0.786347
191.89 0.74496
191.9 0.74496
191.91 0.827733
191.92 0.86912
191.93 0.703573
191.94 0.786347
191.95 0.827733
191.96 0.703573
191.97 0.910507
191.98 0.910507
191.99 0.910507
192 0.951893
192.01 0.786347
192.02 0.910507
192.03 0.786347
192.04 0.74496
192.05 0.786347
192.06 0.827733
192.07 0.827733
192.08 0.74496
192.09 0.74496
192.1 0.827733
192.11 0.74496
192.12 0.951893
192.13 0.786347
192.14 0.827733
192.15 0.951893
192.16 0.951893
192.17 0.910507
192.18 0.786347
192.19 0.910507
192.2 0.86912
192.21 0.786347
192.22 0.74496
192.23 0.786347
192.24 0.86912
192.25 0.786347
192.26 0.86912
192.27 0.786347
192.28 0.703573
192.29 0.827733
192.3 0.786347
192.31 0.786347
192.32 0.827733
192.33 0.86912
192.34 0.74496
192.35 0.951893
192.36 0.786347
192.37 0.86912
192.38 0.951893
192.39 0.86912
192.4 0.910507
192.41 0.827733
192.42 0.786347
192.43 0.74496
192.44 0.827733
192.45 0.786347
192.46 0.74496
192.47 0.827733
192.48 0.786347
192.49 1.03467
192.5 0.786347
192.51 0.910507
192.52 0.951893
192.53 0.827733
192.54 0.910507
192.55 0.827733
192.56 0.99328
192.57 0.74496
192.58 0.86912
192.59 0.786347
192.6 0.74496
192.61 0.827733
192.62 0.786347
192.63 0.827733
192.64 0.662187
192.65 0.86912
192.66 0.86912
192.67 0.827733
192.68 0.86912
192.69 0.74496
192.7 0.74496
192.71 0.786347
192.72 0.99328
192.73 0.703573
192.74 0.910507
192.75 0.910507
192.76 0.86912
192.77 0.910507
192.78 0.910507
192.79 0.74496
192.8 0.74496
192.81 0.910507
192.82 0.786347
192.83 0.827733
192.84 0.827733
192.85 0.951893
192.86 0.86912
192.87 0.786347
192.88 0.786347
192.89 0.827733
192.9 0.951893
192.91 0.910507
192.92 0.910507
192.93 0.786347
192.94 0.786347
192.95 0.910507
192.96 0.786347
192.97 0.827733
192.98 0.74496
192.99 0.827733
193 0.786347
193.01 0.827733
193.02 0.786347
193.03 0.86912
193.04 0.827733
193.05 0.703573
193.06 0.99328
193.07 0.703573
193.08 0.86912
193.09 0.86912
193.1 0.951893
193.11 0.827733
193.12 0.827733
193.13 0.662187
193.14 0.786347
193.15 0.86912
193.16 0.827733
193.17 0.86912
193.18 0.74496
193.19 0.951893
193.2 0.910507
193.21 0.910507
193.22 0.827733
193.23 0.74496
193.24 0.74496
193.25 0.86912
193.26 0.99328
193.27 0.786347
193.28 0.827733
193.29 0.827733
193.3 0.827733
193.31 0.786347
193.32 0.86912
193.33 0.86912
193.34 0.74496
193.35 0.703573
193.36 0.86912
193.37 0.86912
193.38 0.74496
193.39 0.86912
193.4 0.662187
193.41 0.910507
193.42 0.86912
193.43 0.703573
193.44 0.910507
193.45 0.827733
193.46 0.951893
193.47 0.827733
193.48 0.6208
193.49 0.827733
193.5 0.86912
193.51 0.786347
193.52 0.786347
193.53 0.703573
193.54 0.74496
193.55 0.74496
193.56 0.99328
193.57 0.86912
193.58 0.910507
193.59 0.74496
193.6 1.07605
193.61 1.07605
193.62 0.827733
193.63 0.74496
193.64 0.910507
193.65 0.786347
193.66 0.86912
193.67 0.86912
193.68 0.86912
193.69 0.786347
193.7 0.74496
193.71 0.86912
193.72 0.86912
193.73 0.827733
193.74 0.86912
193.75 0.662187
193.76 0.827733
193.77 1.03467
193.78 0.703573
193.79 0.951893
193.8 0.951893
193.81 0.951893
193.82 0.910507
193.83 0.703573
193.84 0.74496
193.85 0.827733
193.86 0.786347
193.87 0.786347
193.88 0.662187
193.89 0.74496
193.9 0.579413
193.91 0.662187
193.92 0.6208
193.93 0.99328
193.94 0.86912
193.95 0.827733
193.96 0.86912
193.97 0.910507
193.98 0.786347
193.99 0.74496
194 1.15883
194.01 0.86912
194.02 0.827733
194.03 0.786347
194.04 0.86912
194.05 0.786347
194.06 0.86912
194.07 0.74496
194.08 0.74496
194.09 0.74496
194.1 0.86912
194.11 0.74496
194.12 0.86912
194.13 0.86912
194.14 1.03467
194.15 0.786347
194.16 0.827733
194.17 0.86912
194.18 0.786347
194.19 0.786347
194.2 0.786347
194.21 0.786347
194.22 0.827733
194.23 0.703573
194.24 0.662187
194.25 0.703573
194.26 0.910507
194.27 0.827733
194.28 0.910507
194.29 0.74496
194.3 0.786347
194.31 0.827733
194.32 0.786347
194.33 0.910507
194.34 0.951893
194.35 0.951893
194.36 0.786347
194.37 0.827733
194.38 0.662187
194.39 0.74496
194.4 0.827733
194.41 0.86912
194.42 0.74496
194.43 0.703573
194.44 0.827733
194.45 0.662187
194.46 0.74496
194.47 0.827733
194.48 0.827733
194.49 0.579413
194.5 0.86912
194.51 0.786347
194.52 0.786347
194.53 0.74496
194.54 0.951893
194.55 0.74496
194.56 0.786347
194.57 0.827733
194.58 0.827733
194.59 0.6208
194.6 0.910507
194.61 0.827733
194.62 0.827733
194.63 0.910507
194.64 0.786347
194.65 0.74496
194.66 0.99328
194.67 0.86912
194.68 0.827733
194.69 0.951893
194.7 0.827733
194.71 0.703573
194.72 0.910507
194.73 0.827733
194.74 0.827733
194.75 0.455253
194.76 0.86912
194.77 0.86912
194.78 0.6208
194.79 0.703573
194.8 0.662187
194.81 0.910507
194.82 0.910507
194.83 0.703573
194.84 0.455253
194.85 0.86912
194.86 0.579413
194.87 0.662187
194.88 0.6208
194.89 0.910507
194.9 0.786347
194.91 0.662187
194.92 0.703573
194.93 0.86912
194.94 0.703573
194.95 0.786347
194.96 0.786347
194.97 0.74496
194.98 1.03467
194.99 0.910507
195 0.786347
195.01 0.86912
195.02 0.74496
195.03 0.703573
195.04 0.703573
195.05 0.786347
195.06 0.786347
195.07 0.662187
195.08 0.74496
195.09 0.74496
195.1 0.662187
195.11 0.538027
195.12 0.703573
195.13 0.86912
195.14 0.951893
195.15 0.579413
195.16 0.74496
195.17 0.74496
195.18 0.910507
195.19 0.786347
195.2 0.703573
195.21 0.827733
195.22 0.538027
195.23 0.6208
195.24 0.827733
195.25 0.662187
195.26 0.74496
195.27 0.786347
195.28 0.74496
195.29 0.951893
195.3 0.86912
195.31 0.827733
195.32 0.86912
195.33 0.827733
195.34 0.910507
195.35 0.703573
195.36 0.74496
195.37 0.786347
195.38 0.910507
195.39 0.74496
195.4 0.703573
195.41 0.74496
195.42 0.74496
195.43 0.6208
195.44 0.662187
195.45 0.910507
195.46 0.86912
195.47 0.74496
195.48 0.703573
195.49 0.786347
195.5 0.86912
195.51 0.703573
195.52 0.786347
195.53 0.786347
195.54 0.827733
195.55 0.662187
195.56 0.6208
195.57 0.99328
195.58 0.74496
195.59 0.786347
195.6 0.74496
195.61 0.74496
195.62 0.827733
195.63 0.86912
195.64 0.786347
195.65 0.703573
195.66 0.86912
195.67 0.910507
195.68 0.74496
195.69 0.827733
195.7 0.786347
195.71 0.786347
195.72 0.786347
195.73 0.703573
195.74 0.74496
195.75 0.786347
195.76 0.786347
195.77 0.662187
195.78 0.827733
195.79 0.910507
195.8 0.827733
195.81 0.74496
195.82 0.703573
195.83 0.786347
195.84 0.910507
195.85 0.703573
195.86 0.786347
195.87 0.703573
195.88 0.827733
195.89 0.74496
195.9 0.827733
195.91 0.703573
195.92 0.86912
195.93 0.786347
195.94 0.951893
195.95 0.74496
195.96 0.703573
195.97 0.99328
195.98 0.86912
195.99 0.662187
196 0.703573
196.01 0.662187
196.02 0.538027
196.03 0.74496
196.04 0.86912
196.05 0.910507
196.06 0.74496
196.07 0.827733
196.08 0.74496
196.09 0.786347
196.1 0.662187
196.11 0.86912
196.12 0.786347
196.13 0.86912
196.14 0.74496
196.15 0.74496
196.16 0.74496
196.17 0.74496
196.18 0.74496
196.19 0.579413
196.2 0.455253
196.21 0.74496
196.22 0.827733
196.23 0.579413
196.24 0.703573
196.25 0.86912
196.26 0.827733
196.27 0.6208
196.28 0.86912
196.29 0.74496
196.3 0.827733
196.31 0.827733
196.32 0.74496
196.33 0.827733
196.34 0.49664
196.35 0.99328
196.36 0.910507
196.37 0.703573
196.38 0.703573
196.39 0.786347
196.4 0.786347
196.41 0.703573
196.42 0.703573
196.43 0.703573
196.44 0.827733
196.45 0.786347
196.46 0.827733
196.47 0.662187
196.48 0.786347
196.49 0.786347
196.5 0.827733
196.51 0.786347
196.52 0.579413
196.53 0.74496
196.54 0.786347
196.55 0.6208
196.56 0.662187
196.57 0.910507
196.58 0.86912
196.59 0.703573
196.6 0.86912
196.61 0.910507
196.62 0.74496
196.63 0.74496
196.64 0.703573
196.65 0.786347
196.66 0.703573
196.67 0.786347
196.68 0.86912
196.69 0.827733
196.7 0.786347
196.71 0.786347
196.72 0.786347
196.73 0.579413
196.74 0.827733
196.75 0.786347
196.76 0.827733
196.77 0.703573
196.78 0.74496
196.79 0.86912
196.8 0.786347
196.81 0.662187
196.82 0.703573
196.83 0.910507
196.84 0.786347
196.85 0.703573
196.86 0.786347
196.87 0.74496
196.88 0.703573
196.89 0.662187
196.9 0.786347
196.91 0.86912
196.92 0.910507
196.93 0.786347
196.94 0.786347
196.95 0.86912
196.96 0.703573
196.97 0.786347
196.98 0.703573
196.99 0.910507
197 0.74496
197.01 0.786347
197.02 0.786347
197.03 0.86912
197.04 0.827733
197.05 0.703573
197.06 0.827733
197.07 0.662187
197.08 0.6208
197.09 0.910507
197.1 0.827733
197.11 0.662187
197.12 0.74496
197.13 0.86912
197.14 0.703573
197.15 0.786347
197.16 0.827733
197.17 0.827733
197.18 0.703573
197.19 0.86912
197.2 0.74496
197.21 0.662187
197.22 0.786347
197.23 0.827733
197.24 0.74496
197.25 0.827733
197.26 0.827733
197.27 0.827733
197.28 0.74496
197.29 0.86912
197.3 0.827733
197.31 0.74496
197.32 0.827733
197.33 0.951893
197.34 0.827733
197.35 0.86912
197.36 0.86912
197.37 0.827733
197.38 0.86912
197.39 0.910507
197.4 0.703573
197.41 0.6208
197.42 0.827733
197.43 0.786347
197.44 0.74496
197.45 0.662187
197.46 0.827733
197.47 0.662187
197.48 0.662187
197.49 0.951893
197.5 0.703573
197.51 0.86912
197.52 0.74496
197.53 0.910507
197.54 0.74496
197.55 0.786347
197.56 0.827733
197.57 0.74496
197.58 0.827733
197.59 0.703573
197.6 0.662187
197.61 0.579413
197.62 0.579413
197.63 0.86912
197.64 0.951893
197.65 0.786347
197.66 0.786347
197.67 0.74496
197.68 0.951893
197.69 0.910507
197.7 0.910507
197.71 0.538027
197.72 0.703573
197.73 0.703573
197.74 0.786347
197.75 0.662187
197.76 0.74496
197.77 0.74496
197.78 0.579413
197.79 0.703573
197.8 0.786347
197.81 0.74496
197.82 0.703573
197.83 0.74496
197.84 0.910507
197.85 0.786347
197.86 0.827733
197.87 0.86912
197.88 0.86912
197.89 0.786347
197.9 0.662187
197.91 0.662187
197.92 0.703573
197.93 0.827733
197.94 0.786347
197.95 0.827733
197.96 0.703573
197.97 0.827733
197.98 0.827733
197.99 0.86912
198 0.86912
198.01 0.786347
198.02 0.662187
198.03 0.827733
198.04 0.86912
198.05 0.786347
198.06 0.74496
198.07 0.827733
198.08 0.74496
198.09 0.662187
198.1 0.786347
198.11 0.74496
198.12 0.74496
198.13 0.703573
198.14 0.74496
198.15 0.786347
198.16 0.786347
198.17 0.786347
198.18 0.827733
198.19 0.827733
198.2 0.662187
198.21 0.74496
198.22 0.827733
198.23 0.827733
198.24 0.786347
198.25 0.74496
198.26 0.786347
198.27 0.827733
198.28 0.786347
198.29 0.662187
198.3 0.86912
198.31 0.703573
198.32 0.910507
198.33 0.703573
198.34 0.6208
198.35 0.99328
198.36 0.86912
198.37 0.786347
198.38 0.786347
198.39 0.86912
198.4 0.703573
198.41 0.786347
198.42 0.786347
198.43 0.786347
198.44 0.786347
198.45 0.786347
198.46 0.74496
198.47 0.703573
198.48 0.827733
198.49 0.74496
198.5 0.827733
198.51 0.786347
198.52 0.786347
198.53 0.74496
198.54 0.703573
198.55 0.703573
198.56 0.910507
198.57 0.703573
198.58 0.786347
198.59 0.703573
198.6 0.827733
198.61 0.786347
198.62 0.703573
198.63 0.827733
198.64 0.703573
198.65 0.827733
198.66 0.86912
198.67 0.6208
198.68 0.910507
198.69 0.786347
198.7 0.827733
198.71 0.786347
198.72 0.827733
198.73 0.74496
198.74 0.662187
198.75 0.951893
198.76 0.827733
198.77 0.786347
198.78 0.786347
198.79 0.827733
198.8 0.703573
198.81 0.703573
198.82 0.827733
198.83 0.786347
198.84 0.786347
198.85 0.827733
198.86 0.786347
198.87 0.74496
198.88 0.662187
198.89 0.74496
198.9 0.86912
198.91 0.662187
198.92 0.827733
198.93 0.74496
198.94 0.786347
198.95 0.74496
198.96 0.579413
198.97 0.910507
198.98 0.74496
198.99 0.662187
199 0.827733
199.01 0.786347
199.02 0.827733
199.03 0.786347
199.04 0.910507
199.05 0.662187
199.06 0.827733
199.07 0.910507
199.08 0.74496
199.09 0.786347
199.1 0.74496
199.11 0.74496
199.12 0.786347
199.13 0.74496
199.14 0.827733
199.15 0.579413
199.16 0.910507
199.17 0.827733
199.18 0.86912
199.19 0.703573
199.2 0.86912
199.21 0.74496
199.22 0.703573
199.23 0.662187
199.24 0.827733
199.25 0.86912
199.26 0.703573
199.27 0.786347
199.28 0.786347
199.29 0.786347
199.3 0.827733
199.31 0.6208
199.32 0.86912
199.33 0.86912
199.34 0.74496
199.35 0.703573
199.36 0.786347
199.37 0.74496
199.38 0.703573
199.39 0.86912
199.4 0.74496
199.41 0.6208
199.42 0.74496
199.43 0.74496
199.44 0.74496
199.45 0.703573
199.46 0.6208
199.47 0.662187
199.48 0.827733
199.49 0.786347
199.5 0.86912
199.51 0.6208
199.52 0.786347
199.53 0.662187
199.54 0.6208
199.55 0.74496
199.56 0.74496
199.57 0.662187
199.58 0.703573
199.59 0.786347
199.6 0.74496
199.61 0.786347
199.62 0.786347
199.63 0.827733
199.64 0.786347
199.65 0.786347
199.66 0.786347
199.67 0.910507
199.68 0.910507
199.69 0.827733
199.7 0.662187
199.71 0.827733
199.72 0.74496
199.73 0.703573
199.74 0.703573
199.75 0.6208
199.76 0.579413
199.77 0.6208
199.78 0.74496
199.79 0.579413
199.8 0.538027
199.81 0.786347
199.82 0.910507
199.83 0.786347
199.84 0.86912
199.85 0.703573
199.86 0.786347
199.87 0.786347
199.88 0.827733
199.89 0.74496
199.9 0.703573
199.91 0.74496
199.92 0.703573
199.93 0.74496
199.94 0.703573
199.95 0.786347
199.96 0.74496
199.97 0.6208
199.98 0.703573
199.99 0.910507
