10.0286 47
10.0297 48
10.072 49
10.1454 50
10.1699 51
10.2598 52
10.264 53
10.3089 54
10.3801 55
10.3992 38
10.5316 39
10.5329 40
10.6089 41
10.6449 42
10.7232 43
10.8375 44
10.8912 45
10.9905 46
11.0864 47
11.1957 48
11.3135 49
11.4502 50
11.5886 51
11.7552 52
11.9857 53
12.2145 54
12.5592 55
15.2671 56
15.461 39
15.6112 40
15.6122 41
15.6418 42
15.7191 43
15.8004 44
15.9147 45
15.9703 46
16.065 47
16.1715 48
16.2858 49
16.4006 50
16.5226 51
16.6684 52
16.836 53
17.0319 54
17.2964 55
17.6398 56
