175 6.10619
175.01 11.1744
175.02 12.416
175.03 11.1744
175.04 12.416
175.05 11.1744
175.06 12.416
175.07 11.1744
175.08 12.416
175.09 12.416
175.1 11.1744
175.11 12.416
175.12 11.1744
175.13 12.416
175.14 11.1744
175.15 12.416
175.16 11.1744
175.17 12.416
175.18 11.1744
175.19 12.416
175.2 11.1744
175.21 12.416
175.22 11.1744
175.23 12.416
175.24 11.1744
175.25 12.416
175.26 11.1744
175.27 12.416
175.28 11.1744
175.29 11.1744
175.3 11.1744
175.31 11.1744
175.32 11.1744
175.33 12.416
175.34 9.9328
175.35 11.1744
175.36 12.416
175.37 11.1744
175.38 12.416
175.39 11.1744
175.4 11.1744
175.41 12.416
175.42 11.1744
175.43 11.1744
175.44 11.1744
175.45 9.9328
175.46 12.416
175.47 11.1744
175.48 11.1744
175.49 12.416
175.5 11.1744
175.51 12.416
175.52 11.1744
175.53 11.1744
175.54 12.416
175.55 11.1744
175.56 11.1744
175.57 11.1744
175.58 11.1744
175.59 9.9328
175.6 11.1744
175.61 11.1744
175.62 12.416
175.63 11.1744
175.64 12.416
175.65 11.1744
175.66 12.416
175.67 11.1744
175.68 12.416
175.69 11.1744
175.7 9.9328
175.71 9.9328
175.72 11.1744
175.73 11.1744
175.74 12.416
175.75 11.1744
175.76 11.1744
175.77 11.1744
175.78 11.1744
175.79 12.416
175.8 11.1744
175.81 12.416
175.82 9.9328
175.83 9.9328
175.84 9.9328
175.85 11.1744
175.86 12.416
175.87 12.416
175.88 11.1744
175.89 9.9328
175.9 11.1744
175.91 12.416
175.92 11.1744
175.93 11.1744
175.94 11.1744
175.95 11.1744
175.96 9.9328
175.97 9.9328
175.98 12.416
175.99 11.1744
176 12.416
176.01 9.9328
176.02 11.1744
176.03 11.1744
176.04 11.1744
176.05 11.1744
176.06 12.416
176.07 11.1744
176.08 11.1744
176.09 7.4496
176.1 9.9328
176.11 11.1744
176.12 12.416
176.13 11.1744
176.14 12.416
176.15 11.1744
176.16 11.1744
176.17 11.1744
176.18 11.1744
176.19 12.416
176.2 11.1744
176.21 11.1744
176.22 7.4496
176.23 8.6912
176.24 11.1744
176.25 12.416
176.26 11.1744
176.27 12.416
176.28 9.9328
176.29 11.1744
176.3 11.1744
176.31 12.416
176.32 11.1744
176.33 12.416
176.34 11.1744
176.35 7.4496
176.36 8.6912
176.37 9.9328
176.38 12.416
176.39 11.1744
176.4 12.416
176.41 11.1744
176.42 11.1744
176.43 9.9328
176.44 11.1744
176.45 12.416
176.46 11.1744
176.47 12.416
176.48 11.1744
176.49 7.4496
176.5 7.4496
176.51 11.1744
176.52 12.416
176.53 11.1744
176.54 12.416
176.55 9.9328
176.56 11.1744
176.57 11.1744
176.58 11.1744
176.59 11.1744
176.6 12.416
176.61 11.1744
176.62 11.1744
176.63 7.4496
176.64 7.4496
176.65 11.1744
176.66 11.1744
176.67 12.416
176.68 11.1744
176.69 12.416
176.7 9.9328
176.71 9.9328
176.72 12.416
176.73 11.1744
176.74 12.416
176.75 11.1744
176.76 12.416
176.77 6.208
176.78 7.4496
176.79 11.1744
176.8 11.1744
176.81 11.1744
176.82 12.416
176.83 11.1744
176.84 11.1744
176.85 9.9328
176.86 11.1744
176.87 11.1744
176.88 12.416
176.89 11.1744
176.9 12.416
176.91 8.6912
176.92 6.208
176.93 9.9328
176.94 12.416
176.95 11.1744
176.96 11.1744
176.97 12.416
176.98 9.9328
176.99 9.9328
177 11.1744
177.01 11.1744
177.02 11.1744
177.03 12.416
177.04 11.1744
177.05 11.1744
177.06 6.208
177.07 9.9328
177.08 11.1744
177.09 11.1744
177.1 12.416
177.11 11.1744
177.12 9.9328
177.13 9.9328
177.14 9.9328
177.15 11.1744
177.16 12.416
177.17 11.1744
177.18 12.416
177.19 11.1744
177.2 7.4496
177.21 8.6912
177.22 11.1744
177.23 9.9328
177.24 12.416
177.25 11.1744
177.26 12.416
177.27 11.1744
177.28 8.6912
177.29 11.1744
177.3 11.1744
177.31 12.416
177.32 11.1744
177.33 12.416
177.34 11.1744
177.35 12.416
177.36 11.1744
177.37 12.416
177.38 11.1744
177.39 12.416
177.4 11.1744
177.41 12.416
177.42 11.1744
177.43 12.416
177.44 11.1744
177.45 12.416
177.46 11.1744
177.47 12.416
177.48 11.1744
177.49 12.416
177.5 11.1744
177.51 12.416
177.52 11.1744
177.53 12.416
177.54 11.1744
177.55 12.416
177.56 12.416
177.57 11.1744
177.58 12.416
177.59 11.1744
177.6 12.416
177.61 11.1744
177.62 12.416
177.63 11.1744
177.64 12.416
177.65 11.1744
177.66 12.416
177.67 11.1744
177.68 12.416
177.69 11.1744
177.7 12.416
177.71 11.1744
177.72 12.416
177.73 11.1744
177.74 12.416
177.75 11.1744
177.76 12.416
177.77 11.1744
177.78 12.416
177.79 11.1744
177.8 12.416
177.81 11.1744
177.82 12.416
177.83 12.416
177.84 11.1744
177.85 12.416
177.86 11.1744
177.87 12.416
177.88 11.1744
177.89 12.416
177.9 11.1744
177.91 12.416
177.92 11.1744
177.93 12.416
177.94 11.1744
177.95 12.416
177.96 11.1744
177.97 12.416
177.98 11.1744
177.99 11.1744
178 11.1744
178.01 11.1744
178.02 12.416
178.03 11.1744
178.04 11.1744
178.05 12.416
178.06 11.1744
178.07 12.416
178.08 11.1744
178.09 12.416
178.1 11.1744
178.11 11.1744
178.12 12.416
178.13 11.1744
178.14 12.416
178.15 11.1744
178.16 11.1744
178.17 11.1744
178.18 11.1744
178.19 11.1744
178.2 11.1744
178.21 11.1744
178.22 12.416
178.23 11.1744
178.24 12.416
178.25 11.1744
178.26 12.416
178.27 11.1744
178.28 11.1744
178.29 12.416
178.3 11.1744
178.31 11.1744
178.32 9.9328
178.33 11.1744
178.34 11.1744
178.35 11.1744
178.36 11.1744
178.37 11.1744
178.38 12.416
178.39 11.1744
178.4 12.416
178.41 11.1744
178.42 11.1744
178.43 12.416
178.44 11.1744
178.45 9.9328
178.46 11.1744
178.47 11.1744
178.48 11.1744
178.49 11.1744
178.5 11.1744
178.51 9.9328
178.52 11.1744
178.53 12.416
178.54 11.1744
178.55 11.1744
178.56 11.1744
178.57 12.416
178.58 11.1744
178.59 11.1744
178.6 9.9328
178.61 11.1744
178.62 12.416
178.63 8.6912
178.64 11.1744
178.65 11.1744
178.66 9.9328
178.67 12.416
178.68 11.1744
178.69 12.416
178.7 9.9328
178.71 12.416
178.72 11.1744
178.73 9.9328
178.74 9.9328
178.75 11.1744
178.76 12.416
178.77 9.9328
178.78 9.9328
178.79 11.1744
178.8 9.9328
178.81 12.416
178.82 11.1744
178.83 12.416
178.84 9.9328
178.85 12.416
178.86 11.1744
178.87 9.9328
178.88 9.9328
178.89 11.1744
178.9 11.1744
178.91 11.1744
178.92 8.6912
178.93 11.1744
178.94 9.9328
178.95 11.1744
178.96 12.416
178.97 11.1744
178.98 12.416
178.99 9.9328
179 12.416
179.01 11.1744
179.02 8.6912
179.03 11.1744
179.04 11.1744
179.05 11.1744
179.06 8.6912
179.07 9.9328
179.08 12.416
179.09 11.1744
179.1 12.416
179.11 11.1744
179.12 12.416
179.13 11.1744
179.14 12.416
179.15 11.1744
179.16 11.1744
179.17 11.1744
179.18 11.1744
179.19 11.1744
179.2 8.6912
179.21 11.1744
179.22 11.1744
179.23 12.416
179.24 12.416
179.25 11.1744
179.26 12.416
179.27 11.1744
179.28 12.416
179.29 11.1744
179.3 12.416
179.31 11.1744
179.32 12.416
179.33 11.1744
179.34 9.9328
179.35 11.1744
179.36 12.416
179.37 11.1744
179.38 12.416
179.39 11.1744
179.4 12.416
179.41 11.1744
179.42 11.1744
179.43 12.416
179.44 11.1744
179.45 11.1744
179.46 12.416
179.47 11.1744
179.48 9.9328
179.49 12.416
179.5 12.416
179.51 11.1744
179.52 11.1744
179.53 12.416
179.54 11.1744
179.55 12.416
179.56 9.9328
179.57 12.416
179.58 9.9328
179.59 11.1744
179.6 11.1744
179.61 11.1744
179.62 11.1744
179.63 11.1744
179.64 12.416
179.65 11.1744
179.66 12.416
179.67 11.1744
179.68 12.416
179.69 11.1744
179.7 11.1744
179.71 11.1744
179.72 9.9328
179.73 12.416
179.74 9.9328
179.75 9.9328
179.76 11.1744
179.77 12.416
179.78 9.9328
179.79 12.416
179.8 11.1744
179.81 12.416
179.82 11.1744
179.83 12.416
179.84 11.1744
179.85 11.1744
179.86 11.1744
179.87 11.1744
179.88 9.9328
179.89 9.9328
179.9 11.1744
179.91 11.1744
179.92 11.1744
179.93 11.1744
179.94 11.1744
179.95 12.416
179.96 11.1744
179.97 11.1744
179.98 12.416
179.99 11.1744
180 11.1744
180.01 11.1744
180.02 9.9328
180.03 9.9328
180.04 11.1744
180.05 11.1744
180.06 11.1744
180.07 11.1744
180.08 11.1744
180.09 11.1744
180.1 11.1744
180.11 12.416
180.12 11.1744
180.13 11.1744
180.14 9.9328
180.15 11.1744
180.16 11.1744
180.17 9.9328
180.18 11.1744
180.19 12.416
180.2 9.9328
180.21 11.1744
180.22 11.1744
180.23 11.1744
180.24 12.416
180.25 9.9328
180.26 11.1744
180.27 11.1744
180.28 11.1744
180.29 9.9328
180.3 9.9328
180.31 9.9328
180.32 9.9328
180.33 11.1744
180.34 12.416
180.35 11.1744
180.36 11.1744
180.37 12.416
180.38 11.1744
180.39 11.1744
180.4 9.9328
180.41 11.1744
180.42 11.1744
180.43 9.9328
180.44 11.1744
180.45 8.6912
180.46 8.6912
180.47 0
180.48 0
180.49 8.6912
180.5 12.416
180.51 11.1744
180.52 12.416
180.53 11.1744
180.54 12.416
180.55 11.1744
180.56 11.1744
180.57 9.9328
180.58 8.6912
180.59 1.2416
180.6 1.2416
180.61 9.9328
180.62 9.9328
180.63 11.1744
180.64 9.9328
180.65 11.1744
180.66 11.1744
180.67 11.1744
180.68 12.416
180.69 11.1744
180.7 9.9328
180.71 4.9664
180.72 0
180.73 7.4496
180.74 9.9328
180.75 11.1744
180.76 11.1744
180.77 9.9328
180.78 11.1744
180.79 11.1744
180.8 9.9328
180.81 11.1744
180.82 11.1744
180.83 9.9328
180.84 3.7248
180.85 3.7248
180.86 7.4496
180.87 8.6912
180.88 12.416
180.89 11.1744
180.9 11.1744
180.91 11.1744
180.92 9.9328
180.93 12.416
180.94 9.9328
180.95 11.1744
180.96 8.6912
180.97 2.4832
180.98 4.9664
180.99 7.4496
181 8.6912
181.01 11.1744
181.02 12.416
181.03 11.1744
181.04 12.416
181.05 9.9328
181.06 12.416
181.07 9.9328
181.08 11.1744
181.09 9.9328
181.1 2.4832
181.11 4.9664
181.12 8.6912
181.13 7.4496
181.14 9.9328
181.15 11.1744
181.16 11.1744
181.17 12.416
181.18 11.1744
181.19 12.416
181.2 11.1744
181.21 11.1744
181.22 9.9328
181.23 6.208
181.24 1.2416
181.25 8.6912
181.26 8.6912
181.27 8.6912
181.28 12.416
181.29 11.1744
181.3 11.1744
181.31 11.1744
181.32 9.9328
181.33 11.1744
181.34 12.416
181.35 11.1744
181.36 9.9328
181.37 2.4832
181.38 6.208
181.39 7.4496
181.4 8.6912
181.41 11.1744
181.42 12.416
181.43 11.1744
181.44 11.1744
181.45 9.9328
181.46 11.1744
181.47 12.416
181.48 9.9328
181.49 11.1744
181.5 8.6912
181.51 1.2416
181.52 7.4496
181.53 8.6912
181.54 9.9328
181.55 11.1744
181.56 12.416
181.57 9.9328
181.58 11.1744
181.59 11.1744
181.6 12.416
181.61 11.1744
181.62 9.9328
181.63 11.1744
181.64 8.6912
181.65 1.2416
181.66 7.4496
181.67 9.9328
181.68 7.4496
181.69 11.1744
181.7 11.1744
181.71 12.416
181.72 11.1744
181.73 12.416
181.74 11.1744
181.75 11.1744
181.76 9.9328
181.77 11.1744
181.78 8.6912
181.79 3.7248
181.8 6.208
181.81 8.6912
181.82 8.6912
181.83 9.9328
181.84 11.1744
181.85 11.1744
181.86 11.1744
181.87 12.416
181.88 9.9328
181.89 9.9328
181.9 12.416
181.91 11.1744
181.92 8.6912
181.93 6.208
181.94 4.9664
181.95 8.6912
181.96 8.6912
181.97 8.6912
181.98 11.1744
181.99 11.1744
182 11.1744
182.01 11.1744
182.02 12.416
182.03 7.4496
182.04 0
182.05 0
182.06 3.7248
182.07 8.6912
182.08 8.6912
182.09 8.6912
182.1 9.9328
182.11 12.416
182.12 11.1744
182.13 11.1744
182.14 12.416
182.15 11.1744
182.16 1.2416
182.17 0
182.18 4.9664
182.19 3.7248
182.2 7.4496
182.21 9.9328
182.22 7.4496
182.23 9.9328
182.24 12.416
182.25 11.1744
182.26 11.1744
182.27 11.1744
182.28 12.416
182.29 0
182.3 0
182.31 4.9664
182.32 4.9664
182.33 8.6912
182.34 8.6912
182.35 8.6912
182.36 8.6912
182.37 11.1744
182.38 11.1744
182.39 9.9328
182.4 11.1744
182.41 12.416
182.42 3.7248
182.43 0
182.44 4.9664
182.45 2.4832
182.46 8.6912
182.47 9.9328
182.48 7.4496
182.49 9.9328
182.5 11.1744
182.51 11.1744
182.52 9.9328
182.53 9.9328
182.54 11.1744
182.55 8.6912
182.56 0
182.57 2.4832
182.58 3.7248
182.59 6.208
182.6 8.6912
182.61 8.6912
182.62 8.6912
182.63 9.9328
182.64 12.416
182.65 9.9328
182.66 9.9328
182.67 12.416
182.68 11.1744
182.69 3.7248
182.7 0
182.71 4.9664
182.72 1.2416
182.73 7.4496
182.74 8.6912
182.75 7.4496
182.76 9.9328
182.77 11.1744
182.78 11.1744
182.79 9.9328
182.8 9.9328
182.81 12.416
182.82 11.1744
182.83 3.7248
182.84 0
182.85 4.9664
182.86 1.2416
182.87 7.4496
182.88 8.6912
182.89 7.4496
182.9 9.9328
182.91 8.6912
182.92 11.1744
182.93 11.1744
182.94 9.9328
182.95 11.1744
182.96 12.416
182.97 6.208
182.98 0
182.99 3.7248
183 3.7248
183.01 6.208
183.02 7.4496
183.03 8.6912
183.04 6.208
183.05 11.1744
183.06 9.9328
183.07 9.9328
183.08 7.4496
183.09 8.6912
183.1 8.6912
183.11 11.1744
183.12 1.2416
183.13 0
183.14 7.4496
183.15 1.2416
183.16 8.6912
183.17 7.4496
183.18 7.4496
183.19 9.9328
183.2 9.9328
183.21 9.9328
183.22 7.4496
183.23 0
183.24 6.208
183.25 1.2416
183.26 7.4496
183.27 1.2416
183.28 9.9328
183.29 9.9328
183.3 9.9328
183.31 9.9328
183.32 9.9328
183.33 12.416
183.34 0
183.35 6.208
183.36 1.2416
183.37 7.4496
183.38 2.4832
183.39 8.6912
183.4 9.9328
183.41 7.4496
183.42 12.416
183.43 8.6912
183.44 11.1744
183.45 3.7248
183.46 3.7248
183.47 3.7248
183.48 8.6912
183.49 1.2416
183.5 6.208
183.51 9.9328
183.52 8.6912
183.53 8.6912
183.54 9.9328
183.55 8.6912
183.56 9.9328
183.57 2.4832
183.58 6.208
183.59 3.7248
183.6 6.208
183.61 3.7248
183.62 7.4496
183.63 8.6912
183.64 7.4496
183.65 12.416
183.66 8.6912
183.67 8.6912
183.68 9.9328
183.69 0
183.7 7.4496
183.71 3.7248
183.72 4.9664
183.73 3.7248
183.74 6.208
183.75 9.9328
183.76 8.6912
183.77 11.1744
183.78 8.6912
183.79 8.6912
183.8 11.1744
183.81 0
183.82 7.4496
183.83 2.4832
183.84 6.208
183.85 2.4832
183.86 6.208
183.87 8.6912
183.88 8.6912
183.89 8.6912
183.9 11.1744
183.91 8.6912
183.92 9.9328
183.93 4.9664
183.94 3.7248
183.95 3.7248
183.96 8.6912
183.97 1.2416
183.98 7.4496
183.99 7.4496
184 7.4496
184.01 7.4496
184.02 9.9328
184.03 8.6912
184.04 8.6912
184.05 9.9328
184.06 2.4832
184.07 6.208
184.08 3.7248
184.09 8.6912
184.1 1.2416
184.11 7.4496
184.12 7.4496
184.13 8.6912
184.14 7.4496
184.15 11.1744
184.16 8.6912
184.17 7.4496
184.18 8.6912
184.19 1.2416
184.2 7.4496
184.21 3.7248
184.22 8.6912
184.23 0
184.24 8.6912
184.25 7.4496
184.26 8.6912
184.27 6.208
184.28 11.1744
184.29 8.6912
184.3 8.6912
184.31 8.6912
184.32 2.4832
184.33 6.208
184.34 3.7248
184.35 8.6912
184.36 0
184.37 8.6912
184.38 7.4496
184.39 7.4496
184.4 6.208
184.41 9.9328
184.42 9.9328
184.43 8.6912
184.44 8.6912
184.45 3.7248
184.46 6.208
184.47 3.7248
184.48 8.6912
184.49 1.2416
184.5 7.4496
184.51 7.4496
184.52 7.4496
184.53 7.4496
184.54 7.4496
184.55 9.9328
184.56 8.6912
184.57 8.6912
184.58 7.4496
184.59 1.2416
184.6 6.208
184.61 7.4496
184.62 4.9664
184.63 3.7248
184.64 6.208
184.65 9.9328
184.66 7.4496
184.67 6.208
184.68 8.6912
184.69 8.6912
184.7 8.6912
184.71 7.4496
184.72 4.9664
184.73 4.9664
184.74 3.7248
184.75 9.9328
184.76 2.4832
184.77 6.208
184.78 6.208
184.79 8.6912
184.8 8.6912
184.81 6.208
184.82 9.9328
184.83 8.6912
184.84 7.4496
184.85 8.6912
184.86 2.4832
184.87 7.4496
184.88 2.4832
184.89 8.6912
184.9 1.2416
184.91 7.4496
184.92 7.4496
184.93 7.4496
184.94 7.4496
184.95 7.4496
184.96 9.9328
184.97 7.4496
184.98 11.1744
184.99 7.4496
185 3.7248
185.01 4.9664
185.02 4.9664
185.03 7.4496
185.04 0
185.05 8.6912
185.06 6.208
185.07 8.6912
185.08 6.208
185.09 7.4496
185.1 9.9328
185.11 7.4496
185.12 9.9328
185.13 8.6912
185.14 2.4832
185.15 6.208
185.16 4.9664
185.17 7.4496
185.18 1.2416
185.19 7.4496
185.2 7.4496
185.21 7.4496
185.22 7.4496
185.23 6.208
185.24 9.9328
185.25 7.4496
185.26 8.6912
185.27 8.6912
185.28 3.7248
185.29 6.208
185.3 2.4832
185.31 8.6912
185.32 1.2416
185.33 9.9328
185.34 6.208
185.35 8.6912
185.36 6.208
185.37 7.4496
185.38 8.6912
185.39 7.4496
185.4 8.6912
185.41 8.6912
185.42 3.7248
185.43 6.208
185.44 2.4832
185.45 9.9328
185.46 1.2416
185.47 6.208
185.48 7.4496
185.49 7.4496
185.5 8.6912
185.51 6.208
185.52 7.4496
185.53 8.6912
185.54 8.6912
185.55 8.6912
185.56 4.9664
185.57 4.9664
185.58 3.7248
185.59 8.6912
185.6 3.7248
185.61 2.4832
185.62 8.6912
185.63 7.4496
185.64 8.6912
185.65 4.9664
185.66 7.4496
185.67 8.6912
185.68 7.4496
185.69 8.6912
185.7 8.6912
185.71 3.7248
185.72 4.9664
185.73 4.9664
185.74 7.4496
185.75 0
185.76 8.6912
185.77 6.208
185.78 8.6912
185.79 9.9328
185.8 11.1744
185.81 6.208
185.82 0
185.83 0
185.84 2.4832
185.85 8.6912
185.86 3.7248
185.87 2.4832
185.88 8.6912
185.89 8.6912
185.9 9.9328
185.91 9.9328
185.92 12.416
185.93 0
185.94 0
185.95 2.4832
185.96 2.4832
185.97 9.9328
185.98 0
185.99 7.4496
186 7.4496
186.01 8.6912
186.02 9.9328
186.03 11.1744
186.04 9.9328
186.05 0
186.06 0
186.07 2.4832
186.08 6.208
186.09 6.208
186.1 0
186.11 8.6912
186.12 7.4496
186.13 8.6912
186.14 9.9328
186.15 11.1744
186.16 11.1744
186.17 0
186.18 0
186.19 2.4832
186.2 6.208
186.21 6.208
186.22 0
186.23 8.6912
186.24 8.6912
186.25 7.4496
186.26 8.6912
186.27 9.9328
186.28 11.1744
186.29 4.9664
186.3 0
186.31 2.4832
186.32 1.2416
186.33 9.9328
186.34 1.2416
186.35 3.7248
186.36 11.1744
186.37 8.6912
186.38 8.6912
186.39 8.6912
186.4 11.1744
186.41 8.6912
186.42 0
186.43 0
186.44 3.7248
186.45 3.7248
186.46 8.6912
186.47 0
186.48 6.208
186.49 11.1744
186.5 8.6912
186.51 9.9328
186.52 11.1744
186.53 9.9328
186.54 4.9664
186.55 0
186.56 1.2416
186.57 2.4832
186.58 8.6912
186.59 4.9664
186.6 0
186.61 7.4496
186.62 9.9328
186.63 8.6912
186.64 9.9328
186.65 11.1744
186.66 11.1744
186.67 4.9664
186.68 0
186.69 2.4832
186.7 1.2416
186.71 9.9328
186.72 3.7248
186.73 0
186.74 7.4496
186.75 11.1744
186.76 8.6912
186.77 8.6912
186.78 9.9328
186.79 11.1744
186.8 7.4496
186.81 0
186.82 0
186.83 3.7248
186.84 6.208
186.85 8.6912
186.86 0
186.87 6.208
186.88 11.1744
186.89 7.4496
186.9 9.9328
186.91 8.6912
186.92 11.1744
186.93 11.1744
186.94 0
186.95 0
186.96 3.7248
186.97 1.2416
186.98 9.9328
186.99 3.7248
187 1.2416
187.01 9.9328
187.02 9.9328
187.03 9.9328
187.04 9.9328
187.05 11.1744
187.06 9.9328
187.07 4.9664
187.08 0
187.09 1.2416
187.1 2.4832
187.11 6.208
187.12 7.4496
187.13 1.2416
187.14 4.9664
187.15 11.1744
187.16 8.6912
187.17 9.9328
187.18 9.9328
187.19 11.1744
187.2 11.1744
187.21 1.2416
187.22 0
187.23 3.7248
187.24 0
187.25 8.6912
187.26 7.4496
187.27 0
187.28 7.4496
187.29 11.1744
187.3 7.4496
187.31 11.1744
187.32 8.6912
187.33 9.9328
187.34 11.1744
187.35 1.2416
187.36 0
187.37 3.7248
187.38 0
187.39 11.1744
187.4 6.208
187.41 0
187.42 7.4496
187.43 11.1744
187.44 7.4496
187.45 11.1744
187.46 8.6912
187.47 11.1744
187.48 9.9328
187.49 1.2416
187.5 0
187.51 2.4832
187.52 1.2416
187.53 9.9328
187.54 7.4496
187.55 1.2416
187.56 6.208
187.57 12.416
187.58 7.4496
187.59 11.1744
187.6 7.4496
187.61 11.1744
187.62 9.9328
187.63 2.4832
187.64 0
187.65 1.2416
187.66 2.4832
187.67 6.208
187.68 8.6912
187.69 3.7248
187.7 1.2416
187.71 12.416
187.72 11.1744
187.73 8.6912
187.74 9.9328
187.75 9.9328
187.76 11.1744
187.77 4.9664
187.78 0
187.79 0
187.8 3.7248
187.81 2.4832
187.82 11.1744
187.83 4.9664
187.84 0
187.85 11.1744
187.86 11.1744
187.87 12.416
187.88 11.1744
187.89 12.416
187.9 11.1744
187.91 1.2416
187.92 1.2416
187.93 2.4832
187.94 6.208
187.95 8.6912
187.96 3.7248
187.97 3.7248
187.98 12.416
187.99 11.1744
188 12.416
188.01 11.1744
188.02 12.416
188.03 7.4496
188.04 0
188.05 3.7248
188.06 0
188.07 9.9328
188.08 8.6912
188.09 0
188.1 9.9328
188.11 11.1744
188.12 12.416
188.13 11.1744
188.14 11.1744
188.15 11.1744
188.16 4.9664
188.17 0
188.18 3.7248
188.19 0
188.2 11.1744
188.21 7.4496
188.22 0
188.23 11.1744
188.24 11.1744
188.25 12.416
188.26 11.1744
188.27 12.416
188.28 9.9328
188.29 3.7248
188.3 0
188.31 3.7248
188.32 1.2416
188.33 9.9328
188.34 7.4496
188.35 0
188.36 9.9328
188.37 11.1744
188.38 11.1744
188.39 11.1744
188.4 12.416
188.41 11.1744
188.42 4.9664
188.43 0
188.44 3.7248
188.45 0
188.46 9.9328
188.47 7.4496
188.48 1.2416
188.49 8.6912
188.5 11.1744
188.51 11.1744
188.52 11.1744
188.53 11.1744
188.54 11.1744
188.55 8.6912
188.56 0
188.57 3.7248
188.58 0
188.59 7.4496
188.6 7.4496
188.61 3.7248
188.62 4.9664
188.63 11.1744
188.64 11.1744
188.65 9.9328
188.66 11.1744
188.67 11.1744
188.68 9.9328
188.69 3.7248
188.7 1.2416
188.71 2.4832
188.72 0
188.73 11.1744
188.74 6.208
188.75 1.2416
188.76 8.6912
188.77 12.416
188.78 11.1744
188.79 9.9328
188.8 11.1744
188.81 9.9328
188.82 9.9328
188.83 0
188.84 2.4832
188.85 1.2416
188.86 2.4832
188.87 11.1744
188.88 4.9664
188.89 0
188.9 11.1744
188.91 11.1744
188.92 11.1744
188.93 9.9328
188.94 12.416
188.95 11.1744
188.96 6.208
188.97 0
188.98 3.7248
188.99 0
189 3.7248
189.01 11.1744
189.02 3.7248
189.03 0
189.04 11.1744
189.05 12.416
189.06 9.9328
189.07 9.9328
189.08 11.1744
189.09 11.1744
189.1 7.4496
189.11 0
189.12 3.7248
189.13 0
189.14 4.9664
189.15 9.9328
189.16 3.7248
189.17 0
189.18 11.1744
189.19 11.1744
189.2 11.1744
189.21 8.6912
189.22 11.1744
189.23 9.9328
189.24 9.9328
189.25 0
189.26 2.4832
189.27 1.2416
189.28 1.2416
189.29 9.9328
189.3 7.4496
189.31 0
189.32 8.6912
189.33 11.1744
189.34 11.1744
189.35 8.6912
189.36 9.9328
189.37 9.9328
189.38 9.9328
189.39 3.7248
189.4 1.2416
189.41 2.4832
189.42 0
189.43 7.4496
189.44 6.208
189.45 3.7248
189.46 3.7248
189.47 11.1744
189.48 12.416
189.49 9.9328
189.5 9.9328
189.51 9.9328
189.52 9.9328
189.53 6.208
189.54 0
189.55 3.7248
189.56 0
189.57 4.9664
189.58 12.416
189.59 0
189.6 0
189.61 7.4496
189.62 8.6912
189.63 9.9328
189.64 9.9328
189.65 8.6912
189.66 0
189.67 3.7248
189.68 0
189.69 6.208
189.7 12.416
189.71 0
189.72 0
189.73 7.4496
189.74 8.6912
189.75 9.9328
189.76 9.9328
189.77 9.9328
189.78 0
189.79 3.7248
189.8 0
189.81 4.9664
189.82 11.1744
189.83 3.7248
189.84 0
189.85 6.208
189.86 8.6912
189.87 9.9328
189.88 9.9328
189.89 8.6912
189.9 3.7248
189.91 2.4832
189.92 1.2416
189.93 0
189.94 8.6912
189.95 11.1744
189.96 1.2416
189.97 0
189.98 9.9328
189.99 8.6912
190 11.1744
190.01 8.6912
190.02 9.9328
190.03 0
190.04 3.7248
190.05 0
190.06 0
190.07 9.9328
190.08 12.416
190.09 0
190.1 1.2416
190.11 8.6912
190.12 8.6912
190.13 11.1744
190.14 9.9328
190.15 9.9328
190.16 0
190.17 3.7248
190.18 0
190.19 0
190.2 8.6912
190.21 11.1744
190.22 3.7248
190.23 0
190.24 7.4496
190.25 8.6912
190.26 9.9328
190.27 11.1744
190.28 8.6912
190.29 4.9664
190.3 2.4832
190.31 1.2416
190.32 0
190.33 4.9664
190.34 11.1744
190.35 7.4496
190.36 0
190.37 6.208
190.38 7.4496
190.39 9.9328
190.4 9.9328
190.41 7.4496
190.42 11.1744
190.43 0
190.44 2.4832
190.45 2.4832
190.46 0
190.47 7.4496
190.48 9.9328
190.49 6.208
190.5 0
190.51 8.6912
190.52 7.4496
190.53 11.1744
190.54 9.9328
190.55 7.4496
190.56 8.6912
190.57 0
190.58 3.7248
190.59 1.2416
190.6 0
190.61 6.208
190.62 9.9328
190.63 8.6912
190.64 0
190.65 7.4496
190.66 7.4496
190.67 11.1744
190.68 11.1744
190.69 7.4496
190.7 8.6912
190.71 0
190.72 3.7248
190.73 2.4832
190.74 0
190.75 4.9664
190.76 8.6912
190.77 11.1744
190.78 0
190.79 4.9664
190.8 7.4496
190.81 9.9328
190.82 11.1744
190.83 9.9328
190.84 7.4496
190.85 3.7248
190.86 3.7248
190.87 2.4832
190.88 0
190.89 1.2416
190.9 8.6912
190.91 9.9328
190.92 4.9664
190.93 1.2416
190.94 8.6912
190.95 7.4496
190.96 12.416
190.97 11.1744
190.98 12.416
190.99 4.9664
191 2.4832
191.01 0
191.02 7.4496
191.03 9.9328
191.04 8.6912
191.05 1.2416
191.06 8.6912
191.07 7.4496
191.08 0
191.09 3.7248
191.1 8.6912
191.11 4.9664
191.12 0
191.13 2.4832
191.14 8.6912
191.15 9.9328
191.16 4.9664
191.17 4.9664
191.18 7.4496
191.19 6.208
191.2 0
191.21 9.9328
191.22 6.208
191.23 1.2416
191.24 0
191.25 2.4832
191.26 8.6912
191.27 9.9328
191.28 4.9664
191.29 4.9664
191.3 8.6912
191.31 6.208
191.32 1.2416
191.33 8.6912
191.34 6.208
191.35 1.2416
191.36 0
191.37 1.2416
191.38 8.6912
191.39 9.9328
191.4 7.4496
191.41 2.4832
191.42 9.9328
191.43 7.4496
191.44 0
191.45 7.4496
191.46 7.4496
191.47 2.4832
191.48 0
191.49 0
191.5 7.4496
191.51 9.9328
191.52 11.1744
191.53 0
191.54 8.6912
191.55 7.4496
191.56 3.7248
191.57 3.7248
191.58 7.4496
191.59 6.208
191.6 0
191.61 0
191.62 2.4832
191.63 8.6912
191.64 9.9328
191.65 8.6912
191.66 1.2416
191.67 9.9328
191.68 8.6912
191.69 0
191.7 6.208
191.71 6.208
191.72 4.9664
191.73 0
191.74 0
191.75 3.7248
191.76 9.9328
191.77 8.6912
191.78 8.6912
191.79 0
191.8 12.416
191.81 7.4496
191.82 1.2416
191.83 6.208
191.84 6.208
191.85 3.7248
191.86 0
191.87 0
191.88 4.9664
191.89 8.6912
191.9 8.6912
191.91 9.9328
191.92 0
191.93 9.9328
191.94 8.6912
191.95 1.2416
191.96 6.208
191.97 6.208
191.98 4.9664
191.99 0
192 0
192.01 2.4832
192.02 8.6912
192.03 8.6912
192.04 11.1744
192.05 1.2416
192.06 7.4496
192.07 9.9328
192.08 3.7248
192.09 4.9664
192.1 6.208
192.11 6.208
192.12 0
192.13 0
192.14 0
192.15 7.4496
192.16 7.4496
192.17 9.9328
192.18 7.4496
192.19 2.4832
192.2 11.1744
192.21 7.4496
192.22 2.4832
192.23 6.208
192.24 6.208
192.25 2.4832
192.26 0
192.27 0
192.28 2.4832
192.29 9.9328
192.3 7.4496
192.31 9.9328
192.32 3.7248
192.33 4.9664
192.34 11.1744
192.35 4.9664
192.36 3.7248
192.37 7.4496
192.38 6.208
192.39 0
192.4 0
192.41 0
192.42 7.4496
192.43 7.4496
192.44 6.208
192.45 9.9328
192.46 2.4832
192.47 6.208
192.48 11.1744
192.49 3.7248
192.5 6.208
192.51 6.208
192.52 6.208
192.53 0
192.54 0
192.55 0
192.56 8.6912
192.57 7.4496
192.58 7.4496
192.59 8.6912
192.6 1.2416
192.61 7.4496
192.62 11.1744
192.63 2.4832
192.64 6.208
192.65 6.208
192.66 6.208
192.67 0
192.68 0
192.69 0
192.7 8.6912
192.71 7.4496
192.72 7.4496
192.73 9.9328
192.74 0
192.75 7.4496
192.76 9.9328
192.77 3.7248
192.78 6.208
192.79 6.208
192.8 6.208
192.81 0
192.82 0
192.83 0
192.84 7.4496
192.85 7.4496
192.86 7.4496
192.87 8.6912
192.88 3.7248
192.89 4.9664
192.9 11.1744
192.91 4.9664
192.92 6.208
192.93 4.9664
192.94 7.4496
192.95 0
192.96 0
192.97 0
192.98 6.208
192.99 7.4496
193 6.208
193.01 7.4496
193.02 7.4496
193.03 0
193.04 12.416
193.05 8.6912
193.06 3.7248
193.07 6.208
193.08 7.4496
193.09 1.2416
193.1 0
193.11 0
193.12 2.4832
193.13 8.6912
193.14 6.208
193.15 7.4496
193.16 8.6912
193.17 1.2416
193.18 7.4496
193.19 11.1744
193.2 8.6912
193.21 8.6912
193.22 3.7248
193.23 0
193.24 0
193.25 4.9664
193.26 8.6912
193.27 6.208
193.28 7.4496
193.29 7.4496
193.3 0
193.31 11.1744
193.32 11.1744
193.33 12.416
193.34 4.9664
193.35 0
193.36 0
193.37 2.4832
193.38 8.6912
193.39 6.208
193.4 7.4496
193.41 8.6912
193.42 1.2416
193.43 4.9664
193.44 12.416
193.45 12.416
193.46 9.9328
193.47 0
193.48 0
193.49 0
193.5 6.208
193.51 6.208
193.52 7.4496
193.53 7.4496
193.54 7.4496
193.55 0
193.56 7.4496
193.57 11.1744
193.58 12.416
193.59 8.6912
193.6 0
193.61 0
193.62 0
193.63 7.4496
193.64 6.208
193.65 7.4496
193.66 7.4496
193.67 6.208
193.68 0
193.69 6.208
193.7 12.416
193.71 11.1744
193.72 9.9328
193.73 0
193.74 0
193.75 1.2416
193.76 7.4496
193.77 6.208
193.78 6.208
193.79 7.4496
193.8 6.208
193.81 0
193.82 4.9664
193.83 11.1744
193.84 11.1744
193.85 12.416
193.86 0
193.87 0
193.88 0
193.89 6.208
193.9 6.208
193.91 6.208
193.92 8.6912
193.93 6.208
193.94 1.2416
193.95 2.4832
193.96 11.1744
193.97 9.9328
193.98 11.1744
193.99 4.9664
194 0
194.01 0
194.02 3.7248
194.03 6.208
194.04 4.9664
194.05 7.4496
194.06 7.4496
194.07 4.9664
194.08 0
194.09 7.4496
194.1 9.9328
194.11 11.1744
194.12 11.1744
194.13 0
194.14 0
194.15 0
194.16 6.208
194.17 4.9664
194.18 6.208
194.19 8.6912
194.2 6.208
194.21 2.4832
194.22 1.2416
194.23 8.6912
194.24 9.9328
194.25 11.1744
194.26 8.6912
194.27 0
194.28 0
194.29 1.2416
194.3 6.208
194.31 6.208
194.32 6.208
194.33 7.4496
194.34 7.4496
194.35 0
194.36 1.2416
194.37 9.9328
194.38 9.9328
194.39 11.1744
194.4 7.4496
194.41 0
194.42 0
194.43 1.2416
194.44 7.4496
194.45 4.9664
194.46 6.208
194.47 8.6912
194.48 6.208
194.49 0
194.5 2.4832
194.51 9.9328
194.52 8.6912
194.53 9.9328
194.54 8.6912
194.55 0
194.56 0
194.57 1.2416
194.58 6.208
194.59 6.208
194.6 6.208
194.61 7.4496
194.62 7.4496
194.63 0
194.64 2.4832
194.65 8.6912
194.66 8.6912
194.67 9.9328
194.68 9.9328
194.69 0
194.7 0
194.71 0
194.72 6.208
194.73 6.208
194.74 4.9664
194.75 7.4496
194.76 7.4496
194.77 2.4832
194.78 0
194.79 7.4496
194.8 9.9328
194.81 8.6912
194.82 12.416
194.83 1.2416
194.84 0
194.85 0
194.86 3.7248
194.87 6.208
194.88 6.208
194.89 6.208
194.9 7.4496
194.91 4.9664
194.92 0
194.93 3.7248
194.94 8.6912
194.95 8.6912
194.96 11.1744
194.97 6.208
194.98 0
194.99 0
195 1.2416
195.01 7.4496
195.02 4.9664
195.03 6.208
195.04 6.208
195.05 8.6912
195.06 0
195.07 6.208
195.08 3.7248
195.09 7.4496
195.1 0
195.11 0
195.12 6.208
195.13 4.9664
195.14 6.208
195.15 7.4496
195.16 7.4496
195.17 2.4832
195.18 6.208
195.19 4.9664
195.2 7.4496
195.21 0
195.22 0
195.23 4.9664
195.24 6.208
195.25 3.7248
195.26 8.6912
195.27 6.208
195.28 6.208
195.29 1.2416
195.3 9.9328
195.31 7.4496
195.32 0
195.33 0
195.34 2.4832
195.35 6.208
195.36 4.9664
195.37 6.208
195.38 7.4496
195.39 4.9664
195.4 4.9664
195.41 3.7248
195.42 8.6912
195.43 7.4496
195.44 0
195.45 0
195.46 3.7248
195.47 6.208
195.48 6.208
195.49 6.208
195.5 6.208
195.51 6.208
195.52 3.7248
195.53 3.7248
195.54 9.9328
195.55 6.208
195.56 0
195.57 0
195.58 1.2416
195.59 8.6912
195.6 6.208
195.61 6.208
195.62 6.208
195.63 6.208
195.64 4.9664
195.65 2.4832
195.66 11.1744
195.67 7.4496
195.68 0
195.69 0
195.7 0
195.71 7.4496
195.72 6.208
195.73 4.9664
195.74 7.4496
195.75 6.208
195.76 7.4496
195.77 1.2416
195.78 7.4496
195.79 11.1744
195.8 2.4832
195.81 0
195.82 0
195.83 2.4832
195.84 8.6912
195.85 6.208
195.86 6.208
195.87 7.4496
195.88 4.9664
195.89 6.208
195.9 0
195.91 8.6912
195.92 11.1744
195.93 1.2416
195.94 0
195.95 0
195.96 3.7248
195.97 9.9328
195.98 6.208
195.99 6.208
196 6.208
196.01 4.9664
196.02 6.208
196.03 0
196.04 9.9328
196.05 11.1744
196.06 1.2416
196.07 0
196.08 0
196.09 1.2416
196.1 11.1744
196.11 6.208
196.12 6.208
196.13 7.4496
196.14 4.9664
196.15 6.208
196.16 0
196.17 8.6912
196.18 11.1744
196.19 3.7248
196.2 0
196.21 0
196.22 0
196.23 8.6912
196.24 6.208
196.25 6.208
196.26 8.6912
196.27 6.208
196.28 4.9664
196.29 2.4832
196.3 6.208
196.31 11.1744
196.32 7.4496
196.33 0
196.34 0
196.35 0
196.36 3.7248
196.37 9.9328
196.38 4.9664
196.39 7.4496
196.4 7.4496
196.41 4.9664
196.42 4.9664
196.43 0
196.44 9.9328
196.45 11.1744
196.46 4.9664
196.47 0
196.48 0
196.49 0
196.5 8.6912
196.51 6.208
196.52 6.208
196.53 7.4496
196.54 6.208
196.55 4.9664
196.56 3.7248
196.57 1.2416
196.58 11.1744
196.59 11.1744
196.6 2.4832
196.61 0
196.62 0
196.63 0
196.64 9.9328
196.65 6.208
196.66 6.208
196.67 8.6912
196.68 4.9664
196.69 6.208
196.7 2.4832
196.71 2.4832
196.72 11.1744
196.73 11.1744
196.74 1.2416
196.75 0
196.76 0
196.77 0
196.78 9.9328
196.79 6.208
196.8 6.208
196.81 8.6912
196.82 6.208
196.83 6.208
196.84 2.4832
196.85 2.4832
196.86 11.1744
196.87 9.9328
196.88 2.4832
196.89 0
196.9 0
196.91 0
196.92 7.4496
196.93 7.4496
196.94 6.208
196.95 7.4496
196.96 7.4496
196.97 4.9664
196.98 4.9664
196.99 0
197 9.9328
197.01 11.1744
197.02 4.9664
197.03 0
197.04 0
197.05 0
197.06 4.9664
197.07 9.9328
197.08 4.9664
197.09 6.208
197.1 8.6912
197.11 6.208
197.12 6.208
197.13 0
197.14 6.208
197.15 11.1744
197.16 8.6912
197.17 0
197.18 0
197.19 0
197.2 2.4832
197.21 9.9328
197.22 4.9664
197.23 6.208
197.24 8.6912
197.25 9.9328
197.26 4.9664
197.27 7.4496
197.28 12.416
197.29 6.208
197.3 0
197.31 0
197.32 3.7248
197.33 11.1744
197.34 4.9664
197.35 4.9664
197.36 11.1744
197.37 11.1744
197.38 3.7248
197.39 11.1744
197.4 9.9328
197.41 2.4832
197.42 0
197.43 0
197.44 4.9664
197.45 9.9328
197.46 4.9664
197.47 4.9664
197.48 9.9328
197.49 11.1744
197.5 4.9664
197.51 9.9328
197.52 11.1744
197.53 2.4832
197.54 0
197.55 0
197.56 4.9664
197.57 9.9328
197.58 3.7248
197.59 4.9664
197.6 8.6912
197.61 9.9328
197.62 4.9664
197.63 9.9328
197.64 9.9328
197.65 7.4496
197.66 0
197.67 0
197.68 2.4832
197.69 9.9328
197.7 4.9664
197.71 4.9664
197.72 6.208
197.73 8.6912
197.74 9.9328
197.75 4.9664
197.76 8.6912
197.77 9.9328
197.78 3.7248
197.79 0
197.8 0
197.81 4.9664
197.82 8.6912
197.83 4.9664
197.84 4.9664
197.85 7.4496
197.86 9.9328
197.87 6.208
197.88 7.4496
197.89 8.6912
197.9 9.9328
197.91 1.2416
197.92 0
197.93 0
197.94 6.208
197.95 8.6912
197.96 2.4832
197.97 6.208
197.98 7.4496
197.99 8.6912
198 7.4496
198.01 7.4496
198.02 8.6912
198.03 11.1744
198.04 0
198.05 0
198.06 0
198.07 6.208
198.08 7.4496
198.09 3.7248
198.1 4.9664
198.11 6.208
198.12 8.6912
198.13 9.9328
198.14 4.9664
198.15 6.208
198.16 11.1744
198.17 4.9664
198.18 0
198.19 0
198.2 4.9664
198.21 7.4496
198.22 3.7248
198.23 4.9664
198.24 4.9664
198.25 7.4496
198.26 9.9328
198.27 4.9664
198.28 6.208
198.29 8.6912
198.3 11.1744
198.31 0
198.32 0
198.33 1.2416
198.34 7.4496
198.35 6.208
198.36 3.7248
198.37 4.9664
198.38 7.4496
198.39 6.208
198.4 9.9328
198.41 3.7248
198.42 6.208
198.43 8.6912
198.44 8.6912
198.45 0
198.46 0
198.47 3.7248
198.48 7.4496
198.49 4.9664
198.5 3.7248
198.51 3.7248
198.52 7.4496
198.53 8.6912
198.54 7.4496
198.55 6.208
198.56 4.9664
198.57 9.9328
198.58 6.208
198.59 0
198.6 0
198.61 3.7248
198.62 8.6912
198.63 3.7248
198.64 3.7248
198.65 3.7248
198.66 7.4496
198.67 6.208
198.68 9.9328
198.69 4.9664
198.7 6.208
198.71 8.6912
198.72 7.4496
198.73 0
198.74 0
198.75 3.7248
198.76 8.6912
198.77 3.7248
198.78 3.7248
198.79 3.7248
198.8 6.208
198.81 6.208
198.82 9.9328
198.83 3.7248
198.84 6.208
198.85 7.4496
198.86 11.1744
198.87 0
198.88 0
198.89 1.2416
198.9 9.9328
198.91 4.9664
198.92 2.4832
198.93 3.7248
198.94 6.208
198.95 6.208
198.96 8.6912
198.97 3.7248
198.98 7.4496
198.99 6.208
199 11.1744
199.01 2.4832
199.02 0
199.03 6.208
199.04 9.9328
199.05 3.7248
199.06 3.7248
199.07 7.4496
199.08 6.208
199.09 8.6912
199.1 3.7248
199.11 6.208
199.12 8.6912
199.13 9.9328
199.14 0
199.15 6.208
199.16 8.6912
199.17 3.7248
199.18 4.9664
199.19 6.208
199.2 6.208
199.21 8.6912
199.22 3.7248
199.23 6.208
199.24 4.9664
199.25 11.1744
199.26 3.7248
199.27 3.7248
199.28 9.9328
199.29 3.7248
199.3 4.9664
199.31 3.7248
199.32 6.208
199.33 6.208
199.34 8.6912
199.35 2.4832
199.36 4.9664
199.37 7.4496
199.38 11.1744
199.39 1.2416
199.4 6.208
199.41 8.6912
199.42 3.7248
199.43 3.7248
199.44 6.208
199.45 4.9664
199.46 7.4496
199.47 6.208
199.48 3.7248
199.49 4.9664
199.5 6.208
199.51 12.416
199.52 0
199.53 4.9664
199.54 9.9328
199.55 2.4832
199.56 4.9664
199.57 4.9664
199.58 6.208
199.59 7.4496
199.6 6.208
199.61 3.7248
199.62 4.9664
199.63 4.9664
199.64 11.1744
199.65 2.4832
199.66 3.7248
199.67 8.6912
199.68 3.7248
199.69 4.9664
199.7 3.7248
199.71 6.208
199.72 6.208
199.73 8.6912
199.74 3.7248
199.75 4.9664
199.76 2.4832
199.77 11.1744
199.78 6.208
199.79 1.2416
199.8 7.4496
199.81 6.208
199.82 3.7248
199.83 3.7248
199.84 6.208
199.85 4.9664
199.86 7.4496
199.87 6.208
199.88 3.7248
199.89 4.9664
199.9 4.9664
199.91 11.1744
199.92 2.4832
199.93 3.7248
199.94 7.4496
199.95 4.9664
199.96 3.7248
199.97 3.7248
199.98 6.208
199.99 6.208
