175 3.91161
175.01 0
175.02 0
175.03 0
175.04 0
175.05 3.7248
175.06 11.1744
175.07 12.416
175.08 3.7248
175.09 4.9664
175.1 9.9328
175.11 0
175.12 0
175.13 0
175.14 0
175.15 0
175.16 6.208
175.17 11.1744
175.18 12.416
175.19 1.2416
175.2 6.208
175.21 8.6912
175.22 0
175.23 0
175.24 0
175.25 0
175.26 0
175.27 3.7248
175.28 11.1744
175.29 9.9328
175.3 7.4496
175.31 2.4832
175.32 8.6912
175.33 4.9664
175.34 0
175.35 0
175.36 0
175.37 0
175.38 0
175.39 7.4496
175.4 9.9328
175.41 11.1744
175.42 4.9664
175.43 3.7248
175.44 8.6912
175.45 3.7248
175.46 0
175.47 0
175.48 0
175.49 0
175.5 0
175.51 7.4496
175.52 8.6912
175.53 11.1744
175.54 7.4496
175.55 3.7248
175.56 7.4496
175.57 4.9664
175.58 0
175.59 0
175.6 0
175.61 0
175.62 0
175.63 3.7248
175.64 9.9328
175.65 9.9328
175.66 11.1744
175.67 1.2416
175.68 7.4496
175.69 7.4496
175.7 1.2416
175.71 0
175.72 0
175.73 0
175.74 0
175.75 0
175.76 6.208
175.77 11.1744
175.78 9.9328
175.79 9.9328
175.8 1.2416
175.81 7.4496
175.82 6.208
175.83 1.2416
175.84 0
175.85 0
175.86 0
175.87 0
175.88 0
175.89 7.4496
175.9 11.1744
175.91 9.9328
175.92 9.9328
175.93 1.2416
175.94 6.208
175.95 6.208
175.96 2.4832
175.97 0
175.98 0
175.99 0
176 0
176.01 0
176.02 4.9664
176.03 11.1744
176.04 9.9328
176.05 12.416
176.06 1.2416
176.07 6.208
176.08 6.208
176.09 3.7248
176.1 0
176.11 0
176.12 0
176.13 0
176.14 0
176.15 0
176.16 11.1744
176.17 11.1744
176.18 11.1744
176.19 7.4496
176.2 3.7248
176.21 4.9664
176.22 6.208
176.23 1.2416
176.24 0
176.25 0
176.26 0
176.27 0
176.28 0
176.29 1.2416
176.3 12.416
176.31 12.416
176.32 11.1744
176.33 4.9664
176.34 4.9664
176.35 4.9664
176.36 4.9664
176.37 1.2416
176.38 0
176.39 0
176.4 0
176.41 0
176.42 0
176.43 2.4832
176.44 11.1744
176.45 11.1744
176.46 12.416
176.47 4.9664
176.48 4.9664
176.49 6.208
176.5 4.9664
176.51 1.2416
176.52 0
176.53 0
176.54 0
176.55 0
176.56 0
176.57 1.2416
176.58 11.1744
176.59 11.1744
176.6 12.416
176.61 6.208
176.62 3.7248
176.63 6.208
176.64 4.9664
176.65 2.4832
176.66 0
176.67 0
176.68 0
176.69 0
176.7 0
176.71 0
176.72 8.6912
176.73 11.1744
176.74 12.416
176.75 11.1744
176.76 2.4832
176.77 4.9664
176.78 6.208
176.79 3.7248
176.8 0
176.81 0
176.82 0
176.83 0
176.84 0
176.85 0
176.86 3.7248
176.87 11.1744
176.88 11.1744
176.89 12.416
176.9 4.9664
176.91 4.9664
176.92 6.208
176.93 3.7248
176.94 2.4832
176.95 0
176.96 0
176.97 0
176.98 0
176.99 0
177 0
177.01 7.4496
177.02 11.1744
177.03 12.416
177.04 11.1744
177.05 2.4832
177.06 4.9664
177.07 6.208
177.08 3.7248
177.09 1.2416
177.1 0
177.11 0
177.12 0
177.13 0
177.14 0
177.15 0
177.16 9.9328
177.17 11.1744
177.18 12.416
177.19 9.9328
177.2 3.7248
177.21 4.9664
177.22 4.9664
177.23 3.7248
177.24 0
177.25 0
177.26 0
177.27 0
177.28 0
177.29 0
177.3 1.2416
177.31 11.1744
177.32 0
177.33 12.416
177.34 4.9664
177.35 7.4496
177.36 4.9664
177.37 1.2416
177.38 0
177.39 0
177.4 0
177.41 0
177.42 0
177.43 2.4832
177.44 9.9328
177.45 4.9664
177.46 9.9328
177.47 4.9664
177.48 8.6912
177.49 3.7248
177.5 0
177.51 0
177.52 0
177.53 0
177.54 0
177.55 0
177.56 4.9664
177.57 9.9328
177.58 6.208
177.59 8.6912
177.6 7.4496
177.61 7.4496
177.62 2.4832
177.63 0
177.64 0
177.65 0
177.66 0
177.67 0
177.68 0
177.69 3.7248
177.7 11.1744
177.71 6.208
177.72 9.9328
177.73 4.9664
177.74 8.6912
177.75 3.7248
177.76 0
177.77 0
177.78 0
177.79 0
177.8 0
177.81 0
177.82 0
177.83 11.1744
177.84 7.4496
177.85 11.1744
177.86 4.9664
177.87 9.9328
177.88 6.208
177.89 0
177.9 0
177.91 0
177.92 0
177.93 0
177.94 0
177.95 0
177.96 4.9664
177.97 11.1744
177.98 9.9328
177.99 7.4496
178 7.4496
178.01 7.4496
178.02 3.7248
178.03 0
178.04 0
178.05 0
178.06 0
178.07 0
178.08 0
178.09 0
178.1 8.6912
178.11 11.1744
178.12 9.9328
178.13 4.9664
178.14 8.6912
178.15 7.4496
178.16 2.4832
178.17 0
178.18 0
178.19 0
178.2 0
178.21 0
178.22 0
178.23 0
178.24 8.6912
178.25 11.1744
178.26 12.416
178.27 3.7248
178.28 8.6912
178.29 8.6912
178.3 1.2416
178.31 0
178.32 0
178.33 0
178.34 0
178.35 0
178.36 0
178.37 0
178.38 6.208
178.39 12.416
178.4 11.1744
178.41 7.4496
178.42 7.4496
178.43 7.4496
178.44 3.7248
178.45 0
178.46 0
178.47 0
178.48 0
178.49 0
178.5 0
178.51 0
178.52 2.4832
178.53 12.416
178.54 11.1744
178.55 11.1744
178.56 4.9664
178.57 8.6912
178.58 6.208
178.59 0
178.6 0
178.61 0
178.62 0
178.63 0
178.64 0
178.65 0
178.66 0
178.67 8.6912
178.68 12.416
178.69 12.416
178.7 6.208
178.71 7.4496
178.72 8.6912
178.73 2.4832
178.74 0
178.75 0
178.76 0
178.77 0
178.78 0
178.79 0
178.8 0
178.81 2.4832
178.82 11.1744
178.83 12.416
178.84 11.1744
178.85 6.208
178.86 9.9328
178.87 6.208
178.88 0
178.89 0
178.9 0
178.91 0
178.92 0
178.93 0
178.94 0
178.95 0
178.96 4.9664
178.97 12.416
178.98 11.1744
178.99 12.416
179 4.9664
179.01 8.6912
179.02 4.9664
179.03 0
179.04 0
179.05 0
179.06 0
179.07 0
179.08 0
179.09 0
179.1 1.2416
179.11 12.416
179.12 11.1744
179.13 12.416
179.14 7.4496
179.15 9.9328
179.16 6.208
179.17 0
179.18 0
179.19 0
179.2 0
179.21 0
179.22 0
179.23 0
179.24 2.4832
179.25 11.1744
179.26 12.416
179.27 11.1744
179.28 9.9328
179.29 8.6912
179.3 4.9664
179.31 0
179.32 0
179.33 0
179.34 0
179.35 0
179.36 0
179.37 0
179.38 6.208
179.39 11.1744
179.4 11.1744
179.41 11.1744
179.42 8.6912
179.43 7.4496
179.44 6.208
179.45 0
179.46 0
179.47 0
179.48 0
179.49 0
179.5 0
179.51 0
179.52 6.208
179.53 12.416
179.54 11.1744
179.55 11.1744
179.56 7.4496
179.57 7.4496
179.58 6.208
179.59 0
179.6 0
179.61 0
179.62 0
179.63 0
179.64 0
179.65 0
179.66 6.208
179.67 11.1744
179.68 11.1744
179.69 11.1744
179.7 7.4496
179.71 8.6912
179.72 6.208
179.73 0
179.74 0
179.75 0
179.76 0
179.77 0
179.78 0
179.79 0
179.8 3.7248
179.81 11.1744
179.82 11.1744
179.83 12.416
179.84 7.4496
179.85 7.4496
179.86 8.6912
179.87 0
179.88 0
179.89 0
179.9 0
179.91 0
179.92 0
179.93 0
179.94 0
179.95 9.9328
179.96 11.1744
179.97 11.1744
179.98 9.9328
179.99 8.6912
180 7.4496
180.01 3.7248
180.02 0
180.03 0
180.04 0
180.05 0
180.06 0
180.07 0
180.08 0
180.09 4.9664
180.1 11.1744
180.11 11.1744
180.12 11.1744
180.13 7.4496
180.14 7.4496
180.15 8.6912
180.16 0
180.17 0
180.18 0
180.19 0
180.2 0
180.21 0
180.22 0
180.23 0
180.24 9.9328
180.25 11.1744
180.26 11.1744
180.27 9.9328
180.28 6.208
180.29 8.6912
180.3 4.9664
180.31 0
180.32 0
180.33 0
180.34 0
180.35 0
180.36 0
180.37 0
180.38 3.7248
180.39 11.1744
180.4 8.6912
180.41 11.1744
180.42 8.6912
180.43 7.4496
180.44 7.4496
180.45 3.7248
180.46 0
180.47 0
180.48 0
180.49 0
180.5 0
180.51 7.4496
180.52 11.1744
180.53 12.416
180.54 9.9328
180.55 6.208
180.56 8.6912
180.57 6.208
180.58 0
180.59 0
180.6 0
180.61 0
180.62 0
180.63 2.4832
180.64 9.9328
180.65 11.1744
180.66 9.9328
180.67 8.6912
180.68 8.6912
180.69 7.4496
180.7 3.7248
180.71 0
180.72 0
180.73 0
180.74 0
180.75 0
180.76 4.9664
180.77 11.1744
180.78 8.6912
180.79 11.1744
180.8 6.208
180.81 8.6912
180.82 6.208
180.83 4.9664
180.84 0
180.85 0
180.86 0
180.87 0
180.88 0
180.89 3.7248
180.9 11.1744
180.91 9.9328
180.92 9.9328
180.93 7.4496
180.94 7.4496
180.95 6.208
180.96 6.208
180.97 0
180.98 0
180.99 0
181 0
181.01 0
181.02 1.2416
181.03 9.9328
181.04 9.9328
181.05 8.6912
181.06 11.1744
181.07 4.9664
181.08 7.4496
181.09 7.4496
181.1 1.2416
181.11 0
181.12 0
181.13 0
181.14 0
181.15 0
181.16 3.7248
181.17 11.1744
181.18 8.6912
181.19 9.9328
181.2 8.6912
181.21 6.208
181.22 7.4496
181.23 4.9664
181.24 1.2416
181.25 0
181.26 0
181.27 0
181.28 0
181.29 0
181.3 6.208
181.31 9.9328
181.32 8.6912
181.33 8.6912
181.34 8.6912
181.35 6.208
181.36 7.4496
181.37 6.208
181.38 0
181.39 0
181.4 0
181.41 0
181.42 0
181.43 0
181.44 6.208
181.45 9.9328
181.46 7.4496
181.47 9.9328
181.48 8.6912
181.49 4.9664
181.5 6.208
181.51 7.4496
181.52 1.2416
181.53 0
181.54 0
181.55 0
181.56 0
181.57 0
181.58 3.7248
181.59 11.1744
181.6 6.208
181.61 9.9328
181.62 9.9328
181.63 3.7248
181.64 6.208
181.65 7.4496
181.66 3.7248
181.67 0
181.68 0
181.69 0
181.7 0
181.71 0
181.72 0
181.73 9.9328
181.74 7.4496
181.75 7.4496
181.76 11.1744
181.77 6.208
181.78 6.208
181.79 6.208
181.8 6.208
181.81 1.2416
181.82 0
181.83 0
181.84 0
181.85 0
181.86 0
181.87 2.4832
181.88 8.6912
181.89 6.208
181.9 8.6912
181.91 9.9328
181.92 6.208
181.93 4.9664
181.94 6.208
181.95 6.208
181.96 0
181.97 0
181.98 0
181.99 0
182 0
182.01 0
182.02 4.9664
182.03 6.208
182.04 3.7248
182.05 9.9328
182.06 4.9664
182.07 7.4496
182.08 6.208
182.09 0
182.1 0
182.11 0
182.12 0
182.13 0
182.14 0
182.15 6.208
182.16 4.9664
182.17 8.6912
182.18 7.4496
182.19 6.208
182.2 6.208
182.21 4.9664
182.22 0
182.23 0
182.24 0
182.25 0
182.26 0
182.27 0
182.28 6.208
182.29 6.208
182.3 7.4496
182.31 8.6912
182.32 3.7248
182.33 7.4496
182.34 6.208
182.35 1.2416
182.36 0
182.37 0
182.38 0
182.39 0
182.4 0
182.41 0
182.42 12.416
182.43 2.4832
182.44 8.6912
182.45 6.208
182.46 6.208
182.47 7.4496
182.48 4.9664
182.49 0
182.5 0
182.51 0
182.52 0
182.53 0
182.54 0
182.55 2.4832
182.56 11.1744
182.57 2.4832
182.58 8.6912
182.59 6.208
182.6 7.4496
182.61 6.208
182.62 6.208
182.63 0
182.64 0
182.65 0
182.66 0
182.67 0
182.68 0
182.69 2.4832
182.7 11.1744
182.71 2.4832
182.72 8.6912
182.73 7.4496
182.74 4.9664
182.75 7.4496
182.76 6.208
182.77 1.2416
182.78 0
182.79 0
182.8 0
182.81 0
182.82 0
182.83 0
182.84 12.416
182.85 4.9664
182.86 6.208
182.87 7.4496
182.88 3.7248
182.89 7.4496
182.9 6.208
182.91 4.9664
182.92 0
182.93 0
182.94 0
182.95 0
182.96 0
182.97 0
182.98 4.9664
182.99 11.1744
183 3.7248
183.01 7.4496
183.02 6.208
183.03 6.208
183.04 4.9664
183.05 6.208
183.06 3.7248
183.07 0
183.08 0
183.09 0
183.1 0
183.11 0
183.12 0
183.13 7.4496
183.14 11.1744
183.15 3.7248
183.16 3.7248
183.17 7.4496
183.18 4.9664
183.19 6.208
183.2 7.4496
183.21 1.2416
183.22 0
183.23 0
183.24 0
183.25 0
183.26 9.9328
183.27 11.1744
183.28 6.208
183.29 0
183.3 0
183.31 6.208
183.32 4.9664
183.33 1.2416
183.34 0
183.35 0
183.36 0
183.37 8.6912
183.38 9.9328
183.39 4.9664
183.4 3.7248
183.41 0
183.42 2.4832
183.43 6.208
183.44 4.9664
183.45 0
183.46 0
183.47 0
183.48 2.4832
183.49 9.9328
183.5 8.6912
183.51 4.9664
183.52 1.2416
183.53 0
183.54 2.4832
183.55 6.208
183.56 4.9664
183.57 1.2416
183.58 0
183.59 0
183.6 2.4832
183.61 9.9328
183.62 8.6912
183.63 3.7248
183.64 2.4832
183.65 0
183.66 2.4832
183.67 6.208
183.68 4.9664
183.69 1.2416
183.7 0
183.71 0
183.72 0
183.73 8.6912
183.74 9.9328
183.75 4.9664
183.76 4.9664
183.77 0
183.78 0
183.79 4.9664
183.8 6.208
183.81 3.7248
183.82 0
183.83 0
183.84 0
183.85 2.4832
183.86 9.9328
183.87 9.9328
183.88 3.7248
183.89 3.7248
183.9 0
183.91 0
183.92 6.208
183.93 6.208
183.94 2.4832
183.95 0
183.96 0
183.97 0
183.98 4.9664
183.99 8.6912
184 9.9328
184.01 2.4832
184.02 3.7248
184.03 0
184.04 0
184.05 4.9664
184.06 6.208
184.07 4.9664
184.08 0
184.09 0
184.1 0
184.11 3.7248
184.12 9.9328
184.13 9.9328
184.14 2.4832
184.15 3.7248
184.16 0
184.17 0
184.18 3.7248
184.19 6.208
184.2 6.208
184.21 0
184.22 0
184.23 0
184.24 0
184.25 9.9328
184.26 7.4496
184.27 6.208
184.28 4.9664
184.29 1.2416
184.3 0
184.31 2.4832
184.32 7.4496
184.33 6.208
184.34 1.2416
184.35 0
184.36 0
184.37 0
184.38 3.7248
184.39 8.6912
184.4 8.6912
184.41 3.7248
184.42 4.9664
184.43 0
184.44 0
184.45 3.7248
184.46 7.4496
184.47 6.208
184.48 0
184.49 0
184.5 0
184.51 0
184.52 7.4496
184.53 6.208
184.54 9.9328
184.55 1.2416
184.56 4.9664
184.57 0
184.58 0
184.59 4.9664
184.6 7.4496
184.61 4.9664
184.62 0
184.63 0
184.64 0
184.65 0
184.66 8.6912
184.67 7.4496
184.68 8.6912
184.69 2.4832
184.7 3.7248
184.71 0
184.72 0
184.73 4.9664
184.74 7.4496
184.75 4.9664
184.76 0
184.77 0
184.78 0
184.79 0
184.8 8.6912
184.81 6.208
184.82 9.9328
184.83 2.4832
184.84 3.7248
184.85 0
184.86 0
184.87 3.7248
184.88 7.4496
184.89 6.208
184.9 0
184.91 0
184.92 0
184.93 0
184.94 6.208
184.95 7.4496
184.96 9.9328
184.97 1.2416
184.98 6.208
184.99 0
185 0
185.01 2.4832
185.02 7.4496
185.03 7.4496
185.04 0
185.05 0
185.06 0
185.07 0
185.08 2.4832
185.09 8.6912
185.1 7.4496
185.11 6.208
185.12 2.4832
185.13 3.7248
185.14 0
185.15 1.2416
185.16 6.208
185.17 7.4496
185.18 2.4832
185.19 0
185.2 0
185.21 0
185.22 0
185.23 8.6912
185.24 4.9664
185.25 11.1744
185.26 0
185.27 6.208
185.28 0
185.29 0
185.3 2.4832
185.31 8.6912
185.32 6.208
185.33 0
185.34 0
185.35 0
185.36 0
185.37 3.7248
185.38 8.6912
185.39 6.208
185.4 6.208
185.41 2.4832
185.42 3.7248
185.43 0
185.44 0
185.45 6.208
185.46 6.208
185.47 4.9664
185.48 0
185.49 0
185.5 0
185.51 0
185.52 6.208
185.53 7.4496
185.54 8.6912
185.55 2.4832
185.56 4.9664
185.57 1.2416
185.58 0
185.59 1.2416
185.6 7.4496
185.61 6.208
185.62 2.4832
185.63 0
185.64 0
185.65 0
185.66 0
185.67 8.6912
185.68 4.9664
185.69 11.1744
185.7 0
185.71 6.208
185.72 0
185.73 0
185.74 2.4832
185.75 7.4496
185.76 4.9664
185.77 2.4832
185.78 0
185.79 0
185.8 1.2416
185.81 12.416
185.82 11.1744
185.83 2.4832
185.84 3.7248
185.85 0
185.86 2.4832
185.87 7.4496
185.88 6.208
185.89 1.2416
185.9 0
185.91 0
185.92 3.7248
185.93 12.416
185.94 8.6912
185.95 4.9664
185.96 1.2416
185.97 0
185.98 3.7248
185.99 6.208
186 4.9664
186.01 2.4832
186.02 0
186.03 0
186.04 3.7248
186.05 11.1744
186.06 9.9328
186.07 4.9664
186.08 1.2416
186.09 0
186.1 2.4832
186.11 6.208
186.12 4.9664
186.13 3.7248
186.14 0
186.15 0
186.16 0
186.17 8.6912
186.18 12.416
186.19 6.208
186.2 3.7248
186.21 0
186.22 0
186.23 4.9664
186.24 6.208
186.25 4.9664
186.26 1.2416
186.27 0
186.28 0
186.29 0
186.3 11.1744
186.31 12.416
186.32 3.7248
186.33 3.7248
186.34 0
186.35 1.2416
186.36 4.9664
186.37 4.9664
186.38 6.208
186.39 0
186.4 0
186.41 0
186.42 1.2416
186.43 11.1744
186.44 11.1744
186.45 3.7248
186.46 3.7248
186.47 0
186.48 0
186.49 4.9664
186.5 6.208
186.51 6.208
186.52 0
186.53 0
186.54 0
186.55 0
186.56 12.416
186.57 9.9328
186.58 4.9664
186.59 3.7248
186.6 0
186.61 0
186.62 2.4832
186.63 7.4496
186.64 4.9664
186.65 2.4832
186.66 0
186.67 0
186.68 0
186.69 7.4496
186.7 12.416
186.71 4.9664
186.72 4.9664
186.73 1.2416
186.74 0
186.75 1.2416
186.76 4.9664
186.77 4.9664
186.78 6.208
186.79 0
186.8 0
186.81 0
186.82 0
186.83 11.1744
186.84 11.1744
186.85 4.9664
186.86 3.7248
186.87 0
186.88 0
186.89 2.4832
186.9 7.4496
186.91 3.7248
186.92 3.7248
186.93 0
186.94 0
186.95 0
186.96 1.2416
186.97 12.416
186.98 9.9328
186.99 3.7248
187 3.7248
187.01 0
187.02 0
187.03 3.7248
187.04 6.208
187.05 4.9664
187.06 2.4832
187.07 0
187.08 0
187.09 0
187.1 2.4832
187.11 11.1744
187.12 9.9328
187.13 3.7248
187.14 3.7248
187.15 0
187.16 0
187.17 2.4832
187.18 7.4496
187.19 4.9664
187.2 2.4832
187.21 0
187.22 0
187.23 0
187.24 1.2416
187.25 12.416
187.26 8.6912
187.27 3.7248
187.28 4.9664
187.29 0
187.3 0
187.31 2.4832
187.32 4.9664
187.33 4.9664
187.34 4.9664
187.35 0
187.36 0
187.37 0
187.38 0
187.39 9.9328
187.4 11.1744
187.41 4.9664
187.42 4.9664
187.43 1.2416
187.44 0
187.45 1.2416
187.46 3.7248
187.47 6.208
187.48 4.9664
187.49 1.2416
187.5 0
187.51 0
187.52 0
187.53 3.7248
187.54 11.1744
187.55 9.9328
187.56 3.7248
187.57 3.7248
187.58 0
187.59 0
187.6 2.4832
187.61 6.208
187.62 4.9664
187.63 3.7248
187.64 0
187.65 0
187.66 0
187.67 0
187.68 6.208
187.69 11.1744
187.7 7.4496
187.71 2.4832
187.72 3.7248
187.73 0
187.74 0
187.75 3.7248
187.76 7.4496
187.77 4.9664
187.78 2.4832
187.79 0
187.8 0
187.81 0
187.82 0
187.83 8.6912
187.84 11.1744
187.85 3.7248
187.86 0
187.87 0
187.88 0
187.89 3.7248
187.9 4.9664
187.91 2.4832
187.92 0
187.93 0
187.94 0
187.95 0
187.96 8.6912
187.97 11.1744
187.98 4.9664
187.99 0
188 0
188.01 0
188.02 3.7248
188.03 4.9664
188.04 2.4832
188.05 0
188.06 0
188.07 0
188.08 0
188.09 9.9328
188.1 11.1744
188.11 4.9664
188.12 0
188.13 0
188.14 0
188.15 4.9664
188.16 3.7248
188.17 3.7248
188.18 0
188.19 0
188.2 0
188.21 0
188.22 6.208
188.23 11.1744
188.24 9.9328
188.25 0
188.26 0
188.27 0
188.28 3.7248
188.29 3.7248
188.3 4.9664
188.31 0
188.32 0
188.33 0
188.34 0
188.35 1.2416
188.36 11.1744
188.37 11.1744
188.38 4.9664
188.39 0
188.4 0
188.41 0
188.42 6.208
188.43 3.7248
188.44 2.4832
188.45 0
188.46 0
188.47 0
188.48 0
188.49 6.208
188.5 12.416
188.51 9.9328
188.52 1.2416
188.53 0
188.54 0
188.55 1.2416
188.56 4.9664
188.57 6.208
188.58 1.2416
188.59 0
188.6 0
188.61 0
188.62 0
188.63 9.9328
188.64 11.1744
188.65 8.6912
188.66 0
188.67 0
188.68 0
188.69 2.4832
188.7 4.9664
188.71 6.208
188.72 1.2416
188.73 0
188.74 0
188.75 0
188.76 0
188.77 11.1744
188.78 11.1744
188.79 7.4496
188.8 0
188.81 0
188.82 0
188.83 2.4832
188.84 4.9664
188.85 6.208
188.86 2.4832
188.87 0
188.88 0
188.89 0
188.9 0
188.91 8.6912
188.92 11.1744
188.93 8.6912
188.94 1.2416
188.95 0
188.96 0
188.97 1.2416
188.98 4.9664
188.99 4.9664
189 4.9664
189.01 0
189.02 0
189.03 0
189.04 0
189.05 4.9664
189.06 11.1744
189.07 11.1744
189.08 3.7248
189.09 0
189.1 0
189.11 0
189.12 4.9664
189.13 6.208
189.14 4.9664
189.15 0
189.16 0
189.17 0
189.18 0
189.19 0
189.2 11.1744
189.21 9.9328
189.22 9.9328
189.23 1.2416
189.24 0
189.25 0
189.26 1.2416
189.27 4.9664
189.28 4.9664
189.29 4.9664
189.3 0
189.31 0
189.32 0
189.33 0
189.34 3.7248
189.35 11.1744
189.36 9.9328
189.37 7.4496
189.38 0
189.39 0
189.4 0
189.41 2.4832
189.42 3.7248
189.43 4.9664
189.44 3.7248
189.45 0
189.46 0
189.47 0
189.48 0
189.49 7.4496
189.5 11.1744
189.51 9.9328
189.52 4.9664
189.53 0
189.54 0
189.55 0
189.56 3.7248
189.57 2.4832
189.58 0
189.59 0
189.6 0
189.61 0
189.62 7.4496
189.63 9.9328
189.64 9.9328
189.65 1.2416
189.66 0
189.67 0
189.68 1.2416
189.69 4.9664
189.7 1.2416
189.71 0
189.72 0
189.73 0
189.74 3.7248
189.75 9.9328
189.76 8.6912
189.77 6.208
189.78 0
189.79 0
189.8 0
189.81 3.7248
189.82 3.7248
189.83 0
189.84 0
189.85 0
189.86 0
189.87 8.6912
189.88 8.6912
189.89 8.6912
189.9 3.7248
189.91 0
189.92 0
189.93 0
189.94 3.7248
189.95 3.7248
189.96 0
189.97 0
189.98 0
189.99 0
190 8.6912
190.01 9.9328
190.02 7.4496
190.03 4.9664
190.04 0
190.05 0
190.06 0
190.07 2.4832
190.08 3.7248
190.09 1.2416
190.1 0
190.11 0
190.12 0
190.13 4.9664
190.14 9.9328
190.15 8.6912
190.16 7.4496
190.17 0
190.18 0
190.19 0
190.2 0
190.21 4.9664
190.22 3.7248
190.23 0
190.24 0
190.25 0
190.26 0
190.27 7.4496
190.28 9.9328
190.29 8.6912
190.3 4.9664
190.31 0
190.32 0
190.33 0
190.34 1.2416
190.35 4.9664
190.36 2.4832
190.37 0
190.38 0
190.39 0
190.4 0
190.41 8.6912
190.42 7.4496
190.43 8.6912
190.44 6.208
190.45 0
190.46 0
190.47 0
190.48 0
190.49 6.208
190.5 3.7248
190.51 0
190.52 0
190.53 0
190.54 0
190.55 7.4496
190.56 7.4496
190.57 8.6912
190.58 7.4496
190.59 0
190.6 0
190.61 0
190.62 0
190.63 3.7248
190.64 4.9664
190.65 1.2416
190.66 0
190.67 0
190.68 0
190.69 3.7248
190.7 7.4496
190.71 7.4496
190.72 8.6912
190.73 3.7248
190.74 0
190.75 0
190.76 0
190.77 0
190.78 6.208
190.79 3.7248
190.8 0
190.81 0
190.82 0
190.83 0
190.84 6.208
190.85 7.4496
190.86 8.6912
190.87 8.6912
190.88 1.2416
190.89 0
190.9 0
190.91 0
190.92 0
190.93 6.208
190.94 3.7248
190.95 0
190.96 0
190.97 0
190.98 3.7248
190.99 12.416
191 11.1744
191.01 4.9664
191.02 0
191.03 0
191.04 0
191.05 3.7248
191.06 6.208
191.07 0
191.08 0
191.09 0
191.1 6.208
191.11 12.416
191.12 9.9328
191.13 3.7248
191.14 0
191.15 0
191.16 0
191.17 3.7248
191.18 6.208
191.19 0
191.2 0
191.21 0
191.22 7.4496
191.23 9.9328
191.24 8.6912
191.25 6.208
191.26 0
191.27 0
191.28 0
191.29 0
191.3 6.208
191.31 3.7248
191.32 0
191.33 0
191.34 3.7248
191.35 9.9328
191.36 8.6912
191.37 8.6912
191.38 1.2416
191.39 0
191.4 0
191.41 0
191.42 2.4832
191.43 6.208
191.44 1.2416
191.45 0
191.46 0
191.47 7.4496
191.48 7.4496
191.49 9.9328
191.5 7.4496
191.51 0
191.52 0
191.53 0
191.54 0
191.55 4.9664
191.56 4.9664
191.57 0
191.58 0
191.59 0
191.6 7.4496
191.61 7.4496
191.62 8.6912
191.63 8.6912
191.64 0
191.65 0
191.66 0
191.67 0
191.68 4.9664
191.69 4.9664
191.7 0
191.71 0
191.72 0
191.73 6.208
191.74 7.4496
191.75 7.4496
191.76 8.6912
191.77 2.4832
191.78 0
191.79 0
191.8 0
191.81 1.2416
191.82 6.208
191.83 2.4832
191.84 0
191.85 0
191.86 3.7248
191.87 7.4496
191.88 7.4496
191.89 8.6912
191.9 4.9664
191.91 0
191.92 0
191.93 0
191.94 0
191.95 4.9664
191.96 4.9664
191.97 0
191.98 0
191.99 0
192 6.208
192.01 8.6912
192.02 7.4496
192.03 7.4496
192.04 2.4832
192.05 0
192.06 0
192.07 0
192.08 0
192.09 6.208
192.1 3.7248
192.11 0
192.12 0
192.13 1.2416
192.14 6.208
192.15 8.6912
192.16 6.208
192.17 7.4496
192.18 2.4832
192.19 0
192.2 0
192.21 0
192.22 1.2416
192.23 6.208
192.24 2.4832
192.25 0
192.26 0
192.27 1.2416
192.28 7.4496
192.29 6.208
192.3 7.4496
192.31 7.4496
192.32 2.4832
192.33 0
192.34 0
192.35 0
192.36 1.2416
192.37 6.208
192.38 2.4832
192.39 0
192.4 0
192.41 1.2416
192.42 6.208
192.43 7.4496
192.44 6.208
192.45 7.4496
192.46 3.7248
192.47 0
192.48 0
192.49 0
192.5 0
192.51 6.208
192.52 3.7248
192.53 0
192.54 0
192.55 0
192.56 7.4496
192.57 6.208
192.58 6.208
192.59 6.208
192.6 6.208
192.61 0
192.62 0
192.63 0
192.64 0
192.65 4.9664
192.66 4.9664
192.67 0
192.68 0
192.69 0
192.7 3.7248
192.71 7.4496
192.72 7.4496
192.73 4.9664
192.74 6.208
192.75 2.4832
192.76 0
192.77 0
192.78 0
192.79 1.2416
192.8 6.208
192.81 2.4832
192.82 0
192.83 0
192.84 0
192.85 7.4496
192.86 6.208
192.87 6.208
192.88 6.208
192.89 6.208
192.9 0
192.91 0
192.92 0
192.93 0
192.94 4.9664
192.95 4.9664
192.96 0
192.97 0
192.98 0
192.99 3.7248
193 6.208
193.01 6.208
193.02 4.9664
193.03 6.208
193.04 4.9664
193.05 0
193.06 0
193.07 0
193.08 0
193.09 6.208
193.1 3.7248
193.11 0
193.12 0
193.13 0
193.14 4.9664
193.15 6.208
193.16 6.208
193.17 4.9664
193.18 4.9664
193.19 3.7248
193.2 0
193.21 0
193.22 3.7248
193.23 6.208
193.24 0
193.25 0
193.26 0
193.27 4.9664
193.28 6.208
193.29 6.208
193.3 3.7248
193.31 4.9664
193.32 0
193.33 0
193.34 0
193.35 0
193.36 2.4832
193.37 0
193.38 0
193.39 0
193.4 6.208
193.41 6.208
193.42 6.208
193.43 3.7248
193.44 4.9664
193.45 0
193.46 0
193.47 0
193.48 0
193.49 3.7248
193.5 0
193.51 0
193.52 0
193.53 6.208
193.54 4.9664
193.55 6.208
193.56 3.7248
193.57 6.208
193.58 0
193.59 0
193.6 0
193.61 0
193.62 3.7248
193.63 0
193.64 0
193.65 0
193.66 4.9664
193.67 6.208
193.68 4.9664
193.69 4.9664
193.7 4.9664
193.71 2.4832
193.72 0
193.73 0
193.74 0
193.75 4.9664
193.76 0
193.77 0
193.78 0
193.79 2.4832
193.8 6.208
193.81 4.9664
193.82 4.9664
193.83 3.7248
193.84 6.208
193.85 0
193.86 0
193.87 0
193.88 0
193.89 6.208
193.9 0
193.91 0
193.92 0
193.93 4.9664
193.94 4.9664
193.95 4.9664
193.96 4.9664
193.97 3.7248
193.98 4.9664
193.99 0
194 0
194.01 0
194.02 0
194.03 7.4496
194.04 0
194.05 0
194.06 0
194.07 4.9664
194.08 4.9664
194.09 4.9664
194.1 4.9664
194.11 3.7248
194.12 4.9664
194.13 0
194.14 0
194.15 0
194.16 0
194.17 8.6912
194.18 0
194.19 0
194.2 0
194.21 4.9664
194.22 4.9664
194.23 4.9664
194.24 4.9664
194.25 3.7248
194.26 4.9664
194.27 0
194.28 0
194.29 0
194.3 0
194.31 9.9328
194.32 0
194.33 0
194.34 0
194.35 3.7248
194.36 4.9664
194.37 4.9664
194.38 4.9664
194.39 3.7248
194.4 3.7248
194.41 2.4832
194.42 0
194.43 0
194.44 0
194.45 6.208
194.46 3.7248
194.47 0
194.48 0
194.49 1.2416
194.5 6.208
194.51 6.208
194.52 3.7248
194.53 4.9664
194.54 2.4832
194.55 4.9664
194.56 0
194.57 0
194.58 0
194.59 1.2416
194.6 8.6912
194.61 0
194.62 0
194.63 0
194.64 4.9664
194.65 6.208
194.66 3.7248
194.67 4.9664
194.68 3.7248
194.69 3.7248
194.7 2.4832
194.71 0
194.72 0
194.73 0
194.74 4.9664
194.75 4.9664
194.76 0
194.77 0
194.78 0
194.79 7.4496
194.8 6.208
194.81 3.7248
194.82 4.9664
194.83 3.7248
194.84 4.9664
194.85 0
194.86 0
194.87 0
194.88 0
194.89 7.4496
194.9 2.4832
194.91 0
194.92 0
194.93 1.2416
194.94 7.4496
194.95 4.9664
194.96 4.9664
194.97 3.7248
194.98 2.4832
194.99 4.9664
195 0
195.01 0
195.02 0
195.03 0
195.04 8.6912
195.05 1.2416
195.06 0
195.07 0
195.08 12.416
195.09 9.9328
195.1 3.7248
195.11 0
195.12 0
195.13 0
195.14 0
195.15 0
195.16 2.4832
195.17 0
195.18 0
195.19 8.6912
195.2 11.1744
195.21 4.9664
195.22 2.4832
195.23 0
195.24 0
195.25 0
195.26 0
195.27 0
195.28 2.4832
195.29 0
195.3 0
195.31 11.1744
195.32 9.9328
195.33 4.9664
195.34 2.4832
195.35 0
195.36 0
195.37 0
195.38 0
195.39 0
195.4 2.4832
195.41 0
195.42 0
195.43 8.6912
195.44 11.1744
195.45 6.208
195.46 3.7248
195.47 0
195.48 0
195.49 0
195.5 0
195.51 0
195.52 1.2416
195.53 2.4832
195.54 0
195.55 4.9664
195.56 9.9328
195.57 8.6912
195.58 4.9664
195.59 1.2416
195.6 0
195.61 0
195.62 0
195.63 0
195.64 0
195.65 4.9664
195.66 0
195.67 0
195.68 8.6912
195.69 8.6912
195.7 7.4496
195.71 4.9664
195.72 0
195.73 0
195.74 0
195.75 0
195.76 0
195.77 0
195.78 6.208
195.79 0
195.8 1.2416
195.81 8.6912
195.82 8.6912
195.83 6.208
195.84 4.9664
195.85 0
195.86 0
195.87 0
195.88 0
195.89 0
195.9 0
195.91 4.9664
195.92 1.2416
195.93 0
195.94 8.6912
195.95 8.6912
195.96 7.4496
195.97 3.7248
195.98 2.4832
195.99 0
196 0
196.01 0
196.02 0
196.03 0
196.04 1.2416
196.05 4.9664
196.06 0
196.07 4.9664
196.08 7.4496
196.09 8.6912
196.1 6.208
196.11 4.9664
196.12 0
196.13 0
196.14 0
196.15 0
196.16 0
196.17 0
196.18 6.208
196.19 0
196.2 0
196.21 7.4496
196.22 7.4496
196.23 8.6912
196.24 4.9664
196.25 3.7248
196.26 0
196.27 0
196.28 0
196.29 0
196.3 0
196.31 0
196.32 7.4496
196.33 0
196.34 2.4832
196.35 7.4496
196.36 6.208
196.37 8.6912
196.38 3.7248
196.39 3.7248
196.4 0
196.41 0
196.42 0
196.43 0
196.44 0
196.45 0
196.46 7.4496
196.47 0
196.48 2.4832
196.49 7.4496
196.5 6.208
196.51 8.6912
196.52 3.7248
196.53 3.7248
196.54 0
196.55 0
196.56 0
196.57 0
196.58 0
196.59 0
196.6 6.208
196.61 2.4832
196.62 0
196.63 7.4496
196.64 7.4496
196.65 6.208
196.66 7.4496
196.67 3.7248
196.68 0
196.69 0
196.7 0
196.71 0
196.72 0
196.73 0
196.74 3.7248
196.75 4.9664
196.76 0
196.77 3.7248
196.78 7.4496
196.79 7.4496
196.8 7.4496
196.81 3.7248
196.82 2.4832
196.83 0
196.84 0
196.85 0
196.86 0
196.87 0
196.88 0
196.89 8.6912
196.9 0
196.91 0
196.92 8.6912
196.93 6.208
196.94 6.208
196.95 7.4496
196.96 4.9664
196.97 0
196.98 0
196.99 0
197 0
197.01 0
197.02 0
197.03 2.4832
197.04 6.208
197.05 0
197.06 3.7248
197.07 6.208
197.08 7.4496
197.09 6.208
197.1 6.208
197.11 3.7248
197.12 0
197.13 0
197.14 0
197.15 0
197.16 0
197.17 0
197.18 4.9664
197.19 3.7248
197.2 0
197.21 6.208
197.22 6.208
197.23 6.208
197.24 7.4496
197.25 7.4496
197.26 0
197.27 0
197.28 0
197.29 0
197.3 0
197.31 8.6912
197.32 0
197.33 3.7248
197.34 7.4496
197.35 6.208
197.36 8.6912
197.37 7.4496
197.38 0
197.39 0
197.4 0
197.41 0
197.42 0
197.43 8.6912
197.44 0
197.45 2.4832
197.46 6.208
197.47 6.208
197.48 6.208
197.49 8.6912
197.5 3.7248
197.51 0
197.52 0
197.53 0
197.54 0
197.55 6.208
197.56 2.4832
197.57 0
197.58 4.9664
197.59 6.208
197.6 6.208
197.61 6.208
197.62 6.208
197.63 3.7248
197.64 0
197.65 0
197.66 0
197.67 0
197.68 8.6912
197.69 0
197.7 0
197.71 6.208
197.72 6.208
197.73 4.9664
197.74 7.4496
197.75 6.208
197.76 2.4832
197.77 0
197.78 0
197.79 0
197.8 0
197.81 8.6912
197.82 0
197.83 0
197.84 6.208
197.85 6.208
197.86 4.9664
197.87 7.4496
197.88 4.9664
197.89 3.7248
197.9 0
197.91 0
197.92 0
197.93 0
197.94 6.208
197.95 2.4832
197.96 0
197.97 3.7248
197.98 4.9664
197.99 6.208
198 6.208
198.01 7.4496
198.02 4.9664
198.03 0
198.04 0
198.05 0
198.06 0
198.07 2.4832
198.08 6.208
198.09 0
198.1 0
198.11 6.208
198.12 4.9664
198.13 4.9664
198.14 6.208
198.15 7.4496
198.16 3.7248
198.17 0
198.18 0
198.19 0
198.2 0
198.21 6.208
198.22 2.4832
198.23 0
198.24 2.4832
198.25 4.9664
198.26 4.9664
198.27 4.9664
198.28 6.208
198.29 6.208
198.3 3.7248
198.31 0
198.32 0
198.33 0
198.34 1.2416
198.35 4.9664
198.36 2.4832
198.37 0
198.38 3.7248
198.39 3.7248
198.4 4.9664
198.41 4.9664
198.42 6.208
198.43 4.9664
198.44 4.9664
198.45 0
198.46 0
198.47 0
198.48 0
198.49 4.9664
198.5 3.7248
198.51 0
198.52 1.2416
198.53 4.9664
198.54 4.9664
198.55 6.208
198.56 4.9664
198.57 6.208
198.58 4.9664
198.59 0
198.6 0
198.61 0
198.62 0
198.63 2.4832
198.64 6.208
198.65 0
198.66 0
198.67 3.7248
198.68 4.9664
198.69 4.9664
198.7 4.9664
198.71 7.4496
198.72 4.9664
198.73 2.4832
198.74 0
198.75 0
198.76 0
198.77 1.2416
198.78 4.9664
198.79 2.4832
198.8 0
198.81 0
198.82 4.9664
198.83 4.9664
198.84 6.208
198.85 3.7248
198.86 7.4496
198.87 4.9664
198.88 1.2416
198.89 0
198.9 0
198.91 0
198.92 2.4832
198.93 6.208
198.94 0
198.95 0
198.96 2.4832
198.97 3.7248
198.98 4.9664
198.99 4.9664
199 6.208
199.01 7.4496
199.02 3.7248
199.03 0
199.04 0
199.05 1.2416
199.06 6.208
199.07 1.2416
199.08 0
199.09 2.4832
199.1 3.7248
199.11 4.9664
199.12 6.208
199.13 8.6912
199.14 7.4496
199.15 0
199.16 0
199.17 0
199.18 4.9664
199.19 3.7248
199.2 0
199.21 0
199.22 3.7248
199.23 3.7248
199.24 4.9664
199.25 6.208
199.26 11.1744
199.27 3.7248
199.28 0
199.29 0
199.3 1.2416
199.31 4.9664
199.32 2.4832
199.33 0
199.34 0
199.35 3.7248
199.36 3.7248
199.37 3.7248
199.38 6.208
199.39 11.1744
199.4 4.9664
199.41 0
199.42 0
199.43 1.2416
199.44 3.7248
199.45 3.7248
199.46 0
199.47 0
199.48 2.4832
199.49 2.4832
199.5 3.7248
199.51 4.9664
199.52 8.6912
199.53 11.1744
199.54 0
199.55 0
199.56 0
199.57 2.4832
199.58 6.208
199.59 0
199.6 0
199.61 1.2416
199.62 3.7248
199.63 3.7248
199.64 3.7248
199.65 6.208
199.66 9.9328
199.67 6.208
199.68 0
199.69 0
199.7 0
199.71 3.7248
199.72 4.9664
199.73 0
199.74 0
199.75 2.4832
199.76 2.4832
199.77 4.9664
199.78 4.9664
199.79 4.9664
199.8 11.1744
199.81 3.7248
199.82 0
199.83 0
199.84 0
199.85 3.7248
199.86 4.9664
199.87 0
199.88 0
199.89 2.4832
199.9 2.4832
199.91 4.9664
199.92 4.9664
199.93 4.9664
199.94 9.9328
199.95 4.9664
199.96 0
199.97 0
199.98 0
199.99 3.7248
