175 2.96587
175.01 3.7248
175.02 2.4832
175.03 3.7248
175.04 3.7248
175.05 3.7248
175.06 1.2416
175.07 2.4832
175.08 3.7248
175.09 3.7248
175.1 3.7248
175.11 0
175.12 1.2416
175.13 1.2416
175.14 1.2416
175.15 2.4832
175.16 2.4832
175.17 1.2416
175.18 2.4832
175.19 1.2416
175.2 2.4832
175.21 3.7248
175.22 3.7248
175.23 3.7248
175.24 3.7248
175.25 0
175.26 3.7248
175.27 3.7248
175.28 3.7248
175.29 3.7248
175.3 2.4832
175.31 1.2416
175.32 2.4832
175.33 2.4832
175.34 2.4832
175.35 3.7248
175.36 3.7248
175.37 3.7248
175.38 3.7248
175.39 3.7248
175.4 3.7248
175.41 3.7248
175.42 1.2416
175.43 2.4832
175.44 3.7248
175.45 3.7248
175.46 3.7248
175.47 3.7248
175.48 2.4832
175.49 1.2416
175.5 3.7248
175.51 4.9664
175.52 4.9664
175.53 4.9664
175.54 3.7248
175.55 2.4832
175.56 1.2416
175.57 2.4832
175.58 2.4832
175.59 2.4832
175.6 3.7248
175.61 3.7248
175.62 3.7248
175.63 3.7248
175.64 3.7248
175.65 4.9664
175.66 4.9664
175.67 4.9664
175.68 4.9664
175.69 3.7248
175.7 3.7248
175.71 3.7248
175.72 3.7248
175.73 4.9664
175.74 3.7248
175.75 2.4832
175.76 2.4832
175.77 2.4832
175.78 3.7248
175.79 3.7248
175.8 3.7248
175.81 3.7248
175.82 3.7248
175.83 3.7248
175.84 3.7248
175.85 3.7248
175.86 3.7248
175.87 3.7248
175.88 3.7248
175.89 3.7248
175.9 3.7248
175.91 2.4832
175.92 2.4832
175.93 2.4832
175.94 3.7248
175.95 3.7248
175.96 3.7248
175.97 3.7248
175.98 3.7248
175.99 3.7248
176 3.7248
176.01 2.4832
176.02 2.4832
176.03 2.4832
176.04 3.7248
176.05 3.7248
176.06 3.7248
176.07 3.7248
176.08 3.7248
176.09 2.4832
176.1 1.2416
176.11 3.7248
176.12 4.9664
176.13 4.9664
176.14 4.9664
176.15 1.2416
176.16 3.7248
176.17 4.9664
176.18 4.9664
176.19 4.9664
176.2 4.9664
176.21 4.9664
176.22 3.7248
176.23 3.7248
176.24 3.7248
176.25 3.7248
176.26 4.9664
176.27 4.9664
176.28 3.7248
176.29 3.7248
176.3 4.9664
176.31 4.9664
176.32 3.7248
176.33 4.9664
176.34 3.7248
176.35 4.9664
176.36 3.7248
176.37 3.7248
176.38 2.4832
176.39 3.7248
176.4 2.4832
176.41 2.4832
176.42 3.7248
176.43 3.7248
176.44 3.7248
176.45 3.7248
176.46 3.7248
176.47 2.4832
176.48 1.2416
176.49 3.7248
176.5 3.7248
176.51 3.7248
176.52 2.4832
176.53 2.4832
176.54 2.4832
176.55 3.7248
176.56 3.7248
176.57 3.7248
176.58 3.7248
176.59 3.7248
176.6 3.7248
176.61 2.4832
176.62 1.2416
176.63 3.7248
176.64 3.7248
176.65 3.7248
176.66 3.7248
176.67 2.4832
176.68 3.7248
176.69 2.4832
176.7 3.7248
176.71 4.9664
176.72 4.9664
176.73 4.9664
176.74 4.9664
176.75 2.4832
176.76 3.7248
176.77 3.7248
176.78 4.9664
176.79 4.9664
176.8 3.7248
176.81 2.4832
176.82 4.9664
176.83 3.7248
176.84 4.9664
176.85 4.9664
176.86 4.9664
176.87 4.9664
176.88 3.7248
176.89 3.7248
176.9 2.4832
176.91 4.9664
176.92 4.9664
176.93 4.9664
176.94 3.7248
176.95 4.9664
176.96 3.7248
176.97 3.7248
176.98 3.7248
176.99 4.9664
177 4.9664
177.01 4.9664
177.02 2.4832
177.03 3.7248
177.04 3.7248
177.05 4.9664
177.06 4.9664
177.07 4.9664
177.08 2.4832
177.09 3.7248
177.1 3.7248
177.11 4.9664
177.12 4.9664
177.13 3.7248
177.14 2.4832
177.15 3.7248
177.16 4.9664
177.17 4.9664
177.18 4.9664
177.19 3.7248
177.2 2.4832
177.21 4.9664
177.22 3.7248
177.23 4.9664
177.24 4.9664
177.25 3.7248
177.26 2.4832
177.27 1.2416
177.28 3.7248
177.29 3.7248
177.3 3.7248
177.31 3.7248
177.32 2.4832
177.33 2.4832
177.34 3.7248
177.35 4.9664
177.36 3.7248
177.37 2.4832
177.38 2.4832
177.39 3.7248
177.4 3.7248
177.41 3.7248
177.42 3.7248
177.43 1.2416
177.44 2.4832
177.45 3.7248
177.46 3.7248
177.47 3.7248
177.48 3.7248
177.49 2.4832
177.5 2.4832
177.51 2.4832
177.52 3.7248
177.53 3.7248
177.54 3.7248
177.55 3.7248
177.56 1.2416
177.57 0
177.58 1.2416
177.59 1.2416
177.6 1.2416
177.61 2.4832
177.62 3.7248
177.63 3.7248
177.64 3.7248
177.65 3.7248
177.66 3.7248
177.67 1.2416
177.68 2.4832
177.69 3.7248
177.7 3.7248
177.71 3.7248
177.72 3.7248
177.73 2.4832
177.74 2.4832
177.75 2.4832
177.76 3.7248
177.77 3.7248
177.78 3.7248
177.79 3.7248
177.8 1.2416
177.81 2.4832
177.82 3.7248
177.83 3.7248
177.84 3.7248
177.85 3.7248
177.86 1.2416
177.87 2.4832
177.88 2.4832
177.89 2.4832
177.9 2.4832
177.91 3.7248
177.92 1.2416
177.93 2.4832
177.94 3.7248
177.95 3.7248
177.96 3.7248
177.97 2.4832
177.98 2.4832
177.99 3.7248
178 2.4832
178.01 3.7248
178.02 3.7248
178.03 3.7248
178.04 2.4832
178.05 2.4832
178.06 2.4832
178.07 3.7248
178.08 3.7248
178.09 3.7248
178.1 2.4832
178.11 2.4832
178.12 2.4832
178.13 3.7248
178.14 3.7248
178.15 3.7248
178.16 2.4832
178.17 2.4832
178.18 2.4832
178.19 3.7248
178.2 3.7248
178.21 3.7248
178.22 2.4832
178.23 2.4832
178.24 2.4832
178.25 3.7248
178.26 3.7248
178.27 3.7248
178.28 2.4832
178.29 2.4832
178.3 3.7248
178.31 2.4832
178.32 3.7248
178.33 3.7248
178.34 3.7248
178.35 3.7248
178.36 3.7248
178.37 2.4832
178.38 2.4832
178.39 3.7248
178.4 2.4832
178.41 3.7248
178.42 3.7248
178.43 3.7248
178.44 3.7248
178.45 3.7248
178.46 2.4832
178.47 2.4832
178.48 2.4832
178.49 3.7248
178.5 3.7248
178.51 3.7248
178.52 2.4832
178.53 2.4832
178.54 3.7248
178.55 4.9664
178.56 4.9664
178.57 4.9664
178.58 1.2416
178.59 2.4832
178.6 3.7248
178.61 2.4832
178.62 1.2416
178.63 1.2416
178.64 2.4832
178.65 2.4832
178.66 2.4832
178.67 3.7248
178.68 1.2416
178.69 2.4832
178.7 2.4832
178.71 2.4832
178.72 2.4832
178.73 2.4832
178.74 2.4832
178.75 2.4832
178.76 2.4832
178.77 1.2416
178.78 1.2416
178.79 2.4832
178.8 2.4832
178.81 2.4832
178.82 2.4832
178.83 1.2416
178.84 1.2416
178.85 2.4832
178.86 2.4832
178.87 1.2416
178.88 1.2416
178.89 0
178.9 1.2416
178.91 2.4832
178.92 2.4832
178.93 1.2416
178.94 1.2416
178.95 2.4832
178.96 2.4832
178.97 2.4832
178.98 2.4832
178.99 2.4832
179 1.2416
179.01 1.2416
179.02 2.4832
179.03 2.4832
179.04 2.4832
179.05 2.4832
179.06 0
179.07 2.4832
179.08 2.4832
179.09 2.4832
179.1 2.4832
179.11 2.4832
179.12 2.4832
179.13 1.2416
179.14 1.2416
179.15 2.4832
179.16 2.4832
179.17 2.4832
179.18 2.4832
179.19 1.2416
179.2 1.2416
179.21 2.4832
179.22 2.4832
179.23 2.4832
179.24 2.4832
179.25 2.4832
179.26 0
179.27 2.4832
179.28 2.4832
179.29 2.4832
179.3 2.4832
179.31 2.4832
179.32 2.4832
179.33 1.2416
179.34 1.2416
179.35 2.4832
179.36 2.4832
179.37 2.4832
179.38 2.4832
179.39 2.4832
179.4 0
179.41 2.4832
179.42 2.4832
179.43 2.4832
179.44 2.4832
179.45 1.2416
179.46 1.2416
179.47 2.4832
179.48 2.4832
179.49 2.4832
179.5 2.4832
179.51 2.4832
179.52 1.2416
179.53 1.2416
179.54 2.4832
179.55 2.4832
179.56 2.4832
179.57 2.4832
179.58 1.2416
179.59 1.2416
179.6 1.2416
179.61 1.2416
179.62 1.2416
179.63 0
179.64 0
179.65 0
179.66 0
179.67 0
179.68 0
179.69 0
179.7 0
179.71 0
179.72 0
179.73 0
179.74 0
179.75 0
179.76 0
179.77 0
179.78 0
179.79 0
179.8 0
179.81 0
179.82 0
179.83 0
179.84 0
179.85 0
179.86 0
179.87 0
179.88 0
179.89 0
179.9 0
179.91 0
179.92 0
179.93 0
179.94 0
179.95 0
179.96 0
179.97 0
179.98 0
179.99 0
180 0
180.01 0
180.02 0
180.03 0
180.04 0
180.05 0
180.06 0
180.07 0
180.08 0
180.09 0
180.1 0
180.11 0
180.12 0
180.13 0
180.14 0
180.15 0
180.16 0
180.17 0
180.18 0
180.19 0
180.2 0
180.21 0
180.22 0
180.23 0
180.24 0
180.25 0
180.26 0
180.27 0
180.28 0
180.29 0
180.3 0
180.31 0
180.32 0
180.33 0
180.34 0
180.35 0
180.36 0
180.37 0
180.38 0
180.39 0
180.4 0
180.41 0
180.42 0
180.43 0
180.44 0
180.45 0
180.46 0
180.47 0
180.48 0
180.49 0
180.5 0
180.51 0
180.52 0
180.53 0
180.54 0
180.55 0
180.56 0
180.57 0
180.58 0
180.59 0
180.6 1.2416
180.61 4.9664
180.62 2.4832
180.63 6.208
180.64 6.208
180.65 7.4496
180.66 3.7248
180.67 3.7248
180.68 4.9664
180.69 4.9664
180.7 6.208
180.71 3.7248
180.72 2.4832
180.73 1.2416
180.74 2.4832
180.75 3.7248
180.76 4.9664
180.77 4.9664
180.78 4.9664
180.79 2.4832
180.8 3.7248
180.81 4.9664
180.82 3.7248
180.83 4.9664
180.84 3.7248
180.85 3.7248
180.86 3.7248
180.87 4.9664
180.88 3.7248
180.89 4.9664
180.9 4.9664
180.91 2.4832
180.92 4.9664
180.93 3.7248
180.94 3.7248
180.95 4.9664
180.96 3.7248
180.97 3.7248
180.98 4.9664
180.99 3.7248
181 4.9664
181.01 3.7248
181.02 4.9664
181.03 4.9664
181.04 3.7248
181.05 3.7248
181.06 3.7248
181.07 3.7248
181.08 4.9664
181.09 4.9664
181.1 3.7248
181.11 4.9664
181.12 4.9664
181.13 4.9664
181.14 6.208
181.15 6.208
181.16 3.7248
181.17 4.9664
181.18 4.9664
181.19 4.9664
181.2 6.208
181.21 4.9664
181.22 4.9664
181.23 3.7248
181.24 6.208
181.25 4.9664
181.26 6.208
181.27 4.9664
181.28 3.7248
181.29 4.9664
181.3 4.9664
181.31 6.208
181.32 6.208
181.33 4.9664
181.34 4.9664
181.35 3.7248
181.36 4.9664
181.37 6.208
181.38 6.208
181.39 6.208
181.4 6.208
181.41 6.208
181.42 6.208
181.43 3.7248
181.44 4.9664
181.45 4.9664
181.46 4.9664
181.47 6.208
181.48 6.208
181.49 3.7248
181.5 3.7248
181.51 6.208
181.52 4.9664
181.53 6.208
181.54 4.9664
181.55 4.9664
181.56 4.9664
181.57 6.208
181.58 4.9664
181.59 4.9664
181.6 6.208
181.61 6.208
181.62 3.7248
181.63 3.7248
181.64 3.7248
181.65 2.4832
181.66 3.7248
181.67 4.9664
181.68 2.4832
181.69 4.9664
181.7 3.7248
181.71 4.9664
181.72 3.7248
181.73 1.2416
181.74 2.4832
181.75 3.7248
181.76 3.7248
181.77 3.7248
181.78 2.4832
181.79 2.4832
181.8 2.4832
181.81 3.7248
181.82 3.7248
181.83 3.7248
181.84 3.7248
181.85 1.2416
181.86 2.4832
181.87 3.7248
181.88 3.7248
181.89 3.7248
181.9 3.7248
181.91 3.7248
181.92 3.7248
181.93 2.4832
181.94 2.4832
181.95 3.7248
181.96 2.4832
181.97 3.7248
181.98 3.7248
181.99 3.7248
182 3.7248
182.01 3.7248
182.02 2.4832
182.03 2.4832
182.04 2.4832
182.05 3.7248
182.06 3.7248
182.07 3.7248
182.08 3.7248
182.09 1.2416
182.1 2.4832
182.11 3.7248
182.12 3.7248
182.13 3.7248
182.14 2.4832
182.15 2.4832
182.16 2.4832
182.17 3.7248
182.18 3.7248
182.19 3.7248
182.2 2.4832
182.21 2.4832
182.22 2.4832
182.23 3.7248
182.24 3.7248
182.25 3.7248
182.26 3.7248
182.27 2.4832
182.28 2.4832
182.29 2.4832
182.3 3.7248
182.31 3.7248
182.32 3.7248
182.33 3.7248
182.34 1.2416
182.35 2.4832
182.36 3.7248
182.37 3.7248
182.38 3.7248
182.39 2.4832
182.4 1.2416
182.41 2.4832
182.42 2.4832
182.43 2.4832
182.44 2.4832
182.45 3.7248
182.46 3.7248
182.47 3.7248
182.48 2.4832
182.49 3.7248
182.5 4.9664
182.51 4.9664
182.52 3.7248
182.53 1.2416
182.54 2.4832
182.55 3.7248
182.56 3.7248
182.57 3.7248
182.58 3.7248
182.59 3.7248
182.6 3.7248
182.61 2.4832
182.62 2.4832
182.63 2.4832
182.64 3.7248
182.65 3.7248
182.66 3.7248
182.67 2.4832
182.68 2.4832
182.69 2.4832
182.7 3.7248
182.71 2.4832
182.72 2.4832
182.73 1.2416
182.74 1.2416
182.75 2.4832
182.76 2.4832
182.77 2.4832
182.78 2.4832
182.79 1.2416
182.8 1.2416
182.81 2.4832
182.82 2.4832
182.83 2.4832
182.84 1.2416
182.85 0
182.86 1.2416
182.87 1.2416
182.88 1.2416
182.89 2.4832
182.9 2.4832
182.91 2.4832
182.92 2.4832
182.93 2.4832
182.94 2.4832
182.95 1.2416
182.96 1.2416
182.97 2.4832
182.98 2.4832
182.99 2.4832
183 2.4832
183.01 2.4832
183.02 0
183.03 2.4832
183.04 2.4832
183.05 2.4832
183.06 2.4832
183.07 2.4832
183.08 0
183.09 2.4832
183.1 2.4832
183.11 2.4832
183.12 2.4832
183.13 2.4832
183.14 0
183.15 2.4832
183.16 2.4832
183.17 2.4832
183.18 2.4832
183.19 1.2416
183.2 1.2416
183.21 2.4832
183.22 2.4832
183.23 2.4832
183.24 2.4832
183.25 0
183.26 2.4832
183.27 2.4832
183.28 2.4832
183.29 2.4832
183.3 2.4832
183.31 0
183.32 2.4832
183.33 2.4832
183.34 2.4832
183.35 2.4832
183.36 2.4832
183.37 1.2416
183.38 1.2416
183.39 2.4832
183.4 2.4832
183.41 2.4832
183.42 2.4832
183.43 0
183.44 2.4832
183.45 2.4832
183.46 2.4832
183.47 2.4832
183.48 2.4832
183.49 2.4832
183.5 2.4832
183.51 2.4832
183.52 2.4832
183.53 2.4832
183.54 3.7248
183.55 2.4832
183.56 3.7248
183.57 2.4832
183.58 2.4832
183.59 3.7248
183.6 3.7248
183.61 1.2416
183.62 1.2416
183.63 0
183.64 1.2416
183.65 2.4832
183.66 3.7248
183.67 3.7248
183.68 3.7248
183.69 3.7248
183.7 3.7248
183.71 2.4832
183.72 2.4832
183.73 2.4832
183.74 3.7248
183.75 3.7248
183.76 3.7248
183.77 3.7248
183.78 2.4832
183.79 1.2416
183.8 2.4832
183.81 2.4832
183.82 2.4832
183.83 2.4832
183.84 3.7248
183.85 3.7248
183.86 0
183.87 1.2416
183.88 1.2416
183.89 1.2416
183.9 2.4832
183.91 1.2416
183.92 2.4832
183.93 3.7248
183.94 3.7248
183.95 3.7248
183.96 3.7248
183.97 3.7248
183.98 3.7248
183.99 3.7248
184 2.4832
184.01 2.4832
184.02 2.4832
184.03 3.7248
184.04 3.7248
184.05 3.7248
184.06 3.7248
184.07 3.7248
184.08 2.4832
184.09 2.4832
184.1 2.4832
184.11 3.7248
184.12 3.7248
184.13 3.7248
184.14 3.7248
184.15 3.7248
184.16 2.4832
184.17 1.2416
184.18 3.7248
184.19 3.7248
184.2 3.7248
184.21 3.7248
184.22 2.4832
184.23 1.2416
184.24 3.7248
184.25 3.7248
184.26 3.7248
184.27 3.7248
184.28 1.2416
184.29 2.4832
184.3 2.4832
184.31 2.4832
184.32 2.4832
184.33 2.4832
184.34 2.4832
184.35 2.4832
184.36 3.7248
184.37 3.7248
184.38 3.7248
184.39 1.2416
184.4 3.7248
184.41 2.4832
184.42 3.7248
184.43 3.7248
184.44 2.4832
184.45 2.4832
184.46 3.7248
184.47 2.4832
184.48 3.7248
184.49 3.7248
184.5 3.7248
184.51 3.7248
184.52 3.7248
184.53 2.4832
184.54 2.4832
184.55 3.7248
184.56 3.7248
184.57 2.4832
184.58 3.7248
184.59 3.7248
184.6 3.7248
184.61 3.7248
184.62 2.4832
184.63 2.4832
184.64 3.7248
184.65 2.4832
184.66 3.7248
184.67 3.7248
184.68 3.7248
184.69 1.2416
184.7 3.7248
184.71 3.7248
184.72 3.7248
184.73 3.7248
184.74 2.4832
184.75 3.7248
184.76 3.7248
184.77 2.4832
184.78 2.4832
184.79 3.7248
184.8 2.4832
184.81 3.7248
184.82 3.7248
184.83 4.9664
184.84 3.7248
184.85 4.9664
184.86 3.7248
184.87 2.4832
184.88 3.7248
184.89 3.7248
184.9 1.2416
184.91 3.7248
184.92 3.7248
184.93 1.2416
184.94 2.4832
184.95 2.4832
184.96 2.4832
184.97 1.2416
184.98 2.4832
184.99 1.2416
185 2.4832
185.01 2.4832
185.02 2.4832
185.03 1.2416
185.04 2.4832
185.05 1.2416
185.06 2.4832
185.07 2.4832
185.08 1.2416
185.09 2.4832
185.1 0
185.11 1.2416
185.12 1.2416
185.13 1.2416
185.14 2.4832
185.15 2.4832
185.16 1.2416
185.17 1.2416
185.18 2.4832
185.19 2.4832
185.2 2.4832
185.21 2.4832
185.22 0
185.23 2.4832
185.24 2.4832
185.25 2.4832
185.26 2.4832
185.27 2.4832
185.28 2.4832
185.29 0
185.3 2.4832
185.31 2.4832
185.32 2.4832
185.33 2.4832
185.34 1.2416
185.35 1.2416
185.36 2.4832
185.37 2.4832
185.38 2.4832
185.39 2.4832
185.4 2.4832
185.41 0
185.42 2.4832
185.43 2.4832
185.44 2.4832
185.45 2.4832
185.46 1.2416
185.47 1.2416
185.48 2.4832
185.49 2.4832
185.5 2.4832
185.51 2.4832
185.52 2.4832
185.53 0
185.54 2.4832
185.55 2.4832
185.56 2.4832
185.57 2.4832
185.58 2.4832
185.59 2.4832
185.6 2.4832
185.61 2.4832
185.62 1.2416
185.63 1.2416
185.64 2.4832
185.65 2.4832
185.66 2.4832
185.67 2.4832
185.68 2.4832
185.69 1.2416
185.7 1.2416
185.71 2.4832
185.72 2.4832
185.73 2.4832
185.74 2.4832
185.75 2.4832
185.76 1.2416
185.77 1.2416
185.78 2.4832
185.79 2.4832
185.8 2.4832
185.81 2.4832
185.82 1.2416
185.83 1.2416
185.84 2.4832
185.85 2.4832
185.86 2.4832
185.87 2.4832
185.88 2.4832
185.89 2.4832
185.9 2.4832
185.91 0
185.92 1.2416
185.93 1.2416
185.94 1.2416
185.95 1.2416
185.96 2.4832
185.97 2.4832
185.98 1.2416
185.99 0
186 1.2416
186.01 1.2416
186.02 1.2416
186.03 1.2416
186.04 0
186.05 2.4832
186.06 3.7248
186.07 3.7248
186.08 3.7248
186.09 3.7248
186.1 1.2416
186.11 2.4832
186.12 3.7248
186.13 3.7248
186.14 3.7248
186.15 2.4832
186.16 1.2416
186.17 3.7248
186.18 3.7248
186.19 3.7248
186.2 3.7248
186.21 2.4832
186.22 1.2416
186.23 3.7248
186.24 3.7248
186.25 3.7248
186.26 2.4832
186.27 2.4832
186.28 2.4832
186.29 3.7248
186.3 3.7248
186.31 3.7248
186.32 2.4832
186.33 2.4832
186.34 2.4832
186.35 3.7248
186.36 3.7248
186.37 3.7248
186.38 3.7248
186.39 1.2416
186.4 2.4832
186.41 3.7248
186.42 3.7248
186.43 3.7248
186.44 2.4832
186.45 2.4832
186.46 2.4832
186.47 3.7248
186.48 3.7248
186.49 3.7248
186.5 3.7248
186.51 2.4832
186.52 2.4832
186.53 2.4832
186.54 3.7248
186.55 3.7248
186.56 3.7248
186.57 3.7248
186.58 3.7248
186.59 2.4832
186.6 3.7248
186.61 2.4832
186.62 2.4832
186.63 3.7248
186.64 3.7248
186.65 3.7248
186.66 3.7248
186.67 3.7248
186.68 2.4832
186.69 3.7248
186.7 2.4832
186.71 2.4832
186.72 3.7248
186.73 3.7248
186.74 3.7248
186.75 3.7248
186.76 2.4832
186.77 1.2416
186.78 3.7248
186.79 3.7248
186.8 3.7248
186.81 3.7248
186.82 2.4832
186.83 1.2416
186.84 3.7248
186.85 3.7248
186.86 3.7248
186.87 2.4832
186.88 2.4832
186.89 2.4832
186.9 3.7248
186.91 3.7248
186.92 3.7248
186.93 3.7248
186.94 1.2416
186.95 2.4832
186.96 2.4832
186.97 2.4832
186.98 2.4832
186.99 1.2416
187 0
187.01 1.2416
187.02 1.2416
187.03 1.2416
187.04 1.2416
187.05 1.2416
187.06 0
187.07 1.2416
187.08 1.2416
187.09 1.2416
187.1 1.2416
187.11 1.2416
187.12 0
187.13 1.2416
187.14 1.2416
187.15 1.2416
187.16 1.2416
187.17 1.2416
187.18 0
187.19 1.2416
187.2 1.2416
187.21 1.2416
187.22 1.2416
187.23 1.2416
187.24 0
187.25 1.2416
187.26 1.2416
187.27 1.2416
187.28 1.2416
187.29 1.2416
187.3 0
187.31 1.2416
187.32 1.2416
187.33 1.2416
187.34 1.2416
187.35 1.2416
187.36 0
187.37 1.2416
187.38 1.2416
187.39 1.2416
187.4 1.2416
187.41 1.2416
187.42 0
187.43 1.2416
187.44 1.2416
187.45 1.2416
187.46 1.2416
187.47 1.2416
187.48 0
187.49 1.2416
187.5 1.2416
187.51 1.2416
187.52 1.2416
187.53 1.2416
187.54 1.2416
187.55 0
187.56 1.2416
187.57 0
187.58 0
187.59 0
187.6 0
187.61 0
187.62 0
187.63 0
187.64 0
187.65 0
187.66 0
187.67 0
187.68 0
187.69 0
187.7 0
187.71 0
187.72 0
187.73 0
187.74 0
187.75 0
187.76 0
187.77 0
187.78 0
187.79 0
187.8 0
187.81 0
187.82 0
187.83 0
187.84 0
187.85 0
187.86 0
187.87 0
187.88 0
187.89 0
187.9 0
187.91 0
187.92 0
187.93 0
187.94 0
187.95 0
187.96 0
187.97 1.2416
187.98 6.208
187.99 7.4496
188 11.1744
188.01 8.6912
188.02 11.1744
188.03 11.1744
188.04 11.1744
188.05 8.6912
188.06 11.1744
188.07 11.1744
188.08 12.416
188.09 11.1744
188.1 12.416
188.11 11.1744
188.12 11.1744
188.13 11.1744
188.14 12.416
188.15 12.416
188.16 11.1744
188.17 12.416
188.18 11.1744
188.19 12.416
188.2 11.1744
188.21 12.416
188.22 11.1744
188.23 12.416
188.24 11.1744
188.25 12.416
188.26 11.1744
188.27 12.416
188.28 11.1744
188.29 12.416
188.3 11.1744
188.31 12.416
188.32 11.1744
188.33 12.416
188.34 11.1744
188.35 12.416
188.36 11.1744
188.37 12.416
188.38 11.1744
188.39 12.416
188.4 11.1744
188.41 12.416
188.42 11.1744
188.43 12.416
188.44 12.416
188.45 11.1744
188.46 12.416
188.47 11.1744
188.48 12.416
188.49 11.1744
188.5 12.416
188.51 11.1744
188.52 12.416
188.53 11.1744
188.54 12.416
188.55 11.1744
188.56 12.416
188.57 11.1744
188.58 12.416
188.59 11.1744
188.6 12.416
188.61 11.1744
188.62 12.416
188.63 11.1744
188.64 12.416
188.65 11.1744
188.66 12.416
188.67 11.1744
188.68 12.416
188.69 11.1744
188.7 12.416
188.71 12.416
188.72 11.1744
188.73 12.416
188.74 11.1744
188.75 12.416
188.76 11.1744
188.77 12.416
188.78 11.1744
188.79 12.416
188.8 11.1744
188.81 12.416
188.82 11.1744
188.83 12.416
188.84 11.1744
188.85 12.416
188.86 11.1744
188.87 12.416
188.88 11.1744
188.89 11.1744
188.9 11.1744
188.91 12.416
188.92 11.1744
188.93 12.416
188.94 11.1744
188.95 12.416
188.96 11.1744
188.97 12.416
188.98 12.416
188.99 11.1744
189 8.6912
189.01 12.416
189.02 11.1744
189.03 12.416
189.04 11.1744
189.05 8.6912
189.06 11.1744
189.07 9.9328
189.08 12.416
189.09 11.1744
189.1 9.9328
189.11 8.6912
189.12 8.6912
189.13 11.1744
189.14 9.9328
189.15 8.6912
189.16 11.1744
189.17 6.208
189.18 7.4496
189.19 8.6912
189.2 7.4496
189.21 9.9328
189.22 8.6912
189.23 9.9328
189.24 9.9328
189.25 9.9328
189.26 9.9328
189.27 9.9328
189.28 9.9328
189.29 9.9328
189.3 8.6912
189.31 9.9328
189.32 7.4496
189.33 9.9328
189.34 4.9664
189.35 7.4496
189.36 8.6912
189.37 8.6912
189.38 7.4496
189.39 8.6912
189.4 7.4496
189.41 7.4496
189.42 8.6912
189.43 7.4496
189.44 7.4496
189.45 8.6912
189.46 6.208
189.47 7.4496
189.48 7.4496
189.49 7.4496
189.5 7.4496
189.51 7.4496
189.52 8.6912
189.53 6.208
189.54 6.208
189.55 7.4496
189.56 7.4496
189.57 7.4496
189.58 7.4496
189.59 7.4496
189.6 8.6912
189.61 7.4496
189.62 7.4496
189.63 9.9328
189.64 7.4496
189.65 7.4496
189.66 8.6912
189.67 7.4496
189.68 8.6912
189.69 8.6912
189.7 7.4496
189.71 8.6912
189.72 7.4496
189.73 8.6912
189.74 8.6912
189.75 8.6912
189.76 7.4496
189.77 7.4496
189.78 7.4496
189.79 8.6912
189.8 9.9328
189.81 8.6912
189.82 7.4496
189.83 8.6912
189.84 8.6912
189.85 7.4496
189.86 8.6912
189.87 9.9328
189.88 7.4496
189.89 8.6912
189.9 7.4496
189.91 7.4496
189.92 8.6912
189.93 9.9328
189.94 8.6912
189.95 7.4496
189.96 9.9328
189.97 8.6912
189.98 9.9328
189.99 8.6912
190 7.4496
190.01 6.208
190.02 7.4496
190.03 4.9664
190.04 7.4496
190.05 4.9664
190.06 7.4496
190.07 6.208
190.08 6.208
190.09 7.4496
190.1 7.4496
190.11 6.208
190.12 4.9664
190.13 4.9664
190.14 4.9664
190.15 3.7248
190.16 6.208
190.17 1.2416
190.18 2.4832
190.19 2.4832
190.2 2.4832
190.21 3.7248
190.22 2.4832
190.23 4.9664
190.24 4.9664
190.25 4.9664
190.26 4.9664
190.27 4.9664
190.28 4.9664
190.29 4.9664
190.3 3.7248
190.31 3.7248
190.32 3.7248
190.33 3.7248
190.34 4.9664
190.35 4.9664
190.36 4.9664
190.37 3.7248
190.38 3.7248
190.39 3.7248
190.4 4.9664
190.41 4.9664
190.42 4.9664
190.43 4.9664
190.44 3.7248
190.45 4.9664
190.46 4.9664
190.47 4.9664
190.48 4.9664
190.49 4.9664
190.5 4.9664
190.51 4.9664
190.52 4.9664
190.53 4.9664
190.54 4.9664
190.55 4.9664
190.56 4.9664
190.57 3.7248
190.58 3.7248
190.59 4.9664
190.6 4.9664
190.61 3.7248
190.62 4.9664
190.63 3.7248
190.64 4.9664
190.65 4.9664
190.66 4.9664
190.67 4.9664
190.68 4.9664
190.69 4.9664
190.7 4.9664
190.71 4.9664
190.72 3.7248
190.73 3.7248
190.74 4.9664
190.75 3.7248
190.76 3.7248
190.77 4.9664
190.78 4.9664
190.79 4.9664
190.8 3.7248
190.81 3.7248
190.82 3.7248
190.83 3.7248
190.84 4.9664
190.85 4.9664
190.86 4.9664
190.87 3.7248
190.88 3.7248
190.89 2.4832
190.9 4.9664
190.91 4.9664
190.92 4.9664
190.93 3.7248
190.94 2.4832
190.95 3.7248
190.96 4.9664
190.97 4.9664
190.98 4.9664
190.99 2.4832
191 3.7248
191.01 3.7248
191.02 4.9664
191.03 4.9664
191.04 4.9664
191.05 2.4832
191.06 3.7248
191.07 2.4832
191.08 1.2416
191.09 1.2416
191.1 1.2416
191.11 1.2416
191.12 1.2416
191.13 0
191.14 0
191.15 0
191.16 0
191.17 0
191.18 0
191.19 0
191.2 0
191.21 0
191.22 0
191.23 0
191.24 0
191.25 0
191.26 0
191.27 0
191.28 0
191.29 0
191.3 0
191.31 0
191.32 0
191.33 0
191.34 0
191.35 0
191.36 0
191.37 0
191.38 0
191.39 0
191.4 0
191.41 0
191.42 0
191.43 0
191.44 0
191.45 0
191.46 0
191.47 0
191.48 0
191.49 0
191.5 0
191.51 0
191.52 0
191.53 0
191.54 0
191.55 0
191.56 0
191.57 0
191.58 0
191.59 0
191.6 0
191.61 0
191.62 0
191.63 0
191.64 0
191.65 0
191.66 0
191.67 0
191.68 0
191.69 0
191.7 0
191.71 0
191.72 0
191.73 0
191.74 0
191.75 0
191.76 0
191.77 0
191.78 0
191.79 0
191.8 0
191.81 0
191.82 0
191.83 0
191.84 0
191.85 0
191.86 0
191.87 0
191.88 0
191.89 0
191.9 0
191.91 0
191.92 0
191.93 0
191.94 0
191.95 0
191.96 0
191.97 0
191.98 0
191.99 0
192 0
192.01 0
192.02 0
192.03 0
192.04 0
192.05 0
192.06 0
192.07 0
192.08 0
192.09 0
192.1 0
192.11 0
192.12 1.2416
192.13 2.4832
192.14 3.7248
192.15 1.2416
192.16 2.4832
192.17 6.208
192.18 6.208
192.19 6.208
192.2 4.9664
192.21 4.9664
192.22 6.208
192.23 7.4496
192.24 7.4496
192.25 7.4496
192.26 4.9664
192.27 4.9664
192.28 4.9664
192.29 7.4496
192.3 7.4496
192.31 7.4496
192.32 7.4496
192.33 4.9664
192.34 3.7248
192.35 6.208
192.36 3.7248
192.37 6.208
192.38 6.208
192.39 6.208
192.4 6.208
192.41 6.208
192.42 4.9664
192.43 3.7248
192.44 4.9664
192.45 6.208
192.46 4.9664
192.47 7.4496
192.48 6.208
192.49 6.208
192.5 6.208
192.51 6.208
192.52 8.6912
192.53 6.208
192.54 7.4496
192.55 7.4496
192.56 6.208
192.57 6.208
192.58 7.4496
192.59 6.208
192.6 6.208
192.61 7.4496
192.62 6.208
192.63 7.4496
192.64 6.208
192.65 7.4496
192.66 7.4496
192.67 6.208
192.68 7.4496
192.69 8.6912
192.7 7.4496
192.71 7.4496
192.72 7.4496
192.73 8.6912
192.74 7.4496
192.75 7.4496
192.76 7.4496
192.77 8.6912
192.78 7.4496
192.79 7.4496
192.8 7.4496
192.81 8.6912
192.82 7.4496
192.83 7.4496
192.84 7.4496
192.85 8.6912
192.86 7.4496
192.87 7.4496
192.88 8.6912
192.89 7.4496
192.9 7.4496
192.91 8.6912
192.92 7.4496
192.93 7.4496
192.94 7.4496
192.95 7.4496
192.96 7.4496
192.97 8.6912
192.98 7.4496
192.99 7.4496
193 7.4496
193.01 7.4496
193.02 7.4496
193.03 6.208
193.04 7.4496
193.05 6.208
193.06 4.9664
193.07 6.208
193.08 6.208
193.09 7.4496
193.1 6.208
193.11 7.4496
193.12 4.9664
193.13 6.208
193.14 6.208
193.15 6.208
193.16 4.9664
193.17 2.4832
193.18 3.7248
193.19 4.9664
193.2 4.9664
193.21 2.4832
193.22 6.208
193.23 6.208
193.24 6.208
193.25 6.208
193.26 6.208
193.27 4.9664
193.28 3.7248
193.29 4.9664
193.3 4.9664
193.31 6.208
193.32 6.208
193.33 4.9664
193.34 3.7248
193.35 3.7248
193.36 6.208
193.37 6.208
193.38 6.208
193.39 4.9664
193.4 4.9664
193.41 4.9664
193.42 4.9664
193.43 4.9664
193.44 6.208
193.45 6.208
193.46 4.9664
193.47 3.7248
193.48 6.208
193.49 6.208
193.5 4.9664
193.51 6.208
193.52 4.9664
193.53 6.208
193.54 6.208
193.55 6.208
193.56 6.208
193.57 4.9664
193.58 4.9664
193.59 7.4496
193.6 7.4496
193.61 6.208
193.62 4.9664
193.63 4.9664
193.64 6.208
193.65 7.4496
193.66 7.4496
193.67 4.9664
193.68 4.9664
193.69 6.208
193.7 6.208
193.71 7.4496
193.72 7.4496
193.73 4.9664
193.74 4.9664
193.75 4.9664
193.76 7.4496
193.77 7.4496
193.78 6.208
193.79 4.9664
193.8 4.9664
193.81 6.208
193.82 7.4496
193.83 7.4496
193.84 4.9664
193.85 6.208
193.86 4.9664
193.87 6.208
193.88 8.6912
193.89 7.4496
193.9 6.208
193.91 6.208
193.92 6.208
193.93 8.6912
193.94 8.6912
193.95 7.4496
193.96 6.208
193.97 6.208
193.98 6.208
193.99 8.6912
194 8.6912
194.01 6.208
194.02 4.9664
194.03 4.9664
194.04 3.7248
194.05 6.208
194.06 6.208
194.07 4.9664
194.08 3.7248
194.09 4.9664
194.1 4.9664
194.11 6.208
194.12 4.9664
194.13 3.7248
194.14 2.4832
194.15 4.9664
194.16 2.4832
194.17 4.9664
194.18 4.9664
194.19 3.7248
194.2 3.7248
194.21 3.7248
194.22 3.7248
194.23 4.9664
194.24 4.9664
194.25 3.7248
194.26 3.7248
194.27 2.4832
194.28 2.4832
194.29 3.7248
194.3 3.7248
194.31 2.4832
194.32 2.4832
194.33 2.4832
194.34 3.7248
194.35 3.7248
194.36 3.7248
194.37 3.7248
194.38 3.7248
194.39 2.4832
194.4 2.4832
194.41 2.4832
194.42 3.7248
194.43 3.7248
194.44 3.7248
194.45 2.4832
194.46 1.2416
194.47 1.2416
194.48 2.4832
194.49 2.4832
194.5 3.7248
194.51 3.7248
194.52 2.4832
194.53 3.7248
194.54 3.7248
194.55 4.9664
194.56 3.7248
194.57 3.7248
194.58 3.7248
194.59 3.7248
194.6 3.7248
194.61 3.7248
194.62 3.7248
194.63 3.7248
194.64 3.7248
194.65 3.7248
194.66 3.7248
194.67 4.9664
194.68 3.7248
194.69 3.7248
194.7 4.9664
194.71 3.7248
194.72 4.9664
194.73 3.7248
194.74 3.7248
194.75 3.7248
194.76 3.7248
194.77 3.7248
194.78 3.7248
194.79 3.7248
194.8 3.7248
194.81 3.7248
194.82 3.7248
194.83 3.7248
194.84 3.7248
194.85 3.7248
194.86 3.7248
194.87 3.7248
194.88 3.7248
194.89 3.7248
194.9 3.7248
194.91 3.7248
194.92 2.4832
194.93 3.7248
194.94 3.7248
194.95 2.4832
194.96 2.4832
194.97 3.7248
194.98 3.7248
194.99 3.7248
195 3.7248
195.01 3.7248
195.02 3.7248
195.03 3.7248
195.04 3.7248
195.05 3.7248
195.06 3.7248
195.07 3.7248
195.08 2.4832
195.09 2.4832
195.1 2.4832
195.11 3.7248
195.12 3.7248
195.13 3.7248
195.14 2.4832
195.15 2.4832
195.16 3.7248
195.17 2.4832
195.18 3.7248
195.19 2.4832
195.2 2.4832
195.21 2.4832
195.22 1.2416
195.23 2.4832
195.24 3.7248
195.25 3.7248
195.26 3.7248
195.27 2.4832
195.28 2.4832
195.29 2.4832
195.3 3.7248
195.31 3.7248
195.32 3.7248
195.33 2.4832
195.34 1.2416
195.35 3.7248
195.36 3.7248
195.37 3.7248
195.38 2.4832
195.39 2.4832
195.4 2.4832
195.41 3.7248
195.42 3.7248
195.43 3.7248
195.44 3.7248
195.45 3.7248
195.46 2.4832
195.47 2.4832
195.48 2.4832
195.49 3.7248
195.5 3.7248
195.51 2.4832
195.52 3.7248
195.53 4.9664
195.54 4.9664
195.55 2.4832
195.56 3.7248
195.57 3.7248
195.58 1.2416
195.59 3.7248
195.6 3.7248
195.61 3.7248
195.62 3.7248
195.63 3.7248
195.64 3.7248
195.65 3.7248
195.66 3.7248
195.67 3.7248
195.68 3.7248
195.69 3.7248
195.7 4.9664
195.71 3.7248
195.72 3.7248
195.73 3.7248
195.74 3.7248
195.75 3.7248
195.76 3.7248
195.77 3.7248
195.78 3.7248
195.79 3.7248
195.8 3.7248
195.81 3.7248
195.82 3.7248
195.83 3.7248
195.84 3.7248
195.85 3.7248
195.86 3.7248
195.87 3.7248
195.88 3.7248
195.89 2.4832
195.9 3.7248
195.91 3.7248
195.92 3.7248
195.93 3.7248
195.94 4.9664
195.95 4.9664
195.96 4.9664
195.97 3.7248
195.98 4.9664
195.99 4.9664
196 3.7248
196.01 4.9664
196.02 4.9664
196.03 4.9664
196.04 4.9664
196.05 3.7248
196.06 4.9664
196.07 3.7248
196.08 4.9664
196.09 4.9664
196.1 4.9664
196.11 4.9664
196.12 4.9664
196.13 4.9664
196.14 2.4832
196.15 4.9664
196.16 4.9664
196.17 4.9664
196.18 3.7248
196.19 3.7248
196.2 4.9664
196.21 4.9664
196.22 3.7248
196.23 3.7248
196.24 4.9664
196.25 2.4832
196.26 2.4832
196.27 3.7248
196.28 3.7248
196.29 3.7248
196.3 2.4832
196.31 2.4832
196.32 3.7248
196.33 2.4832
196.34 3.7248
196.35 3.7248
196.36 1.2416
196.37 3.7248
196.38 3.7248
196.39 3.7248
196.4 2.4832
196.41 2.4832
196.42 1.2416
196.43 1.2416
196.44 2.4832
196.45 3.7248
196.46 3.7248
196.47 3.7248
196.48 2.4832
196.49 2.4832
196.5 2.4832
196.51 3.7248
196.52 3.7248
196.53 3.7248
196.54 1.2416
196.55 2.4832
196.56 1.2416
196.57 2.4832
196.58 2.4832
196.59 0
196.6 0
196.61 0
196.62 0
196.63 0
196.64 0
196.65 0
196.66 0
196.67 0
196.68 0
196.69 0
196.7 0
196.71 0
196.72 0
196.73 0
196.74 0
196.75 0
196.76 0
196.77 0
196.78 0
196.79 0
196.8 0
196.81 0
196.82 0
196.83 0
196.84 0
196.85 0
196.86 0
196.87 0
196.88 0
196.89 0
196.9 0
196.91 0
196.92 0
196.93 0
196.94 0
196.95 0
196.96 0
196.97 0
196.98 0
196.99 0
197 0
197.01 0
197.02 0
197.03 0
197.04 0
197.05 0
197.06 0
197.07 0
197.08 0
197.09 0
197.1 0
197.11 0
197.12 0
197.13 0
197.14 0
197.15 0
197.16 0
197.17 0
197.18 0
197.19 0
197.2 0
197.21 0
197.22 0
197.23 0
197.24 0
197.25 0
197.26 0
197.27 0
197.28 0
197.29 0
197.3 0
197.31 0
197.32 0
197.33 0
197.34 0
197.35 0
197.36 0
197.37 0
197.38 0
197.39 0
197.4 0
197.41 0
197.42 0
197.43 0
197.44 0
197.45 0
197.46 0
197.47 0
197.48 0
197.49 0
197.5 0
197.51 0
197.52 0
197.53 0
197.54 0
197.55 0
197.56 0
197.57 0
197.58 0
197.59 1.2416
197.6 2.4832
197.61 2.4832
197.62 2.4832
197.63 4.9664
197.64 7.4496
197.65 4.9664
197.66 6.208
197.67 6.208
197.68 6.208
197.69 6.208
197.7 6.208
197.71 6.208
197.72 4.9664
197.73 6.208
197.74 4.9664
197.75 4.9664
197.76 6.208
197.77 4.9664
197.78 6.208
197.79 4.9664
197.8 6.208
197.81 6.208
197.82 6.208
197.83 6.208
197.84 6.208
197.85 6.208
197.86 6.208
197.87 4.9664
197.88 6.208
197.89 4.9664
197.9 6.208
197.91 6.208
197.92 6.208
197.93 7.4496
197.94 7.4496
197.95 7.4496
197.96 7.4496
197.97 6.208
197.98 6.208
197.99 6.208
198 6.208
198.01 6.208
198.02 6.208
198.03 7.4496
198.04 7.4496
198.05 6.208
198.06 6.208
198.07 4.9664
198.08 6.208
198.09 6.208
198.1 7.4496
198.11 7.4496
198.12 6.208
198.13 4.9664
198.14 6.208
198.15 4.9664
198.16 7.4496
198.17 7.4496
198.18 6.208
198.19 4.9664
198.2 6.208
198.21 4.9664
198.22 7.4496
198.23 7.4496
198.24 6.208
198.25 6.208
198.26 6.208
198.27 6.208
198.28 8.6912
198.29 8.6912
198.3 6.208
198.31 6.208
198.32 6.208
198.33 7.4496
198.34 8.6912
198.35 7.4496
198.36 6.208
198.37 6.208
198.38 6.208
198.39 8.6912
198.4 8.6912
198.41 6.208
198.42 7.4496
198.43 6.208
198.44 6.208
198.45 8.6912
198.46 7.4496
198.47 7.4496
198.48 7.4496
198.49 6.208
198.5 4.9664
198.51 7.4496
198.52 3.7248
198.53 3.7248
198.54 4.9664
198.55 6.208
198.56 6.208
198.57 6.208
198.58 4.9664
198.59 3.7248
198.6 4.9664
198.61 1.2416
198.62 1.2416
198.63 1.2416
198.64 1.2416
198.65 2.4832
198.66 0
198.67 2.4832
198.68 1.2416
198.69 2.4832
198.7 2.4832
198.71 2.4832
198.72 3.7248
198.73 6.208
198.74 4.9664
198.75 6.208
198.76 4.9664
198.77 6.208
198.78 4.9664
198.79 6.208
198.8 4.9664
198.81 4.9664
198.82 4.9664
198.83 4.9664
198.84 7.4496
198.85 7.4496
198.86 4.9664
198.87 4.9664
198.88 7.4496
198.89 6.208
198.9 6.208
198.91 4.9664
198.92 4.9664
198.93 6.208
198.94 7.4496
198.95 6.208
198.96 4.9664
198.97 4.9664
198.98 7.4496
198.99 6.208
199 6.208
199.01 4.9664
199.02 6.208
199.03 6.208
199.04 6.208
199.05 6.208
199.06 4.9664
199.07 4.9664
199.08 6.208
199.09 7.4496
199.1 6.208
199.11 4.9664
199.12 4.9664
199.13 6.208
199.14 4.9664
199.15 6.208
199.16 7.4496
199.17 7.4496
199.18 6.208
199.19 6.208
199.2 7.4496
199.21 7.4496
199.22 7.4496
199.23 7.4496
199.24 7.4496
199.25 6.208
199.26 6.208
199.27 6.208
199.28 6.208
199.29 6.208
199.3 7.4496
199.31 6.208
199.32 7.4496
199.33 6.208
199.34 7.4496
199.35 6.208
199.36 6.208
199.37 6.208
199.38 6.208
199.39 7.4496
199.4 6.208
199.41 7.4496
199.42 6.208
199.43 6.208
199.44 6.208
199.45 6.208
199.46 6.208
199.47 6.208
199.48 6.208
199.49 6.208
199.5 6.208
199.51 4.9664
199.52 3.7248
199.53 3.7248
199.54 3.7248
199.55 3.7248
199.56 3.7248
199.57 4.9664
199.58 4.9664
199.59 3.7248
199.6 2.4832
199.61 1.2416
199.62 3.7248
199.63 2.4832
199.64 2.4832
199.65 2.4832
199.66 0
199.67 2.4832
199.68 3.7248
199.69 3.7248
199.7 3.7248
199.71 1.2416
199.72 3.7248
199.73 2.4832
199.74 3.7248
199.75 4.9664
199.76 3.7248
199.77 3.7248
199.78 2.4832
199.79 3.7248
199.8 3.7248
199.81 3.7248
199.82 3.7248
199.83 3.7248
199.84 3.7248
199.85 3.7248
199.86 2.4832
199.87 3.7248
199.88 2.4832
199.89 2.4832
199.9 3.7248
199.91 3.7248
199.92 3.7248
199.93 3.7248
199.94 3.7248
199.95 2.4832
199.96 2.4832
199.97 3.7248
199.98 4.9664
199.99 4.9664
