175 3.00375
175.01 3.7248
175.02 8.6912
175.03 4.9664
175.04 1.2416
175.05 0
175.06 0
175.07 0
175.08 0
175.09 0
175.1 0
175.11 1.2416
175.12 9.9328
175.13 6.208
175.14 3.7248
175.15 8.6912
175.16 4.9664
175.17 1.2416
175.18 0
175.19 0
175.2 0
175.21 0
175.22 0
175.23 0
175.24 0
175.25 11.1744
175.26 7.4496
175.27 0
175.28 8.6912
175.29 8.6912
175.3 0
175.31 1.2416
175.32 0
175.33 0
175.34 0
175.35 0
175.36 0
175.37 0
175.38 6.208
175.39 8.6912
175.4 4.9664
175.41 3.7248
175.42 9.9328
175.43 3.7248
175.44 1.2416
175.45 0
175.46 0
175.47 0
175.48 0
175.49 0
175.5 0
175.51 0
175.52 7.4496
175.53 9.9328
175.54 3.7248
175.55 3.7248
175.56 9.9328
175.57 3.7248
175.58 1.2416
175.59 0
175.6 0
175.61 0
175.62 0
175.63 0
175.64 0
175.65 0
175.66 4.9664
175.67 11.1744
175.68 6.208
175.69 1.2416
175.7 9.9328
175.71 6.208
175.72 0
175.73 1.2416
175.74 0
175.75 0
175.76 0
175.77 0
175.78 0
175.79 0
175.8 0
175.81 12.416
175.82 9.9328
175.83 1.2416
175.84 6.208
175.85 8.6912
175.86 2.4832
175.87 1.2416
175.88 0
175.89 0
175.9 0
175.91 0
175.92 0
175.93 0
175.94 0
175.95 11.1744
175.96 12.416
175.97 4.9664
175.98 12.416
175.99 2.4832
176 1.2416
176.01 0
176.02 0
176.03 0
176.04 0
176.05 0
176.06 0
176.07 8.6912
176.08 11.1744
176.09 6.208
176.1 11.1744
176.11 7.4496
176.12 1.2416
176.13 0
176.14 0
176.15 0
176.16 0
176.17 0
176.18 0
176.19 0
176.2 11.1744
176.21 11.1744
176.22 7.4496
176.23 11.1744
176.24 6.208
176.25 1.2416
176.26 0
176.27 0
176.28 0
176.29 0
176.3 0
176.31 0
176.32 0
176.33 11.1744
176.34 11.1744
176.35 6.208
176.36 9.9328
176.37 9.9328
176.38 1.2416
176.39 0
176.4 0
176.41 0
176.42 0
176.43 0
176.44 0
176.45 0
176.46 7.4496
176.47 9.9328
176.48 9.9328
176.49 7.4496
176.5 8.6912
176.51 7.4496
176.52 1.2416
176.53 0
176.54 0
176.55 0
176.56 0
176.57 0
176.58 0
176.59 0
176.6 8.6912
176.61 9.9328
176.62 9.9328
176.63 7.4496
176.64 8.6912
176.65 7.4496
176.66 1.2416
176.67 0
176.68 0
176.69 0
176.7 0
176.71 0
176.72 0
176.73 0
176.74 8.6912
176.75 11.1744
176.76 9.9328
176.77 6.208
176.78 8.6912
176.79 8.6912
176.8 3.7248
176.81 0
176.82 0
176.83 0
176.84 0
176.85 0
176.86 0
176.87 0
176.88 4.9664
176.89 11.1744
176.9 9.9328
176.91 6.208
176.92 7.4496
176.93 9.9328
176.94 6.208
176.95 1.2416
176.96 0
176.97 0
176.98 0
176.99 0
177 0
177.01 0
177.02 7.4496
177.03 11.1744
177.04 11.1744
177.05 0
177.06 4.9664
177.07 6.208
177.08 1.2416
177.09 0
177.1 0
177.11 0
177.12 0
177.13 0
177.14 0
177.15 9.9328
177.16 11.1744
177.17 8.6912
177.18 0
177.19 7.4496
177.2 4.9664
177.21 1.2416
177.22 0
177.23 0
177.24 0
177.25 0
177.26 0
177.27 0
177.28 8.6912
177.29 12.416
177.3 9.9328
177.31 0
177.32 4.9664
177.33 7.4496
177.34 1.2416
177.35 0
177.36 0
177.37 0
177.38 0
177.39 0
177.4 0
177.41 4.9664
177.42 11.1744
177.43 11.1744
177.44 4.9664
177.45 0
177.46 8.6912
177.47 3.7248
177.48 1.2416
177.49 0
177.5 0
177.51 0
177.52 0
177.53 0
177.54 0
177.55 9.9328
177.56 11.1744
177.57 11.1744
177.58 2.4832
177.59 1.2416
177.6 7.4496
177.61 4.9664
177.62 0
177.63 0
177.64 0
177.65 0
177.66 0
177.67 0
177.68 0
177.69 9.9328
177.7 9.9328
177.71 11.1744
177.72 4.9664
177.73 0
177.74 8.6912
177.75 3.7248
177.76 1.2416
177.77 0
177.78 0
177.79 0
177.8 0
177.81 0
177.82 0
177.83 7.4496
177.84 11.1744
177.85 11.1744
177.86 7.4496
177.87 0
177.88 6.208
177.89 6.208
177.9 1.2416
177.91 0
177.92 0
177.93 0
177.94 0
177.95 0
177.96 0
177.97 3.7248
177.98 11.1744
177.99 11.1744
178 11.1744
178.01 2.4832
178.02 1.2416
178.03 7.4496
178.04 4.9664
178.05 0
178.06 0
178.07 0
178.08 0
178.09 0
178.1 2.4832
178.11 11.1744
178.12 12.416
178.13 11.1744
178.14 3.7248
178.15 4.9664
178.16 7.4496
178.17 1.2416
178.18 0
178.19 0
178.2 0
178.21 0
178.22 0
178.23 11.1744
178.24 12.416
178.25 11.1744
178.26 7.4496
178.27 2.4832
178.28 8.6912
178.29 2.4832
178.3 0
178.31 0
178.32 0
178.33 0
178.34 0
178.35 6.208
178.36 12.416
178.37 11.1744
178.38 11.1744
178.39 2.4832
178.4 7.4496
178.41 6.208
178.42 0
178.43 0
178.44 0
178.45 0
178.46 0
178.47 0
178.48 11.1744
178.49 11.1744
178.5 11.1744
178.51 9.9328
178.52 0
178.53 8.6912
178.54 4.9664
178.55 0
178.56 0
178.57 0
178.58 0
178.59 0
178.6 0
178.61 12.416
178.62 11.1744
178.63 12.416
178.64 8.6912
178.65 1.2416
178.66 7.4496
178.67 4.9664
178.68 0
178.69 0
178.7 0
178.71 0
178.72 0
178.73 0
178.74 9.9328
178.75 11.1744
178.76 11.1744
178.77 11.1744
178.78 1.2416
178.79 7.4496
178.8 4.9664
178.81 1.2416
178.82 0
178.83 0
178.84 0
178.85 0
178.86 0
178.87 4.9664
178.88 12.416
178.89 11.1744
178.9 11.1744
178.91 6.208
178.92 2.4832
178.93 7.4496
178.94 3.7248
178.95 0
178.96 0
178.97 0
178.98 0
178.99 0
179 0
179.01 9.9328
179.02 11.1744
179.03 12.416
179.04 11.1744
179.05 1.2416
179.06 6.208
179.07 4.9664
179.08 2.4832
179.09 0
179.1 0
179.11 0
179.12 0
179.13 0
179.14 1.2416
179.15 9.9328
179.16 12.416
179.17 11.1744
179.18 9.9328
179.19 1.2416
179.2 7.4496
179.21 4.9664
179.22 2.4832
179.23 0
179.24 0
179.25 0
179.26 0
179.27 0
179.28 1.2416
179.29 9.9328
179.3 11.1744
179.31 11.1744
179.32 11.1744
179.33 1.2416
179.34 7.4496
179.35 4.9664
179.36 2.4832
179.37 0
179.38 0
179.39 0
179.4 0
179.41 0
179.42 0
179.43 9.9328
179.44 9.9328
179.45 12.416
179.46 9.9328
179.47 3.7248
179.48 3.7248
179.49 7.4496
179.5 3.7248
179.51 0
179.52 0
179.53 0
179.54 0
179.55 0
179.56 0
179.57 6.208
179.58 9.9328
179.59 12.416
179.6 9.9328
179.61 7.4496
179.62 0
179.63 8.6912
179.64 4.9664
179.65 1.2416
179.66 0
179.67 0
179.68 0
179.69 0
179.7 0
179.71 3.7248
179.72 11.1744
179.73 11.1744
179.74 9.9328
179.75 9.9328
179.76 1.2416
179.77 9.9328
179.78 3.7248
179.79 0
179.8 0
179.81 0
179.82 0
179.83 0
179.84 6.208
179.85 11.1744
179.86 11.1744
179.87 12.416
179.88 4.9664
179.89 6.208
179.9 7.4496
179.91 1.2416
179.92 0
179.93 0
179.94 0
179.95 0
179.96 0
179.97 7.4496
179.98 12.416
179.99 11.1744
180 11.1744
180.01 3.7248
180.02 6.208
180.03 6.208
180.04 2.4832
180.05 0
180.06 0
180.07 0
180.08 0
180.09 0
180.1 6.208
180.11 11.1744
180.12 11.1744
180.13 11.1744
180.14 6.208
180.15 3.7248
180.16 7.4496
180.17 3.7248
180.18 0
180.19 0
180.2 0
180.21 0
180.22 0
180.23 1.2416
180.24 11.1744
180.25 11.1744
180.26 12.416
180.27 8.6912
180.28 1.2416
180.29 7.4496
180.3 6.208
180.31 1.2416
180.32 0
180.33 0
180.34 0
180.35 0
180.36 0
180.37 4.9664
180.38 11.1744
180.39 11.1744
180.4 11.1744
180.41 7.4496
180.42 1.2416
180.43 7.4496
180.44 4.9664
180.45 1.2416
180.46 0
180.47 0
180.48 0
180.49 0
180.5 0
180.51 4.9664
180.52 11.1744
180.53 11.1744
180.54 12.416
180.55 6.208
180.56 1.2416
180.57 7.4496
180.58 4.9664
180.59 1.2416
180.6 0
180.61 0
180.62 0
180.63 0
180.64 0
180.65 2.4832
180.66 9.9328
180.67 12.416
180.68 11.1744
180.69 8.6912
180.7 1.2416
180.71 7.4496
180.72 4.9664
180.73 2.4832
180.74 0
180.75 0
180.76 0
180.77 0
180.78 0
180.79 0
180.8 6.208
180.81 12.416
180.82 11.1744
180.83 11.1744
180.84 3.7248
180.85 3.7248
180.86 6.208
180.87 4.9664
180.88 0
180.89 0
180.9 0
180.91 0
180.92 0
180.93 2.4832
180.94 4.9664
180.95 12.416
180.96 7.4496
180.97 1.2416
180.98 7.4496
180.99 6.208
181 0
181.01 0
181.02 0
181.03 0
181.04 0
181.05 3.7248
181.06 7.4496
181.07 11.1744
181.08 6.208
181.09 1.2416
181.1 7.4496
181.11 6.208
181.12 0
181.13 0
181.14 0
181.15 0
181.16 0
181.17 1.2416
181.18 8.6912
181.19 11.1744
181.2 7.4496
181.21 1.2416
181.22 7.4496
181.23 6.208
181.24 2.4832
181.25 0
181.26 0
181.27 0
181.28 0
181.29 0
181.3 6.208
181.31 7.4496
181.32 12.416
181.33 4.9664
181.34 1.2416
181.35 8.6912
181.36 4.9664
181.37 1.2416
181.38 0
181.39 0
181.4 0
181.41 0
181.42 0
181.43 7.4496
181.44 8.6912
181.45 12.416
181.46 3.7248
181.47 2.4832
181.48 8.6912
181.49 4.9664
181.5 1.2416
181.51 0
181.52 0
181.53 0
181.54 0
181.55 0
181.56 6.208
181.57 8.6912
181.58 11.1744
181.59 7.4496
181.6 1.2416
181.61 7.4496
181.62 7.4496
181.63 1.2416
181.64 0
181.65 0
181.66 0
181.67 0
181.68 0
181.69 2.4832
181.7 9.9328
181.71 9.9328
181.72 11.1744
181.73 1.2416
181.74 6.208
181.75 6.208
181.76 4.9664
181.77 0
181.78 0
181.79 0
181.8 0
181.81 0
181.82 0
181.83 6.208
181.84 9.9328
181.85 11.1744
181.86 8.6912
181.87 0
181.88 7.4496
181.89 6.208
181.9 3.7248
181.91 0
181.92 0
181.93 0
181.94 0
181.95 0
181.96 0
181.97 7.4496
181.98 9.9328
181.99 11.1744
182 8.6912
182.01 0
182.02 8.6912
182.03 6.208
182.04 2.4832
182.05 0
182.06 0
182.07 0
182.08 0
182.09 0
182.1 0
182.11 7.4496
182.12 11.1744
182.13 9.9328
182.14 9.9328
182.15 0
182.16 7.4496
182.17 6.208
182.18 3.7248
182.19 0
182.2 0
182.21 0
182.22 0
182.23 0
182.24 0
182.25 3.7248
182.26 11.1744
182.27 11.1744
182.28 11.1744
182.29 2.4832
182.3 6.208
182.31 6.208
182.32 3.7248
182.33 1.2416
182.34 0
182.35 0
182.36 0
182.37 0
182.38 0
182.39 0
182.4 8.6912
182.41 9.9328
182.42 12.416
182.43 7.4496
182.44 1.2416
182.45 8.6912
182.46 4.9664
182.47 3.7248
182.48 0
182.49 0
182.5 0
182.51 0
182.52 0
182.53 3.7248
182.54 3.7248
182.55 12.416
182.56 1.2416
182.57 8.6912
182.58 4.9664
182.59 4.9664
182.6 0
182.61 0
182.62 0
182.63 0
182.64 0
182.65 2.4832
182.66 4.9664
182.67 11.1744
182.68 3.7248
182.69 6.208
182.7 7.4496
182.71 4.9664
182.72 0
182.73 0
182.74 0
182.75 0
182.76 0
182.77 0
182.78 7.4496
182.79 4.9664
182.8 11.1744
182.81 1.2416
182.82 7.4496
182.83 6.208
182.84 3.7248
182.85 0
182.86 0
182.87 0
182.88 0
182.89 0
182.9 1.2416
182.91 6.208
182.92 6.208
182.93 9.9328
182.94 2.4832
182.95 8.6912
182.96 4.9664
182.97 3.7248
182.98 0
182.99 0
183 0
183.01 0
183.02 0
183.03 0
183.04 7.4496
183.05 3.7248
183.06 11.1744
183.07 1.2416
183.08 8.6912
183.09 7.4496
183.1 3.7248
183.11 0
183.12 0
183.13 0
183.14 0
183.15 0
183.16 0
183.17 6.208
183.18 2.4832
183.19 8.6912
183.2 7.4496
183.21 6.208
183.22 7.4496
183.23 4.9664
183.24 1.2416
183.25 0
183.26 0
183.27 0
183.28 0
183.29 0
183.3 0
183.31 8.6912
183.32 3.7248
183.33 8.6912
183.34 4.9664
183.35 8.6912
183.36 6.208
183.37 4.9664
183.38 0
183.39 0
183.4 0
183.41 0
183.42 0
183.43 0
183.44 1.2416
183.45 8.6912
183.46 2.4832
183.47 7.4496
183.48 6.208
183.49 7.4496
183.5 7.4496
183.51 4.9664
183.52 0
183.53 0
183.54 0
183.55 0
183.56 0
183.57 0
183.58 1.2416
183.59 8.6912
183.6 2.4832
183.61 7.4496
183.62 7.4496
183.63 6.208
183.64 7.4496
183.65 4.9664
183.66 1.2416
183.67 0
183.68 0
183.69 0
183.7 0
183.71 0
183.72 0
183.73 7.4496
183.74 3.7248
183.75 6.208
183.76 6.208
183.77 3.7248
183.78 8.6912
183.79 7.4496
183.8 2.4832
183.81 0
183.82 0
183.83 0
183.84 0
183.85 0
183.86 0
183.87 7.4496
183.88 4.9664
183.89 6.208
183.9 7.4496
183.91 1.2416
183.92 0
183.93 4.9664
183.94 0
183.95 0
183.96 0
183.97 0
183.98 0
183.99 3.7248
184 7.4496
184.01 6.208
184.02 6.208
184.03 3.7248
184.04 1.2416
184.05 4.9664
184.06 0
184.07 0
184.08 0
184.09 0
184.1 0
184.11 0
184.12 8.6912
184.13 3.7248
184.14 6.208
184.15 7.4496
184.16 2.4832
184.17 0
184.18 6.208
184.19 0
184.2 0
184.21 0
184.22 0
184.23 0
184.24 0
184.25 9.9328
184.26 3.7248
184.27 6.208
184.28 6.208
184.29 2.4832
184.3 0
184.31 6.208
184.32 0
184.33 0
184.34 0
184.35 0
184.36 0
184.37 0
184.38 9.9328
184.39 3.7248
184.4 6.208
184.41 7.4496
184.42 2.4832
184.43 0
184.44 4.9664
184.45 1.2416
184.46 0
184.47 0
184.48 0
184.49 0
184.5 0
184.51 4.9664
184.52 7.4496
184.53 4.9664
184.54 6.208
184.55 3.7248
184.56 3.7248
184.57 0
184.58 6.208
184.59 0
184.6 0
184.61 0
184.62 0
184.63 0
184.64 0
184.65 7.4496
184.66 4.9664
184.67 6.208
184.68 6.208
184.69 2.4832
184.7 3.7248
184.71 0
184.72 6.208
184.73 0
184.74 0
184.75 0
184.76 0
184.77 0
184.78 0
184.79 7.4496
184.8 4.9664
184.81 6.208
184.82 6.208
184.83 3.7248
184.84 3.7248
184.85 0
184.86 6.208
184.87 0
184.88 0
184.89 0
184.9 0
184.91 0
184.92 0
184.93 4.9664
184.94 7.4496
184.95 2.4832
184.96 7.4496
184.97 6.208
184.98 1.2416
184.99 0
185 3.7248
185.01 2.4832
185.02 0
185.03 0
185.04 0
185.05 0
185.06 0
185.07 1.2416
185.08 8.6912
185.09 2.4832
185.1 7.4496
185.11 8.6912
185.12 1.2416
185.13 0
185.14 3.7248
185.15 0
185.16 0
185.17 0
185.18 0
185.19 0
185.2 1.2416
185.21 3.7248
185.22 6.208
185.23 9.9328
185.24 1.2416
185.25 0
185.26 3.7248
185.27 0
185.28 0
185.29 0
185.3 0
185.31 0
185.32 0
185.33 6.208
185.34 2.4832
185.35 8.6912
185.36 4.9664
185.37 1.2416
185.38 1.2416
185.39 2.4832
185.4 0
185.41 0
185.42 0
185.43 0
185.44 0
185.45 1.2416
185.46 4.9664
185.47 4.9664
185.48 8.6912
185.49 2.4832
185.5 2.4832
185.51 1.2416
185.52 2.4832
185.53 0
185.54 0
185.55 0
185.56 0
185.57 0
185.58 1.2416
185.59 4.9664
185.6 3.7248
185.61 7.4496
185.62 4.9664
185.63 2.4832
185.64 0
185.65 3.7248
185.66 0
185.67 0
185.68 0
185.69 0
185.7 0
185.71 0
185.72 7.4496
185.73 0
185.74 7.4496
185.75 8.6912
185.76 2.4832
185.77 0
185.78 1.2416
185.79 2.4832
185.8 0
185.81 0
185.82 0
185.83 0
185.84 0
185.85 0
185.86 7.4496
185.87 1.2416
185.88 7.4496
185.89 7.4496
185.9 2.4832
185.91 0
185.92 2.4832
185.93 1.2416
185.94 0
185.95 0
185.96 0
185.97 0
185.98 0
185.99 0
186 8.6912
186.01 1.2416
186.02 6.208
186.03 8.6912
186.04 2.4832
186.05 0
186.06 0
186.07 3.7248
186.08 0
186.09 0
186.1 0
186.11 0
186.12 0
186.13 0
186.14 6.208
186.15 2.4832
186.16 6.208
186.17 7.4496
186.18 2.4832
186.19 2.4832
186.2 0
186.21 3.7248
186.22 0
186.23 0
186.24 0
186.25 0
186.26 0
186.27 0
186.28 8.6912
186.29 1.2416
186.3 8.6912
186.31 7.4496
186.32 2.4832
186.33 0
186.34 3.7248
186.35 0
186.36 0
186.37 0
186.38 0
186.39 0
186.4 3.7248
186.41 4.9664
186.42 4.9664
186.43 9.9328
186.44 3.7248
186.45 1.2416
186.46 2.4832
186.47 1.2416
186.48 0
186.49 0
186.5 0
186.51 0
186.52 0
186.53 8.6912
186.54 1.2416
186.55 7.4496
186.56 8.6912
186.57 2.4832
186.58 0
186.59 3.7248
186.6 0
186.61 0
186.62 0
186.63 0
186.64 0
186.65 0
186.66 8.6912
186.67 1.2416
186.68 7.4496
186.69 8.6912
186.7 2.4832
186.71 0
186.72 3.7248
186.73 0
186.74 0
186.75 0
186.76 0
186.77 0
186.78 0
186.79 7.4496
186.8 1.2416
186.81 6.208
186.82 8.6912
186.83 3.7248
186.84 1.2416
186.85 1.2416
186.86 2.4832
186.87 0
186.88 0
186.89 0
186.9 0
186.91 0
186.92 1.2416
186.93 7.4496
186.94 2.4832
186.95 7.4496
186.96 7.4496
186.97 2.4832
186.98 0
186.99 2.4832
187 1.2416
187.01 0
187.02 0
187.03 0
187.04 0
187.05 0
187.06 2.4832
187.07 6.208
187.08 3.7248
187.09 7.4496
187.1 6.208
187.11 2.4832
187.12 0
187.13 2.4832
187.14 1.2416
187.15 0
187.16 0
187.17 0
187.18 0
187.19 0
187.2 1.2416
187.21 7.4496
187.22 2.4832
187.23 7.4496
187.24 7.4496
187.25 1.2416
187.26 1.2416
187.27 0
187.28 3.7248
187.29 0
187.3 0
187.31 0
187.32 0
187.33 0
187.34 0
187.35 7.4496
187.36 1.2416
187.37 6.208
187.38 8.6912
187.39 2.4832
187.4 2.4832
187.41 0
187.42 3.7248
187.43 0
187.44 0
187.45 0
187.46 0
187.47 0
187.48 8.6912
187.49 1.2416
187.5 7.4496
187.51 7.4496
187.52 2.4832
187.53 1.2416
187.54 0
187.55 3.7248
187.56 0
187.57 0
187.58 0
187.59 0
187.6 3.7248
187.61 4.9664
187.62 4.9664
187.63 7.4496
187.64 4.9664
187.65 2.4832
187.66 0
187.67 1.2416
187.68 2.4832
187.69 0
187.7 0
187.71 0
187.72 0
187.73 4.9664
187.74 3.7248
187.75 6.208
187.76 7.4496
187.77 3.7248
187.78 2.4832
187.79 0
187.8 2.4832
187.81 1.2416
187.82 0
187.83 0
187.84 0
187.85 0
187.86 2.4832
187.87 6.208
187.88 4.9664
187.89 6.208
187.9 6.208
187.91 1.2416
187.92 1.2416
187.93 0
187.94 3.7248
187.95 0
187.96 0
187.97 0
187.98 0
187.99 0
188 6.208
188.01 2.4832
188.02 8.6912
188.03 6.208
188.04 2.4832
188.05 2.4832
188.06 0
188.07 1.2416
188.08 2.4832
188.09 0
188.1 0
188.11 0
188.12 0
188.13 0
188.14 6.208
188.15 2.4832
188.16 7.4496
188.17 7.4496
188.18 2.4832
188.19 2.4832
188.2 0
188.21 1.2416
188.22 2.4832
188.23 0
188.24 0
188.25 0
188.26 0
188.27 0
188.28 2.4832
188.29 6.208
188.3 4.9664
188.31 8.6912
188.32 3.7248
188.33 0
188.34 2.4832
188.35 0
188.36 3.7248
188.37 0
188.38 0
188.39 0
188.4 0
188.41 0
188.42 0
188.43 6.208
188.44 1.2416
188.45 9.9328
188.46 7.4496
188.47 0
188.48 2.4832
188.49 2.4832
188.5 1.2416
188.51 0
188.52 0
188.53 0
188.54 0
188.55 6.208
188.56 0
188.57 7.4496
188.58 2.4832
188.59 1.2416
188.6 1.2416
188.61 3.7248
188.62 0
188.63 0
188.64 0
188.65 0
188.66 3.7248
188.67 3.7248
188.68 0
188.69 9.9328
188.7 0
188.71 2.4832
188.72 0
188.73 3.7248
188.74 0
188.75 0
188.76 0
188.77 0
188.78 2.4832
188.79 6.208
188.8 0
188.81 9.9328
188.82 0
188.83 2.4832
188.84 0
188.85 3.7248
188.86 0
188.87 0
188.88 0
188.89 0
188.9 1.2416
188.91 7.4496
188.92 0
188.93 6.208
188.94 4.9664
188.95 1.2416
188.96 1.2416
188.97 3.7248
188.98 0
188.99 0
189 0
189.01 0
189.02 0
189.03 3.7248
189.04 4.9664
189.05 0
189.06 8.6912
189.07 2.4832
189.08 3.7248
189.09 0
189.1 3.7248
189.11 0
189.12 0
189.13 0
189.14 0
189.15 0
189.16 3.7248
189.17 4.9664
189.18 0
189.19 7.4496
189.2 3.7248
189.21 3.7248
189.22 0
189.23 3.7248
189.24 0
189.25 0
189.26 0
189.27 0
189.28 0
189.29 2.4832
189.3 7.4496
189.31 0
189.32 3.7248
189.33 7.4496
189.34 3.7248
189.35 0
189.36 1.2416
189.37 2.4832
189.38 0
189.39 0
189.4 0
189.41 0
189.42 0
189.43 6.208
189.44 3.7248
189.45 0
189.46 8.6912
189.47 3.7248
189.48 3.7248
189.49 0
189.5 3.7248
189.51 0
189.52 0
189.53 0
189.54 0
189.55 0
189.56 0
189.57 7.4496
189.58 2.4832
189.59 0
189.6 11.1744
189.61 1.2416
189.62 3.7248
189.63 0
189.64 3.7248
189.65 0
189.66 0
189.67 0
189.68 0
189.69 0
189.7 0
189.71 8.6912
189.72 2.4832
189.73 0
189.74 9.9328
189.75 2.4832
189.76 3.7248
189.77 0
189.78 3.7248
189.79 0
189.8 0
189.81 0
189.82 0
189.83 0
189.84 0
189.85 6.208
189.86 4.9664
189.87 0
189.88 6.208
189.89 6.208
189.9 3.7248
189.91 0
189.92 3.7248
189.93 0
189.94 0
189.95 0
189.96 0
189.97 0
189.98 0
189.99 3.7248
190 7.4496
190.01 0
190.02 2.4832
190.03 8.6912
190.04 2.4832
190.05 1.2416
190.06 3.7248
190.07 1.2416
190.08 0
190.09 0
190.1 0
190.11 0
190.12 0
190.13 0
190.14 7.4496
190.15 3.7248
190.16 0
190.17 8.6912
190.18 0
190.19 0
190.2 2.4832
190.21 0
190.22 0
190.23 0
190.24 0
190.25 0
190.26 2.4832
190.27 8.6912
190.28 0
190.29 6.208
190.3 3.7248
190.31 0
190.32 2.4832
190.33 0
190.34 0
190.35 0
190.36 0
190.37 0
190.38 1.2416
190.39 9.9328
190.4 0
190.41 4.9664
190.42 6.208
190.43 0
190.44 1.2416
190.45 1.2416
190.46 0
190.47 0
190.48 0
190.49 0
190.5 0
190.51 7.4496
190.52 3.7248
190.53 0
190.54 9.9328
190.55 2.4832
190.56 0
190.57 2.4832
190.58 0
190.59 0
190.6 0
190.61 0
190.62 0
190.63 1.2416
190.64 7.4496
190.65 2.4832
190.66 1.2416
190.67 9.9328
190.68 1.2416
190.69 0
190.7 3.7248
190.71 0
190.72 0
190.73 0
190.74 0
190.75 0
190.76 1.2416
190.77 7.4496
190.78 2.4832
190.79 1.2416
190.8 8.6912
190.81 2.4832
190.82 0
190.83 3.7248
190.84 0
190.85 0
190.86 0
190.87 0
190.88 0
190.89 0
190.9 8.6912
190.91 3.7248
190.92 0
190.93 6.208
190.94 6.208
190.95 0
190.96 2.4832
190.97 1.2416
190.98 0
190.99 0
191 0
191.01 0
191.02 0
191.03 4.9664
191.04 7.4496
191.05 0
191.06 1.2416
191.07 9.9328
191.08 2.4832
191.09 0
191.1 3.7248
191.11 0
191.12 0
191.13 0
191.14 0
191.15 0
191.16 0
191.17 6.208
191.18 6.208
191.19 0
191.2 3.7248
191.21 8.6912
191.22 1.2416
191.23 0
191.24 3.7248
191.25 0
191.26 0
191.27 0
191.28 0
191.29 0
191.3 0
191.31 7.4496
191.32 6.208
191.33 0
191.34 2.4832
191.35 9.9328
191.36 1.2416
191.37 0
191.38 3.7248
191.39 0
191.4 0
191.41 0
191.42 0
191.43 0
191.44 0
191.45 6.208
191.46 7.4496
191.47 0
191.48 1.2416
191.49 8.6912
191.5 3.7248
191.51 0
191.52 1.2416
191.53 2.4832
191.54 0
191.55 0
191.56 0
191.57 0
191.58 0
191.59 1.2416
191.6 9.9328
191.61 2.4832
191.62 0
191.63 6.208
191.64 7.4496
191.65 0
191.66 0
191.67 4.9664
191.68 0
191.69 0
191.7 0
191.71 0
191.72 0
191.73 2.4832
191.74 11.1744
191.75 0
191.76 6.208
191.77 7.4496
191.78 0
191.79 1.2416
191.8 3.7248
191.81 0
191.82 0
191.83 0
191.84 0
191.85 0
191.86 12.416
191.87 1.2416
191.88 4.9664
191.89 8.6912
191.9 0
191.91 0
191.92 4.9664
191.93 0
191.94 0
191.95 0
191.96 0
191.97 0
191.98 6.208
191.99 7.4496
192 0
192.01 9.9328
192.02 3.7248
192.03 0
192.04 2.4832
192.05 2.4832
192.06 0
192.07 0
192.08 0
192.09 0
192.1 0
192.11 9.9328
192.12 3.7248
192.13 0
192.14 9.9328
192.15 3.7248
192.16 0
192.17 2.4832
192.18 2.4832
192.19 0
192.2 0
192.21 0
192.22 0
192.23 0
192.24 8.6912
192.25 4.9664
192.26 0
192.27 8.6912
192.28 4.9664
192.29 0
192.3 2.4832
192.31 2.4832
192.32 0
192.33 0
192.34 0
192.35 0
192.36 0
192.37 4.9664
192.38 8.6912
192.39 0
192.4 4.9664
192.41 8.6912
192.42 0
192.43 0
192.44 4.9664
192.45 0
192.46 0
192.47 0
192.48 0
192.49 0
192.5 0
192.51 8.6912
192.52 4.9664
192.53 0
192.54 7.4496
192.55 6.208
192.56 0
192.57 0
192.58 4.9664
192.59 0
192.6 0
192.61 0
192.62 0
192.63 0
192.64 0
192.65 9.9328
192.66 3.7248
192.67 0
192.68 7.4496
192.69 6.208
192.7 0
192.71 0
192.72 4.9664
192.73 0
192.74 0
192.75 0
192.76 0
192.77 0
192.78 0
192.79 7.4496
192.8 6.208
192.81 0
192.82 6.208
192.83 6.208
192.84 1.2416
192.85 0
192.86 3.7248
192.87 1.2416
192.88 0
192.89 0
192.9 0
192.91 0
192.92 0
192.93 3.7248
192.94 8.6912
192.95 1.2416
192.96 2.4832
192.97 6.208
192.98 3.7248
192.99 0
193 0
193.01 4.9664
193.02 0
193.03 0
193.04 0
193.05 0
193.06 0
193.07 4.9664
193.08 8.6912
193.09 0
193.1 3.7248
193.11 6.208
193.12 2.4832
193.13 0
193.14 1.2416
193.15 0
193.16 0
193.17 0
193.18 0
193.19 0
193.2 6.208
193.21 2.4832
193.22 1.2416
193.23 7.4496
193.24 3.7248
193.25 0
193.26 2.4832
193.27 0
193.28 0
193.29 0
193.3 0
193.31 0
193.32 3.7248
193.33 6.208
193.34 0
193.35 4.9664
193.36 4.9664
193.37 2.4832
193.38 0
193.39 2.4832
193.4 0
193.41 0
193.42 0
193.43 0
193.44 0
193.45 3.7248
193.46 6.208
193.47 0
193.48 4.9664
193.49 4.9664
193.5 2.4832
193.51 0
193.52 3.7248
193.53 0
193.54 0
193.55 0
193.56 0
193.57 0
193.58 2.4832
193.59 6.208
193.6 1.2416
193.61 1.2416
193.62 7.4496
193.63 3.7248
193.64 0
193.65 0
193.66 3.7248
193.67 0
193.68 0
193.69 0
193.7 0
193.71 0
193.72 6.208
193.73 4.9664
193.74 0
193.75 3.7248
193.76 6.208
193.77 2.4832
193.78 0
193.79 1.2416
193.8 2.4832
193.81 0
193.82 0
193.83 0
193.84 0
193.85 0
193.86 8.6912
193.87 3.7248
193.88 0
193.89 3.7248
193.9 6.208
193.91 2.4832
193.92 0
193.93 0
193.94 3.7248
193.95 0
193.96 0
193.97 0
193.98 0
193.99 0
194 6.208
194.01 6.208
194.02 0
194.03 0
194.04 8.6912
194.05 4.9664
194.06 0
194.07 0
194.08 3.7248
194.09 0
194.1 0
194.11 0
194.12 0
194.13 0
194.14 7.4496
194.15 4.9664
194.16 0
194.17 0
194.18 7.4496
194.19 6.208
194.2 0
194.21 0
194.22 3.7248
194.23 0
194.24 0
194.25 0
194.26 2.4832
194.27 9.9328
194.28 1.2416
194.29 0
194.3 9.9328
194.31 3.7248
194.32 0
194.33 1.2416
194.34 2.4832
194.35 0
194.36 0
194.37 0
194.38 3.7248
194.39 8.6912
194.4 1.2416
194.41 0
194.42 7.4496
194.43 6.208
194.44 0
194.45 1.2416
194.46 2.4832
194.47 0
194.48 0
194.49 0
194.5 0
194.51 11.1744
194.52 2.4832
194.53 0
194.54 4.9664
194.55 7.4496
194.56 1.2416
194.57 0
194.58 3.7248
194.59 0
194.6 0
194.61 0
194.62 0
194.63 3.7248
194.64 11.1744
194.65 0
194.66 0
194.67 7.4496
194.68 6.208
194.69 0
194.7 0
194.71 3.7248
194.72 0
194.73 0
194.74 0
194.75 0
194.76 4.9664
194.77 9.9328
194.78 0
194.79 0
194.8 7.4496
194.81 6.208
194.82 0
194.83 0
194.84 3.7248
194.85 0
194.86 0
194.87 0
194.88 0
194.89 1.2416
194.9 12.416
194.91 1.2416
194.92 0
194.93 4.9664
194.94 7.4496
194.95 1.2416
194.96 0
194.97 3.7248
194.98 0
194.99 0
195 0
195.01 0
195.02 0
195.03 6.208
195.04 8.6912
195.05 0
195.06 0
195.07 8.6912
195.08 4.9664
195.09 0
195.1 0
195.11 3.7248
195.12 0
195.13 0
195.14 0
195.15 0
195.16 0
195.17 9.9328
195.18 4.9664
195.19 0
195.2 2.4832
195.21 8.6912
195.22 2.4832
195.23 0
195.24 1.2416
195.25 2.4832
195.26 0
195.27 0
195.28 0
195.29 0
195.3 0
195.31 8.6912
195.32 6.208
195.33 0
195.34 3.7248
195.35 7.4496
195.36 2.4832
195.37 0
195.38 1.2416
195.39 2.4832
195.4 0
195.41 0
195.42 0
195.43 0
195.44 0
195.45 6.208
195.46 8.6912
195.47 0
195.48 1.2416
195.49 8.6912
195.5 3.7248
195.51 0
195.52 0
195.53 3.7248
195.54 0
195.55 0
195.56 0
195.57 0
195.58 0
195.59 1.2416
195.6 12.416
195.61 1.2416
195.62 0
195.63 7.4496
195.64 6.208
195.65 0
195.66 0
195.67 2.4832
195.68 0
195.69 0
195.7 0
195.71 0
195.72 0
195.73 0
195.74 8.6912
195.75 6.208
195.76 0
195.77 6.208
195.78 6.208
195.79 1.2416
195.8 0
195.81 2.4832
195.82 0
195.83 0
195.84 0
195.85 0
195.86 0
195.87 3.7248
195.88 2.4832
195.89 0
195.9 7.4496
195.91 4.9664
195.92 1.2416
195.93 0
195.94 2.4832
195.95 0
195.96 0
195.97 0
195.98 0
195.99 0
196 4.9664
196.01 2.4832
196.02 0
196.03 7.4496
196.04 4.9664
196.05 1.2416
196.06 0
196.07 2.4832
196.08 0
196.09 0
196.1 0
196.11 0
196.12 0
196.13 3.7248
196.14 4.9664
196.15 0
196.16 6.208
196.17 4.9664
196.18 2.4832
196.19 0
196.2 1.2416
196.21 1.2416
196.22 0
196.23 0
196.24 0
196.25 0
196.26 0
196.27 7.4496
196.28 2.4832
196.29 0
196.3 8.6912
196.31 3.7248
196.32 1.2416
196.33 0
196.34 2.4832
196.35 0
196.36 0
196.37 0
196.38 0
196.39 0
196.4 0
196.41 9.9328
196.42 1.2416
196.43 2.4832
196.44 7.4496
196.45 3.7248
196.46 0
196.47 0
196.48 2.4832
196.49 0
196.5 0
196.51 0
196.52 0
196.53 0
196.54 0
196.55 8.6912
196.56 2.4832
196.57 0
196.58 11.1744
196.59 3.7248
196.6 0
196.61 0
196.62 2.4832
196.63 0
196.64 0
196.65 0
196.66 0
196.67 0
196.68 0
196.69 7.4496
196.7 3.7248
196.71 0
196.72 7.4496
196.73 6.208
196.74 1.2416
196.75 0
196.76 1.2416
196.77 1.2416
196.78 0
196.79 0
196.8 0
196.81 0
196.82 0
196.83 2.4832
196.84 8.6912
196.85 1.2416
196.86 1.2416
196.87 9.9328
196.88 2.4832
196.89 0
196.9 0
196.91 2.4832
196.92 0
196.93 0
196.94 0
196.95 0
196.96 0
196.97 11.1744
196.98 1.2416
196.99 4.9664
197 0
197.01 0
197.02 0
197.03 2.4832
197.04 0
197.05 0
197.06 0
197.07 0
197.08 2.4832
197.09 9.9328
197.1 0
197.11 6.208
197.12 0
197.13 0
197.14 0
197.15 2.4832
197.16 0
197.17 0
197.18 0
197.19 0
197.2 0
197.21 7.4496
197.22 4.9664
197.23 3.7248
197.24 2.4832
197.25 0
197.26 0
197.27 2.4832
197.28 0
197.29 0
197.3 0
197.31 0
197.32 0
197.33 1.2416
197.34 9.9328
197.35 2.4832
197.36 6.208
197.37 0
197.38 0
197.39 0
197.4 2.4832
197.41 0
197.42 0
197.43 0
197.44 0
197.45 0
197.46 0
197.47 9.9328
197.48 3.7248
197.49 3.7248
197.5 2.4832
197.51 0
197.52 0
197.53 1.2416
197.54 1.2416
197.55 0
197.56 0
197.57 0
197.58 0
197.59 0
197.6 6.208
197.61 8.6912
197.62 0
197.63 6.208
197.64 0
197.65 0
197.66 0
197.67 2.4832
197.68 0
197.69 0
197.7 0
197.71 0
197.72 0
197.73 0
197.74 8.6912
197.75 6.208
197.76 0
197.77 6.208
197.78 0
197.79 0
197.8 0
197.81 2.4832
197.82 0
197.83 0
197.84 0
197.85 0
197.86 0
197.87 0
197.88 6.208
197.89 8.6912
197.9 0
197.91 4.9664
197.92 1.2416
197.93 0
197.94 0
197.95 3.7248
197.96 0
197.97 0
197.98 0
197.99 0
198 0
198.01 0
198.02 1.2416
198.03 8.6912
198.04 3.7248
198.05 0
198.06 6.208
198.07 0
198.08 0
198.09 2.4832
198.1 1.2416
198.11 0
198.12 0
198.13 0
198.14 0
198.15 0
198.16 4.9664
198.17 3.7248
198.18 3.7248
198.19 1.2416
198.2 0
198.21 3.7248
198.22 0
198.23 0
198.24 0
198.25 0
198.26 0
198.27 0
198.28 9.9328
198.29 0
198.3 4.9664
198.31 0
198.32 1.2416
198.33 2.4832
198.34 0
198.35 0
198.36 0
198.37 0
198.38 0
198.39 3.7248
198.4 6.208
198.41 1.2416
198.42 3.7248
198.43 0
198.44 1.2416
198.45 3.7248
198.46 0
198.47 0
198.48 0
198.49 0
198.5 0
198.51 1.2416
198.52 8.6912
198.53 0
198.54 4.9664
198.55 0
198.56 0
198.57 4.9664
198.58 0
198.59 0
198.6 0
198.61 0
198.62 0
198.63 0
198.64 6.208
198.65 4.9664
198.66 2.4832
198.67 2.4832
198.68 0
198.69 2.4832
198.7 2.4832
198.71 0
198.72 0
198.73 0
198.74 0
198.75 0
198.76 0
198.77 8.6912
198.78 2.4832
198.79 3.7248
198.8 1.2416
198.81 0
198.82 3.7248
198.83 2.4832
198.84 0
198.85 0
198.86 0
198.87 0
198.88 0
198.89 0
198.9 6.208
198.91 4.9664
198.92 2.4832
198.93 2.4832
198.94 0
198.95 0
198.96 6.208
198.97 0
198.98 0
198.99 0
199 0
199.01 0
199.02 0
199.03 2.4832
199.04 8.6912
199.05 1.2416
199.06 4.9664
199.07 0
199.08 0
199.09 3.7248
199.1 2.4832
199.11 0
199.12 0
199.13 0
199.14 0
199.15 0
199.16 0
199.17 4.9664
199.18 6.208
199.19 2.4832
199.2 3.7248
199.21 0
199.22 0
199.23 6.208
199.24 0
199.25 0
199.26 0
199.27 0
199.28 0
199.29 0
199.3 0
199.31 4.9664
199.32 6.208
199.33 2.4832
199.34 3.7248
199.35 0
199.36 0
199.37 3.7248
199.38 2.4832
199.39 0
199.4 0
199.41 0
199.42 0
199.43 0
199.44 0
199.45 3.7248
199.46 8.6912
199.47 1.2416
199.48 4.9664
199.49 0
199.5 0
199.51 0
199.52 4.9664
199.53 0
199.54 0
199.55 0
199.56 0
199.57 0
199.58 0
199.59 0
199.6 8.6912
199.61 3.7248
199.62 4.9664
199.63 1.2416
199.64 0
199.65 0
199.66 4.9664
199.67 0
199.68 0
199.69 0
199.7 0
199.71 0
199.72 0
199.73 0
199.74 6.208
199.75 2.4832
199.76 3.7248
199.77 0
199.78 0
199.79 6.208
199.8 0
199.81 0
199.82 0
199.83 0
199.84 0
199.85 0
199.86 0
199.87 4.9664
199.88 1.2416
199.89 6.208
199.9 0
199.91 0
199.92 2.4832
199.93 3.7248
199.94 0
199.95 0
199.96 0
199.97 0
199.98 0
199.99 0
