175 5.5379
175.15 6.29077
175.3 6.62187
175.45 6.45632
175.6 6.78741
175.75 6.53909
175.9 6.53909
176.05 6.70464
176.2 6.53909
176.35 6.45632
176.5 5.95968
176.65 6.62187
176.8 7.86347
176.95 6.29077
177.1 7.36683
177.25 7.53237
177.4 6.29077
177.55 7.4496
177.7 6.78741
177.85 6.62187
178 6.87019
178.15 6.95296
178.3 6.78741
178.45 6.53909
178.6 6.78741
178.75 6.87019
178.9 6.29077
179.05 6.70464
179.2 6.53909
179.35 6.62187
179.5 6.45632
179.65 4.88363
179.8 6.78741
179.95 6.45632
180.1 5.79413
180.25 6.29077
180.4 5.95968
180.55 6.04245
180.7 6.62187
180.85 5.87691
181 6.29077
181.15 6.53909
181.3 6.04245
181.45 6.45632
181.6 6.208
181.75 6.12523
181.9 6.37355
182.05 6.37355
182.2 5.38027
182.35 5.04917
182.5 6.37355
182.65 6.62187
182.8 5.95968
182.95 5.46304
183.1 5.54581
183.25 6.29077
183.4 5.87691
183.55 5.87691
183.7 5.79413
183.85 5.38027
184 5.46304
184.15 5.71136
184.3 5.54581
184.45 5.54581
184.6 5.38027
184.75 5.38027
184.9 5.38027
185.05 5.54581
185.2 4.9664
185.35 3.39371
185.5 5.62859
185.65 5.54581
185.8 5.54581
185.95 5.62859
186.1 5.62859
186.25 5.46304
186.4 5.29749
186.55 5.87691
186.7 5.62859
186.85 5.04917
187 5.46304
187.15 5.46304
187.3 5.29749
187.45 5.46304
187.6 5.29749
187.75 5.46304
187.9 5.21472
188.05 5.46304
188.2 5.38027
188.35 4.88363
188.5 4.38699
188.65 6.70464
188.8 5.29749
188.95 6.04245
189.1 6.70464
189.25 5.04917
189.4 5.95968
189.55 6.53909
189.7 6.04245
189.85 5.54581
190 5.46304
190.15 5.62859
190.3 5.46304
190.45 5.38027
190.6 5.46304
190.75 5.54581
190.9 5.54581
191.05 5.54581
191.2 5.62859
191.35 5.62859
191.5 5.62859
191.65 5.62859
191.8 5.62859
191.95 5.54581
192.1 5.54581
192.25 5.71136
192.4 5.46304
192.55 5.54581
192.7 5.62859
192.85 5.46304
193 5.38027
193.15 5.54581
193.3 5.71136
193.45 5.79413
193.6 5.62859
193.75 5.54581
193.9 5.62859
194.05 5.79413
194.2 5.62859
194.35 5.46304
194.5 5.29749
194.65 5.29749
194.8 5.71136
194.95 6.29077
195.1 5.87691
195.25 5.71136
195.4 6.208
195.55 5.62859
195.7 5.62859
195.85 5.54581
196 5.62859
196.15 5.54581
196.3 5.54581
196.45 5.71136
196.6 5.71136
196.75 5.71136
196.9 5.62859
197.05 5.21472
197.2 5.38027
197.35 5.13195
197.5 3.89035
197.65 7.20128
197.8 5.13195
197.95 6.62187
198.1 6.208
198.25 5.54581
198.4 5.95968
198.55 6.53909
198.7 5.87691
198.85 5.79413
199 5.54581
199.15 6.12523
199.3 5.79413
199.45 5.62859
199.6 5.79413
199.75 5.79413
199.9 5.79413
