175 4.41811
175.1 3.104
175.2 4.71808
175.3 2.97984
175.4 2.97984
175.5 3.97312
175.6 3.22816
175.7 3.7248
175.8 3.47648
175.9 4.09728
176 3.60064
176.1 3.7248
176.2 4.09728
176.3 3.35232
176.4 4.22144
176.5 2.97984
176.6 3.7248
176.7 3.47648
176.8 4.3456
176.9 3.47648
177 4.46976
177.1 3.7248
177.2 3.7248
177.3 4.3456
177.4 2.85568
177.5 5.46304
177.6 2.73152
177.7 3.84896
177.8 2.73152
177.9 4.59392
178 3.104
178.1 3.47648
178.2 3.84896
178.3 3.60064
178.4 3.104
178.5 4.22144
178.6 3.97312
178.7 3.47648
178.8 3.7248
178.9 3.60064
179 3.97312
179.1 3.84896
179.2 3.7248
179.3 3.97312
179.4 3.7248
179.5 3.7248
179.6 3.7248
179.7 4.22144
179.8 3.35232
179.9 3.7248
180 3.7248
180.1 3.84896
180.2 3.7248
180.3 3.84896
180.4 3.84896
180.5 3.84896
180.6 3.84896
180.7 3.97312
180.8 3.60064
180.9 4.09728
181 2.97984
181.1 4.3456
181.2 3.22816
181.3 4.3456
181.4 3.47648
181.5 4.22144
181.6 3.47648
181.7 4.09728
181.8 3.60064
181.9 3.97312
182 3.60064
182.1 3.60064
182.2 3.84896
182.3 3.7248
182.4 3.84896
182.5 3.84896
182.6 3.84896
182.7 3.84896
182.8 3.7248
182.9 4.09728
183 3.60064
183.1 4.09728
183.2 3.35232
183.3 3.84896
183.4 3.60064
183.5 3.97312
183.6 3.47648
183.7 4.59392
183.8 3.7248
183.9 4.59392
184 3.35232
184.1 4.22144
184.2 3.97312
184.3 3.7248
184.4 3.22816
184.5 3.47648
184.6 3.84896
184.7 4.22144
184.8 3.104
184.9 4.59392
185 2.73152
185.1 4.84224
185.2 2.97984
185.3 4.59392
185.4 2.97984
185.5 4.59392
185.6 3.104
185.7 4.22144
185.8 2.97984
185.9 4.59392
186 2.97984
186.1 4.59392
186.2 4.09728
186.3 4.46976
186.4 4.09728
186.5 3.35232
186.6 4.22144
186.7 2.97984
186.8 5.09056
186.9 4.46976
187 3.35232
187.1 3.97312
187.2 3.60064
187.3 3.104
187.4 3.7248
187.5 3.104
187.6 3.84896
187.7 3.104
187.8 3.97312
187.9 3.104
188 4.09728
188.1 3.22816
188.2 4.09728
188.3 3.35232
188.4 4.09728
188.5 3.47648
188.6 4.09728
188.7 3.47648
188.8 4.22144
188.9 3.47648
189 4.22144
189.1 3.47648
189.2 4.22144
189.3 3.47648
189.4 4.22144
189.5 3.47648
189.6 4.22144
189.7 3.47648
189.8 4.22144
189.9 3.47648
190 3.7248
190.1 3.60064
190.2 3.7248
190.3 3.47648
190.4 4.09728
190.5 3.35232
190.6 4.3456
190.7 3.35232
190.8 4.3456
190.9 3.22816
191 4.3456
191.1 3.104
191.2 4.3456
191.3 2.97984
191.4 4.3456
191.5 3.104
191.6 4.46976
191.7 2.85568
191.8 4.71808
191.9 2.97984
192 4.46976
192.1 2.97984
192.2 4.59392
192.3 3.60064
192.4 3.84896
192.5 3.47648
192.6 3.97312
192.7 3.84896
192.8 3.7248
192.9 4.22144
193 3.60064
193.1 4.22144
193.2 3.84896
193.3 3.60064
193.4 3.47648
193.5 3.47648
193.6 3.7248
193.7 3.35232
193.8 4.22144
193.9 3.22816
194 4.22144
194.1 3.22816
194.2 4.22144
194.3 3.35232
194.4 4.22144
194.5 3.104
194.6 4.09728
194.7 3.35232
194.8 3.7248
194.9 4.71808
195 2.85568
195.1 5.21472
195.2 2.60736
195.3 4.84224
195.4 3.22816
195.5 3.47648
195.6 4.22144
195.7 3.97312
195.8 4.84224
195.9 2.73152
196 4.84224
196.1 1.61408
196.2 5.71136
196.3 1.73824
196.4 5.33888
196.5 1.73824
196.6 5.33888
196.7 1.73824
196.8 5.46304
196.9 1.61408
197 5.5872
197.1 0.86912
197.2 6.58048
197.3 0.6208
197.4 6.95296
197.5 0.6208
197.6 6.8288
197.7 0.86912
197.8 6.08384
197.9 1.61408
198 5.5872
198.1 2.11072
198.2 4.59392
198.3 3.104
198.4 4.09728
198.5 3.60064
198.6 3.7248
198.7 3.84896
198.8 3.22816
198.9 4.22144
199 2.97984
199.1 4.59392
199.2 2.60736
199.3 4.9664
199.4 2.4832
199.5 4.9664
199.6 2.35904
199.7 4.71808
199.8 2.60736
199.9 4.59392
