0.195803 1
0.195845 1
0.195852 1
0.196301 1
0.196734 1
0.196818 1
0.196854 1
0.196945 1
0.197307 1
0.197352 1
0.197834 1
0.197868 1
0.197954 1
0.197996 1
0.198353 1
0.198357 1
0.198955 1
0.198997 1
0.199004 1
0.199453 1
0.199851 1
0.199886 1
0.19997 1
0.200006 1
0.200459 1
0.200504 1
0.200986 1
0.20102 1
0.201106 1
0.201148 1
0.201505 1
0.201509 1
0.202107 1
0.202149 1
0.202156 1
0.202605 1
0.202871 1
0.203038 1
0.203216 1
0.203249 1
0.203265 1
0.203529 1
0.203606 1
0.203611 1
0.203644 1
0.203656 1
0.204138 1
0.204172 1
0.204258 1
0.204267 1
0.2043 1
0.204657 1
0.204661 1
0.204706 1
0.204923 1
0.205174 1
0.205223 1
0.205259 1
0.205308 1
0.205317 1
0.205351 1
0.205367 1
0.205708 1
0.205712 1
0.205745 1
0.205757 1
0.206239 1
0.206274 1
0.206359 1
0.206368 1
0.206401 1
0.206796 1
0.207024 1
0.207275 1
0.20729 1
0.207403 1
0.20741 1
0.207419 1
0.207468 1
0.207858 1
0.208124 1
0.208256 1
0.208291 1
0.208375 1
0.208411 1
0.208469 1
0.208503 1
0.208519 1
0.20886 1
0.208864 1
0.208897 1
0.208909 1
0.209125 1
0.209376 1
0.209391 1
0.209504 1
0.209511 1
0.20952 1
0.209915 1
0.209948 1
0.20996 1
0.210442 1
0.210476 1
0.210512 1
0.210571 1
0.210604 1
0.21062 1
0.210965 1
0.210998 1
0.21101 1
0.211253 1
0.211276 1
0.211492 1
0.211527 1
0.211605 1
0.211612 1
0.211621 1
0.211655 1
0.212 1
0.212012 1
0.212016 1
0.212254 1
0.212277 1
0.212327 1
0.212459 1
0.212494 1
0.212543 1
0.212578 1
0.212614 1
0.212672 1
0.212705 1
0.212721 1
0.213067 1
0.2131 1
0.213112 1
0.213377 1
0.213628 1
0.213756 1
0.214101 1
0.214113 1
0.214117 1
0.214258 1
0.214379 1
0.214428 1
0.21456 1
0.214679 1
0.214807 1
0.214823 1
0.215164 1
0.215168 1
0.215201 1
0.215202 1
0.215213 1
0.215857 1
0.215873 1
0.216203 1
0.216214 1
0.216219 1
0.216253 1
0.21648 1
0.216506 1
0.216612 1
0.217254 1
0.217265 1
0.217269 1
0.217302 1
0.217303 1
0.217314 1
0.21758 1
0.218305 1
0.218316 1
0.21832 1
0.218353 1
0.218354 1
0.218365 1
0.218491 1
0.218607 1
0.218976 1
0.219354 1
0.219355 1
0.219371 1
0.219404 1
0.219405 1
0.219416 1
0.219461 1
0.21951 1
0.219512 1
0.219541 1
0.219561 1
0.219581 1
0.219632 1
0.219658 1
0.219681 1
0.219814 1
0.220076 1
0.220406 1
0.220417 1
0.220421 1
0.220454 1
0.220455 1
0.220543 1
0.220561 1
0.220562 1
0.220659 1
0.220681 1
0.220683 1
0.220709 1
0.221456 1
0.221457 1
0.221472 1
0.221505 1
0.221506 1
0.221517 1
0.221562 1
0.221611 1
0.221613 1
0.221643 1
0.221662 1
0.221682 1
0.221783 1
0.221915 1
0.222507 1
0.222518 1
0.222523 1
0.222556 1
0.222557 1
0.222568 1
0.222662 1
0.222693 1
0.223228 1
0.223557 1
0.223558 1
0.223573 1
0.223606 1
0.223607 1
0.223618 1
0.223663 1
0.223713 1
0.223744 1
0.223784 1
0.223884 1
0.224016 1
0.22462 1
0.224624 1
0.224657 1
0.224658 1
0.224669 1
0.224763 1
0.224795 1
0.224884 1
0.224885 1
0.225709 1
0.22572 1
0.225765 1
0.225796 1
0.225845 1
0.225885 1
0.225936 1
0.226118 1
0.226758 1
0.22677 1
0.226847 1
0.226865 1
0.226896 1
0.226985 1
0.226987 1
0.227036 1
0.227168 1
0.227866 1
0.227897 1
0.227915 1
0.227986 1
0.228036 1
0.228037 1
0.228219 1
0.228481 1
0.228637 1
0.228745 1
0.228757 1
0.228777 1
0.228827 1
0.22886 1
0.228872 1
0.228948 1
0.228966 1
0.228997 1
0.229088 1
0.229137 1
0.229861 1
0.229873 1
0.229877 1
0.22991 1
0.229967 1
0.229999 1
0.230017 1
0.230088 1
0.230137 1
0.230139 1
0.230207 1
0.230879 1
0.230924 1
0.230928 1
0.230961 1
0.230973 1
0.231018 1
0.231067 1
0.231099 1
0.231138 1
0.231189 1
0.231203 1
0.231208 1
0.231239 1
0.231253 1
0.231257 1
0.231974 1
0.231979 1
0.232069 1
0.2321 1
0.232118 1
0.232189 1
0.232238 1
0.23224 1
0.232259 1
0.232289 1
0.232303 1
0.232308 1
0.23298 1
0.233029 1
0.233062 1
0.233072 1
0.233074 1
0.233121 1
0.233151 1
0.233169 1
0.2332 1
0.233289 1
0.233291 1
0.233305 1
0.233309 1
0.23334 1
0.233354 1
0.234011 1
0.234031 1
0.234064 1
0.234076 1
0.23408 1
0.23417 1
0.234172 1
0.234201 1
0.234219 1
0.23434 1
0.234341 1
0.23436 1
0.234391 1
0.234405 1
0.234409 1
0.235173 1
0.235176 1
0.235202 1
0.235207 1
0.235221 1
0.235222 1
0.235301 1
0.235341 1
0.235392 1
0.235406 1
0.235411 1
0.235441 1
0.235455 1
0.23546 1
0.236112 1
0.236132 1
0.236165 1
0.236177 1
0.236181 1
0.236208 1
0.236226 1
0.236253 1
0.236257 1
0.236271 1
0.236273 1
0.236303 1
0.236321 1
0.236441 1
0.236443 1
0.236457 1
0.236492 1
0.236506 1
0.236511 1
0.237254 1
0.237259 1
0.237265 1
0.237274 1
0.237277 1
0.237303 1
0.237308 1
0.237322 1
0.237324 1
0.237371 1
0.237403 1
0.237442 1
0.237493 1
0.237507 1
0.237512 1
0.237543 1
0.237557 1
0.237561 1
0.238233 1
0.238266 1
0.238278 1
0.238283 1
0.238305 1
0.238309 1
0.238354 1
0.238359 1
0.238373 1
0.238374 1
0.238404 1
0.238422 1
0.238542 1
0.238544 1
0.238558 1
0.238563 1
0.238607 1
0.238612 1
0.238644 1
0.239376 1
0.239378 1
0.239405 1
0.239409 1
0.239423 1
0.239425 1
0.239455 1
0.239504 1
0.239544 1
0.239609 1
0.239613 1
0.239644 1
0.239658 1
0.239663 1
0.239695 1
0.240335 1
0.240411 1
0.240417 1
0.240426 1
0.240429 1
0.240455 1
0.24046 1
0.240476 1
0.240555 1
0.240664 1
0.240695 1
0.240709 1
0.240713 1
0.241365 1
0.241385 1
0.241418 1
0.24143 1
0.241435 1
0.241457 1
0.241477 1
0.24148 1
0.241506 1
0.241511 1
0.241526 1
0.241556 1
0.242436 1
0.242485 1
0.242507 1
0.242512 1
0.242518 1
0.242528 1
0.24253 1
0.242557 1
0.242561 1
0.242577 1
0.242796 1
0.243536 1
0.243558 1
0.243563 1
0.243569 1
0.243578 1
0.243581 1
0.243628 1
0.243657 1
0.243707 1
0.243947 1
0.244537 1
0.24457 1
0.244582 1
0.244587 1
0.24462 1
0.244629 1
0.244632 1
0.244658 1
0.244663 1
0.244678 1
0.244708 1
0.245556 1
0.245568 1
0.245637 1
0.245659 1
0.245664 1
0.24568 1
0.245682 1
0.245709 1
0.245729 1
0.245759 1
0.245808 1
0.246733 1
0.246809 1
0.246859 1
0.247099 1
0.247734 1
0.247739 1
0.247784 1
0.24783 1
0.24786 1
0.248448 1
0.248456 1
0.248551 1
0.2486 1
0.248671 1
0.248708 1
0.24872 1
0.248789 1
0.248832 1
0.248834 1
0.24896 1
0.2492 1
0.249932 1
0.249961 1
0.250101 1
0.250558 1
0.250599 1
0.250933 1
0.250936 1
0.251061 1
0.251201 1
0.251512 1
0.251559 1
0.25189 1
0.251892 1
0.251937 1
0.251941 1
0.252033 1
0.252063 1
0.252303 1
0.252562 1
0.252659 1
0.2527 1
0.253034 1
0.253037 1
0.253084 1
0.253303 1
0.253403 1
0.253564 1
0.25366 1
0.253701 1
0.25371 1
0.254038 1
0.254043 1
0.254085 1
0.254088 1
0.254213 1
0.254453 1
0.254711 1
0.254801 1
0.255044 1
0.255089 1
0.255093 1
0.255138 1
0.255185 1
0.255215 1
0.255709 1
0.255714 1
0.256063 1
0.256092 1
0.256144 1
0.256186 1
0.256189 1
0.256315 1
0.256812 1
0.256903 1
0.257143 1
0.257145 1
0.25719 1
0.257195 1
0.25724 1
0.257286 1
0.257316 1
0.257556 1
0.257953 1
0.25829 1
0.258337 1
0.258556 1
0.258656 1
0.258914 1
0.258926 1
0.258955 1
0.259244 1
0.259247 1
0.259292 1
0.259296 1
0.259388 1
0.259417 1
0.259557 1
0.260055 1
0.260389 1
0.260392 1
0.260438 1
0.261064 1
0.261316 1
0.261393 1
0.261397 1
0.26144 1
0.261442 1
0.262399 1
0.262444 1
0.262448 1
0.262493 1
0.26254 1
0.263449 1
0.263541 1
0.263544 1
0.263809 1
0.264216 1
0.264257 1
0.264498 1
0.2645 1
0.264545 1
0.264549 1
0.264594 1
0.264641 1
0.265308 1
0.265551 1
0.265645 1
0.265692 1
0.266599 1
0.266601 1
0.266646 1
0.266651 1
0.266742 1
0.267368 1
0.267409 1
0.268752 1
0.268794 1
0.268797 1
0.272585 1
0.272621 1
0.273046 1
0.275148 1
0.275154 1
0.27541 1
0.275737 1
0.275773 1
0.287142 1
0.28719 1
0.287191 1
0.287809 1
0.287914 1
0.287923 1
0.28796 1
0.287963 1
0.287973 1
0.288242 1
0.288756 1
0.28901 1
0.289014 1
0.289118 1
0.289293 1
0.289364 1
0.290065 1
0.290074 1
0.290119 1
0.290342 1
0.290343 1
0.291394 1
0.291908 1
0.292113 1
0.292126 1
0.29227 1
0.292445 1
0.292516 1
0.293113 1
0.293164 1
0.293271 1
0.293495 1
0.294546 1
0.295373 1
0.295422 1
0.295597 1
0.295668 1
0.296265 1
0.296278 1
0.296365 1
0.296378 1
0.296423 1
0.296598 1
0.296646 1
0.296647 1
0.297329 1
0.297359 1
0.297366 1
0.297379 1
0.297523 1
0.297647 1
0.297649 1
0.297698 1
0.297769 1
0.298479 1
0.298525 1
0.298639 1
0.298747 1
0.298749 1
0.298869 1
0.29961 1
0.299625 1
0.29966 1
0.299709 1
0.299739 1
0.299748 1
0.301888 1
0.301899 1
0.302889 1
0.302891 1
0.3029 1
0.303912 1
0.30394 1
0.303951 1
0.303989 1
0.304 1
0.304784 1
0.304913 1
0.304962 1
0.30499 1
0.304992 1
0.305002 1
0.30504 1
0.306041 1
0.306043 1
0.306052 1
0.306061 1
0.307014 1
0.307044 1
0.307094 1
0.307103 1
0.307111 1
0.307141 1
0.307152 1
0.308142 1
0.308144 1
0.308154 1
0.308162 1
0.309242 1
0.309254 1
0.310216 1
0.310244 1
0.310246 1
0.310255 1
0.310263 1
0.310293 1
0.310304 1
0.316665 1
0.317158 1
0.317618 1
0.317659 1
0.318208 1
0.326717 1
0.327508 1
0.327629 1
0.327642 1
0.327646 1
0.327768 1
0.328769 1
0.32889 1
0.329747 1
0.329869 1
0.330798 1
0.33092 1
0.331855 1
0.331898 1
0.331905 1
0.331921 1
0.332899 1
0.332906 1
0.332955 1
0.332972 1
0.333021 1
0.333949 1
0.33395 1
0.333999 1
0.334006 1
0.334022 1
0.334193 1
0.335007 1
0.335057 1
0.335243 1
0.336051 1
0.336058 1
0.336141 1
0.336173 1
0.338209 1
0.338225 1
0.338346 1
0.341304 1
0.341311 1
0.341361 1
0.341377 1
0.341697 1
0.341746 1
0.342352 1
0.342355 1
0.342362 1
0.342477 1
0.342598 1
0.342748 1
0.343413 1
0.343462 1
1.06016 1
1.06019 1
1.06032 1
1.06066 1
1.06154 1
1.06155 1
1.06157 1
1.06204 1
1.06208 1
1.06303 1
1.06313 1
1.06318 1
1.06318 1
1.06418 1
1.06507 1
1.06507 1
1.0653 1
1.06535 1
1.066 1
1.06606 1
1.06612 1
1.0663 1
1.06633 1
1.06633 1
1.06634 1
1.06635 1
1.0672 1
1.06722 1
1.06722 1
1.06723 1
1.06724 1
1.06725 1
1.06738 1
1.06738 1
1.06749 1
1.06864 1
1.06875 1
1.06883 1
1.06884 1
1.06888 1
1.0689 1
1.07 1
1.07037 1
1.07039 1
1.07064 1
1.07104 1
1.07105 1
1.0763 1
1.07685 1
1.07687 1
1.07837 1
1.07839 1
1.0784 1
1.07877 1
1.07878 1
1.07878 1
1.08263 1
1.08266 1
1.08653 1
1.08669 1
1.42615 1
1.42615 1
1.42619 1
1.4262 1
1.4262 1
1.42622 1
1.42655 1
1.42658 1
1.4266 1
1.42684 1
1.42685 1
1.42686 1
1.4269 1
1.42691 1
1.42694 1
1.42696 1
1.42699 1
1.42725 1
1.42786 1
1.4279 1
1.42791 1
1.42794 1
1.42795 1
1.42796 1
1.42799 1
1.42804 1
1.42825 1
1.42825 1
1.4283 1
1.4283 1
1.4283 1
1.42835 1
1.4286 1
1.4286 1
1.4287 1
1.42901 1
1.42968 1
1.4297 1
1.42973 1
1.42975 1
1.43001 1
1.43011 1
1.43014 1
1.43014 1
1.43062 1
1.43062 1
1.43064 1
1.43111 1
1.43114 1
1.43114 1
1.43199 1
1.43216 1
1.43219 1
1.43219 1
1.43221 1
1.43224 1
1.43224 1
1.43224 1
1.43324 1
1.43326 1
1.43329 1
1.43329 1
1.43429 1
1.43434 1
1.43441 1
1.43455 1
1.43477 1
1.43491 1
1.43515 1
1.43527 1
1.43534 1
1.43534 1
1.43536 1
1.43536 1
1.43539 1
1.43539 1
1.4362 1
1.43624 1
1.43625 1
1.43627 1
1.43639 1
1.43641 1
1.4365 1
1.43692 1
1.43729 1
1.4373 1
1.43741 1
1.43746 1
1.43749 1
1.43791 1
1.43849 1
1.43851 1
1.44052 1
1.44057 1
1.44162 1
1.44165 1
1.44167 1
1.44603 1
1.44642 1
1.44795 1
1.44797 1
1.54248 1
1.54262 1
1.54267 1
1.54269 1
1.54272 1
1.54272 1
1.54273 1
1.54274 1
1.5437 1
1.54372 1
1.54372 1
1.54377 1
1.54398 1
1.54399 1
1.54401 1
1.54409 1
1.54425 1
1.54426 1
1.54432 1
1.54437 1
1.54514 1
1.54523 1
1.54562 1
1.54563 1
1.54565 1
1.54571 1
1.54576 1
1.54582 1
1.54587 1
1.54587 1
1.54588 1
1.54641 1
1.54678 1
1.5469 1
1.54692 1
1.54692 1
1.54698 1
1.54818 1
1.54825 1
1.54829 1
1.54829 1
1.54918 1
1.54919 1
1.54923 1
1.54926 1
1.54929 1
1.54963 1
1.54967 1
1.55039 1
1.5504 1
1.55092 1
1.55094 1
1.55117 1
1.55128 1
1.55144 1
1.55167 1
1.55168 1
1.55218 1
1.55233 1
1.55278 1
1.55327 1
1.55354 1
1.55428 1
1.55445 1
1.5545 1
1.55455 1
1.55462 1
1.55467 1
1.55554 1
1.55631 1
1.55633 1
1.55633 1
1.55638 1
1.55638 1
1.55638 1
1.55665 1
1.55743 1
1.55743 1
1.55764 1
1.5577 1
1.55771 1
1.55774 1
1.55775 1
1.55776 1
1.55815 1
1.55819 1
1.55828 1
1.55842 1
1.55843 1
1.55843 1
1.55848 1
1.5588 1
1.55924 1
1.55927 1
1.55928 1
1.55953 1
1.55953 1
1.55962 1
1.55966 1
1.55974 1
1.5598 1
1.56179 1
1.56181 1
1.562 1
1.56205 1
1.56243 1
1.56668 1
1.56704 1
1.56704 1
1.56715 1
1.56855 1
1.78494 1
1.78494 1
1.78517 1
1.78519 1
1.78535 1
1.78536 1
1.7854 1
1.78557 1
1.7964 1
1.79685 1
1.79687 1
1.79689 1
1.79709 1
1.7971 1
1.79714 1
1.79727 1
1.79877 1
1.79878 1
1.79893 1
1.79899 1
1.79955 1
1.7996 1
1.79963 1
1.79968 1
1.80007 1
1.80011 1
1.80012 1
1.80012 1
1.80017 1
1.8027 1
2.64039 1
2.64113 1
2.64118 1
2.64123 1
2.64152 1
2.64161 1
2.64162 1
2.64166 1
3.38247 1
3.38247 1
3.38252 1
3.38275 1
3.3828 1
3.38281 1
3.38285 1
3.38286 1
3.38299 1
3.38377 1
3.3839 1
3.3839 1
3.38409 1
3.38412 1
3.38414 1
3.3849 1
3.38492 1
3.38502 1
3.38511 1
3.38512 1
3.38514 1
3.38514 1
3.38516 1
3.38523 1
3.38524 1
3.38528 1
3.38538 1
3.3858 1
3.38653 1
3.38698 1
3.38701 1
3.38703 1
3.38752 1
3.38752 1
3.38755 1
3.38756 1
3.38852 1
3.38853 1
3.38857 1
3.38877 1
3.38882 1
3.39071 1
3.3909 1
3.39095 1
3.39108 1
3.39125 1
3.39128 1
3.3913 1
3.39218 1
3.39292 1
3.39293 1
3.39295 1
3.39298 1
3.39303 1
3.39304 1
3.39319 1
3.39584 1
4.2801 1
4.28025 1
4.2803 1
4.28033 1
4.28034 1
4.28073 1
4.28073 1
4.28088 1
4.28123 1
4.28134 1
4.28138 1
4.28139 1
4.28139 1
4.282 1
4.28201 1
4.28224 1
4.28226 1
4.28226 1
4.28277 1
4.28351 1
4.28352 1
4.28372 1
4.28374 1
4.28375 1
4.28379 1
4.2848 1
4.28499 1
4.285 1
4.28504 1
4.28511 1
4.28639 1
4.28644 1
4.28644 1
4.28721 1
4.28722 1
4.28726 1
4.28727 1
4.2875 1
4.28754 1
4.28757 1
4.2879 1
4.28941 1
4.28983 1
4.28987 1
4.28993 1
4.28998 1
4.28998 1
4.28999 1
4.29001 1
4.29003 1
4.29004 1
4.29328 1
4.29333 1
4.29335 1
4.29341 1
5.69815 1
5.69915 1
5.6992 1
5.70034 1
5.70036 1
5.70046 1
5.7005 1
5.70051 1
6.26971 1
6.26972 1
6.27059 1
6.2706 1
6.27061 1
6.27064 1
6.27069 1
6.27072 1
6.27095 1
6.27097 1
6.27102 1
6.27104 1
6.27106 1
6.27109 1
6.27166 1
6.27211 1
6.27211 1
6.27214 1
6.27249 1
6.2725 1
6.27254 1
6.27255 1
6.27258 1
6.27261 1
6.27266 1
6.27271 1
6.27298 1
6.27314 1
6.27316 1
6.27317 1
6.27319 1
6.2732 1
6.27322 1
6.27551 1
6.27572 1
6.27692 1
6.27698 1
6.27703 1
6.27752 1
6.27768 1
6.27783 1
6.27799 1
6.27896 1
6.27916 1
6.27916 1
6.27921 1
6.27927 1
6.27949 1
6.27953 1
6.27977 1
6.28048 1
6.28049 1
6.28052 1
7.12621 1
7.12623 1
7.12626 1
7.12653 1
7.12653 1
7.1273 1
7.12731 1
7.12773 1
7.12778 1
7.12778 1
7.12779 1
7.12782 1
7.12784 1
7.12831 1
7.12832 1
7.12839 1
7.12843 1
7.12867 1
7.12872 1
7.12904 1
7.12904 1
7.12908 1
7.12909 1
7.12972 1
7.12972 1
7.12973 1
7.12996 1
7.12997 1
7.1303 1
7.13033 1
7.13043 1
7.13047 1
7.13048 1
7.13148 1
7.13148 1
7.13153 1
7.13154 1
7.13159 1
7.132 1
7.13207 1
7.13207 1
7.13212 1
7.13222 1
7.13312 1
7.13324 1
7.13382 1
7.13384 1
7.13645 1
7.1366 1
7.13661 1
7.13662 1
7.13667 1
7.13669 1
7.13673 1
7.13829 1
7.13832 1
7.83031 1
7.83035 1
7.83036 1
7.83038 1
7.83277 1
7.83278 1
7.83291 1
7.83291 1
7.83316 1
7.83387 1
7.83391 1
7.83391 1
7.83392 1
7.83416 1
7.8343 1
7.83439 1
7.83451 1
7.83451 1
7.83455 1
7.83456 1
7.83461 1
7.83766 1
7.8377 1
7.83783 1
7.83787 1
7.83805 1
7.83805 1
7.83807 1
7.83825 1
7.83829 1
7.8383 1
7.83832 1
7.84028 1
7.84031 1
8.99412 1
8.99438 1
8.9944 1
8.99508 1
8.99529 1
8.99533 1
8.99533 1
8.99538 1
8.99538 1
8.99543 1
8.99543 1
8.99602 1
8.99602 1
8.99607 1
8.99607 1
8.99717 1
8.99721 1
8.99734 1
9.00172 1
9.00233 1
9.00234 1
9.00236 1
9.00239 1
9.0024 1
9.00241 1
9.00245 1
9.00245 1
9.00349 1
9.00447 1
9.00457 1
9.00459 1
9.00475 1
9.00475 1
9.00559 1
9.00559 1
9.00563 1
9.00564 1
9.00568 1
9.00569 1
9.00573 1
9.00574 1
9.00757 1
9.00762 1
9.00765 1
9.00949 1
9.0095 1
9.00951 1
9.00976 1
9.00989 1
9.01001 1
9.01012 1
9.01013 1
9.01017 1
9.0108 1
9.0108 1
9.01116 1
9.01128 1
9.01319 1
9.01324 1
9.01811 1
9.01815 1
9.01815 1
9.01827 1
9.0194 1
9.01989 1
9.02099 1
9.02101 1
9.02129 1
9.02186 1
10.0978 1
10.0978 1
10.0979 1
10.0979 1
10.0979 1
10.098 1
10.0991 1
10.0993 1
10.0993 1
10.0994 1
10.0994 1
10.0994 1
10.0994 1
10.0995 1
10.1032 1
10.1033 1
10.1033 1
10.5292 1
10.5292 1
10.5298 1
10.5298 1
10.5299 1
10.53 1
10.5309 1
10.5309 1
10.5309 1
10.5309 1
10.5309 1
10.5309 1
10.5309 1
10.531 1
10.531 1
10.531 1
10.5319 1
10.5322 1
10.5329 1
10.5329 1
10.5329 1
10.5329 1
10.5329 1
10.5329 1
10.534 1
10.534 1
10.534 1
10.534 1
10.5342 1
10.5343 1
10.5376 1
10.5376 1
10.5377 1
10.5377 1
10.5377 1
10.5383 1
10.5386 1
10.5386 1
10.5386 1
10.5387 1
10.5391 1
10.5392 1
10.5392 1
10.5397 1
10.5397 1
10.5398 1
10.5402 1
10.5402 1
10.5402 1
10.5403 1
10.5403 1
10.5404 1
10.5404 1
10.5413 1
10.5415 1
10.5415 1
10.5416 1
10.5416 1
10.5417 1
10.5418 1
10.5418 1
10.5418 1
10.543 1
10.5431 1
10.5442 1
10.5497 1
10.5498 1
10.5498 1
10.5499 1
10.5499 1
10.5499 1
10.5502 1
10.5502 1
10.5502 1
10.5502 1
10.5503 1
10.5503 1
10.5514 1
10.5514 1
10.5515 1
10.5519 1
10.5519 1
10.5519 1
10.5529 1
10.5529 1
10.5529 1
10.553 1
10.5562 1
10.5563 1
10.5565 1
10.5565 1
10.5565 1
11.4697 1
11.4698 1
11.4719 1
11.472 1
11.473 1
11.4732 1
11.4739 1
11.4743 1
11.4743 1
11.4752 1
11.4752 1
11.4754 1
11.4754 1
11.4755 1
12.0843 1
12.0848 1
12.0849 1
12.0849 1
12.085 1
12.085 1
12.085 1
12.0853 1
12.0853 1
12.0853 1
12.0853 1
12.4095 1
12.41 1
12.4102 1
12.4102 1
12.4102 1
12.4102 1
12.4102 1
12.4103 1
12.4107 1
12.4113 1
12.4124 1
12.4132 1
12.414 1
12.414 1
12.4146 1
12.4147 1
12.415 1
12.415 1
12.415 1
12.4151 1
12.4151 1
12.4175 1
14.687 1
14.6871 1
14.6871 1
14.6872 1
14.6872 1
14.6874 1
14.6874 1
14.6877 1
14.6877 1
14.6877 1
14.6878 1
14.6878 1
14.6878 1
14.6878 1
14.6878 1
14.6879 1
14.6882 1
14.6893 1
14.6895 1
14.6896 1
14.6896 1
14.6907 1
14.691 1
14.691 1
14.6912 1
14.6915 1
14.6917 1
14.692 1
14.692 1
14.6927 1
14.6928 1
14.6931 1
14.6932 1
14.6937 1
14.6938 1
14.6938 1
14.694 1
14.694 1
14.6948 1
14.6948 1
14.6949 1
14.6954 1
14.6954 1
14.6954 1
14.6955 1
14.6958 1
14.6958 1
14.6958 1
14.6958 1
14.6966 1
14.6966 1
14.6966 1
14.6967 1
14.6968 1
14.6984 1
14.6984 1
14.6984 1
14.6985 1
14.6985 1
14.6985 1
14.6986 1
14.6986 1
14.6987 1
14.6987 1
14.701 1
14.701 1
15.8717 1
15.8717 1
15.8717 1
15.8718 1
15.8718 1
15.8718 1
15.8719 1
15.8719 1
15.8719 1
15.872 1
15.872 1
15.872 1
15.872 1
15.8721 1
15.8721 1
15.8721 1
15.873 1
15.873 1
15.873 1
15.873 1
15.873 1
15.8736 1
15.8736 1
15.8736 1
15.8737 1
15.8737 1
15.8738 1
15.8738 1
15.8738 1
15.8745 1
15.8745 1
15.8745 1
15.8745 1
15.8746 1
15.8746 1
15.8747 1
15.8748 1
15.8748 1
15.8753 1
15.8753 1
15.8753 1
15.8753 1
15.8757 1
15.8757 1
15.8762 1
15.8762 1
15.8762 1
15.8767 1
15.8767 1
15.8767 1
15.8767 1
15.8776 1
15.8786 1
15.8786 1
15.8807 1
15.881 1
15.8811 1
15.8811 1
15.8822 1
15.8822 1
15.8822 1
15.8828 1
15.8829 1
15.8829 1
15.8829 1
15.8829 1
15.883 1
16.4806 1
16.9175 1
16.9176 1
16.9176 1
16.9186 1
16.9186 1
16.9186 1
16.9203 1
16.9203 1
16.9208 1
16.9214 1
16.9214 1
16.9214 1
16.9218 1
16.9287 1
17.0257 1
17.0257 1
17.0257 1
17.0257 1
17.0257 1
17.0257 1
17.0261 1
17.0265 1
17.0265 1
17.0268 1
17.0268 1
17.0268 1
17.0268 1
17.0268 1
17.0269 1
17.0269 1
17.027 1
17.027 1
17.027 1
17.0275 1
17.0275 1
17.0277 1
17.0278 1
17.0285 1
17.0285 1
17.0285 1
17.0286 1
17.0286 1
17.0291 1
17.0291 1
17.0293 1
17.0296 1
17.0297 1
17.0297 1
17.0299 1
17.0299 1
17.03 1
17.0306 1
17.0306 1
17.0307 1
17.0307 1
17.0308 1
17.7092 1
17.7092 1
17.7092 1
17.7093 1
17.7093 1
17.7094 1
17.7098 1
17.7098 1
17.7098 1
17.7109 1
17.7111 1
17.7115 1
17.7115 1
17.7116 1
17.7117 1
17.7117 1
17.7117 1
17.7117 1
17.7118 1
17.7121 1
17.7121 1
17.7121 1
17.7121 1
17.7122 1
17.7123 1
17.7124 1
17.7189 1
17.7189 1
17.7189 1
