175.649 29
176.003 30
176.259 31
176.45 32
176.613 33
176.759 34
176.889 35
177.008 36
177.119 37
177.219 25
177.431 26
177.435 27
177.498 28
177.597 29
177.707 30
177.825 31
177.954 32
178.102 33
178.268 34
178.465 35
178.711 36
178.765 25
178.956 26
179.007 27
179.215 28
179.453 29
179.805 30
182.518 31
182.874 32
183.118 33
183.314 34
183.483 35
183.625 36
183.756 37
183.873 38
183.982 39
184.084 40
184.18 41
184.267 42
184.353 43
184.432 44
184.508 45
184.582 46
184.629 32
184.818 33
184.834 34
184.868 35
184.956 36
185.048 37
185.149 38
185.259 39
185.376 40
185.506 41
185.651 42
185.818 43
186.015 44
186.264 45
186.615 46
188.981 32
189.19 33
189.194 34
189.236 35
189.325 36
189.421 37
189.522 38
189.632 39
189.749 40
189.879 41
190.023 42
190.192 43
190.386 44
190.636 45
190.987 46
193.064 32
193.271 33
193.275 34
193.317 35
193.406 36
193.502 37
193.603 38
193.712 39
193.83 40
193.961 41
194.103 42
194.271 43
194.469 44
194.718 45
195.023 31
195.281 32
195.294 33
195.441 34
195.605 35
195.804 36
196.049 37
196.403 38
197.215 26
197.392 27
197.396 28
197.401 29
197.561 30
197.668 31
197.786 32
197.917 33
198.062 34
198.228 35
198.426 36
198.672 37
199.024 38
199.149 26
199.312 27
199.35 28
199.379 29
199.481 30
199.59 31
199.708 32
199.838 33
199.982 34
