175 24.3832
175.2 91.7542
175.4 95.5411
175.6 97.031
175.8 99.5763
176 100.445
176.2 100.073
176.4 100.259
176.6 101.128
176.8 100.445
177 99.8246
177.2 100.321
177.4 100.508
177.6 99.8246
177.8 99.5763
178 100.259
178.2 99.2038
178.4 99.8867
178.6 95.9757
178.8 92.8717
179 84.8634
179.2 92.375
179.4 96.4723
179.6 98.1485
179.8 99.7626
180 100.135
180.2 100.321
180.4 100.383
180.6 100.073
180.8 100.073
181 99.8246
181.2 100.445
181.4 100.135
181.6 99.6384
181.8 99.5763
182 100.942
182.2 100.88
182.4 99.2659
182.6 99.5763
182.8 97.5898
183 95.9757
183.2 90.9472
183.4 88.8365
183.6 91.6301
183.8 97.776
184 98.2726
184.2 98.7072
184.4 99.7005
184.6 100.321
184.8 100.632
185 100.321
185.2 100.694
185.4 101.19
185.6 100.073
185.8 99.5142
186 101.749
186.2 99.7626
186.4 99.328
186.6 100.259
186.8 99.7005
187 97.3414
187.2 94.4858
187.4 89.7056
187.6 90.761
187.8 94.4237
188 97.3414
188.2 99.7626
188.4 100.694
188.6 100.88
188.8 100.073
189 99.9488
189.2 100.321
189.4 100.756
189.6 100.383
189.8 99.9488
190 100.259
190.2 99.7005
190.4 99.9488
190.6 100.321
190.8 99.328
191 96.5344
191.2 92.6234
191.4 88.0294
191.6 94.2374
191.8 97.5898
192 97.8381
192.2 99.7005
192.4 100.135
192.6 100.445
192.8 99.5142
193 99.8246
193.2 100.383
193.4 100.073
193.6 99.8867
193.8 100.259
194 98.8934
194.2 100.135
194.4 99.7626
194.6 95.7894
194.8 93.0579
195 90.5747
195.2 93.927
195.4 96.0998
195.6 98.521
195.8 99.7626
196 100.135
196.2 99.8867
196.4 100.88
196.6 99.7626
196.8 100.197
197 100.073
197.2 100.383
197.4 99.8246
197.6 100.197
197.8 99.7626
198 99.4522
198.2 100.197
198.4 95.2928
198.6 93.3062
198.8 86.4774
199 92.375
199.2 96.5965
199.4 97.6518
199.6 98.1485
199.8 99.7005
