15.0033 9
15.0096 9
15.0159 9
15.0222 9
15.0285 9
15.0348 9
15.0411 10
15.0845 10
15.0908 10
15.0971 10
15.1034 10
15.1097 10
15.116 10
15.1223 10
15.1286 10
15.1349 10
15.1412 11
15.1784 11
15.1851 11
15.1918 11
15.1982 11
15.2048 11
15.2111 11
15.2175 11
15.2238 11
15.2301 11
15.2364 11
15.2427 11
15.2723 12
15.279 12
15.2858 12
15.2921 12
15.2985 12
15.3049 12
15.3112 12
15.3175 12
15.3238 12
15.3301 12
15.3365 12
15.3659 12
15.3726 13
15.3793 13
15.3856 13
15.392 13
15.3985 13
15.4049 13
15.4112 13
15.4175 13
15.4238 13
15.4301 13
15.4364 13
15.4588 13
15.4655 13
15.4718 13
15.4783 14
15.4846 14
15.4909 14
15.4972 14
15.5035 14
15.5098 14
15.5163 14
15.5229 14
15.5296 14
15.536 14
15.5547 14
15.5615 14
15.5682 14
15.5747 14
15.5812 14
15.5877 15
15.5943 15
15.6008 15
15.6073 15
15.6137 15
15.62 15
15.6263 15
15.6326 15
15.6389 15
15.6509 15
15.6572 15
15.6637 15
15.6708 15
15.6771 15
15.6838 15
15.6901 16
15.6965 16
15.7028 16
15.7096 16
15.7167 16
15.7235 16
15.7299 16
15.7366 16
15.743 16
15.7497 16
15.7563 16
15.7635 16
15.7709 16
15.7772 16
15.7836 16
15.7899 16
15.7963 16
15.8026 17
15.8089 17
15.8152 17
15.8216 17
15.8279 17
15.8342 17
15.8405 17
15.8468 17
15.8531 17
15.8594 17
15.8657 17
15.872 17
15.8783 17
15.8846 17
15.8909 17
15.8972 17
15.9035 17
15.9098 18
15.9161 18
15.9224 18
15.9287 18
15.935 18
15.9413 18
15.9476 18
15.9539 18
15.9602 18
15.9665 18
15.9728 18
15.9792 18
15.9855 18
15.9918 18
15.9981 18
16.0044 18
16.0107 18
16.017 18
16.0233 18
16.0296 19
16.0359 19
16.0422 19
16.0485 19
16.0548 19
16.0611 19
16.0674 19
16.0737 19
16.08 19
16.0863 19
16.0926 19
16.0989 19
16.1052 19
16.1115 19
16.1178 19
16.1241 19
16.1304 19
16.1368 19
16.1431 19
16.1494 20
16.1557 20
16.162 20
16.1683 20
16.1746 20
16.1809 20
16.1872 20
16.1935 20
16.1998 20
16.2061 20
16.2124 20
16.2187 20
16.225 20
16.2313 20
16.2376 20
16.2439 20
16.2502 20
16.2565 20
16.2628 20
16.2691 20
16.2754 20
16.2817 21
16.288 21
16.2944 21
16.3007 21
16.307 21
16.3133 21
16.3196 21
16.3259 21
16.3322 21
16.3385 21
16.3448 21
16.3511 21
16.3574 21
16.3637 21
16.37 21
16.3763 21
16.3826 21
16.3889 21
16.3952 21
16.4015 21
16.4078 21
16.4141 21
16.4204 22
16.4267 22
16.433 22
16.4393 22
16.4456 22
16.452 22
16.4583 22
16.4646 22
16.4709 22
16.4772 22
16.4835 22
16.4898 22
16.4961 22
16.5024 22
16.5087 22
16.515 22
16.5213 22
16.5276 22
16.5339 22
16.5402 22
16.5465 22
16.5528 22
16.5591 23
16.5654 23
16.5717 23
16.578 23
16.5843 23
16.5906 23
16.5969 23
16.6032 23
16.6096 23
16.6159 23
16.6222 23
16.6285 23
16.6348 23
16.6411 23
16.6474 23
16.6537 23
16.66 23
16.6663 23
16.6726 23
16.6789 23
16.6852 23
16.6915 23
16.6978 23
16.7041 23
16.7104 24
16.7167 24
16.723 24
16.7293 24
16.7356 24
16.7419 24
16.7482 24
16.7545 24
16.7608 24
16.7672 24
16.7735 24
16.7798 24
16.7861 24
16.7924 24
16.7987 24
16.805 24
16.8113 24
16.8176 24
16.8239 24
16.8302 24
16.8365 24
16.8428 24
16.8491 24
16.8554 24
16.8617 24
16.868 25
16.8743 25
16.8806 25
16.8869 25
16.8932 25
16.8995 25
16.9058 25
16.9121 25
16.9184 25
16.9248 25
16.9311 25
16.9374 25
16.9437 25
16.95 25
16.9563 25
16.9626 25
16.9689 25
16.9752 25
16.9815 25
16.9878 25
16.9941 25
17.0004 25
17.0067 25
17.013 25
17.0193 25
17.0256 26
17.0319 26
17.0382 26
17.0445 26
17.0508 26
17.0571 26
17.0634 26
17.0697 26
17.076 26
17.0824 26
17.0887 26
17.095 26
17.1013 26
17.1076 26
17.1139 26
17.1202 26
17.1265 26
17.1328 26
17.1391 26
17.1454 26
17.1517 26
17.158 26
17.1643 26
17.1706 26
17.1769 26
17.1832 26
17.1895 26
17.1958 27
17.2021 27
17.2084 27
17.2147 27
17.221 27
17.2273 27
17.2336 27
17.24 27
17.2463 27
17.2526 27
17.2589 27
17.2652 27
17.2715 27
17.2778 27
17.2841 27
17.2904 27
17.2967 27
17.303 27
17.3093 27
17.3156 27
17.3219 27
17.3282 27
17.3345 27
17.3408 27
17.3471 27
17.3534 27
17.3597 27
17.366 27
17.3723 28
17.3786 28
17.3849 28
17.3912 28
17.3976 28
17.4039 28
17.4102 28
17.4165 28
17.4228 28
17.4291 28
17.4354 28
17.4417 28
17.448 28
17.4543 28
17.4606 28
17.4669 28
17.4732 28
17.4795 28
17.4858 28
17.4921 28
17.4984 28
17.5047 28
17.511 28
17.5173 28
17.5236 28
17.5299 28
17.5362 28
17.5425 28
17.5488 28
17.5552 29
17.5615 29
17.5678 29
17.5741 29
17.5804 29
17.5867 29
17.593 29
17.5993 29
17.6056 29
17.6119 29
17.6182 29
17.6245 29
17.6308 29
17.6371 29
17.6434 29
17.6497 29
17.656 29
17.6623 29
17.6686 29
17.6749 29
17.6812 29
17.707 13
17.8834 13
17.9012 13
17.9075 13
17.9141 13
17.9204 13
17.9268 13
17.9331 14
17.9395 14
17.9458 14
17.9521 14
17.9584 14
17.9647 14
17.971 14
17.9773 14
17.995 14
18.0014 14
18.0077 14
18.014 14
18.0204 14
18.0267 14
18.033 14
18.0393 15
18.0456 15
18.0519 15
18.0582 15
18.0645 15
18.0708 15
18.0771 15
18.0882 15
18.0947 15
18.1014 15
18.1077 15
18.114 15
18.1203 15
18.1266 15
18.1329 15
18.1392 16
18.1455 16
18.1518 16
18.1581 16
18.1644 16
18.1707 16
18.177 16
18.1833 16
18.1896 16
18.196 16
18.2023 16
18.2086 16
18.2149 16
18.2212 16
18.2275 16
18.2338 16
18.2401 16
18.2464 17
18.2527 17
18.259 17
18.2653 17
18.2716 17
18.2779 17
18.2842 17
18.2905 17
18.2968 17
18.3031 17
18.3094 17
18.3157 17
18.322 17
18.3283 17
18.3346 17
18.3409 17
18.3472 17
18.3536 17
18.3599 18
18.3662 18
18.3727 18
18.379 18
18.3853 18
18.3916 18
18.3979 18
18.4042 18
18.4105 18
18.4168 18
18.4231 18
18.4294 18
18.4357 18
18.442 18
18.4483 18
18.4546 18
18.4609 18
18.4672 18
18.4736 19
18.4799 19
18.4862 19
18.4925 19
18.4988 19
18.5051 19
18.5114 19
18.5177 19
18.524 19
18.5303 19
18.5366 19
18.5429 19
18.5492 19
18.5556 19
18.5622 19
18.5687 19
18.5753 19
18.5816 19
18.5879 19
18.5942 19
18.6005 20
18.6068 20
18.6131 20
18.6194 20
18.6257 20
18.632 20
18.6383 20
18.6446 20
18.6509 20
18.6572 20
18.6635 20
18.6698 20
18.6761 20
18.6825 20
18.6889 20
18.6952 20
18.7015 20
18.708 20
18.7143 20
18.7206 20
18.7269 21
18.7336 21
18.74 21
18.7464 21
18.7527 21
18.759 21
18.7653 21
18.7716 21
18.7779 21
18.7842 21
18.7905 21
18.7968 21
18.8032 21
18.8095 21
18.8158 21
18.8221 21
18.8286 21
18.8352 21
18.8416 21
18.8479 21
18.8542 21
18.8605 21
18.8669 22
18.8733 22
18.8796 22
18.8859 22
18.8922 22
18.8985 22
18.9048 22
18.9111 22
18.9175 22
18.9243 22
18.9311 22
18.9378 22
18.9442 22
18.9505 22
18.957 22
18.9635 22
18.9702 22
18.9768 22
18.9831 22
18.9894 22
18.9957 22
19.002 22
19.0085 22
19.0152 23
19.0218 23
19.0281 23
19.0344 23
19.0407 23
19.047 23
19.0533 23
19.0596 23
19.0659 23
19.0722 23
19.0785 23
19.0848 23
19.0911 23
19.0974 23
19.1037 23
19.11 23
19.1163 23
19.1226 23
19.1289 23
19.1352 23
19.1416 23
19.1479 23
19.1542 23
19.1605 24
19.1668 24
19.1731 24
19.1794 24
19.1857 24
19.192 24
19.2303 10
19.4061 10
19.4124 10
19.4187 10
19.425 10
19.4313 10
19.4376 10
19.4439 10
19.4502 10
19.4565 10
19.4931 10
19.4998 11
19.5061 11
19.5124 11
19.5187 11
19.525 11
19.5313 11
19.5376 11
19.5439 11
19.5503 11
19.586 11
19.5928 11
19.5992 12
19.6055 12
19.6118 12
19.6181 12
19.6244 12
19.6308 12
19.6371 12
19.6434 12
19.6497 12
19.6791 12
19.6857 12
19.692 12
19.6983 12
19.7046 13
19.7109 13
19.7172 13
19.7235 13
19.7298 13
19.7362 13
19.7426 13
19.7489 13
19.7726 13
19.7794 13
19.7857 13
19.792 13
19.7983 13
19.8046 13
19.8109 14
19.8172 14
19.8235 14
19.8298 14
19.8361 14
19.8424 14
19.8487 14
19.8661 14
19.8731 14
19.8794 14
19.8857 14
19.892 14
19.8983 14
19.9047 14
19.911 15
19.9174 15
19.9238 15
19.9301 15
19.9364 15
19.9429 15
19.9492 15
19.9598 15
19.9668 15
19.9731 15
19.9794 15
19.9857 15
19.992 15
19.9983 15
20.0046 15
20.0109 15
20.0172 16
20.0236 16
20.0299 16
20.0362 16
20.0425 16
20.0488 16
20.0554 16
20.0617 16
20.068 16
20.0743 16
20.0806 16
20.0869 16
20.0932 16
20.0995 16
20.1058 16
20.1122 16
20.1185 17
20.1249 17
20.1312 17
20.1375 17
20.1438 17
20.1501 17
20.1564 17
20.1627 17
20.169 17
20.1753 17
20.1816 17
20.1881 17
20.1946 17
20.2009 17
20.2072 17
20.2135 17
20.2199 17
20.2262 17
20.2325 18
20.2388 18
20.2451 18
20.2514 18
20.2577 18
20.264 18
20.2703 18
20.2766 18
20.283 18
20.2894 18
20.2958 18
20.3021 18
20.3084 18
20.3147 18
20.321 18
20.3273 18
20.3336 18
20.3399 18
20.3463 19
20.3526 19
20.359 19
20.3653 19
20.3717 19
20.378 19
20.3843 19
20.3906 19
20.3972 19
20.4038 19
20.4102 19
20.4168 19
20.4233 19
20.4298 19
20.4361 19
20.4424 19
20.4487 19
20.455 19
20.4613 19
20.4676 19
20.4739 20
20.4802 20
20.4865 20
20.4928 20
20.4991 20
20.5054 20
20.5117 20
20.518 20
20.5243 20
20.5306 20
20.5369 20
20.5432 20
20.5496 20
20.5562 20
20.563 20
20.5697 20
20.5765 20
20.5832 20
20.5895 20
20.5959 20
20.6022 20
20.6087 21
20.615 21
20.6213 21
20.6276 21
20.6341 21
20.6406 21
20.6469 21
20.6533 21
20.6596 21
20.6659 21
20.6722 21
20.6785 21
20.6848 21
20.6911 21
20.6974 21
20.7038 21
20.7101 21
20.7164 21
20.7227 21
20.7292 21
20.7356 21
20.7419 22
20.7483 22
20.7546 22
20.7609 22
20.7673 22
20.7923 10
20.9248 10
20.9618 10
20.9681 10
20.9744 10
20.9807 10
20.9871 10
20.9934 10
20.9997 10
21.006 10
21.0123 10
21.0186 11
21.0547 11
21.061 11
21.0673 11
21.0738 11
21.0801 11
21.0864 11
21.0927 11
21.0993 11
21.1056 11
21.1119 11
21.1182 12
21.1478 12
21.1543 12
21.1607 12
21.1673 12
21.1736 12
21.1799 12
21.1862 12
21.1925 12
21.1988 12
21.2051 12
21.2114 12
21.2177 12
21.2417 13
21.2481 13
21.2544 13
21.2607 13
21.267 13
21.2733 13
21.2798 13
21.2862 13
21.2925 13
21.2988 13
21.3052 13
21.3115 13
21.3356 13
21.342 13
21.3486 14
21.3552 14
21.3617 14
21.368 14
21.3743 14
21.3806 14
21.3869 14
21.3932 14
21.3995 14
21.4058 14
21.4121 14
21.4296 14
21.4359 14
21.4427 14
21.449 15
21.4553 15
21.4616 15
21.4679 15
21.4742 15
21.4805 15
21.4868 15
21.4931 15
21.4994 15
21.5059 15
21.5125 15
21.5241 15
21.5306 15
21.5375 15
21.5442 15
21.5509 15
21.5574 16
21.5637 16
21.57 16
21.5763 16
21.5826 16
21.5889 16
21.5952 16
21.6015 16
21.6079 16
21.6142 16
21.6205 16
21.6268 16
21.6332 16
21.64 16
21.6463 16
21.6526 16
21.6589 17
21.6652 17
21.6715 17
21.6778 17
21.6841 17
21.6904 17
21.6967 17
21.703 17
21.7093 17
21.7157 17
21.722 17
21.7283 17
21.7346 17
21.741 17
21.7473 17
21.7536 17
21.7602 17
21.767 17
21.7733 18
21.7796 18
21.7859 18
21.7922 18
21.7985 18
21.8048 18
21.8111 18
21.8175 18
21.8239 18
21.8302 18
21.8365 18
21.8428 18
21.8491 18
21.8554 18
21.8617 18
21.868 18
21.8743 18
21.8806 18
21.8869 19
21.8932 19
21.8995 19
21.9058 19
21.9121 19
21.9185 19
21.9252 19
21.9318 19
21.9383 19
21.9446 19
21.9512 19
21.9577 19
21.9642 19
21.9707 19
21.9775 19
21.984 19
21.9905 19
21.9972 19
22.0038 19
22.0102 19
22.0166 20
22.0229 20
22.0292 20
22.0355 20
22.0418 20
22.0481 20
22.0545 20
22.0608 20
22.0671 20
22.0734 20
22.0797 20
22.086 20
22.0923 20
22.0986 20
22.1049 20
22.1112 20
22.1175 20
22.1238 20
22.1492 9
22.269 9
22.3123 9
22.3186 9
22.325 9
22.3313 9
22.3376 9
22.3439 9
22.3502 9
22.3565 9
22.3628 10
22.4059 10
22.4124 10
22.4187 10
22.425 10
22.4313 10
22.4376 10
22.4439 10
22.4502 10
22.4566 10
22.4631 11
22.4996 11
22.506 11
22.5125 11
22.5189 11
22.5252 11
22.5318 11
22.5381 11
22.5444 11
22.5507 11
22.557 11
22.5633 11
22.5929 12
22.5993 12
22.6057 12
22.6122 12
22.6185 12
22.6251 12
22.6314 12
22.6377 12
22.644 12
22.6503 12
22.6566 12
22.6858 12
22.6921 13
22.6985 13
22.7048 13
22.7112 13
22.7175 13
22.7238 13
22.7301 13
22.7365 13
22.7428 13
22.7491 13
22.7554 13
22.7794 13
22.7857 13
22.792 13
22.7983 14
22.8046 14
22.8109 14
22.8172 14
22.8235 14
22.8299 14
22.8362 14
22.8425 14
22.8488 14
22.8551 14
22.8736 14
22.88 14
22.8863 14
22.8929 14
22.8993 14
22.9056 15
22.9119 15
22.9182 15
22.9245 15
22.9308 15
22.9371 15
22.9436 15
22.9499 15
22.9562 15
22.9682 15
22.9745 15
22.9808 15
22.9871 15
22.9934 15
22.9997 15
23.006 16
23.0123 16
23.0186 16
23.0249 16
23.0312 16
23.0375 16
23.0438 16
23.0501 16
23.0564 16
23.0627 16
23.0693 16
23.0762 16
23.0828 16
23.0894 16
23.0961 16
23.1024 16
23.1087 16
23.115 17
23.1213 17
23.1276 17
23.1339 17
23.1403 17
23.1466 17
23.1529 17
23.1592 17
23.1655 17
23.1718 17
23.1781 17
23.1844 17
23.1907 17
23.197 17
23.2033 17
23.2096 17
23.2159 17
23.2222 18
23.2285 18
23.2348 18
23.2411 18
23.2474 18
23.2537 18
23.26 18
23.2665 18
23.2728 18
23.2791 18
23.2854 18
23.2917 18
23.298 18
23.3044 18
23.311 18
23.3175 18
23.3241 18
23.3306 18
23.3374 18
23.3446 19
23.3514 19
23.3579 19
23.3645 19
23.3711 19
23.3774 19
23.3837 19
23.39 19
23.3963 19
23.4026 19
23.4089 19
23.4152 19
23.4215 19
23.4278 19
23.4341 19
23.4404 19
23.4467 19
23.453 19
23.4593 19
23.4657 20
23.472 20
23.4783 20
23.4846 20
23.4909 20
23.4972 20
23.5035 20
23.5098 20
23.5161 20
23.5224 20
23.5287 20
23.5351 20
23.5414 20
23.5477 20
23.554 20
23.5603 20
23.5666 20
23.5729 20
23.5792 20
23.5855 20
23.5918 20
23.5982 21
23.6045 21
23.6108 21
23.6171 21
23.6234 21
23.6297 21
23.636 21
23.6423 21
23.6486 21
23.6549 21
23.6612 21
23.6675 21
23.6738 21
23.6801 21
23.6864 21
23.6927 21
23.699 21
23.7053 21
23.7116 21
23.7179 21
23.7242 21
23.7305 21
23.7368 22
23.7431 22
23.7494 22
23.7558 22
23.7621 22
23.7684 22
23.7747 22
23.781 22
23.7873 22
23.7936 22
23.7999 22
23.8062 22
23.8125 22
23.8188 22
23.8251 22
23.8314 22
23.8377 22
23.844 22
23.8503 22
23.8566 22
23.8629 22
23.8692 22
23.8755 23
23.8818 23
23.8881 23
23.8944 23
23.9007 23
23.907 23
23.9134 23
23.9197 23
23.926 23
23.9323 23
23.9386 23
23.9449 23
23.9512 23
23.9575 23
23.9638 23
23.9701 23
23.9764 23
23.9827 23
23.989 23
23.9953 23
24.0016 23
24.0079 23
24.0142 23
24.0205 23
24.0268 24
24.0331 24
24.0394 24
24.0457 24
24.052 24
24.0583 24
24.0646 24
24.071 24
24.0773 24
24.0836 24
24.0899 24
24.0962 24
24.1025 24
24.1088 24
24.1151 24
24.1214 24
24.1277 24
24.134 24
24.1403 24
24.1466 24
24.1529 24
24.1592 24
24.1655 24
24.1718 24
24.1781 24
24.1844 25
24.1907 25
24.197 25
24.2033 25
24.2096 25
24.2159 25
24.2222 25
24.2286 25
24.2349 25
24.2412 25
24.2475 25
24.2538 25
24.2601 25
24.2664 25
24.2727 25
24.279 25
24.2853 25
24.2916 25
24.2979 25
24.3042 25
24.3105 25
24.3168 25
24.3231 25
24.3294 25
24.3357 25
24.342 26
24.3483 26
24.3546 26
24.3609 26
24.3672 26
24.3735 26
24.3798 26
24.3862 26
24.3925 26
24.3988 26
24.4051 26
24.4114 26
24.4177 26
24.424 26
24.4303 26
24.4366 26
24.4429 26
24.4492 26
24.4555 26
24.4618 26
24.4681 26
24.4744 26
24.4807 26
24.487 26
24.4933 26
24.4996 26
24.5059 26
24.5122 27
24.5185 27
24.5248 27
24.5311 27
24.5374 27
24.5438 27
24.5501 27
24.5564 27
24.5627 27
24.569 27
24.5753 27
24.5816 27
24.5879 27
24.5942 27
24.6005 27
24.6068 27
24.6131 27
24.6194 27
24.6257 27
24.632 27
24.6383 27
24.6446 27
24.6509 27
24.6572 27
24.6635 27
24.6698 27
24.6761 27
24.6824 27
24.6887 28
24.695 28
24.7014 28
24.7077 28
24.714 28
24.7203 28
24.7266 28
24.7329 28
24.7392 28
24.7455 28
24.7518 28
24.7581 28
24.7644 28
24.7707 28
24.777 28
24.7833 28
24.7896 28
24.7959 28
24.8022 28
24.8085 28
24.8148 28
24.8211 28
24.8274 28
24.8337 28
24.84 28
24.8463 28
24.8526 28
24.859 28
24.8653 28
24.8716 29
24.8779 29
24.8842 29
24.8905 29
24.8968 29
24.9031 29
24.9094 29
24.9157 29
24.922 29
24.9283 29
24.9346 29
24.9409 29
24.9472 29
24.9535 29
24.9598 29
24.9661 29
24.9724 29
24.9787 29
24.985 29
24.9913 29
24.9976 29
