10 1.54584
10.05 2.73152
10.1 2.23488
10.15 2.23488
10.2 2.23488
10.25 2.23488
10.3 2.73152
10.35 3.47648
10.4 2.23488
10.45 2.73152
10.5 2.23488
10.55 2.23488
10.6 2.23488
10.65 2.23488
10.7 3.22816
10.75 2.97984
10.8 1.98656
10.85 1.98656
10.9 1.73824
10.95 1.73824
11 2.4832
11.05 2.73152
11.1 1.98656
11.15 1.98656
11.2 1.98656
11.25 1.98656
11.3 1.98656
11.35 2.73152
11.4 3.22816
11.45 1.98656
11.5 2.23488
11.55 2.23488
11.6 2.23488
11.65 1.98656
11.7 1.98656
11.75 2.4832
11.8 2.23488
11.85 1.73824
11.9 1.73824
11.95 1.98656
12 1.98656
12.05 1.98656
12.1 2.73152
12.15 2.97984
12.2 2.23488
12.25 1.73824
12.3 1.73824
12.35 1.73824
12.4 1.73824
12.45 1.73824
12.5 2.97984
12.55 2.97984
12.6 1.98656
12.65 1.98656
12.7 1.98656
12.75 1.98656
12.8 1.98656
12.85 2.23488
12.9 3.22816
12.95 2.97984
13 2.23488
13.05 2.23488
13.1 2.23488
13.15 2.23488
13.2 2.23488
13.25 2.97984
13.3 3.47648
13.35 2.4832
13.4 2.23488
13.45 2.23488
13.5 2.23488
13.55 2.23488
13.6 2.23488
13.65 3.22816
13.7 2.97984
13.75 2.73152
13.8 2.23488
13.85 2.23488
13.9 2.23488
13.95 2.23488
14 2.4832
14.05 2.97984
14.1 3.22816
14.15 2.4832
14.2 2.23488
14.25 2.23488
14.3 2.23488
14.35 2.4832
14.4 2.73152
14.45 3.22816
14.5 2.73152
14.55 2.23488
14.6 2.23488
14.65 2.23488
14.7 2.23488
14.75 2.4832
14.8 3.47648
14.85 2.97984
14.9 2.23488
14.95 2.23488
15 2.23488
15.05 2.23488
15.1 2.4832
15.15 2.4832
15.2 2.4832
15.25 1.98656
15.3 1.73824
15.35 1.73824
15.4 1.73824
15.45 1.73824
15.5 2.4832
15.55 2.4832
15.6 2.73152
15.65 2.23488
15.7 1.98656
15.75 1.98656
15.8 1.98656
15.85 2.23488
15.9 2.97984
15.95 2.73152
16 2.73152
16.05 2.73152
16.1 2.23488
16.15 2.23488
16.2 2.23488
16.25 2.23488
16.3 2.97984
16.35 2.73152
16.4 2.73152
16.45 2.73152
16.5 2.23488
16.55 2.23488
16.6 2.23488
16.65 2.23488
16.7 2.97984
16.75 2.97984
16.8 2.73152
16.85 2.4832
16.9 2.23488
16.95 2.23488
17 2.23488
17.05 2.23488
17.1 2.97984
17.15 2.73152
17.2 3.22816
17.25 2.73152
17.3 2.4832
17.35 2.4832
17.4 2.4832
17.45 3.22816
17.5 3.22816
17.55 2.97984
17.6 2.97984
17.65 2.4832
17.7 2.4832
17.75 2.4832
17.8 2.73152
17.85 2.97984
17.9 3.22816
17.95 2.97984
18 2.97984
18.05 2.4832
18.1 2.4832
18.15 1.98656
18.2 1.98656
18.25 2.73152
18.3 2.23488
18.35 2.23488
18.4 1.98656
18.45 1.98656
18.5 2.23488
18.55 3.22816
18.6 2.73152
18.65 2.73152
18.7 2.4832
18.75 2.23488
18.8 1.98656
18.85 1.73824
18.9 1.98656
18.95 1.98656
19 2.4832
19.05 1.48992
19.1 1.48992
19.15 1.48992
19.2 1.73824
19.25 2.73152
19.3 1.48992
19.35 1.48992
19.4 1.48992
19.45 1.48992
19.5 1.48992
19.55 1.98656
19.6 1.98656
19.65 1.98656
19.7 1.48992
19.75 1.48992
19.8 1.48992
19.85 1.48992
19.9 2.4832
19.95 1.98656
