175.103 112
175.238 113
175.373 114
175.514 115
175.763 116
175.832 81
176.042 82
176.108 83
176.181 84
176.257 85
176.337 86
176.421 87
176.517 88
176.64 89
176.766 90
176.902 91
177.034 92
177.168 93
177.304 94
177.442 95
177.532 66
177.835 67
177.911 68
177.995 69
178.106 70
178.232 71
178.363 72
178.496 73
178.633 74
178.771 75
178.892 52
179.059 53
179.161 54
179.269 55
179.359 56
179.499 57
179.618 58
179.753 59
179.927 60
180.124 61
180.387 62
180.716 63
180.982 44
181.108 45
181.18 46
181.236 47
181.305 48
181.403 49
181.455 50
181.534 51
181.636 52
181.707 53
181.803 54
181.902 55
182.012 56
182.141 57
182.271 58
182.404 59
182.571 60
182.768 61
182.97 42
183.144 43
183.25 44
183.372 45
183.497 46
183.642 47
183.815 48
184.015 49
184.253 50
184.606 51
184.981 35
185.194 36
185.275 37
185.378 38
185.419 39
185.503 40
185.602 41
185.718 42
185.787 43
185.896 44
186.014 45
186.143 46
186.289 47
186.493 48
186.663 49
186.914 50
186.993 35
187.123 36
187.25 37
187.396 38
187.561 39
187.758 40
188.017 41
188.359 42
189.082 29
189.218 30
189.3 31
189.388 32
189.506 33
189.583 34
189.691 35
189.809 36
189.946 37
190.087 38
190.251 39
190.451 40
190.698 41
191.054 42
192.687 29
192.831 30
192.913 31
193.001 32
193.105 33
193.226 34
193.304 35
193.43 36
193.552 37
193.698 38
193.872 39
194.062 40
194.31 41
194.663 42
197.377 43
197.728 44
197.807 30
197.939 31
198.015 32
198.099 33
198.222 34
198.282 35
198.384 36
198.492 37
198.615 38
198.753 39
198.896 40
198.919 28
199.062 29
199.206 30
199.395 31
199.567 32
199.815 33
