175.227 8
175.234 8
175.24 8
175.246 8
175.253 8
175.303 8
175.311 8
175.317 8
175.323 9
175.33 9
175.336 9
175.343 9
175.349 9
175.399 9
175.407 9
175.414 9
175.42 9
175.427 10
175.433 10
175.441 10
175.448 10
175.456 10
175.504 10
175.513 10
175.52 10
175.527 10
175.534 10
175.541 10
175.549 11
175.555 11
175.562 11
175.569 11
175.617 11
175.628 11
175.635 11
175.643 11
175.651 11
175.657 11
175.667 11
175.673 12
175.681 12
175.687 12
175.694 12
175.74 12
175.753 12
175.76 12
175.768 12
175.776 12
175.782 12
175.793 12
175.799 12
175.807 12
175.813 13
175.82 13
175.828 13
175.874 13
175.887 13
175.894 13
175.902 13
175.911 13
175.917 13
175.93 13
175.937 13
175.944 13
175.951 13
175.958 14
175.965 14
175.971 14
176.015 14
176.03 14
176.037 14
176.046 14
176.055 14
176.062 14
176.075 14
176.083 14
176.091 14
176.099 14
176.106 14
176.113 14
176.12 15
176.127 15
176.167 15
176.184 15
176.191 15
176.199 15
176.209 15
176.217 15
176.23 15
176.238 15
176.247 15
176.257 15
176.264 15
176.271 15
176.279 15
176.286 15
176.292 16
176.33 16
176.347 16
176.354 16
176.363 16
176.374 16
176.381 16
176.396 16
176.404 16
176.413 16
176.424 16
176.431 16
176.44 16
176.447 16
176.454 16
176.461 16
176.468 17
176.5 17
176.519 17
176.528 17
176.538 17
176.548 17
176.555 17
176.572 17
176.579 17
176.59 17
176.601 17
176.609 17
176.618 17
176.625 17
176.634 17
176.641 17
176.647 17
176.654 17
176.68 18
176.7 18
176.711 18
176.72 18
176.732 18
176.739 18
176.757 18
176.765 18
176.775 18
176.787 18
176.797 18
176.806 18
176.814 18
176.823 18
176.832 18
176.838 18
176.844 18
176.87 18
176.876 19
176.89 19
176.901 19
176.91 19
176.923 19
176.929 19
176.947 19
176.955 19
176.966 19
176.978 19
176.988 19
176.998 19
177.006 19
177.015 19
177.024 19
177.03 19
177.037 19
177.061 19
177.067 19
177.073 19
177.08 20
177.088 20
177.095 20
177.105 20
177.111 20
177.12 20
177.126 20
177.133 20
177.139 20
177.145 20
177.152 20
177.158 20
177.164 20
177.171 20
177.177 20
177.183 20
177.193 20
177.199 20
177.205 20
177.212 20
177.218 21
177.224 21
177.231 21
177.237 21
177.243 21
177.249 21
177.256 21
177.262 21
177.268 21
177.275 21
177.281 21
177.287 21
177.294 21
177.3 21
177.306 21
177.313 21
177.319 21
177.325 21
177.331 21
177.338 21
177.344 21
177.35 21
177.357 22
177.363 22
177.369 22
177.376 22
177.382 22
177.388 22
177.394 22
177.401 22
177.407 22
177.413 22
177.42 22
177.426 22
177.432 22
177.439 22
177.445 22
177.451 22
177.458 22
177.464 22
177.47 22
177.476 22
177.483 22
177.489 22
177.495 22
177.502 23
177.508 23
177.514 23
177.521 23
177.527 23
177.533 23
177.539 23
177.546 23
177.552 23
177.558 23
177.565 23
177.571 23
177.577 23
177.584 23
177.59 23
177.596 23
177.603 23
177.609 23
177.616 23
177.623 23
177.63 23
177.637 23
177.644 23
177.652 24
177.659 24
177.666 24
177.673 24
177.68 24
177.686 24
177.692 24
177.699 24
177.705 24
177.711 24
177.718 24
177.725 24
177.732 24
177.74 24
177.747 24
177.753 24
177.76 24
177.767 24
177.774 24
177.781 24
177.789 24
177.796 24
177.802 24
177.809 24
177.816 24
177.823 25
177.829 25
177.836 25
177.842 25
177.849 25
177.856 25
177.863 25
177.87 25
177.877 25
177.884 25
177.891 25
177.898 25
177.904 25
177.911 25
177.918 25
177.924 25
177.93 25
177.938 25
177.944 25
177.951 25
177.958 25
177.965 25
177.973 25
177.98 25
177.986 25
177.993 25
178 26
178.007 26
178.014 26
178.02 26
178.027 26
178.034 26
178.04 26
178.047 26
178.053 26
178.06 26
178.067 26
178.073 26
178.08 26
178.088 26
178.094 26
178.102 26
178.108 26
178.115 26
178.121 26
178.128 26
178.135 26
178.141 26
178.149 26
178.155 26
178.162 26
178.168 26
178.175 27
178.181 27
178.188 27
178.195 27
178.202 27
178.209 27
178.216 27
178.223 27
178.23 27
178.237 27
178.243 27
178.249 27
178.256 27
178.263 27
178.269 27
178.276 27
178.283 27
178.289 27
178.296 27
178.303 27
178.311 27
178.319 27
178.328 27
178.334 27
178.342 27
178.349 27
178.355 27
178.362 27
178.368 28
178.375 28
178.382 28
178.389 28
178.396 28
178.402 28
178.409 28
178.415 28
178.421 28
178.428 28
178.434 28
178.441 28
178.447 28
178.454 28
178.461 28
178.469 28
178.476 28
178.482 28
178.49 28
178.499 28
178.508 28
178.516 28
178.522 28
178.529 28
178.536 28
178.544 28
178.551 28
178.558 28
178.565 28
178.571 29
178.579 29
178.585 29
178.591 29
178.598 29
178.605 29
178.612 29
178.618 29
178.625 29
178.632 29
178.638 29
178.644 29
178.651 29
178.657 29
178.663 29
178.671 29
178.678 29
178.686 29
178.694 29
178.704 29
178.713 29
178.72 29
178.728 29
178.735 29
178.742 29
178.751 29
178.757 29
178.764 29
178.772 29
178.778 29
178.785 30
178.792 30
178.798 30
178.805 30
178.811 30
178.818 30
178.824 30
178.83 30
178.837 30
178.843 30
178.849 30
178.856 30
178.862 30
178.868 30
178.875 30
178.881 30
178.888 30
178.896 30
178.906 30
178.914 30
178.921 30
178.93 30
178.938 30
178.945 30
178.953 30
178.981 14
179.164 14
179.209 14
179.215 14
179.221 14
179.228 14
179.234 14
179.24 14
179.246 14
179.253 14
179.259 14
179.265 14
179.272 14
179.278 14
179.284 14
179.291 15
179.323 15
179.33 15
179.336 15
179.342 15
179.349 15
179.356 15
179.362 15
179.369 15
179.376 15
179.383 15
179.39 15
179.397 15
179.404 15
179.411 15
179.417 15
179.443 16
179.45 16
179.456 16
179.463 16
179.47 16
179.478 16
179.485 16
179.494 16
179.5 16
179.508 16
179.515 16
179.523 16
179.531 16
179.539 16
179.546 16
179.572 16
179.579 17
179.586 17
179.593 17
179.6 17
179.608 17
179.615 17
179.622 17
179.629 17
179.637 17
179.645 17
179.653 17
179.661 17
179.67 17
179.678 17
179.686 17
179.713 17
179.72 17
179.727 17
179.733 18
179.74 18
179.747 18
179.755 18
179.762 18
179.768 18
179.776 18
179.785 18
179.793 18
179.802 18
179.811 18
179.821 18
179.829 18
179.839 18
179.866 18
179.874 18
179.88 18
179.887 18
179.895 19
179.902 19
179.909 19
179.915 19
179.922 19
179.929 19
179.935 19
179.943 19
179.952 19
179.961 19
179.972 19
179.981 19
179.991 19
180.002 19
180.033 19
180.041 19
180.048 19
180.054 19
180.061 19
180.069 19
180.076 20
180.082 20
180.089 20
180.095 20
180.102 20
180.108 20
180.115 20
180.123 20
180.133 20
180.146 20
180.155 20
180.166 20
180.177 20
180.208 20
180.217 20
180.224 20
180.231 20
180.239 20
180.246 20
180.254 20
180.261 21
180.268 21
180.274 21
180.281 21
180.287 21
180.294 21
180.301 21
180.308 21
180.315 21
180.33 21
180.34 21
180.352 21
180.362 21
180.395 21
180.406 21
180.412 21
180.419 21
180.427 21
180.434 21
180.442 21
180.449 21
180.456 21
180.462 22
180.469 22
180.475 22
180.482 22
180.49 22
180.496 22
180.503 22
180.51 22
180.523 22
180.534 22
180.546 22
180.559 22
180.593 22
180.604 22
180.611 22
180.618 22
180.626 22
180.634 22
180.642 22
180.648 22
180.655 22
180.662 22
180.669 22
180.676 23
180.682 23
180.689 23
180.695 23
180.701 23
180.708 23
180.714 23
180.725 23
180.738 23
180.75 23
180.763 23
180.798 23
180.81 23
180.817 23
180.824 23
180.832 23
180.84 23
180.847 23
180.854 23
180.861 23
180.868 23
180.876 23
180.882 23
180.889 24
180.895 24
180.901 24
180.908 24
180.914 24
180.92 24
180.927 24
180.933 24
180.944 24
180.956 24
180.968 24
181.001 24
181.012 24
181.019 24
181.025 24
181.032 24
181.039 24
181.045 24
181.051 24
181.058 24
181.064 24
181.07 24
181.077 24
181.083 24
181.089 24
181.095 25
181.102 25
181.108 25
181.114 25
181.121 25
181.127 25
181.133 25
181.14 25
181.146 25
181.152 25
181.158 25
181.165 25
181.171 25
181.177 25
181.184 25
181.19 25
181.196 25
181.203 25
181.209 25
181.215 25
181.222 25
181.228 25
181.234 25
181.24 25
181.247 25
181.253 25
181.259 26
181.266 26
181.272 26
181.278 26
181.285 26
181.291 26
181.297 26
181.303 26
181.31 26
181.316 26
181.322 26
181.329 26
181.335 26
181.341 26
181.348 26
181.354 26
181.36 26
181.367 26
181.373 26
181.379 26
181.385 26
181.392 26
181.398 26
181.404 26
181.411 26
181.417 26
181.423 26
181.43 27
181.436 27
181.442 27
181.448 27
181.455 27
181.461 27
181.467 27
181.474 27
181.48 27
181.486 27
181.493 27
181.499 27
181.505 27
181.512 27
181.518 27
181.524 27
181.53 27
181.537 27
181.543 27
181.549 27
181.556 27
181.562 27
181.568 27
181.575 27
181.581 27
181.587 27
181.593 27
181.6 28
181.606 28
181.612 28
181.619 28
181.625 28
181.631 28
181.638 28
181.644 28
181.65 28
181.657 28
181.663 28
181.669 28
181.675 28
181.682 28
181.688 28
181.694 28
181.701 28
181.707 28
181.713 28
181.72 28
181.726 28
181.732 28
181.738 28
181.745 28
181.751 28
181.757 28
181.764 28
181.77 28
181.776 28
181.783 29
181.789 29
181.795 29
181.802 29
181.808 29
181.814 29
181.82 29
181.827 29
181.833 29
181.839 29
181.846 29
181.852 29
181.858 29
181.865 29
181.871 29
181.877 29
181.883 29
181.89 29
181.896 29
181.902 29
181.909 29
181.915 29
181.921 29
181.928 29
181.934 29
181.94 29
181.946 29
181.953 29
181.96 29
181.966 29
181.973 30
181.98 30
181.987 30
181.994 30
182 30
182.007 30
182.013 30
182.02 30
182.027 30
182.034 30
182.041 30
182.048 30
182.055 30
182.061 30
182.068 30
182.075 30
182.082 30
182.089 30
182.095 30
182.102 30
182.108 30
182.116 30
182.123 30
182.129 30
182.136 30
182.142 30
182.149 30
182.156 30
182.163 30
182.169 30
182.175 30
182.182 31
182.189 31
182.196 31
182.202 31
182.209 31
182.215 31
182.222 31
182.229 31
182.236 31
182.243 31
182.249 31
182.256 31
182.262 31
182.269 31
182.276 31
182.283 31
182.29 31
182.297 31
182.303 31
182.31 31
182.316 31
182.323 31
182.33 31
182.337 31
182.343 31
182.35 31
182.357 31
182.364 31
182.371 31
182.378 31
182.384 31
182.391 32
182.397 32
182.403 32
182.41 32
182.417 32
182.424 32
182.43 32
182.437 32
182.443 32
182.449 32
182.456 32
182.462 32
182.469 32
182.475 32
182.481 32
182.489 32
182.496 32
182.502 32
182.509 32
182.516 32
182.522 32
182.529 32
182.536 32
182.544 32
182.551 32
182.558 32
182.564 32
182.57 32
182.577 32
182.583 32
182.59 32
182.597 32
182.604 32
182.61 33
182.618 33
182.624 33
182.631 33
182.638 33
182.644 33
182.65 33
182.657 33
182.663 33
182.669 33
182.676 33
182.682 33
182.689 33
182.695 33
182.702 33
182.708 33
182.714 33
182.721 33
182.727 33
182.734 33
182.741 33
182.748 33
182.754 33
182.761 33
182.767 33
182.774 33
182.781 33
182.788 33
182.795 33
182.802 33
182.808 33
182.815 33
182.86 14
183.367 14
183.374 14
183.382 14
183.389 14
183.396 14
183.404 14
183.412 14
183.429 14
183.436 14
183.442 14
183.449 14
183.458 14
183.466 14
183.473 14
183.481 15
183.488 15
183.496 15
183.503 15
183.512 15
183.52 15
183.529 15
183.547 15
183.555 15
183.563 15
183.57 15
183.581 15
183.59 15
183.598 15
183.606 15
183.613 15
183.62 16
183.626 16
183.632 16
183.639 16
183.648 16
183.657 16
183.674 16
183.684 16
183.694 16
183.701 16
183.712 16
183.722 16
183.731 16
183.74 16
183.747 16
183.754 16
183.762 17
183.769 17
183.776 17
183.782 17
183.79 17
183.797 17
183.814 17
183.826 17
183.836 17
183.844 17
183.855 17
183.866 17
183.874 17
183.884 17
183.891 17
183.898 17
183.906 17
183.913 17
183.919 18
183.925 18
183.932 18
183.938 18
183.946 18
183.962 18
183.976 18
183.986 18
183.995 18
184.007 18
184.018 18
184.026 18
184.036 18
184.043 18
184.051 18
184.058 18
184.065 18
184.071 18
184.077 19
184.084 19
184.09 19
184.096 19
184.103 19
184.115 19
184.129 19
184.14 19
184.149 19
184.161 19
184.174 19
184.181 19
184.193 19
184.201 19
184.209 19
184.217 19
184.224 19
184.232 19
184.238 19
184.244 19
184.251 20
184.257 20
184.264 20
184.271 20
184.278 20
184.292 20
184.304 20
184.314 20
184.326 20
184.339 20
184.346 20
184.358 20
184.367 20
184.374 20
184.383 20
184.391 20
184.399 20
184.407 20
184.413 20
184.42 20
184.427 21
184.434 21
184.441 21
184.448 21
184.455 21
184.465 21
184.479 21
184.49 21
184.503 21
184.516 21
184.523 21
184.535 21
184.544 21
184.552 21
184.561 21
184.569 21
184.576 21
184.584 21
184.591 21
184.599 21
184.606 21
184.612 21
184.619 22
184.625 22
184.631 22
184.639 22
184.646 22
184.661 22
184.673 22
184.688 22
184.702 22
184.71 22
184.723 22
184.731 22
184.739 22
184.75 22
184.757 22
184.766 22
184.773 22
184.78 22
184.788 22
184.796 22
184.802 22
184.809 22
184.815 22
184.821 23
184.828 23
184.834 23
184.84 23
184.851 23
184.862 23
184.878 23
184.892 23
184.9 23
184.912 23
184.948 10
185.11 10
185.164 10
185.17 10
185.177 10
185.186 10
185.193 11
185.199 11
185.205 11
185.212 11
185.218 11
185.224 11
185.266 11
185.274 11
185.281 11
185.291 11
185.299 11
185.305 12
185.311 12
185.318 12
185.324 12
185.33 12
185.337 12
185.37 12
185.379 12
185.387 12
185.399 12
185.406 12
185.413 12
185.419 12
185.426 13
185.432 13
185.439 13
185.445 13
185.452 13
185.482 13
185.494 13
185.503 13
185.517 13
185.525 13
185.532 13
185.539 13
185.546 13
185.552 14
185.559 14
185.565 14
185.572 14
185.578 14
185.604 14
185.616 14
185.627 14
185.642 14
185.651 14
185.659 14
185.667 14
185.675 14
185.683 14
185.69 14
185.698 15
185.704 15
185.711 15
185.718 15
185.74 15
185.751 15
185.762 15
185.778 15
185.788 15
185.796 15
185.805 15
185.814 15
185.822 15
185.83 15
185.839 15
185.846 16
185.853 16
185.859 16
185.866 16
185.885 16
185.896 16
185.908 16
185.926 16
185.935 16
185.945 16
185.955 16
185.964 16
185.973 16
185.981 16
185.992 16
185.999 16
186.006 16
186.012 17
186.018 17
186.026 17
186.039 17
186.05 17
186.063 17
186.082 17
186.093 17
186.104 17
186.115 17
186.125 17
186.135 17
186.144 17
186.156 17
186.163 17
186.169 17
186.176 17
186.183 17
186.189 18
186.196 18
186.204 18
186.215 18
186.229 18
186.248 18
186.26 18
186.271 18
186.284 18
186.294 18
186.305 18
186.315 18
186.329 18
186.336 18
186.344 18
186.351 18
186.358 18
186.365 18
186.371 19
186.378 19
186.384 19
186.392 19
186.406 19
186.427 19
186.438 19
186.45 19
186.463 19
186.475 19
186.485 19
186.496 19
186.51 19
186.518 19
186.527 19
186.535 19
186.542 19
186.55 19
186.556 19
186.563 19
186.569 20
186.576 20
186.583 20
186.595 20
186.616 20
186.628 20
186.641 20
186.655 20
186.666 20
186.676 20
186.688 20
186.703 20
186.711 20
186.72 20
186.729 20
186.736 20
186.744 20
186.751 20
186.757 20
186.763 20
186.77 21
186.776 21
186.783 21
186.791 21
186.813 21
186.864 9
187.126 9
187.133 9
187.139 9
187.145 9
187.156 10
187.165 10
187.172 10
187.218 10
187.224 10
187.231 10
187.237 10
187.243 10
187.25 10
187.26 10
187.267 10
187.274 11
187.28 11
187.32 11
187.327 11
187.334 11
187.341 11
187.347 11
187.354 11
187.366 11
187.374 11
187.382 11
187.39 12
187.397 12
187.432 12
187.44 12
187.449 12
187.456 12
187.463 12
187.469 12
187.483 12
187.492 12
187.502 12
187.511 12
187.518 12
187.524 13
187.554 13
187.563 13
187.574 13
187.582 13
187.589 13
187.596 13
187.611 13
187.622 13
187.632 13
187.643 13
187.65 13
187.657 13
187.664 14
187.69 14
187.699 14
187.711 14
187.719 14
187.726 14
187.732 14
187.749 14
187.76 14
187.772 14
187.785 14
187.792 14
187.799 14
187.807 14
187.815 14
187.837 15
187.846 15
187.86 15
187.868 15
187.875 15
187.881 15
187.899 15
187.911 15
187.924 15
187.938 15
187.946 15
187.953 15
187.961 15
187.969 15
187.993 15
188 16
188.007 16
188.017 16
188.027 16
188.034 16
188.041 16
188.06 16
188.072 16
188.087 16
188.102 16
188.111 16
188.118 16
188.126 16
188.135 16
188.159 16
188.167 16
188.173 16
188.18 17
188.187 17
188.196 17
188.203 17
188.211 17
188.23 17
188.243 17
188.258 17
188.277 17
188.285 17
188.293 17
188.303 17
188.313 17
188.337 17
188.345 17
188.351 17
188.359 17
188.365 17
188.372 18
188.378 18
188.384 18
188.391 18
188.412 18
188.425 18
188.44 18
188.46 18
188.469 18
188.476 18
188.488 18
188.498 18
188.524 18
188.532 18
188.539 18
188.547 18
188.554 18
188.561 18
188.568 19
188.574 19
188.58 19
188.587 19
188.604 19
188.617 19
188.632 19
188.653 19
188.662 19
188.67 19
188.682 19
188.691 19
188.72 19
188.729 19
188.735 19
188.743 19
188.75 19
188.757 19
188.764 19
188.77 19
188.777 20
188.783 20
188.79 20
188.8 20
188.814 20
188.83 20
188.85 20
188.86 20
188.868 20
188.879 20
188.889 20
188.918 20
188.927 20
188.933 20
188.941 20
188.948 20
188.954 20
188.961 20
188.968 20
188.974 20
188.98 21
188.986 21
188.993 21
188.999 21
189.005 21
189.013 21
189.025 21
189.031 21
189.038 21
189.044 21
189.05 21
189.062 21
189.068 21
189.074 21
189.081 21
189.087 21
189.093 21
189.099 21
189.106 21
189.112 21
189.118 21
189.125 21
189.131 22
189.137 22
189.144 22
189.15 22
189.156 22
189.162 22
189.169 22
189.175 22
189.181 22
189.188 22
189.194 22
189.2 22
189.207 22
189.213 22
189.219 22
189.226 22
189.232 22
189.238 22
189.244 22
189.251 22
189.257 22
189.263 22
189.27 22
189.276 23
189.282 23
189.289 23
189.295 23
189.301 23
189.307 23
189.314 23
189.32 23
189.326 23
189.333 23
189.339 23
189.345 23
189.352 23
189.358 23
189.364 23
189.371 23
189.377 23
189.383 23
189.389 23
189.396 23
189.402 23
189.408 23
189.415 23
189.421 24
189.427 24
189.434 24
189.44 24
189.446 24
189.452 24
189.459 24
189.465 24
189.471 24
189.478 24
189.484 24
189.49 24
189.497 24
189.503 24
189.509 24
189.516 24
189.522 24
189.528 24
189.534 24
189.541 24
189.547 24
189.553 24
189.56 24
189.566 24
189.572 24
189.579 25
189.585 25
189.591 25
189.597 25
189.604 25
189.61 25
189.618 25
189.625 25
189.632 25
189.638 25
189.645 25
189.651 25
189.658 25
189.664 25
189.671 25
189.678 25
189.686 25
189.693 25
189.7 25
189.707 25
189.713 25
189.72 25
189.727 25
189.733 25
189.739 25
189.746 25
189.753 26
189.76 26
189.767 26
189.775 26
189.782 26
189.788 26
189.794 26
189.801 26
189.808 26
189.815 26
189.823 26
189.829 26
189.837 26
189.844 26
189.851 26
189.858 26
189.864 26
189.87 26
189.877 26
189.884 26
189.891 26
189.897 26
189.904 26
189.911 26
189.918 26
189.925 26
189.932 27
189.938 27
189.945 27
189.952 27
189.958 27
189.965 27
189.972 27
189.978 27
189.985 27
189.993 27
189.999 27
190.005 27
190.012 27
190.019 27
190.026 27
190.033 27
190.039 27
190.046 27
190.053 27
190.06 27
190.066 27
190.074 27
190.08 27
190.087 27
190.094 27
190.1 27
190.107 27
190.114 27
190.121 28
190.127 28
190.134 28
190.141 28
190.147 28
190.154 28
190.16 28
190.167 28
190.174 28
190.181 28
190.188 28
190.195 28
190.202 28
190.208 28
190.215 28
190.222 28
190.228 28
190.235 28
190.241 28
190.248 28
190.254 28
190.26 28
190.267 28
190.273 28
190.28 28
190.287 28
190.294 28
190.3 28
190.307 28
190.314 29
190.321 29
190.328 29
190.334 29
190.341 29
190.348 29
190.355 29
190.362 29
190.369 29
190.376 29
190.382 29
190.389 29
190.395 29
190.402 29
190.409 29
190.415 29
190.422 29
190.429 29
190.436 29
190.442 29
190.449 29
190.455 29
190.462 29
190.468 29
190.475 29
190.483 29
190.489 29
190.496 29
190.503 29
190.51 29
190.516 30
190.522 30
190.529 30
190.537 30
190.543 30
190.55 30
190.557 30
190.564 30
190.571 30
190.578 30
190.585 30
190.592 30
190.598 30
190.605 30
190.612 30
190.619 30
190.626 30
190.634 30
190.64 30
190.647 30
190.653 30
190.66 30
190.666 30
190.673 30
190.681 30
190.69 30
190.696 30
190.703 30
190.71 30
190.717 30
190.723 30
190.73 31
190.736 31
190.743 31
190.749 31
190.756 31
190.762 31
190.768 31
190.775 31
190.781 31
190.787 31
190.794 31
190.8 31
190.807 31
190.814 31
190.821 31
190.828 31
190.836 31
190.862 14
191.059 14
191.095 14
191.102 14
191.108 14
191.114 14
191.121 14
191.127 14
191.133 15
191.139 15
191.146 15
191.152 15
191.158 15
191.165 15
191.171 15
191.177 15
191.189 15
191.196 15
191.204 15
191.211 15
191.217 15
191.223 15
191.23 15
191.236 16
191.242 16
191.249 16
191.255 16
191.261 16
191.268 16
191.274 16
191.281 16
191.288 16
191.295 16
191.304 16
191.312 16
191.319 16
191.326 16
191.333 16
191.339 16
191.346 16
191.352 17
191.358 17
191.365 17
191.373 17
191.382 17
191.389 17
191.397 17
191.404 17
191.411 17
191.419 17
191.426 17
191.433 17
191.44 17
191.447 17
191.455 17
191.461 17
191.467 17
191.474 17
191.48 18
191.487 18
191.494 18
191.5 18
191.507 18
191.515 18
191.523 18
191.531 18
191.539 18
191.547 18
191.555 18
191.564 18
191.572 18
191.581 18
191.587 18
191.594 18
191.601 18
191.608 18
191.615 19
191.621 19
191.628 19
191.634 19
191.641 19
191.648 19
191.654 19
191.662 19
191.67 19
191.678 19
191.686 19
191.696 19
191.704 19
191.713 19
191.72 19
191.727 19
191.737 19
191.745 19
191.752 19
191.759 19
191.766 20
191.773 20
191.78 20
191.786 20
191.793 20
191.8 20
191.807 20
191.813 20
191.821 20
191.828 20
191.84 20
191.848 20
191.857 20
191.865 20
191.872 20
191.883 20
191.892 20
191.9 20
191.907 20
191.914 20
191.92 21
191.927 21
191.933 21
191.939 21
191.946 21
191.953 21
191.959 21
191.967 21
191.974 21
191.981 21
191.993 21
192.001 21
192.011 21
192.019 21
192.028 21
192.039 21
192.049 21
192.058 21
192.064 21
192.072 21
192.079 21
192.085 21
192.091 22
192.097 22
192.104 22
192.11 22
192.117 22
192.124 22
192.13 22
192.136 22
192.143 22
192.154 22
192.162 22
192.173 22
192.181 22
192.19 22
192.203 22
192.216 22
192.225 22
192.231 22
192.24 22
192.247 22
192.254 22
192.26 22
192.266 22
192.273 23
192.279 23
192.285 23
192.292 23
192.299 23
192.306 23
192.312 23
192.318 23
192.325 23
192.334 23
192.344 23
192.352 23
192.362 23
192.376 23
192.389 23
192.399 23
192.406 23
192.416 23
192.424 23
192.431 23
192.437 23
192.443 23
192.45 23
192.457 24
192.463 24
192.47 24
192.476 24
192.484 24
192.49 24
192.497 24
192.504 24
192.51 24
192.517 24
192.526 24
192.534 24
192.544 24
192.558 24
192.571 24
192.583 24
192.591 24
192.602 24
192.609 24
192.617 24
192.623 24
192.629 24
192.636 24
192.642 24
192.649 24
192.656 25
192.662 25
192.669 25
192.675 25
192.682 25
192.689 25
192.696 25
192.703 25
192.71 25
192.717 25
192.726 25
192.736 25
192.75 25
192.762 25
192.775 25
192.783 25
192.794 25
192.801 25
192.808 25
192.815 25
192.821 25
192.828 25
192.834 25
192.84 25
192.847 25
192.872 11
193.115 11
193.121 11
193.127 11
193.134 11
193.14 11
193.146 12
193.153 12
193.159 12
193.165 12
193.172 12
193.178 12
193.223 12
193.229 12
193.236 12
193.242 12
193.248 12
193.255 12
193.261 12
193.267 13
193.273 13
193.28 13
193.286 13
193.292 13
193.334 13
193.342 13
193.348 13
193.355 13
193.361 13
193.367 13
193.374 13
193.38 13
193.387 14
193.393 14
193.4 14
193.407 14
193.414 14
193.453 14
193.461 14
193.468 14
193.475 14
193.482 14
193.488 14
193.495 14
193.502 14
193.509 14
193.516 14
193.523 15
193.53 15
193.537 15
193.544 15
193.582 15
193.591 15
193.6 15
193.607 15
193.613 15
193.62 15
193.627 15
193.634 15
193.642 15
193.649 15
193.656 15
193.663 16
193.67 16
193.677 16
193.684 16
193.722 16
193.731 16
193.74 16
193.748 16
193.755 16
193.763 16
193.77 16
193.779 16
193.786 16
193.794 16
193.801 16
193.809 16
193.815 16
193.822 17
193.829 17
193.835 17
193.872 17
193.881 17
193.891 17
193.899 17
193.907 17
193.915 17
193.924 17
193.933 17
193.941 17
193.949 17
193.956 17
193.965 17
193.972 17
193.979 17
193.986 17
193.993 18
194.001 18
194.034 18
194.044 18
194.053 18
194.062 18
194.071 18
194.079 18
194.088 18
194.098 18
194.107 18
194.115 18
194.122 18
194.131 18
194.139 18
194.146 18
194.154 18
194.161 18
194.167 19
194.174 19
194.206 19
194.216 19
194.227 19
194.237 19
194.246 19
194.255 19
194.265 19
194.274 19
194.284 19
194.292 19
194.3 19
194.309 19
194.317 19
194.324 19
194.331 19
194.338 19
194.346 19
194.353 19
194.36 20
194.386 20
194.398 20
194.409 20
194.42 20
194.429 20
194.439 20
194.45 20
194.459 20
194.47 20
194.479 20
194.488 20
194.497 20
194.505 20
194.513 20
194.521 20
194.528 20
194.536 20
194.543 20
194.55 20
194.556 21
194.577 21
194.589 21
194.6 21
194.611 21
194.622 21
194.632 21
194.643 21
194.681 9
195.053 9
195.059 9
195.065 9
195.072 9
195.078 10
195.084 10
195.09 10
195.132 10
195.139 10
195.145 10
195.152 10
195.16 10
195.166 10
195.173 10
195.179 10
195.187 11
195.194 11
195.234 11
195.241 11
195.249 11
195.257 11
195.265 11
195.273 11
195.28 11
195.288 11
195.297 11
195.304 12
195.311 12
195.347 12
195.354 12
195.362 12
195.372 12
195.381 12
195.389 12
195.397 12
195.407 12
195.416 12
195.424 12
195.431 12
195.438 13
195.471 13
195.48 13
195.488 13
195.498 13
195.508 13
195.516 13
195.524 13
195.535 13
195.545 13
195.554 13
195.561 13
195.569 13
195.576 14
195.604 14
195.613 14
195.624 14
195.633 14
195.645 14
195.655 14
195.663 14
195.674 14
195.685 14
195.695 14
195.702 14
195.711 14
195.718 14
195.724 14
195.747 15
195.756 15
195.767 15
195.778 15
195.79 15
195.802 15
195.81 15
195.823 15
195.835 15
195.846 15
195.855 15
195.864 15
195.871 15
195.877 15
195.901 15
195.907 16
195.914 16
195.923 16
195.934 16
195.947 16
195.959 16
195.967 16
195.98 16
195.993 16
196.006 16
196.014 16
196.025 16
196.032 16
196.04 16
196.064 16
196.071 16
196.078 16
196.085 17
196.091 17
196.1 17
196.114 17
196.126 17
196.136 17
196.149 17
196.163 17
196.176 17
196.186 17
196.195 17
196.203 17
196.211 17
196.236 17
196.243 17
196.25 17
196.257 17
196.264 17
196.271 18
196.278 18
196.291 18
196.304 18
196.313 18
196.327 18
196.342 18
196.357 18
196.366 18
196.378 18
196.387 18
196.394 18
196.418 18
196.425 18
196.433 18
196.44 18
196.447 18
196.455 18
196.461 19
196.468 19
196.475 19
196.489 19
196.499 19
196.513 19
196.529 19
196.545 19
196.556 19
196.57 19
196.578 19
196.587 19
196.611 19
196.618 19
196.626 19
196.634 19
196.641 19
196.65 19
196.656 19
196.662 19
196.669 20
196.675 20
196.684 20
196.694 20
196.708 20
196.724 20
196.742 20
196.754 20
196.767 20
196.776 20
196.785 20
196.809 20
196.816 20
196.824 20
196.832 20
196.861 9
197.039 9
197.1 9
197.107 9
197.122 9
197.128 9
197.134 9
197.14 9
197.147 9
197.153 9
197.159 10
197.203 10
197.211 10
197.226 10
197.232 10
197.239 10
197.246 10
197.252 10
197.258 10
197.265 10
197.271 11
197.308 11
197.317 11
197.335 11
197.342 11
197.35 11
197.357 11
197.363 11
197.37 11
197.377 11
197.385 11
197.392 11
197.424 12
197.435 12
197.454 12
197.462 12
197.47 12
197.478 12
197.486 12
197.493 12
197.501 12
197.51 12
197.517 12
197.552 12
197.559 13
197.566 13
197.585 13
197.595 13
197.602 13
197.611 13
197.619 13
197.627 13
197.636 13
197.646 13
197.655 13
197.691 13
197.699 13
197.707 13
197.713 14
197.727 14
197.738 14
197.746 14
197.755 14
197.764 14
197.773 14
197.783 14
197.795 14
197.805 14
197.842 14
197.852 14
197.86 14
197.867 14
197.874 14
197.882 15
197.894 15
197.904 15
197.913 15
197.922 15
197.931 15
197.941 15
197.955 15
197.966 15
198.005 15
198.017 15
198.025 15
198.032 15
198.04 15
198.049 15
198.055 16
198.062 16
198.073 16
198.082 16
198.092 16
198.101 16
198.112 16
198.127 16
198.14 16
198.18 16
198.192 16
198.201 16
198.208 16
198.216 16
198.227 16
198.233 16
198.24 16
198.247 17
198.253 17
198.262 17
198.272 17
198.283 17
198.295 17
198.311 17
198.323 17
198.367 17
198.378 17
198.389 17
198.395 17
198.403 17
198.415 17
198.422 17
198.428 17
198.435 17
198.442 18
198.449 18
198.455 18
198.462 18
198.474 18
198.486 18
198.503 18
198.517 18
198.563 18
198.576 18
198.587 18
198.593 18
198.602 18
198.613 18
198.62 18
198.627 18
198.635 18
198.643 18
198.649 18
198.656 19
198.663 19
198.669 19
198.676 19
198.687 19
198.705 19
198.72 19
198.768 19
198.781 19
198.793 19
198.8 19
198.81 19
198.821 19
198.829 19
198.835 19
198.844 19
198.852 19
198.858 19
198.865 19
198.871 20
198.878 20
198.884 20
198.891 20
198.897 20
198.914 20
198.929 20
198.977 20
198.991 20
199.003 20
199.01 20
199.019 20
199.03 20
199.061 9
199.191 9
199.25 9
199.257 9
199.263 9
199.269 9
199.276 9
199.282 9
199.288 9
199.295 9
199.302 10
199.358 10
199.365 10
199.371 10
199.378 10
199.385 10
199.391 10
199.399 10
199.405 10
199.414 10
199.421 11
199.474 11
199.481 11
199.487 11
199.493 11
199.502 11
199.51 11
199.517 11
199.524 11
199.532 11
199.54 11
199.548 11
199.598 12
199.606 12
199.613 12
199.621 12
199.629 12
199.638 12
199.647 12
199.655 12
199.664 12
199.672 12
199.679 12
199.731 12
199.738 13
199.745 13
199.753 13
199.759 13
199.766 13
199.775 13
199.785 13
199.794 13
199.804 13
199.812 13
199.82 13
199.876 13
199.884 13
199.891 13
199.898 14
199.905 14
199.911 14
199.919 14
199.925 14
199.934 14
199.943 14
199.954 14
199.962 14
199.971 14
