175.6 7
175.687 4
175.699 5
175.937 6
176.192 4
176.204 5
176.338 3
176.352 4
176.595 5
176.835 3
176.847 4
177.193 5
177.617 3
177.629 4
177.69 5
178.526 3
178.537 4
178.694 5
179.27 3
179.282 4
179.627 5
179.64 3
179.652 4
179.739 2
179.769 3
179.77 4
179.985 2
179.997 3
180.341 4
180.856 5
180.941 3
180.953 4
181.3 5
181.804 3
181.816 4
181.962 5
182.568 3
182.612 4
182.747 2
182.757 3
182.79 4
183.894 2
183.905 3
183.909 4
184.889 5
184.987 3
184.999 4
185.346 5
186.188 6
186.71 4
186.722 5
187.066 6
187.483 7
188.598 4
188.61 5
188.613 6
189.133 4
189.145 5
189.386 6
189.435 4
189.447 5
189.645 3
189.657 4
190.53 5
191.03 3
191.042 4
191.389 5
191.425 3
191.437 4
191.627 5
192.26 3
192.271 4
192.62 5
192.893 6
193.498 4
193.511 5
193.855 6
194.183 7
195.364 4
195.377 5
195.383 6
195.492 4
195.504 5
195.738 3
195.749 4
195.918 5
196.364 3
196.375 4
196.718 5
196.744 3
196.756 4
196.79 2
196.825 3
196.827 4
196.851 2
196.862 3
197.208 4
197.86 2
197.871 3
197.881 4
199.003 5
199.197 3
199.213 4
199.556 5
199.581 3
199.593 4
199.94 5
199.957 3
199.969 4
