175.005 75
175.011 75
175.018 75
175.024 75
175.03 75
175.036 75
175.043 75
175.049 75
175.055 75
175.062 75
175.068 75
175.074 75
175.081 75
175.087 75
175.093 75
175.1 75
175.106 75
175.112 75
175.118 75
175.125 75
175.131 75
175.137 75
175.144 75
175.15 75
175.156 75
175.163 75
175.169 75
175.175 75
175.181 75
175.188 75
175.194 75
175.2 75
175.207 75
175.213 75
175.219 75
175.226 75
175.232 75
175.238 75
175.245 75
175.251 75
175.257 75
175.263 75
175.27 75
175.276 75
175.282 75
175.289 75
175.295 75
175.301 75
175.308 75
175.314 75
175.32 75
175.326 75
175.333 75
175.339 75
175.345 75
175.352 75
175.358 75
175.364 75
175.371 75
175.377 75
175.383 75
175.39 75
175.396 75
175.402 75
175.408 75
175.415 75
175.421 75
175.427 75
175.434 75
175.44 75
175.446 75
175.453 75
175.459 75
175.465 75
175.471 75
175.478 75
175.484 75
175.49 75
175.497 75
175.503 76
175.509 76
175.516 76
175.522 76
175.528 76
175.535 76
175.541 76
175.547 76
175.553 76
175.56 76
175.566 76
175.572 76
175.579 76
175.585 76
175.591 76
175.598 76
175.604 76
175.61 76
175.616 76
175.623 76
175.629 76
175.635 76
175.642 76
175.648 76
175.654 76
175.661 76
175.667 76
175.673 76
175.68 76
175.686 76
175.692 76
175.698 76
175.705 76
175.711 76
175.717 76
175.724 76
175.73 76
175.736 76
175.743 76
175.749 76
175.755 76
175.761 76
175.768 76
175.774 76
175.78 76
175.787 76
175.793 76
175.799 76
175.806 76
175.812 76
175.818 76
175.824 76
175.831 76
175.837 76
175.843 76
175.85 76
175.856 76
175.862 76
175.869 76
175.875 76
175.881 76
175.888 76
175.894 76
175.9 76
175.906 76
175.913 76
175.919 76
175.925 76
175.932 76
175.938 76
175.944 76
175.951 76
175.957 76
175.963 76
175.969 76
175.976 76
176.001 37
176.549 37
176.555 37
176.561 37
176.568 37
176.574 37
176.58 37
176.587 37
176.593 37
176.599 37
176.606 37
176.612 37
176.618 37
176.625 37
176.631 37
176.637 37
176.643 37
176.65 37
176.656 37
176.662 37
176.669 37
176.675 37
176.681 37
176.688 37
176.694 37
176.7 37
176.706 37
176.713 37
176.719 37
176.725 37
176.732 37
176.738 37
176.744 37
176.751 37
176.757 37
176.763 37
176.77 37
176.776 37
176.782 38
176.788 38
176.795 38
176.801 38
176.807 38
176.814 38
176.82 38
176.826 38
176.833 38
176.839 38
176.845 38
176.851 38
176.858 38
176.864 38
176.87 38
176.877 38
176.883 38
176.889 38
176.896 38
176.902 38
176.908 38
176.914 38
176.921 38
176.927 38
176.933 38
176.94 38
176.946 38
176.952 38
176.959 38
176.965 38
176.971 38
176.978 38
176.984 38
176.99 38
176.996 38
177.003 38
177.009 38
177.015 38
177.022 38
177.028 39
177.034 39
177.041 39
177.047 39
177.053 39
177.059 39
177.066 39
177.072 39
177.078 39
177.085 39
177.091 39
177.097 39
177.104 39
177.11 39
177.116 39
177.123 39
177.129 39
177.135 39
177.141 39
177.148 39
177.154 39
177.16 39
177.167 39
177.173 39
177.179 39
177.186 39
177.192 39
177.198 39
177.204 39
177.211 39
177.217 39
177.223 39
177.23 39
177.236 39
177.242 39
177.249 39
177.255 39
177.261 39
177.268 39
177.274 39
177.28 40
177.286 40
177.293 40
177.299 40
177.305 40
177.312 40
177.318 40
177.324 40
177.331 40
177.337 40
177.343 40
177.349 40
177.356 40
177.362 40
177.368 40
177.375 40
177.381 40
177.387 40
177.394 40
177.4 40
177.406 40
177.413 40
177.419 40
177.425 40
177.431 40
177.438 40
177.444 40
177.45 40
177.457 40
177.463 40
177.469 40
177.476 40
177.482 40
177.488 40
177.494 40
177.501 40
177.507 40
177.513 40
177.52 40
177.526 40
177.532 40
177.539 40
177.545 41
177.551 41
177.558 41
177.564 41
177.57 41
177.576 41
177.583 41
177.589 41
177.595 41
177.602 41
177.608 41
177.614 41
177.621 41
177.627 41
177.633 41
177.639 41
177.646 41
177.652 41
177.658 41
177.665 41
177.671 41
177.677 41
177.684 41
177.69 41
177.696 41
177.702 41
177.709 41
177.715 41
177.721 41
177.728 41
177.734 41
177.74 41
177.747 41
177.753 41
177.759 41
177.766 41
177.772 41
177.778 41
177.784 41
177.791 41
177.797 41
177.803 41
177.81 42
177.816 42
177.822 42
177.829 42
177.835 42
177.841 42
177.847 42
177.854 42
177.86 42
177.866 42
177.873 42
177.879 42
177.885 42
177.892 42
177.898 42
177.904 42
177.911 42
177.917 42
177.923 42
177.929 42
177.936 42
177.942 42
177.948 42
177.955 42
177.961 42
177.967 42
177.974 42
177.98 42
177.986 42
177.992 42
177.999 42
178.005 42
178.011 42
178.018 42
178.024 42
178.03 42
178.037 42
178.043 42
178.049 42
178.056 42
178.062 42
178.068 42
178.074 42
178.081 43
178.087 43
178.093 43
178.1 43
178.106 43
178.112 43
178.119 43
178.125 43
178.131 43
178.137 43
178.144 43
178.15 43
178.156 43
178.163 43
178.169 43
178.175 43
178.182 43
178.188 43
178.194 43
178.201 43
178.207 43
178.213 43
178.219 43
178.226 43
178.232 43
178.238 43
178.245 43
178.251 43
178.257 43
178.264 43
178.27 43
178.276 43
178.282 43
178.289 43
178.295 43
178.301 43
178.308 43
178.314 43
178.32 43
178.327 43
178.333 43
178.339 43
178.346 43
178.352 43
178.358 44
178.364 44
178.371 44
178.377 44
178.383 44
178.39 44
178.396 44
178.402 44
178.409 44
178.415 44
178.421 44
178.427 44
178.434 44
178.44 44
178.446 44
178.453 44
178.459 44
178.465 44
178.472 44
178.478 44
178.484 44
178.49 44
178.497 44
178.503 44
178.509 44
178.516 44
178.522 44
178.528 44
178.535 44
178.541 44
178.547 44
178.554 44
178.56 44
178.566 44
178.572 44
178.579 44
178.585 44
178.591 44
178.598 44
178.604 44
178.61 44
178.617 44
178.623 44
178.629 44
178.635 44
178.642 45
178.648 45
178.654 45
178.661 45
178.667 45
178.673 45
178.68 45
178.686 45
178.692 45
178.699 45
178.705 45
178.711 45
178.717 45
178.724 45
178.73 45
178.736 45
178.743 45
178.749 45
178.755 45
178.762 45
178.768 45
178.774 45
178.78 45
178.787 45
178.793 45
178.799 45
178.806 45
178.812 45
178.818 45
178.825 45
178.831 45
178.837 45
178.844 45
178.85 45
178.856 45
178.862 45
178.869 45
178.875 45
178.881 45
178.888 45
178.894 45
178.9 45
178.907 45
178.913 45
178.919 45
178.925 45
178.932 46
178.938 46
178.944 46
178.951 46
178.957 46
178.963 46
178.97 46
178.976 46
178.982 46
178.989 46
178.995 46
179.001 46
179.007 46
179.014 46
179.02 46
179.026 46
179.033 46
179.039 46
179.045 46
179.052 46
179.058 46
179.064 46
179.07 46
179.077 46
179.083 46
179.089 46
179.096 46
179.102 46
179.108 46
179.115 46
179.121 46
179.127 46
179.134 46
179.14 46
179.146 46
179.152 46
179.159 46
179.165 46
179.171 46
179.178 46
179.184 46
179.19 46
179.197 46
179.203 46
179.209 46
179.215 46
179.222 46
179.228 47
179.234 47
179.241 47
179.247 47
179.253 47
179.26 47
179.266 47
179.272 47
179.278 47
179.285 47
179.291 47
179.297 47
179.304 47
179.31 47
179.316 47
179.323 47
179.329 47
179.335 47
179.342 47
179.348 47
179.354 47
179.36 47
179.367 47
179.373 47
179.379 47
179.386 47
179.392 47
179.398 47
179.405 47
179.411 47
179.417 47
179.423 47
179.43 47
179.436 47
179.442 47
179.449 47
179.455 47
179.461 47
179.468 47
179.474 47
179.48 47
179.487 47
179.493 47
179.499 47
179.505 47
179.512 47
179.518 47
179.524 47
179.531 47
179.537 48
179.543 48
179.55 48
179.556 48
179.562 48
179.568 48
179.575 48
179.581 48
179.587 48
179.594 48
179.6 48
179.606 48
179.613 48
179.619 48
179.625 48
179.632 48
179.638 48
179.644 48
179.65 48
179.657 48
179.663 48
179.669 48
179.676 48
179.682 48
179.688 48
179.695 48
179.701 48
179.707 48
179.713 48
179.72 48
179.726 48
179.732 48
179.739 48
179.745 48
179.751 48
179.758 48
179.764 48
179.77 48
179.777 48
179.783 48
179.789 48
179.795 48
179.802 48
179.808 48
179.814 48
179.821 48
179.827 48
179.833 48
179.84 48
179.846 49
179.852 49
179.858 49
179.865 49
179.871 49
179.877 49
179.884 49
179.89 49
179.896 49
179.903 49
179.909 49
179.915 49
179.922 49
179.928 49
179.934 49
179.94 49
179.947 49
179.953 49
179.959 49
179.966 49
179.972 49
179.978 49
179.985 49
179.991 49
179.997 49
180.003 49
180.01 49
180.016 49
180.022 49
180.029 49
180.035 49
180.041 49
180.048 49
180.054 49
180.06 49
180.066 49
180.073 49
180.079 49
180.085 49
180.092 49
180.098 49
180.104 49
180.111 49
180.117 49
180.123 49
180.13 49
180.136 49
180.142 49
180.148 49
180.155 49
180.161 50
180.167 50
180.174 50
180.18 50
180.186 50
180.193 50
180.199 50
180.205 50
180.211 50
180.218 50
180.224 50
180.23 50
180.237 50
180.243 50
180.249 50
180.256 50
180.262 50
180.268 50
180.275 50
180.281 50
180.287 50
180.293 50
180.3 50
180.306 50
180.312 50
180.319 50
180.325 50
180.331 50
180.338 50
180.344 50
180.35 50
180.356 50
180.363 50
180.369 50
180.375 50
180.382 50
180.388 50
180.394 50
180.401 50
180.407 50
180.413 50
180.42 50
180.426 50
180.432 50
180.438 50
180.445 50
180.451 50
180.457 50
180.464 50
180.47 50
180.476 50
180.483 50
180.489 51
180.495 51
180.501 51
180.508 51
180.514 51
180.52 51
180.527 51
180.533 51
180.539 51
180.546 51
180.552 51
180.558 51
180.565 51
180.571 51
180.577 51
180.583 51
180.59 51
180.596 51
180.602 51
180.609 51
180.615 51
180.621 51
180.628 51
180.634 51
180.64 51
180.646 51
180.653 51
180.659 51
180.665 51
180.672 51
180.678 51
180.684 51
180.691 51
180.697 51
180.703 51
180.71 51
180.716 51
180.722 51
180.728 51
180.735 51
180.741 51
180.747 51
180.754 51
180.76 51
180.766 51
180.773 51
180.779 51
180.785 51
180.791 51
180.798 51
180.804 51
180.81 51
180.817 52
180.823 52
180.829 52
180.836 52
180.842 52
180.848 52
180.854 52
180.861 52
180.867 52
180.873 52
180.88 52
180.886 52
180.892 52
180.899 52
180.905 52
180.911 52
180.918 52
180.924 52
180.93 52
180.936 52
180.943 52
180.949 52
180.955 52
180.962 52
180.968 52
180.974 52
180.981 52
180.987 52
180.993 52
180.999 52
181.006 52
181.012 52
181.018 52
181.025 52
181.031 52
181.037 52
181.044 52
181.05 52
181.056 52
181.063 52
181.069 52
181.075 52
181.081 52
181.088 52
181.094 52
181.1 52
181.107 52
181.113 52
181.119 52
181.126 52
181.132 52
181.138 52
181.144 52
181.151 52
181.157 53
181.163 53
181.17 53
181.176 53
181.182 53
181.189 53
181.195 53
181.201 53
181.208 53
181.214 53
181.22 53
181.226 53
181.233 53
181.239 53
181.245 53
181.252 53
181.258 53
181.264 53
181.271 53
181.277 53
181.283 53
181.289 53
181.296 53
181.302 53
181.308 53
181.315 53
181.321 53
181.327 53
181.334 53
181.34 53
181.346 53
181.353 53
181.359 53
181.365 53
181.371 53
181.378 53
181.384 53
181.39 53
181.397 53
181.403 53
181.409 53
181.416 53
181.422 53
181.428 53
181.434 53
181.441 53
181.447 53
181.453 53
181.46 53
181.466 53
181.472 53
181.479 53
181.485 53
181.491 53
181.498 54
181.504 54
181.51 54
181.516 54
181.523 54
181.529 54
181.535 54
181.542 54
181.548 54
181.554 54
181.561 54
181.567 54
181.573 54
181.579 54
181.586 54
181.592 54
181.598 54
181.605 54
181.611 54
181.617 54
181.624 54
181.63 54
181.636 54
181.642 54
181.649 54
181.655 54
181.661 54
181.668 54
181.674 54
181.68 54
181.687 54
181.693 54
181.699 54
181.706 54
181.712 54
181.718 54
181.724 54
181.731 54
181.737 54
181.743 54
181.75 54
181.756 54
181.762 54
181.769 54
181.775 54
181.781 54
181.787 54
181.794 54
181.8 54
181.806 54
181.813 54
181.819 54
181.825 54
181.832 54
181.838 54
181.844 54
181.851 55
181.857 55
181.863 55
181.869 55
181.876 55
181.882 55
181.888 55
181.895 55
181.901 55
181.907 55
181.914 55
181.92 55
181.926 55
181.932 55
181.939 55
181.945 55
181.951 55
181.958 55
181.964 55
181.97 55
181.977 55
181.983 55
181.989 55
181.996 55
182.002 55
182.008 55
182.014 55
182.021 55
182.027 55
182.033 55
182.04 55
182.046 55
182.052 55
182.059 55
182.065 55
182.071 55
182.077 55
182.084 55
182.09 55
182.096 55
182.103 55
182.109 55
182.115 55
182.122 55
182.128 55
182.134 55
182.141 55
182.147 55
182.153 55
182.159 55
182.166 55
182.172 55
182.178 55
182.185 55
182.191 55
182.197 55
182.204 56
182.21 56
182.216 56
182.222 56
182.229 56
182.235 56
182.241 56
182.248 56
182.254 56
182.26 56
182.267 56
182.273 56
182.279 56
182.286 56
182.292 56
182.298 56
182.304 56
182.311 56
182.317 56
182.323 56
182.33 56
182.336 56
182.342 56
182.349 56
182.355 56
182.361 56
182.367 56
182.374 56
182.38 56
182.386 56
182.393 56
182.399 56
182.405 56
182.412 56
182.418 56
182.424 56
182.43 56
182.437 56
182.443 56
182.449 56
182.456 56
182.462 56
182.468 56
182.475 56
182.481 56
182.487 56
182.494 56
182.5 56
182.506 56
182.512 56
182.519 56
182.525 56
182.531 56
182.538 56
182.544 56
182.55 56
182.557 56
182.563 56
182.569 57
182.575 57
182.582 57
182.588 57
182.594 57
182.601 57
182.607 57
182.613 57
182.62 57
182.626 57
182.632 57
182.639 57
182.645 57
182.651 57
182.657 57
182.664 57
182.67 57
182.676 57
182.683 57
182.689 57
182.695 57
182.702 57
182.708 57
182.714 57
182.72 57
182.727 57
182.733 57
182.739 57
182.746 57
182.752 57
182.758 57
182.765 57
182.771 57
182.777 57
182.784 57
182.79 57
182.796 57
182.802 57
182.809 57
182.815 57
182.821 57
182.828 57
182.834 57
182.84 57
182.847 57
182.853 57
182.859 57
182.865 57
182.872 57
182.878 57
182.884 57
182.891 57
182.897 57
182.903 57
182.91 57
182.916 57
182.922 57
182.929 57
182.935 58
182.941 58
182.947 58
182.954 58
182.96 58
182.966 58
182.973 58
182.979 58
182.985 58
182.992 58
182.998 58
183.004 58
183.01 58
183.017 58
183.023 58
183.029 58
183.036 58
183.042 58
183.048 58
183.055 58
183.061 58
183.067 58
183.074 58
183.08 58
183.086 58
183.092 58
183.099 58
183.105 58
183.111 58
183.118 58
183.124 58
183.13 58
183.137 58
183.143 58
183.149 58
183.155 58
183.162 58
183.168 58
183.174 58
183.181 58
183.187 58
183.193 58
183.2 58
183.206 58
183.212 58
183.218 58
183.225 58
183.231 58
183.237 58
183.244 58
183.25 58
183.256 58
183.263 58
183.269 58
183.275 58
183.282 58
183.288 58
183.294 58
183.3 58
183.307 58
183.313 59
183.319 59
183.326 59
183.332 59
183.338 59
183.345 59
183.351 59
183.357 59
183.363 59
183.37 59
183.376 59
183.382 59
183.389 59
183.395 59
183.401 59
183.408 59
183.414 59
183.42 59
183.427 59
183.433 59
183.439 59
183.445 59
183.452 59
183.458 59
183.464 59
183.471 59
183.477 59
183.483 59
183.49 59
183.496 59
183.502 59
183.508 59
183.515 59
183.521 59
183.527 59
183.534 59
183.54 59
183.546 59
183.553 59
183.559 59
183.565 59
183.572 59
183.578 59
183.584 59
183.59 59
183.597 59
183.603 59
183.609 59
183.616 59
183.622 59
183.628 59
183.635 59
183.641 59
183.647 59
183.653 59
183.66 59
183.666 59
183.672 59
183.679 59
183.685 59
183.691 60
183.698 60
183.704 60
183.71 60
183.717 60
183.723 60
183.729 60
183.735 60
183.742 60
183.748 60
183.754 60
183.761 60
183.767 60
183.773 60
183.78 60
183.786 60
183.792 60
183.798 60
183.805 60
183.811 60
183.817 60
183.824 60
183.83 60
183.836 60
183.843 60
183.849 60
183.855 60
183.862 60
183.868 60
183.874 60
183.88 60
183.887 60
183.893 60
183.899 60
183.906 60
183.912 60
183.918 60
183.925 60
183.931 60
183.937 60
183.943 60
183.95 60
183.956 60
183.962 60
183.969 60
183.975 60
183.981 60
183.988 60
183.994 60
184 60
184.006 60
184.013 60
184.019 60
184.025 60
184.032 60
184.038 60
184.044 60
184.051 60
184.057 60
184.063 60
184.07 60
184.076 60
184.082 60
184.088 61
184.095 61
184.101 61
184.107 61
184.114 61
184.12 61
184.126 61
184.133 61
184.139 61
184.145 61
184.151 61
184.158 61
184.164 61
184.17 61
184.177 61
184.183 61
184.189 61
184.196 61
184.202 61
184.208 61
184.215 61
184.221 61
184.227 61
184.233 61
184.24 61
184.246 61
184.252 61
184.259 61
184.265 61
184.271 61
184.278 61
184.284 61
184.29 61
184.296 61
184.303 61
184.309 61
184.315 61
184.322 61
184.328 61
184.334 61
184.341 61
184.347 61
184.353 61
184.36 61
184.366 61
184.372 61
184.378 61
184.385 61
184.391 61
184.397 61
184.404 61
184.41 61
184.416 61
184.423 61
184.429 61
184.435 61
184.441 61
184.448 61
184.454 61
184.46 61
184.467 61
184.473 61
184.479 62
184.486 62
184.492 62
184.498 62
184.505 62
184.511 62
184.517 62
184.523 62
184.53 62
184.536 62
184.542 62
184.549 62
184.555 62
184.561 62
184.568 62
184.574 62
184.58 62
184.586 62
184.593 62
184.599 62
184.605 62
184.612 62
184.618 62
184.624 62
184.631 62
184.637 62
184.643 62
184.65 62
184.656 62
184.662 62
184.668 62
184.675 62
184.681 62
184.687 62
184.694 62
184.7 62
184.706 62
184.713 62
184.719 62
184.725 62
184.731 62
184.738 62
184.744 62
184.75 62
184.757 62
184.763 62
184.769 62
184.776 62
184.782 62
184.788 62
184.794 62
184.801 62
184.807 62
184.813 62
184.82 62
184.826 62
184.832 62
184.839 62
184.845 62
184.851 62
184.858 62
184.864 62
184.87 62
184.876 62
184.883 63
184.889 63
184.895 63
184.902 63
184.908 63
184.914 63
184.921 63
184.927 63
184.933 63
184.939 63
184.946 63
184.952 63
184.958 63
184.965 63
184.971 63
184.977 63
184.984 63
184.99 63
184.996 63
185.003 63
185.009 63
185.015 63
185.021 63
185.028 63
185.034 63
185.04 63
185.047 63
185.053 63
185.059 63
185.066 63
185.072 63
185.078 63
185.084 63
185.091 63
185.097 63
185.103 63
185.11 63
185.116 63
185.122 63
185.129 63
185.135 63
185.141 63
185.148 63
185.154 63
185.16 63
185.166 63
185.173 63
185.179 63
185.185 63
185.192 63
185.198 63
185.204 63
185.211 63
185.217 63
185.223 63
185.229 63
185.236 63
185.242 63
185.248 63
185.255 63
185.261 63
185.267 63
185.274 63
185.28 63
185.286 63
185.293 64
185.299 64
185.305 64
185.311 64
185.318 64
185.324 64
185.33 64
185.337 64
185.343 64
185.349 64
185.356 64
185.362 64
185.368 64
185.374 64
185.381 64
185.387 64
185.393 64
185.4 64
185.406 64
185.412 64
185.419 64
185.425 64
185.431 64
185.438 64
185.444 64
185.45 64
185.456 64
185.463 64
185.469 64
185.475 64
185.482 64
185.488 64
185.494 64
185.501 64
185.507 64
185.513 64
185.519 64
185.526 64
185.532 64
185.538 64
185.545 64
185.551 64
185.557 64
185.564 64
185.57 64
185.576 64
185.582 64
185.589 64
185.595 64
185.601 64
185.608 64
185.614 64
185.62 64
185.627 64
185.633 64
185.639 64
185.646 64
185.652 64
185.658 64
185.664 64
185.671 64
185.677 64
185.683 64
185.69 64
185.696 64
185.702 65
185.709 65
185.715 65
185.721 65
185.727 65
185.734 65
185.74 65
185.746 65
185.753 65
185.759 65
185.765 65
185.772 65
185.778 65
185.784 65
185.791 65
185.797 65
185.803 65
185.809 65
185.816 65
185.822 65
185.828 65
185.835 65
185.841 65
185.847 65
185.854 65
185.86 65
185.866 65
185.872 65
185.879 65
185.885 65
185.891 65
185.898 65
185.904 65
185.91 65
185.917 65
185.923 65
185.929 65
185.936 65
185.942 65
185.948 65
185.954 65
185.961 65
185.967 65
185.973 65
185.98 65
185.986 65
185.992 65
185.999 65
186.005 65
186.011 65
186.017 65
186.024 65
186.03 65
186.036 65
186.043 65
186.049 65
186.055 65
186.062 65
186.068 65
186.074 65
186.081 65
186.087 65
186.093 65
186.099 65
186.106 65
186.112 65
186.118 65
186.125 65
186.131 66
186.137 66
186.144 66
186.15 66
186.156 66
186.162 66
186.169 66
186.175 66
186.181 66
186.188 66
186.194 66
186.2 66
186.207 66
186.213 66
186.219 66
186.226 66
186.232 66
186.238 66
186.244 66
186.251 66
186.257 66
186.263 66
186.27 66
186.276 66
186.282 66
186.289 66
186.295 66
186.301 66
186.307 66
186.314 66
186.32 66
186.326 66
186.333 66
186.339 66
186.345 66
186.352 66
186.358 66
186.364 66
186.37 66
186.377 66
186.383 66
186.389 66
186.396 66
186.402 66
186.408 66
186.415 66
186.421 66
186.427 66
186.434 66
186.44 66
186.446 66
186.452 66
186.459 66
186.465 66
186.471 66
186.478 66
186.484 66
186.49 66
186.497 66
186.503 66
186.509 66
186.515 66
186.522 66
186.528 66
186.534 66
186.541 66
186.547 66
186.553 66
186.56 67
186.566 67
186.572 67
186.579 67
186.585 67
186.591 67
186.597 67
186.604 67
186.61 67
186.616 67
186.623 67
186.629 67
186.635 67
186.642 67
186.648 67
186.654 67
186.66 67
186.667 67
186.673 67
186.679 67
186.686 67
186.692 67
186.698 67
186.705 67
186.711 67
186.717 67
186.724 67
186.73 67
186.736 67
186.742 67
186.749 67
186.755 67
186.761 67
186.768 67
186.774 67
186.78 67
186.787 67
186.793 67
186.799 67
186.805 67
186.812 67
186.818 67
186.824 67
186.831 67
186.837 67
186.843 67
186.85 67
186.856 67
186.862 67
186.869 67
186.875 67
186.881 67
186.887 67
186.894 67
186.9 67
186.906 67
186.913 67
186.919 67
186.925 67
186.932 67
186.938 67
186.944 67
186.95 67
186.957 67
186.963 67
186.969 67
186.976 67
186.982 67
186.988 68
186.995 68
187.001 68
187.007 68
187.014 68
187.02 68
187.026 68
187.032 68
187.039 68
187.045 68
187.051 68
187.058 68
187.064 68
187.07 68
187.077 68
187.083 68
187.089 68
187.095 68
187.102 68
187.108 68
187.114 68
187.121 68
187.127 68
187.133 68
187.14 68
187.146 68
187.152 68
187.158 68
187.165 68
187.171 68
187.177 68
187.184 68
187.19 68
187.196 68
187.203 68
187.209 68
187.215 68
187.222 68
187.228 68
187.234 68
187.24 68
187.247 68
187.253 68
187.259 68
187.266 68
187.272 68
187.278 68
187.285 68
187.291 68
187.297 68
187.303 68
187.31 68
187.316 68
187.322 68
187.329 68
187.335 68
187.341 68
187.348 68
187.354 68
187.36 68
187.367 68
187.373 68
187.379 68
187.385 68
187.392 68
187.398 68
187.404 68
187.411 68
187.417 68
187.423 68
187.43 68
187.436 69
187.442 69
187.448 69
187.455 69
187.461 69
187.467 69
187.474 69
187.48 69
187.486 69
187.493 69
187.499 69
187.505 69
187.512 69
187.518 69
187.524 69
187.53 69
187.537 69
187.543 69
187.549 69
187.556 69
187.562 69
187.568 69
187.575 69
187.581 69
187.587 69
187.593 69
187.6 69
187.606 69
187.612 69
187.619 69
187.625 69
187.631 69
187.638 69
187.644 69
187.65 69
187.657 69
187.663 69
187.669 69
187.675 69
187.682 69
187.688 69
187.694 69
187.701 69
187.707 69
187.713 69
187.72 69
187.726 69
187.732 69
187.738 69
187.745 69
187.751 69
187.757 69
187.764 69
187.77 69
187.776 69
187.783 69
187.789 69
187.795 69
187.802 69
187.808 69
187.814 69
187.82 69
187.827 69
187.833 69
187.839 69
187.846 69
187.852 69
187.858 69
187.865 69
187.871 69
187.877 69
187.883 70
187.89 70
187.896 70
187.902 70
187.909 70
187.915 70
187.921 70
187.928 70
187.934 70
187.94 70
187.946 70
187.953 70
187.959 70
187.965 70
187.972 70
187.978 70
187.984 70
187.991 70
187.997 70
188.003 70
188.01 70
188.016 70
188.022 70
188.028 70
188.035 70
188.041 70
188.047 70
188.054 70
188.06 70
188.066 70
188.073 70
188.079 70
188.085 70
188.091 70
188.098 70
188.104 70
188.11 70
188.117 70
188.123 70
188.129 70
188.136 70
188.142 70
188.148 70
188.155 70
188.161 70
188.167 70
188.173 70
188.18 70
188.186 70
188.192 70
188.199 70
188.205 70
188.211 70
188.218 70
188.224 70
188.23 70
188.236 70
188.243 70
188.249 70
188.255 70
188.262 70
188.268 70
188.274 70
188.281 70
188.287 70
188.293 70
188.3 70
188.306 70
188.312 70
188.318 70
188.325 70
188.331 70
188.337 71
188.344 71
188.35 71
188.356 71
188.363 71
188.369 71
188.375 71
188.381 71
188.388 71
188.394 71
188.4 71
188.407 71
188.413 71
188.419 71
188.426 71
188.432 71
188.438 71
188.445 71
188.451 71
188.457 71
188.463 71
188.47 71
188.476 71
188.482 71
188.489 71
188.495 71
188.501 71
188.508 71
188.514 71
188.52 71
188.526 71
188.533 71
188.539 71
188.545 71
188.552 71
188.558 71
188.564 71
188.571 71
188.577 71
188.583 71
188.59 71
188.596 71
188.602 71
188.608 71
188.615 71
188.621 71
188.627 71
188.634 71
188.64 71
188.646 71
188.653 71
188.659 71
188.665 71
188.671 71
188.678 71
188.684 71
188.69 71
188.697 71
188.703 71
188.709 71
188.716 71
188.722 71
188.728 71
188.734 71
188.741 71
188.747 71
188.753 71
188.76 71
188.766 71
188.772 71
188.779 71
188.785 71
188.791 71
188.798 72
188.804 72
188.81 72
188.816 72
188.823 72
188.829 72
188.835 72
188.842 72
188.848 72
188.854 72
188.861 72
188.867 72
188.873 72
188.879 72
188.886 72
188.892 72
188.898 72
188.905 72
188.911 72
188.917 72
188.924 72
188.93 72
188.936 72
188.943 72
188.949 72
188.955 72
188.961 72
188.968 72
188.974 72
188.98 72
188.987 72
188.993 72
188.999 72
189.006 72
189.012 72
189.018 72
189.024 72
189.031 72
189.037 72
189.043 72
189.05 72
189.056 72
189.062 72
189.069 72
189.075 72
189.081 72
189.088 72
189.094 72
189.1 72
189.106 72
189.113 72
189.119 72
189.125 72
189.132 72
189.138 72
189.144 72
189.151 72
189.157 72
189.163 72
189.169 72
189.176 72
189.182 72
189.188 72
189.195 72
189.201 72
189.207 72
189.214 72
189.22 72
189.226 72
189.233 72
189.239 72
189.245 72
189.251 72
189.258 72
189.264 72
189.27 73
189.277 73
189.283 73
189.289 73
189.296 73
189.302 73
189.308 73
189.314 73
189.321 73
189.327 73
189.333 73
189.34 73
189.346 73
189.352 73
189.359 73
189.365 73
189.371 73
189.378 73
189.384 73
189.39 73
189.396 73
189.403 73
189.409 73
189.415 73
189.422 73
189.428 73
189.434 73
189.441 73
189.447 73
189.453 73
189.459 73
189.466 73
189.472 73
189.478 73
189.485 73
189.491 73
189.497 73
189.504 73
189.51 73
189.516 73
189.522 73
189.529 73
189.535 73
189.541 73
189.548 73
189.554 73
189.56 73
189.567 73
189.573 73
189.579 73
189.586 73
189.592 73
189.598 73
189.604 73
189.611 73
189.617 73
189.623 73
189.63 73
189.636 73
189.642 73
189.649 73
189.655 73
189.661 73
189.667 73
189.674 73
189.68 73
189.686 73
189.693 73
189.699 73
189.705 73
189.712 73
189.718 73
189.724 73
189.731 73
189.737 73
189.743 74
189.749 74
189.756 74
189.762 74
189.768 74
189.775 74
189.781 74
189.787 74
189.794 74
189.8 74
189.806 74
189.812 74
189.819 74
189.825 74
189.831 74
189.838 74
189.844 74
189.85 74
189.857 74
189.863 74
189.869 74
189.876 74
189.882 74
189.888 74
189.894 74
189.901 74
189.907 74
189.913 74
189.92 74
189.926 74
189.932 74
189.939 74
189.945 74
189.951 74
189.957 74
189.964 74
189.97 74
189.976 74
189.983 74
189.989 74
189.995 74
190.002 74
190.008 74
190.014 74
190.021 74
190.027 74
190.033 74
190.039 74
190.046 74
190.052 74
190.058 74
190.065 74
190.071 74
190.077 74
190.084 74
190.09 74
190.096 74
190.102 74
190.109 74
190.115 74
190.121 74
190.128 74
190.134 74
190.14 74
190.147 74
190.153 74
190.159 74
190.166 74
190.172 74
190.178 74
190.184 74
190.191 74
190.197 74
190.203 74
190.21 74
190.216 75
190.222 75
190.229 75
190.235 75
190.241 75
190.247 75
190.254 75
190.26 75
190.266 75
190.273 75
190.279 75
190.285 75
190.292 75
190.298 75
190.304 75
190.31 75
190.317 75
190.323 75
190.329 75
190.336 75
190.342 75
190.348 75
190.355 75
190.361 75
190.367 75
190.374 75
190.38 75
190.386 75
190.392 75
190.399 75
190.405 75
190.411 75
190.418 75
190.424 75
190.43 75
190.437 75
190.443 75
190.449 75
190.455 75
190.462 75
190.468 75
190.474 75
190.481 75
190.487 75
190.493 75
190.5 75
190.506 75
190.512 75
190.519 75
190.525 75
190.531 75
190.537 75
190.544 75
190.55 75
190.556 75
190.563 75
190.569 75
190.575 75
190.582 75
190.588 75
190.594 75
190.6 75
190.607 75
190.613 75
190.619 75
190.626 75
190.632 75
190.638 75
190.645 75
190.651 75
190.657 75
190.664 75
190.67 75
190.676 75
190.682 75
190.689 75
190.695 75
190.701 75
190.708 75
190.714 76
190.72 76
190.727 76
190.733 76
190.739 76
190.745 76
190.752 76
190.758 76
190.764 76
190.771 76
190.777 76
190.783 76
190.79 76
190.796 76
190.802 76
190.809 76
190.815 76
190.821 76
190.827 76
190.834 76
190.84 76
190.846 76
190.853 76
190.859 76
190.865 76
190.872 76
190.878 76
190.884 76
190.89 76
190.897 76
190.903 76
190.909 76
190.916 76
190.922 76
190.928 76
190.935 76
190.941 76
190.947 76
190.954 76
190.96 76
190.966 76
190.972 76
190.979 76
190.985 76
190.991 76
190.998 76
191.004 76
191.01 76
191.017 76
191.023 76
191.029 76
191.035 76
191.042 76
191.048 76
191.054 76
191.061 76
191.067 76
191.073 76
191.08 76
191.086 76
191.092 76
191.098 76
191.105 76
191.111 76
191.117 76
191.124 76
191.13 76
191.136 76
191.143 76
191.149 76
191.155 76
191.162 76
191.168 76
191.174 76
191.18 76
191.187 76
191.212 37
191.76 37
191.766 37
191.772 37
191.779 37
191.785 37
191.791 37
191.798 37
191.804 37
191.81 37
191.817 37
191.823 37
191.829 37
191.835 37
191.842 37
191.848 37
191.854 37
191.861 37
191.867 37
191.873 37
191.88 37
191.886 37
191.892 37
191.899 37
191.905 37
191.911 37
191.917 37
191.924 37
191.93 37
191.936 37
191.943 37
191.949 37
191.955 37
191.962 37
191.968 37
191.974 37
191.98 37
191.987 37
191.993 38
191.999 38
192.006 38
192.012 38
192.018 38
192.025 38
192.031 38
192.037 38
192.044 38
192.05 38
192.056 38
192.062 38
192.069 38
192.075 38
192.081 38
192.088 38
192.094 38
192.1 38
192.107 38
192.113 38
192.119 38
192.125 38
192.132 38
192.138 38
192.144 38
192.151 38
192.157 38
192.163 38
192.17 38
192.176 38
192.182 38
192.188 38
192.195 38
192.201 38
192.207 38
192.214 38
192.22 38
192.226 38
192.233 38
192.239 39
192.245 39
192.252 39
192.258 39
192.264 39
192.27 39
192.277 39
192.283 39
192.289 39
192.296 39
192.302 39
192.308 39
192.315 39
192.321 39
192.327 39
192.333 39
192.34 39
192.346 39
192.352 39
192.359 39
192.365 39
192.371 39
192.378 39
192.384 39
192.39 39
192.397 39
192.403 39
192.409 39
192.415 39
192.422 39
192.428 39
192.434 39
192.441 39
192.447 39
192.453 39
192.46 39
192.466 39
192.472 39
192.478 39
192.485 39
192.491 40
192.497 40
192.504 40
192.51 40
192.516 40
192.523 40
192.529 40
192.535 40
192.542 40
192.548 40
192.554 40
192.56 40
192.567 40
192.573 40
192.579 40
192.586 40
192.592 40
192.598 40
192.605 40
192.611 40
192.617 40
192.623 40
192.63 40
192.636 40
192.642 40
192.649 40
192.655 40
192.661 40
192.668 40
192.674 40
192.68 40
192.687 40
192.693 40
192.699 40
192.705 40
192.712 40
192.718 40
192.724 40
192.731 40
192.737 40
192.743 40
192.75 40
192.756 41
192.762 41
192.768 41
192.775 41
192.781 41
192.787 41
192.794 41
192.8 41
192.806 41
192.813 41
192.819 41
192.825 41
192.832 41
192.838 41
192.844 41
192.85 41
192.857 41
192.863 41
192.869 41
192.876 41
192.882 41
192.888 41
192.895 41
192.901 41
192.907 41
192.913 41
192.92 41
192.926 41
192.932 41
192.939 41
192.945 41
192.951 41
192.958 41
192.964 41
192.97 41
192.976 41
192.983 41
192.989 41
192.995 41
193.002 41
193.008 41
193.014 41
193.021 42
193.027 42
193.033 42
193.04 42
193.046 42
193.052 42
193.058 42
193.065 42
193.071 42
193.077 42
193.084 42
193.09 42
193.096 42
193.103 42
193.109 42
193.115 42
193.121 42
193.128 42
193.134 42
193.14 42
193.147 42
193.153 42
193.159 42
193.166 42
193.172 42
193.178 42
193.185 42
193.191 42
193.197 42
193.203 42
193.21 42
193.216 42
193.222 42
193.229 42
193.235 42
193.241 42
193.248 42
193.254 42
193.26 42
193.266 42
193.273 42
193.279 42
193.285 42
193.292 43
193.298 43
193.304 43
193.311 43
193.317 43
193.323 43
193.33 43
193.336 43
193.342 43
193.348 43
193.355 43
193.361 43
193.367 43
193.374 43
193.38 43
193.386 43
193.393 43
193.399 43
193.405 43
193.411 43
193.418 43
193.424 43
193.43 43
193.437 43
193.443 43
193.449 43
193.456 43
193.462 43
193.468 43
193.475 43
193.481 43
193.487 43
193.493 43
193.5 43
193.506 43
193.512 43
193.519 43
193.525 43
193.531 43
193.538 43
193.544 43
193.55 43
193.556 43
193.563 43
193.569 44
193.575 44
193.582 44
193.588 44
193.594 44
193.601 44
193.607 44
193.613 44
193.62 44
193.626 44
193.632 44
193.638 44
193.645 44
193.651 44
193.657 44
193.664 44
193.67 44
193.676 44
193.683 44
193.689 44
193.695 44
193.701 44
193.708 44
193.714 44
193.72 44
193.727 44
193.733 44
193.739 44
193.746 44
193.752 44
193.758 44
193.764 44
193.771 44
193.777 44
193.783 44
193.79 44
193.796 44
193.802 44
193.809 44
193.815 44
193.821 44
193.828 44
193.834 44
193.84 44
193.846 44
193.853 45
193.859 45
193.865 45
193.872 45
193.878 45
193.884 45
193.891 45
193.897 45
193.903 45
193.909 45
193.916 45
193.922 45
193.928 45
193.935 45
193.941 45
193.947 45
193.954 45
193.96 45
193.966 45
193.973 45
193.979 45
193.985 45
193.991 45
193.998 45
194.004 45
194.01 45
194.017 45
194.023 45
194.029 45
194.036 45
194.042 45
194.048 45
194.054 45
194.061 45
194.067 45
194.073 45
194.08 45
194.086 45
194.092 45
194.099 45
194.105 45
194.111 45
194.118 45
194.124 45
194.13 45
194.136 45
194.143 46
194.149 46
194.155 46
194.162 46
194.168 46
194.174 46
194.181 46
194.187 46
194.193 46
194.199 46
194.206 46
194.212 46
194.218 46
194.225 46
194.231 46
194.237 46
194.244 46
194.25 46
194.256 46
194.263 46
194.269 46
194.275 46
194.281 46
194.288 46
194.294 46
194.3 46
194.307 46
194.313 46
194.319 46
194.326 46
194.332 46
194.338 46
194.344 46
194.351 46
194.357 46
194.363 46
194.37 46
194.376 46
194.382 46
194.389 46
194.395 46
194.401 46
194.408 46
194.414 46
194.42 46
194.426 46
194.433 46
194.439 47
194.445 47
194.452 47
194.458 47
194.464 47
194.471 47
194.477 47
194.483 47
194.489 47
194.496 47
194.502 47
194.508 47
194.515 47
194.521 47
194.527 47
194.534 47
194.54 47
194.546 47
194.552 47
194.559 47
194.565 47
194.571 47
194.578 47
194.584 47
194.59 47
194.597 47
194.603 47
194.609 47
194.616 47
194.622 47
194.628 47
194.634 47
194.641 47
194.647 47
194.653 47
194.66 47
194.666 47
194.672 47
194.679 47
194.685 47
194.691 47
194.697 47
194.704 47
194.71 47
194.716 47
194.723 47
194.729 47
194.735 47
194.742 47
194.748 48
194.754 48
194.761 48
194.767 48
194.773 48
194.779 48
194.786 48
194.792 48
194.798 48
194.805 48
194.811 48
194.817 48
194.824 48
194.83 48
194.836 48
194.842 48
194.849 48
194.855 48
194.861 48
194.868 48
194.874 48
194.88 48
194.887 48
194.893 48
194.899 48
194.906 48
194.912 48
194.918 48
194.924 48
194.931 48
194.937 48
194.943 48
194.95 48
194.956 48
194.962 48
194.969 48
194.975 48
194.981 48
194.987 48
194.994 48
195 48
195.006 48
195.013 48
195.019 48
195.025 48
195.032 48
195.038 48
195.044 48
195.051 48
195.057 49
195.063 49
195.069 49
195.076 49
195.082 49
195.088 49
195.095 49
195.101 49
195.107 49
195.114 49
195.12 49
195.126 49
195.132 49
195.139 49
195.145 49
195.151 49
195.158 49
195.164 49
195.17 49
195.177 49
195.183 49
195.189 49
195.196 49
195.202 49
195.208 49
195.214 49
195.221 49
195.227 49
195.233 49
195.24 49
195.246 49
195.252 49
195.259 49
195.265 49
195.271 49
195.277 49
195.284 49
195.29 49
195.296 49
195.303 49
195.309 49
195.315 49
195.322 49
195.328 49
195.334 49
195.34 49
195.347 49
195.353 49
195.359 49
195.366 49
195.372 50
195.378 50
195.385 50
195.391 50
195.397 50
195.404 50
195.41 50
195.416 50
195.422 50
195.429 50
195.435 50
195.441 50
195.448 50
195.454 50
195.46 50
195.467 50
195.473 50
195.479 50
195.485 50
195.492 50
195.498 50
195.504 50
195.511 50
195.517 50
195.523 50
195.53 50
195.536 50
195.542 50
195.549 50
195.555 50
195.561 50
195.567 50
195.574 50
195.58 50
195.586 50
195.593 50
195.599 50
195.605 50
195.612 50
195.618 50
195.624 50
195.63 50
195.637 50
195.643 50
195.649 50
195.656 50
195.662 50
195.668 50
195.675 50
195.681 50
195.687 50
195.694 50
195.7 51
195.706 51
195.712 51
195.719 51
195.725 51
195.731 51
195.738 51
195.744 51
195.75 51
195.757 51
195.763 51
195.769 51
195.775 51
195.782 51
195.788 51
195.794 51
195.801 51
195.807 51
195.813 51
195.82 51
195.826 51
195.832 51
195.839 51
195.845 51
195.851 51
195.857 51
195.864 51
195.87 51
195.876 51
195.883 51
195.889 51
195.895 51
195.902 51
195.908 51
195.914 51
195.92 51
195.927 51
195.933 51
195.939 51
195.946 51
195.952 51
195.958 51
195.965 51
195.971 51
195.977 51
195.984 51
195.99 51
195.996 51
196.002 51
196.009 51
196.015 51
196.021 51
196.028 52
196.034 52
196.04 52
196.047 52
196.053 52
196.059 52
196.065 52
196.072 52
196.078 52
196.084 52
196.091 52
196.097 52
196.103 52
196.11 52
196.116 52
196.122 52
196.128 52
196.135 52
196.141 52
196.147 52
196.154 52
196.16 52
196.166 52
196.173 52
196.179 52
196.185 52
196.192 52
196.198 52
196.204 52
196.21 52
196.217 52
196.223 52
196.229 52
196.236 52
196.242 52
196.248 52
196.255 52
196.261 52
196.267 52
196.273 52
196.28 52
196.286 52
196.292 52
196.299 52
196.305 52
196.311 52
196.318 52
196.324 52
196.33 52
196.337 52
196.343 52
196.349 52
196.355 52
196.362 52
196.368 53
196.374 53
196.381 53
196.387 53
196.393 53
196.4 53
196.406 53
196.412 53
196.418 53
196.425 53
196.431 53
196.437 53
196.444 53
196.45 53
196.456 53
196.463 53
196.469 53
196.475 53
196.482 53
196.488 53
196.494 53
196.5 53
196.507 53
196.513 53
196.519 53
196.526 53
196.532 53
196.538 53
196.545 53
196.551 53
196.557 53
196.563 53
196.57 53
196.576 53
196.582 53
196.589 53
196.595 53
196.601 53
196.608 53
196.614 53
196.62 53
196.627 53
196.633 53
196.639 53
196.645 53
196.652 53
196.658 53
196.664 53
196.671 53
196.677 53
196.683 53
196.69 53
196.696 53
196.702 53
196.708 54
196.715 54
196.721 54
196.727 54
196.734 54
196.74 54
196.746 54
196.753 54
196.759 54
196.765 54
196.772 54
196.778 54
196.784 54
196.79 54
196.797 54
196.803 54
196.809 54
196.816 54
196.822 54
196.828 54
196.835 54
196.841 54
196.847 54
196.853 54
196.86 54
196.866 54
196.872 54
196.879 54
196.885 54
196.891 54
196.898 54
196.904 54
196.91 54
196.916 54
196.923 54
196.929 54
196.935 54
196.942 54
196.948 54
196.954 54
196.961 54
196.967 54
196.973 54
196.98 54
196.986 54
196.992 54
196.998 54
197.005 54
197.011 54
197.017 54
197.024 54
197.03 54
197.036 54
197.043 54
197.049 54
197.055 54
197.061 55
197.068 55
197.074 55
197.08 55
197.087 55
197.093 55
197.099 55
197.106 55
197.112 55
197.118 55
197.125 55
197.131 55
197.137 55
197.143 55
197.15 55
197.156 55
197.162 55
197.169 55
197.175 55
197.181 55
197.188 55
197.194 55
197.2 55
197.206 55
197.213 55
197.219 55
197.225 55
197.232 55
197.238 55
197.244 55
197.251 55
197.257 55
197.263 55
197.27 55
197.276 55
197.282 55
197.288 55
197.295 55
197.301 55
197.307 55
197.314 55
197.32 55
197.326 55
197.333 55
197.339 55
197.345 55
197.351 55
197.358 55
197.364 55
197.37 55
197.377 55
197.383 55
197.389 55
197.396 55
197.402 55
197.408 55
197.415 56
197.421 56
197.427 56
197.433 56
197.44 56
197.446 56
197.452 56
197.459 56
197.465 56
197.471 56
197.478 56
197.484 56
197.49 56
197.496 56
197.503 56
197.509 56
197.515 56
197.522 56
197.528 56
197.534 56
197.541 56
197.547 56
197.553 56
197.56 56
197.566 56
197.572 56
197.578 56
197.585 56
197.591 56
197.597 56
197.604 56
197.61 56
197.616 56
197.623 56
197.629 56
197.635 56
197.641 56
197.648 56
197.654 56
197.66 56
197.667 56
197.673 56
197.679 56
197.686 56
197.692 56
197.698 56
197.704 56
197.711 56
197.717 56
197.723 56
197.73 56
197.736 56
197.742 56
197.749 56
197.755 56
197.761 56
197.768 56
197.774 56
197.78 57
197.786 57
197.793 57
197.799 57
197.805 57
197.812 57
197.818 57
197.824 57
197.831 57
197.837 57
197.843 57
197.849 57
197.856 57
197.862 57
197.868 57
197.875 57
197.881 57
197.887 57
197.894 57
197.9 57
197.906 57
197.913 57
197.919 57
197.925 57
197.931 57
197.938 57
197.944 57
197.95 57
197.957 57
197.963 57
197.969 57
197.976 57
197.982 57
197.988 57
197.994 57
198.001 57
198.007 57
198.013 57
198.02 57
198.026 57
198.032 57
198.039 57
198.045 57
198.051 57
198.058 57
198.064 57
198.07 57
198.076 57
198.083 57
198.089 57
198.095 57
198.102 57
198.108 57
198.114 57
198.121 57
198.127 57
198.133 57
198.139 57
198.146 58
198.152 58
198.158 58
198.165 58
198.171 58
198.177 58
198.184 58
198.19 58
198.196 58
198.203 58
198.209 58
198.215 58
198.221 58
198.228 58
198.234 58
198.24 58
198.247 58
198.253 58
198.259 58
198.266 58
198.272 58
198.278 58
198.284 58
198.291 58
198.297 58
198.303 58
198.31 58
198.316 58
198.322 58
198.329 58
198.335 58
198.341 58
198.348 58
198.354 58
198.36 58
198.366 58
198.373 58
198.379 58
198.385 58
198.392 58
198.398 58
198.404 58
198.411 58
198.417 58
198.423 58
198.429 58
198.436 58
198.442 58
198.448 58
198.455 58
198.461 58
198.467 58
198.474 58
198.48 58
198.486 58
198.492 58
198.499 58
198.505 58
198.511 58
198.518 58
198.524 59
198.53 59
198.537 59
198.543 59
198.549 59
198.556 59
198.562 59
198.568 59
198.574 59
198.581 59
198.587 59
198.593 59
198.6 59
198.606 59
198.612 59
198.619 59
198.625 59
198.631 59
198.637 59
198.644 59
198.65 59
198.656 59
198.663 59
198.669 59
198.675 59
198.682 59
198.688 59
198.694 59
198.701 59
198.707 59
198.713 59
198.719 59
198.726 59
198.732 59
198.738 59
198.745 59
198.751 59
198.757 59
198.764 59
198.77 59
198.776 59
198.782 59
198.789 59
198.795 59
198.801 59
198.808 59
198.814 59
198.82 59
198.827 59
198.833 59
198.839 59
198.846 59
198.852 59
198.858 59
198.864 59
198.871 59
198.877 59
198.883 59
198.89 59
198.896 59
198.902 60
198.909 60
198.915 60
198.921 60
198.927 60
198.934 60
198.94 60
198.946 60
198.953 60
198.959 60
198.965 60
198.972 60
198.978 60
198.984 60
198.991 60
198.997 60
199.003 60
199.009 60
199.016 60
199.022 60
199.028 60
199.035 60
199.041 60
199.047 60
199.054 60
199.06 60
199.066 60
199.072 60
199.079 60
199.085 60
199.091 60
199.098 60
199.104 60
199.11 60
199.117 60
199.123 60
199.129 60
199.136 60
199.142 60
199.148 60
199.154 60
199.161 60
199.167 60
199.173 60
199.18 60
199.186 60
199.192 60
199.199 60
199.205 60
199.211 60
199.217 60
199.224 60
199.23 60
199.236 60
199.243 60
199.249 60
199.255 60
199.262 60
199.268 60
199.274 60
199.28 60
199.287 60
199.293 60
199.299 61
199.306 61
199.312 61
199.318 61
199.325 61
199.331 61
199.337 61
199.344 61
199.35 61
199.356 61
199.362 61
199.369 61
199.375 61
199.381 61
199.388 61
199.394 61
199.4 61
199.407 61
199.413 61
199.419 61
199.425 61
199.432 61
199.438 61
199.444 61
199.451 61
199.457 61
199.463 61
199.47 61
199.476 61
199.482 61
199.489 61
199.495 61
199.501 61
199.507 61
199.514 61
199.52 61
199.526 61
199.533 61
199.539 61
199.545 61
199.552 61
199.558 61
199.564 61
199.57 61
199.577 61
199.583 61
199.589 61
199.596 61
199.602 61
199.608 61
199.615 61
199.621 61
199.627 61
199.634 61
199.64 61
199.646 61
199.652 61
199.659 61
199.665 61
199.671 61
199.678 61
199.684 61
199.69 62
199.697 62
199.703 62
199.709 62
199.715 62
199.722 62
199.728 62
199.734 62
199.741 62
199.747 62
199.753 62
199.76 62
199.766 62
199.772 62
199.779 62
199.785 62
199.791 62
199.797 62
199.804 62
199.81 62
199.816 62
199.823 62
199.829 62
199.835 62
199.842 62
199.848 62
199.854 62
199.86 62
199.867 62
199.873 62
199.879 62
199.886 62
199.892 62
199.898 62
199.905 62
199.911 62
199.917 62
199.924 62
199.93 62
199.936 62
199.942 62
199.949 62
199.955 62
199.961 62
199.968 62
199.974 62
199.98 62
199.987 62
199.993 62
199.999 62
