175.003 38
175.01 38
175.016 38
175.022 38
175.028 38
175.035 38
175.041 38
175.047 38
175.054 38
175.06 38
175.066 38
175.073 38
175.079 38
175.085 38
175.091 38
175.098 38
175.104 38
175.11 38
175.117 38
175.123 38
175.129 38
175.136 38
175.142 38
175.148 38
175.155 39
175.161 39
175.167 39
175.173 39
175.18 39
175.186 39
175.192 39
175.199 39
175.205 39
175.211 39
175.218 39
175.224 39
175.23 39
175.236 39
175.243 39
175.249 39
175.255 39
175.262 39
175.268 39
175.274 39
175.281 39
175.287 39
175.293 39
175.3 39
175.306 39
175.312 39
175.318 39
175.325 39
175.331 39
175.337 39
175.344 39
175.35 39
175.356 39
175.363 39
175.369 39
175.375 39
175.381 39
175.388 39
175.394 39
175.4 39
175.407 40
175.413 40
175.419 40
175.426 40
175.432 40
175.438 40
175.445 40
175.451 40
175.457 40
175.463 40
175.47 40
175.476 40
175.482 40
175.489 40
175.495 40
175.501 40
175.508 40
175.514 40
175.52 40
175.526 40
175.533 40
175.539 40
175.545 40
175.552 40
175.558 40
175.564 40
175.571 40
175.577 40
175.583 40
175.589 40
175.596 40
175.602 40
175.608 40
175.615 40
175.621 40
175.627 40
175.634 40
175.64 40
175.646 40
175.653 40
175.659 40
175.665 41
175.671 41
175.678 41
175.684 41
175.69 41
175.697 41
175.703 41
175.709 41
175.716 41
175.722 41
175.728 41
175.734 41
175.741 41
175.747 41
175.753 41
175.76 41
175.766 41
175.772 41
175.779 41
175.785 41
175.791 41
175.798 41
175.804 41
175.81 41
175.816 41
175.823 41
175.829 41
175.835 41
175.842 41
175.848 41
175.854 41
175.861 41
175.867 41
175.873 41
175.879 41
175.886 41
175.892 41
175.898 41
175.905 41
175.911 41
175.917 41
175.924 41
175.93 42
175.936 42
175.943 42
175.949 42
175.955 42
175.961 42
175.968 42
175.974 42
175.98 42
175.987 42
175.993 42
175.999 42
176.006 42
176.012 42
176.018 42
176.024 42
176.031 42
176.037 42
176.043 42
176.05 42
176.056 42
176.062 42
176.069 42
176.075 42
176.081 42
176.088 42
176.094 42
176.1 42
176.106 42
176.113 42
176.119 42
176.125 42
176.132 42
176.138 42
176.144 42
176.151 42
176.157 42
176.163 42
176.169 42
176.176 42
176.182 42
176.188 42
176.195 42
176.201 43
176.207 43
176.214 43
176.22 43
176.226 43
176.233 43
176.239 43
176.245 43
176.251 43
176.258 43
176.264 43
176.27 43
176.277 43
176.283 43
176.289 43
176.296 43
176.302 43
176.308 43
176.314 43
176.321 43
176.327 43
176.333 43
176.34 43
176.346 43
176.352 43
176.359 43
176.365 43
176.371 43
176.377 43
176.384 43
176.39 43
176.396 43
176.403 43
176.409 43
176.415 43
176.422 43
176.428 43
176.434 43
176.441 43
176.447 43
176.453 43
176.459 43
176.466 43
176.472 43
176.478 43
176.485 44
176.491 44
176.497 44
176.504 44
176.51 44
176.516 44
176.522 44
176.529 44
176.535 44
176.541 44
176.548 44
176.554 44
176.56 44
176.567 44
176.573 44
176.579 44
176.586 44
176.592 44
176.598 44
176.604 44
176.611 44
176.617 44
176.623 44
176.63 44
176.636 44
176.642 44
176.649 44
176.655 44
176.661 44
176.667 44
176.674 44
176.68 44
176.686 44
176.693 44
176.699 44
176.705 44
176.712 44
176.719 44
176.725 44
176.732 44
176.738 44
176.744 44
176.751 44
176.757 44
176.764 44
176.771 45
176.778 45
176.784 45
176.791 45
176.797 45
176.804 45
176.811 45
176.817 45
176.823 45
176.83 45
176.836 45
176.843 45
176.849 45
176.856 45
176.862 45
176.869 45
176.875 45
176.882 45
176.888 45
176.894 45
176.901 45
176.907 45
176.913 45
176.919 45
176.926 45
176.932 45
176.938 45
176.945 45
176.951 45
176.957 45
176.964 45
176.97 45
176.977 45
176.983 45
176.99 45
176.997 45
177.003 45
177.01 45
177.016 45
177.022 45
177.029 45
177.035 45
177.041 45
177.048 45
177.054 45
177.06 45
177.067 46
177.073 46
177.079 46
177.086 46
177.092 46
177.098 46
177.105 46
177.111 46
177.118 46
177.124 46
177.131 46
177.137 46
177.144 46
177.15 46
177.157 46
177.163 46
177.17 46
177.176 46
177.182 46
177.188 46
177.195 46
177.201 46
177.207 46
177.214 46
177.22 46
177.226 46
177.233 46
177.239 46
177.245 46
177.251 46
177.258 46
177.264 46
177.27 46
177.277 46
177.283 46
177.289 46
177.296 46
177.302 46
177.308 46
177.315 46
177.321 46
177.327 46
177.333 46
177.34 46
177.346 46
177.352 46
177.359 46
177.365 47
177.371 47
177.378 47
177.384 47
177.39 47
177.396 47
177.403 47
177.409 47
177.415 47
177.422 47
177.428 47
177.434 47
177.441 47
177.447 47
177.453 47
177.46 47
177.466 47
177.472 47
177.478 47
177.485 47
177.491 47
177.497 47
177.504 47
177.51 47
177.516 47
177.523 47
177.529 47
177.535 47
177.541 47
177.548 47
177.554 47
177.56 47
177.567 47
177.573 47
177.579 47
177.586 47
177.592 47
177.598 47
177.605 47
177.611 47
177.617 47
177.623 47
177.63 47
177.636 47
177.642 47
177.649 47
177.655 47
177.661 47
177.668 48
177.674 48
177.68 48
177.686 48
177.693 48
177.699 48
177.705 48
177.712 48
177.718 48
177.724 48
177.731 48
177.737 48
177.743 48
177.749 48
177.756 48
177.762 48
177.768 48
177.775 48
177.781 48
177.787 48
177.794 48
177.8 48
177.806 48
177.813 48
177.819 48
177.825 48
177.831 48
177.838 48
177.844 48
177.85 48
177.857 48
177.863 48
177.869 48
177.876 48
177.882 48
177.888 48
177.894 48
177.901 48
177.907 48
177.913 48
177.92 48
177.926 48
177.932 48
177.939 48
177.945 48
177.951 48
177.958 48
177.964 48
177.97 48
177.976 48
177.983 49
177.989 49
177.995 49
178.002 49
178.008 49
178.014 49
178.021 49
178.027 49
178.033 49
178.039 49
178.046 49
178.052 49
178.058 49
178.065 49
178.071 49
178.077 49
178.084 49
178.09 49
178.096 49
178.103 49
178.109 49
178.115 49
178.121 49
178.128 49
178.134 49
178.14 49
178.147 49
178.153 49
178.159 49
178.166 49
178.172 49
178.178 49
178.184 49
178.191 49
178.197 49
178.203 49
178.21 49
178.216 49
178.222 49
178.229 49
178.235 49
178.241 49
178.248 49
178.254 49
178.26 49
178.266 49
178.273 49
178.279 49
178.285 49
178.292 49
178.298 50
178.304 50
178.311 50
178.317 50
178.323 50
178.329 50
178.336 50
178.342 50
178.348 50
178.355 50
178.361 50
178.367 50
178.374 50
178.38 50
178.386 50
178.393 50
178.399 50
178.405 50
178.411 50
178.418 50
178.424 50
178.43 50
178.437 50
178.443 50
178.449 50
178.456 50
178.462 50
178.468 50
178.474 50
178.481 50
178.487 50
178.493 50
178.5 50
178.506 50
178.512 50
178.519 50
178.525 50
178.531 50
178.537 50
178.544 50
178.55 50
178.556 50
178.563 50
178.569 50
178.575 50
178.582 50
178.588 50
178.594 50
178.601 50
178.607 50
178.613 50
178.619 50
178.626 51
178.632 51
178.638 51
178.645 51
178.651 51
178.657 51
178.664 51
178.67 51
178.676 51
178.682 51
178.689 51
178.695 51
178.701 51
178.708 51
178.714 51
178.72 51
178.727 51
178.733 51
178.739 51
178.746 51
178.752 51
178.758 51
178.764 51
178.771 51
178.777 51
178.783 51
178.79 51
178.796 51
178.802 51
178.809 51
178.815 51
178.821 51
178.827 51
178.834 51
178.84 51
178.846 51
178.853 51
178.859 51
178.865 51
178.872 51
178.878 51
178.884 51
178.891 51
178.897 51
178.903 51
178.909 51
178.916 51
178.922 51
178.928 51
178.935 51
178.941 51
178.947 51
178.954 52
178.96 52
178.966 52
178.972 52
178.979 52
178.985 52
178.991 52
178.998 52
179.004 52
179.01 52
179.017 52
179.023 52
179.029 52
179.036 52
179.042 52
179.048 52
179.054 52
179.061 52
179.067 52
179.073 52
179.08 52
179.086 52
179.092 52
179.099 52
179.105 52
179.111 52
179.117 52
179.124 52
179.13 52
179.136 52
179.143 52
179.149 52
179.155 52
179.162 52
179.168 52
179.174 52
179.181 52
179.187 52
179.193 52
179.199 52
179.206 52
179.212 52
179.218 52
179.225 52
179.231 52
179.237 52
179.244 52
179.25 52
179.256 52
179.262 52
179.269 52
179.275 52
179.281 52
179.288 53
179.294 53
179.3 53
179.307 53
179.313 53
179.319 53
179.325 53
179.332 53
179.338 53
179.344 53
179.351 53
179.357 53
179.363 53
179.37 53
179.376 53
179.382 53
179.389 53
179.395 53
179.401 53
179.407 53
179.414 53
179.42 53
179.426 53
179.433 53
179.439 53
179.445 53
179.452 53
179.458 53
179.464 53
179.47 53
179.477 53
179.483 53
179.489 53
179.496 53
179.502 53
179.508 53
179.515 53
179.521 53
179.527 53
179.534 53
179.54 53
179.546 53
179.552 53
179.559 53
179.565 53
179.571 53
179.578 53
179.584 53
179.59 53
179.597 53
179.603 53
179.609 53
179.615 53
179.622 53
179.628 53
179.634 54
179.641 54
179.647 54
179.653 54
179.66 54
179.666 54
179.672 54
179.679 54
179.685 54
179.691 54
179.697 54
179.704 54
179.71 54
179.716 54
179.723 54
179.729 54
179.735 54
179.742 54
179.748 54
179.754 54
179.76 54
179.767 54
179.773 54
179.779 54
179.786 54
179.792 54
179.798 54
179.805 54
179.811 54
179.817 54
179.824 54
179.83 54
179.836 54
179.842 54
179.849 54
179.855 54
179.861 54
179.868 54
179.874 54
179.88 54
179.887 54
179.893 54
179.899 54
179.905 54
179.912 54
179.918 54
179.924 54
179.931 54
179.937 54
179.943 54
179.95 54
179.956 54
179.962 54
179.969 54
179.975 54
179.981 55
179.987 55
179.994 55
180 55
180.006 55
180.013 55
180.019 55
180.025 55
180.032 55
180.038 55
180.044 55
180.05 55
180.057 55
180.063 55
180.069 55
180.076 55
180.082 55
180.088 55
180.095 55
180.101 55
180.107 55
180.113 55
180.12 55
180.126 55
180.132 55
180.139 55
180.145 55
180.151 55
180.158 55
180.164 55
180.17 55
180.177 55
180.183 55
180.189 55
180.195 55
180.202 55
180.208 55
180.214 55
180.221 55
180.227 55
180.233 55
180.24 55
180.246 55
180.252 55
180.258 55
180.265 55
180.271 55
180.277 55
180.284 55
180.29 55
180.296 55
180.303 55
180.309 55
180.315 55
180.322 55
180.328 55
180.334 55
180.34 56
180.347 56
180.353 56
180.359 56
180.366 56
180.372 56
180.378 56
180.385 56
180.391 56
180.397 56
180.403 56
180.41 56
180.416 56
180.422 56
180.429 56
180.435 56
180.441 56
180.448 56
180.454 56
180.46 56
180.467 56
180.473 56
180.479 56
180.485 56
180.492 56
180.498 56
180.504 56
180.511 56
180.517 56
180.523 56
180.53 56
180.536 56
180.542 56
180.548 56
180.555 56
180.561 56
180.567 56
180.574 56
180.58 56
180.586 56
180.593 56
180.599 56
180.605 56
180.612 56
180.618 56
180.624 56
180.63 56
180.637 56
180.643 56
180.649 56
180.656 56
180.662 56
180.668 56
180.675 56
180.681 56
180.687 56
180.693 56
180.7 57
180.706 57
180.712 57
180.719 57
180.725 57
180.731 57
180.738 57
180.744 57
180.75 57
180.757 57
180.763 57
180.769 57
180.775 57
180.782 57
180.788 57
180.794 57
180.801 57
180.807 57
180.813 57
180.82 57
180.826 57
180.832 57
180.838 57
180.845 57
180.851 57
180.857 57
180.864 57
180.87 57
180.876 57
180.883 57
180.889 57
180.895 57
180.901 57
180.908 57
180.914 57
180.92 57
180.927 57
180.933 57
180.939 57
180.946 57
180.952 57
180.958 57
180.965 57
180.971 57
180.977 57
180.983 57
180.99 57
180.996 57
181.002 57
181.009 57
181.015 57
181.021 57
181.028 57
181.034 57
181.04 57
181.046 57
181.053 57
181.059 57
181.065 57
181.072 58
181.078 58
181.084 58
181.091 58
181.097 58
181.103 58
181.11 58
181.116 58
181.122 58
181.128 58
181.135 58
181.141 58
181.147 58
181.154 58
181.16 58
181.166 58
181.173 58
181.179 58
181.185 58
181.191 58
181.198 58
181.204 58
181.21 58
181.217 58
181.223 58
181.229 58
181.236 58
181.242 58
181.248 58
181.255 58
181.261 58
181.267 58
181.273 58
181.28 58
181.286 58
181.292 58
181.299 58
181.305 58
181.311 58
181.318 58
181.324 58
181.33 58
181.336 58
181.343 58
181.349 58
181.355 58
181.362 58
181.368 58
181.374 58
181.381 58
181.387 58
181.393 58
181.4 58
181.406 58
181.412 58
181.418 58
181.425 58
181.431 58
181.437 58
181.444 58
181.45 59
181.456 59
181.463 59
181.469 59
181.475 59
181.481 59
181.488 59
181.494 59
181.5 59
181.507 59
181.513 59
181.519 59
181.526 59
181.532 59
181.538 59
181.545 59
181.551 59
181.557 59
181.563 59
181.57 59
181.576 59
181.582 59
181.589 59
181.595 59
181.601 59
181.608 59
181.614 59
181.62 59
181.626 59
181.633 59
181.639 59
181.645 59
181.652 59
181.658 59
181.664 59
181.671 59
181.677 59
181.683 59
181.689 59
181.696 59
181.702 59
181.708 59
181.715 59
181.721 59
181.727 59
181.734 59
181.74 59
181.746 59
181.753 59
181.759 59
181.765 59
181.771 59
181.778 59
181.784 59
181.79 59
181.797 59
181.803 59
181.809 59
181.816 59
181.822 59
181.828 60
181.834 60
181.841 60
181.847 60
181.853 60
181.86 60
181.866 60
181.872 60
181.879 60
181.885 60
181.891 60
181.898 60
181.904 60
181.91 60
181.916 60
181.923 60
181.929 60
181.935 60
181.942 60
181.948 60
181.954 60
181.961 60
181.967 60
181.973 60
181.979 60
181.986 60
181.992 60
181.998 60
182.005 60
182.011 60
182.017 60
182.024 60
182.03 60
182.036 60
182.043 60
182.049 60
182.055 60
182.061 60
182.068 60
182.074 60
182.08 60
182.087 60
182.093 60
182.099 60
182.106 60
182.112 60
182.118 60
182.124 60
182.131 60
182.137 60
182.143 60
182.15 60
182.156 60
182.162 60
182.169 60
182.175 60
182.181 60
182.188 60
182.194 60
182.2 60
182.206 60
182.213 60
182.219 61
182.225 61
182.232 61
182.238 61
182.244 61
182.251 61
182.257 61
182.263 61
182.269 61
182.276 61
182.282 61
182.288 61
182.295 61
182.301 61
182.307 61
182.314 61
182.32 61
182.326 61
182.333 61
182.339 61
182.345 61
182.351 61
182.358 61
182.364 61
182.37 61
182.377 61
182.383 61
182.389 61
182.396 61
182.402 61
182.408 61
182.414 61
182.421 61
182.427 61
182.433 61
182.44 61
182.446 61
182.452 61
182.459 61
182.465 61
182.471 61
182.477 61
182.484 61
182.49 61
182.496 61
182.503 61
182.509 61
182.515 61
182.522 61
182.528 61
182.534 61
182.541 61
182.547 61
182.553 61
182.559 61
182.566 61
182.572 61
182.578 61
182.585 61
182.591 61
182.597 61
182.604 61
182.61 61
182.616 62
182.622 62
182.629 62
182.635 62
182.641 62
182.648 62
182.654 62
182.66 62
182.667 62
182.673 62
182.679 62
182.686 62
182.692 62
182.698 62
182.704 62
182.711 62
182.717 62
182.723 62
182.73 62
182.736 62
182.742 62
182.749 62
182.755 62
182.761 62
182.767 62
182.774 62
182.78 62
182.786 62
182.793 62
182.799 62
182.805 62
182.812 62
182.818 62
182.824 62
182.831 62
182.837 62
182.843 62
182.849 62
182.856 62
182.862 62
182.868 62
182.875 62
182.881 62
182.887 62
182.894 62
182.9 62
182.906 62
182.912 62
182.919 62
182.925 62
182.931 62
182.938 62
182.944 62
182.95 62
182.957 62
182.963 62
182.969 62
182.976 62
182.982 62
182.988 62
182.994 62
183.001 62
183.007 62
183.013 62
183.02 63
183.026 63
183.032 63
183.039 63
183.045 63
183.051 63
183.057 63
183.064 63
183.07 63
183.076 63
183.083 63
183.089 63
183.095 63
183.102 63
183.108 63
183.114 63
183.121 63
183.127 63
183.133 63
183.139 63
183.146 63
183.152 63
183.158 63
183.165 63
183.171 63
183.177 63
183.184 63
183.19 63
183.196 63
183.202 63
183.209 63
183.215 63
183.221 63
183.228 63
183.234 63
183.24 63
183.247 63
183.253 63
183.259 63
183.265 63
183.272 63
183.278 63
183.284 63
183.291 63
183.297 63
183.303 63
183.31 63
183.316 63
183.322 63
183.329 63
183.335 63
183.341 63
183.347 63
183.354 63
183.36 63
183.366 63
183.373 63
183.379 63
183.385 63
183.392 63
183.398 63
183.404 63
183.41 63
183.417 63
183.423 63
183.429 64
183.436 64
183.442 64
183.448 64
183.455 64
183.461 64
183.467 64
183.474 64
183.48 64
183.486 64
183.492 64
183.499 64
183.505 64
183.511 64
183.518 64
183.524 64
183.53 64
183.537 64
183.543 64
183.549 64
183.555 64
183.562 64
183.568 64
183.574 64
183.581 64
183.587 64
183.593 64
183.6 64
183.606 64
183.612 64
183.619 64
183.625 64
183.631 64
183.637 64
183.644 64
183.65 64
183.656 64
183.663 64
183.669 64
183.675 64
183.682 64
183.688 64
183.694 64
183.7 64
183.707 64
183.713 64
183.719 64
183.726 64
183.732 64
183.738 64
183.745 64
183.751 64
183.757 64
183.764 64
183.77 64
183.776 64
183.782 64
183.789 64
183.795 64
183.801 64
183.808 64
183.814 64
183.82 64
183.827 64
183.833 64
183.839 65
183.845 65
183.852 65
183.858 65
183.864 65
183.871 65
183.877 65
183.883 65
183.89 65
183.896 65
183.902 65
183.909 65
183.915 65
183.921 65
183.927 65
183.934 65
183.94 65
183.946 65
183.953 65
183.959 65
183.965 65
183.972 65
183.978 65
183.984 65
183.99 65
183.997 65
184.003 65
184.009 65
184.016 65
184.022 65
184.028 65
184.035 65
184.041 65
184.047 65
184.053 65
184.06 65
184.066 65
184.072 65
184.079 65
184.085 65
184.091 65
184.098 65
184.104 65
184.11 65
184.117 65
184.123 65
184.129 65
184.135 65
184.142 65
184.148 65
184.154 65
184.161 65
184.167 65
184.173 65
184.18 65
184.186 65
184.192 65
184.198 65
184.205 65
184.211 65
184.217 65
184.224 65
184.23 65
184.236 65
184.243 65
184.249 65
184.255 65
184.262 65
184.268 66
184.274 66
184.28 66
184.287 66
184.293 66
184.299 66
184.306 66
184.312 66
184.318 66
184.325 66
184.331 66
184.337 66
184.343 66
184.35 66
184.356 66
184.362 66
184.369 66
184.375 66
184.381 66
184.388 66
184.394 66
184.4 66
184.407 66
184.413 66
184.419 66
184.425 66
184.432 66
184.438 66
184.444 66
184.451 66
184.457 66
184.463 66
184.47 66
184.476 66
184.482 66
184.488 66
184.495 66
184.501 66
184.507 66
184.514 66
184.52 66
184.526 66
184.533 66
184.539 66
184.545 66
184.552 66
184.558 66
184.564 66
184.57 66
184.577 66
184.583 66
184.589 66
184.596 66
184.602 66
184.608 66
184.615 66
184.621 66
184.627 66
184.633 66
184.64 66
184.646 66
184.652 66
184.659 66
184.665 66
184.671 66
184.678 66
184.684 66
184.69 66
184.697 67
184.703 67
184.709 67
184.715 67
184.722 67
184.728 67
184.734 67
184.741 67
184.747 67
184.753 67
184.76 67
184.766 67
184.772 67
184.778 67
184.785 67
184.791 67
184.797 67
184.804 67
184.81 67
184.816 67
184.823 67
184.829 67
184.835 67
184.841 67
184.848 67
184.854 67
184.86 67
184.867 67
184.873 67
184.879 67
184.886 67
184.892 67
184.898 67
184.905 67
184.911 67
184.917 67
184.923 67
184.93 67
184.936 67
184.942 67
184.949 67
184.955 67
184.961 67
184.968 67
184.974 67
184.98 67
184.986 67
184.993 67
184.999 67
185.005 67
185.012 67
185.018 67
185.024 67
185.031 67
185.037 67
185.043 67
185.05 67
185.056 67
185.062 67
185.068 67
185.075 67
185.081 67
185.087 67
185.094 67
185.1 67
185.106 67
185.113 67
185.119 67
185.125 68
185.131 68
185.138 68
185.144 68
185.15 68
185.157 68
185.163 68
185.169 68
185.176 68
185.182 68
185.188 68
185.195 68
185.201 68
185.207 68
185.213 68
185.22 68
185.226 68
185.232 68
185.239 68
185.245 68
185.251 68
185.258 68
185.264 68
185.27 68
185.276 68
185.283 68
185.289 68
185.295 68
185.302 68
185.308 68
185.314 68
185.321 68
185.327 68
185.333 68
185.34 68
185.346 68
185.352 68
185.358 68
185.365 68
185.371 68
185.377 68
185.384 68
185.39 68
185.396 68
185.403 68
185.409 68
185.415 68
185.421 68
185.428 68
185.434 68
185.44 68
185.447 68
185.453 68
185.459 68
185.466 68
185.472 68
185.478 68
185.485 68
185.491 68
185.497 68
185.503 68
185.51 68
185.516 68
185.522 68
185.529 68
185.535 68
185.541 68
185.548 68
185.554 68
185.56 68
185.566 68
185.573 69
185.579 69
185.585 69
185.592 69
185.598 69
185.604 69
185.611 69
185.617 69
185.623 69
185.629 69
185.636 69
185.642 69
185.648 69
185.655 69
185.661 69
185.667 69
185.674 69
185.68 69
185.686 69
185.693 69
185.699 69
185.705 69
185.711 69
185.718 69
185.724 69
185.73 69
185.737 69
185.743 69
185.749 69
185.756 69
185.762 69
185.768 69
185.774 69
185.781 69
185.787 69
185.793 69
185.8 69
185.806 69
185.812 69
185.819 69
185.825 69
185.831 69
185.838 69
185.844 69
185.85 69
185.856 69
185.863 69
185.869 69
185.875 69
185.882 69
185.888 69
185.894 69
185.901 69
185.907 69
185.913 69
185.919 69
185.926 69
185.932 69
185.938 69
185.945 69
185.951 69
185.957 69
185.964 69
185.97 69
185.976 69
185.983 69
185.989 69
185.995 69
186.001 69
186.008 69
186.014 69
186.02 70
186.027 70
186.033 70
186.039 70
186.046 70
186.052 70
186.058 70
186.064 70
186.071 70
186.077 70
186.083 70
186.09 70
186.096 70
186.102 70
186.109 70
186.115 70
186.121 70
186.128 70
186.134 70
186.14 70
186.146 70
186.153 70
186.159 70
186.165 70
186.172 70
186.178 70
186.184 70
186.191 70
186.197 70
186.203 70
186.209 70
186.216 70
186.222 70
186.228 70
186.235 70
186.241 70
186.247 70
186.254 70
186.26 70
186.266 70
186.273 70
186.279 70
186.285 70
186.291 70
186.298 70
186.304 70
186.31 70
186.317 70
186.323 70
186.329 70
186.336 70
186.342 70
186.348 70
186.354 70
186.361 70
186.367 70
186.373 70
186.38 70
186.386 70
186.392 70
186.399 70
186.405 70
186.411 70
186.417 70
186.424 70
186.43 70
186.436 70
186.443 70
186.449 70
186.455 70
186.462 70
186.468 70
186.474 71
186.481 71
186.487 71
186.493 71
186.499 71
186.506 71
186.512 71
186.518 71
186.525 71
186.531 71
186.537 71
186.544 71
186.55 71
186.556 71
186.562 71
186.569 71
186.575 71
186.581 71
186.588 71
186.594 71
186.6 71
186.607 71
186.613 71
186.619 71
186.626 71
186.632 71
186.638 71
186.644 71
186.651 71
186.657 71
186.663 71
186.67 71
186.676 71
186.682 71
186.689 71
186.695 71
186.701 71
186.707 71
186.714 71
186.72 71
186.726 71
186.733 71
186.739 71
186.745 71
186.752 71
186.758 71
186.764 71
186.771 71
186.777 71
186.783 71
186.789 71
186.796 71
186.802 71
186.808 71
186.815 71
186.821 71
186.827 71
186.834 71
186.84 71
186.846 71
186.852 71
186.859 71
186.865 71
186.871 71
186.878 71
186.884 71
186.89 71
186.897 71
186.903 71
186.909 71
186.916 71
186.922 71
186.928 71
186.934 72
186.941 72
186.947 72
186.953 72
186.96 72
186.966 72
186.972 72
186.979 72
186.985 72
186.991 72
186.997 72
187.004 72
187.01 72
187.016 72
187.023 72
187.029 72
187.035 72
187.042 72
187.048 72
187.054 72
187.061 72
187.067 72
187.073 72
187.079 72
187.086 72
187.092 72
187.098 72
187.105 72
187.111 72
187.117 72
187.124 72
187.13 72
187.136 72
187.142 72
187.149 72
187.155 72
187.161 72
187.168 72
187.174 72
187.18 72
187.187 72
187.193 72
187.199 72
187.205 72
187.212 72
187.218 72
187.224 72
187.231 72
187.237 72
187.243 72
187.25 72
187.256 72
187.262 72
187.269 72
187.275 72
187.281 72
187.287 72
187.294 72
187.3 72
187.306 72
187.313 72
187.319 72
187.325 72
187.332 72
187.338 72
187.344 72
187.35 72
187.357 72
187.363 72
187.369 72
187.376 72
187.382 72
187.388 72
187.395 72
187.401 72
187.407 73
187.414 73
187.42 73
187.426 73
187.432 73
187.439 73
187.445 73
187.451 73
187.458 73
187.464 73
187.47 73
187.477 73
187.483 73
187.489 73
187.495 73
187.502 73
187.508 73
187.514 73
187.521 73
187.527 73
187.533 73
187.54 73
187.546 73
187.552 73
187.559 73
187.565 73
187.571 73
187.577 73
187.584 73
187.59 73
187.596 73
187.603 73
187.609 73
187.615 73
187.622 73
187.628 73
187.634 73
187.64 73
187.647 73
187.653 73
187.659 73
187.666 73
187.672 73
187.678 73
187.685 73
187.691 73
187.697 73
187.704 73
187.71 73
187.716 73
187.722 73
187.729 73
187.735 73
187.741 73
187.748 73
187.754 73
187.76 73
187.767 73
187.773 73
187.779 73
187.785 73
187.792 73
187.798 73
187.804 73
187.811 73
187.817 73
187.823 73
187.83 73
187.836 73
187.842 73
187.849 73
187.855 73
187.861 73
187.867 73
187.874 73
187.88 74
187.886 74
187.893 74
187.899 74
187.905 74
187.912 74
187.918 74
187.924 74
187.93 74
187.937 74
187.943 74
187.949 74
187.956 74
187.962 74
187.968 74
187.975 74
187.981 74
187.987 74
187.993 74
188 74
188.006 74
188.012 74
188.019 74
188.025 74
188.031 74
188.038 74
188.044 74
188.05 74
188.057 74
188.063 74
188.069 74
188.075 74
188.082 74
188.088 74
188.094 74
188.101 74
188.107 74
188.113 74
188.12 74
188.126 74
188.132 74
188.138 74
188.145 74
188.151 74
188.157 74
188.164 74
188.17 74
188.176 74
188.183 74
188.189 74
188.195 74
188.202 74
188.208 74
188.214 74
188.22 74
188.227 74
188.233 74
188.239 74
188.246 74
188.252 74
188.258 74
188.265 74
188.271 74
188.277 74
188.283 74
188.29 74
188.296 74
188.302 74
188.309 74
188.315 74
188.321 74
188.328 74
188.334 74
188.34 74
188.347 74
188.353 75
188.359 75
188.365 75
188.372 75
188.378 75
188.384 75
188.391 75
188.397 75
188.403 75
188.41 75
188.416 75
188.422 75
188.428 75
188.435 75
188.441 75
188.447 75
188.454 75
188.46 75
188.466 75
188.473 75
188.479 75
188.485 75
188.492 75
188.498 75
188.504 75
188.51 75
188.517 75
188.523 75
188.529 75
188.536 75
188.542 75
188.548 75
188.555 75
188.561 75
188.567 75
188.573 75
188.58 75
188.586 75
188.592 75
188.599 75
188.605 75
188.611 75
188.618 75
188.624 75
188.63 75
188.637 75
188.643 75
188.649 75
188.655 75
188.662 75
188.668 75
188.674 75
188.681 75
188.687 75
188.693 75
188.7 75
188.706 75
188.712 75
188.718 75
188.725 75
188.731 75
188.737 75
188.744 75
188.75 75
188.756 75
188.763 75
188.769 75
188.775 75
188.781 75
188.788 75
188.794 75
188.8 75
188.807 75
188.813 75
188.819 75
188.844 36
189.386 36
189.392 36
189.399 36
189.405 36
189.411 36
189.418 36
189.424 36
189.43 36
189.437 36
189.443 36
189.449 36
189.455 36
189.462 36
189.468 36
189.474 36
189.481 36
189.487 36
189.493 36
189.5 37
189.506 37
189.512 37
189.518 37
189.525 37
189.531 37
189.537 37
189.544 37
189.55 37
189.556 37
189.563 37
189.569 37
189.575 37
189.582 37
189.588 37
189.594 37
189.6 37
189.607 37
189.613 37
189.619 37
189.626 37
189.632 37
189.638 37
189.645 37
189.651 37
189.657 37
189.663 37
189.67 37
189.676 37
189.682 37
189.689 37
189.695 37
189.701 37
189.708 37
189.714 37
189.72 37
189.727 37
189.733 37
189.739 38
189.745 38
189.752 38
189.758 38
189.764 38
189.771 38
189.777 38
189.783 38
189.79 38
189.796 38
189.802 38
189.808 38
189.815 38
189.821 38
189.827 38
189.834 38
189.84 38
189.846 38
189.853 38
189.859 38
189.865 38
189.871 38
189.878 38
189.884 38
189.89 38
189.897 38
189.903 38
189.909 38
189.916 38
189.922 38
189.928 38
189.935 38
189.941 38
189.947 38
189.953 38
189.96 38
189.966 38
189.972 38
189.979 38
189.985 39
189.991 39
189.998 39
190.004 39
190.01 39
190.016 39
190.023 39
190.029 39
190.035 39
190.042 39
190.048 39
190.054 39
190.061 39
190.067 39
190.073 39
190.08 39
190.086 39
190.092 39
190.098 39
190.105 39
190.111 39
190.117 39
190.124 39
190.13 39
190.136 39
190.143 39
190.149 39
190.155 39
190.161 39
190.168 39
190.174 39
190.18 39
190.187 39
190.193 39
190.199 39
190.206 39
190.212 39
190.218 39
190.225 39
190.231 39
190.237 40
190.243 40
190.25 40
190.256 40
190.262 40
190.269 40
190.275 40
190.281 40
190.288 40
190.294 40
190.3 40
190.306 40
190.313 40
190.319 40
190.325 40
190.332 40
190.338 40
190.344 40
190.351 40
190.357 40
190.363 40
190.37 40
190.376 40
190.382 40
190.388 40
190.395 40
190.401 40
190.407 40
190.414 40
190.42 40
190.426 40
190.433 40
190.439 40
190.445 40
190.451 40
190.458 40
190.464 40
190.47 40
190.477 40
190.483 40
190.489 40
190.496 41
190.502 41
190.508 41
190.515 41
190.521 41
190.527 41
190.533 41
190.54 41
190.546 41
190.552 41
190.559 41
190.565 41
190.571 41
190.578 41
190.584 41
190.59 41
190.596 41
190.603 41
190.609 41
190.615 41
190.622 41
190.628 41
190.634 41
190.641 41
190.647 41
190.653 41
190.659 41
190.666 41
190.672 41
190.678 41
190.685 41
190.691 41
190.697 41
190.704 41
190.71 41
190.716 41
190.723 41
190.729 41
190.735 41
190.741 41
190.748 41
190.754 41
190.76 42
190.767 42
190.773 42
190.779 42
190.786 42
190.792 42
190.798 42
190.804 42
190.811 42
190.817 42
190.823 42
190.83 42
190.836 42
190.842 42
190.849 42
190.855 42
190.861 42
190.868 42
190.874 42
190.88 42
190.886 42
190.893 42
190.899 42
190.905 42
190.912 42
190.918 42
190.924 42
190.931 42
190.937 42
190.943 42
190.949 42
190.956 42
190.962 42
190.968 42
190.975 42
190.981 42
190.987 42
190.994 42
191 42
191.006 42
191.013 42
191.019 42
191.025 42
191.031 43
191.038 43
191.044 43
191.05 43
191.057 43
191.063 43
191.069 43
191.076 43
191.082 43
191.088 43
191.094 43
191.101 43
191.107 43
191.113 43
191.12 43
191.126 43
191.132 43
191.139 43
191.145 43
191.151 43
191.158 43
191.164 43
191.17 43
191.176 43
191.183 43
191.189 43
191.195 43
191.202 43
191.208 43
191.214 43
191.221 43
191.227 43
191.233 43
191.239 43
191.246 43
191.252 43
191.258 43
191.265 43
191.271 43
191.277 43
191.284 43
191.29 43
191.296 43
191.303 43
191.309 44
191.315 44
191.321 44
191.328 44
191.334 44
191.34 44
191.347 44
191.353 44
191.359 44
191.366 44
191.372 44
191.378 44
191.384 44
191.391 44
191.397 44
191.403 44
191.41 44
191.416 44
191.422 44
191.429 44
191.435 44
191.441 44
191.447 44
191.454 44
191.46 44
191.466 44
191.473 44
191.479 44
191.485 44
191.492 44
191.498 44
191.504 44
191.511 44
191.517 44
191.523 44
191.529 44
191.536 44
191.542 44
191.548 44
191.555 44
191.561 44
191.567 44
191.574 44
191.58 44
191.586 44
191.592 44
191.599 45
191.605 45
191.611 45
191.618 45
191.624 45
191.63 45
191.637 45
191.643 45
191.649 45
191.656 45
191.662 45
191.668 45
191.674 45
191.681 45
191.687 45
191.693 45
191.7 45
191.706 45
191.712 45
191.719 45
191.725 45
191.731 45
191.737 45
191.744 45
191.75 45
191.756 45
191.763 45
191.769 45
191.775 45
191.782 45
191.788 45
191.794 45
191.801 45
191.807 45
191.813 45
191.819 45
191.826 45
191.832 45
191.838 45
191.845 45
191.851 45
191.857 45
191.864 45
191.87 45
191.876 45
191.882 45
191.889 46
191.895 46
191.901 46
191.908 46
191.914 46
191.92 46
191.927 46
191.933 46
191.939 46
191.946 46
191.952 46
191.958 46
191.964 46
191.971 46
191.977 46
191.983 46
191.99 46
191.996 46
192.002 46
192.009 46
192.015 46
192.021 46
192.027 46
192.034 46
192.04 46
192.046 46
192.053 46
192.059 46
192.065 46
192.072 46
192.078 46
192.084 46
192.091 46
192.097 46
192.103 46
192.109 46
192.116 46
192.122 46
192.128 46
192.135 46
192.141 46
192.147 46
192.154 46
192.16 46
192.166 46
192.172 46
192.179 46
192.185 47
192.191 47
192.198 47
192.204 47
192.21 47
192.217 47
192.223 47
192.229 47
192.235 47
192.242 47
192.248 47
192.254 47
192.261 47
192.267 47
192.273 47
192.28 47
192.286 47
192.292 47
192.299 47
192.305 47
192.311 47
192.317 47
192.324 47
192.33 47
192.336 47
192.343 47
192.349 47
192.355 47
192.362 47
192.368 47
192.374 47
192.38 47
192.387 47
192.393 47
192.399 47
192.406 47
192.412 47
192.418 47
192.425 47
192.431 47
192.437 47
192.444 47
192.45 47
192.456 47
192.462 47
192.469 47
192.475 47
192.481 47
192.488 48
192.494 48
192.5 48
192.507 48
192.513 48
192.519 48
192.525 48
192.532 48
192.538 48
192.544 48
192.551 48
192.557 48
192.563 48
192.57 48
192.576 48
192.582 48
192.589 48
192.595 48
192.601 48
192.607 48
192.614 48
192.62 48
192.626 48
192.633 48
192.639 48
192.645 48
192.652 48
192.658 48
192.664 48
192.67 48
192.677 48
192.683 48
192.689 48
192.696 48
192.702 48
192.708 48
192.715 48
192.721 48
192.727 48
192.734 48
192.74 48
192.746 48
192.752 48
192.759 48
192.765 48
192.771 48
192.778 48
192.784 48
192.79 48
192.797 48
192.803 49
192.809 49
192.815 49
192.822 49
192.828 49
192.834 49
192.841 49
192.847 49
192.853 49
192.86 49
192.866 49
192.872 49
192.879 49
192.885 49
192.891 49
192.897 49
192.904 49
192.91 49
192.916 49
192.923 49
192.929 49
192.935 49
192.942 49
192.948 49
192.954 49
192.96 49
192.967 49
192.973 49
192.979 49
192.986 49
192.992 49
192.998 49
193.005 49
193.011 49
193.017 49
193.023 49
193.03 49
193.036 49
193.042 49
193.049 49
193.055 49
193.061 49
193.068 49
193.074 49
193.08 49
193.087 49
193.093 49
193.099 49
193.105 49
193.112 49
193.118 50
193.124 50
193.131 50
193.137 50
193.143 50
193.15 50
193.156 50
193.162 50
193.168 50
193.175 50
193.181 50
193.187 50
193.194 50
193.2 50
193.206 50
193.213 50
193.219 50
193.225 50
193.232 50
193.238 50
193.244 50
193.25 50
193.257 50
193.263 50
193.269 50
193.276 50
193.282 50
193.288 50
193.295 50
193.301 50
193.307 50
193.313 50
193.32 50
193.326 50
193.332 50
193.339 50
193.345 50
193.351 50
193.358 50
193.364 50
193.37 50
193.377 50
193.383 50
193.389 50
193.395 50
193.402 50
193.408 50
193.414 50
193.421 50
193.427 50
193.433 50
193.44 51
193.446 51
193.452 51
193.458 51
193.465 51
193.471 51
193.477 51
193.484 51
193.49 51
193.496 51
193.503 51
193.509 51
193.515 51
193.522 51
193.528 51
193.534 51
193.54 51
193.547 51
193.553 51
193.559 51
193.566 51
193.572 51
193.578 51
193.585 51
193.591 51
193.597 51
193.603 51
193.61 51
193.616 51
193.622 51
193.629 51
193.635 51
193.641 51
193.648 51
193.654 51
193.66 51
193.667 51
193.673 51
193.679 51
193.685 51
193.692 51
193.698 51
193.704 51
193.711 51
193.717 51
193.723 51
193.73 51
193.736 51
193.742 51
193.748 51
193.755 51
193.761 51
193.767 51
193.774 52
193.78 52
193.786 52
193.793 52
193.799 52
193.805 52
193.811 52
193.818 52
193.824 52
193.83 52
193.837 52
193.843 52
193.849 52
193.856 52
193.862 52
193.868 52
193.875 52
193.881 52
193.887 52
193.893 52
193.9 52
193.906 52
193.912 52
193.919 52
193.925 52
193.931 52
193.938 52
193.944 52
193.95 52
193.956 52
193.963 52
193.969 52
193.975 52
193.982 52
193.988 52
193.994 52
194.001 52
194.007 52
194.013 52
194.02 52
194.026 52
194.032 52
194.038 52
194.045 52
194.051 52
194.057 52
194.064 52
194.07 52
194.076 52
194.083 52
194.089 52
194.095 52
194.101 52
194.108 53
194.114 53
194.12 53
194.127 53
194.133 53
194.139 53
194.146 53
194.152 53
194.158 53
194.165 53
194.171 53
194.177 53
194.183 53
194.19 53
194.196 53
194.202 53
194.209 53
194.215 53
194.221 53
194.228 53
194.234 53
194.24 53
194.246 53
194.253 53
194.259 53
194.265 53
194.272 53
194.278 53
194.284 53
194.291 53
194.297 53
194.303 53
194.31 53
194.316 53
194.322 53
194.328 53
194.335 53
194.341 53
194.347 53
194.354 53
194.36 53
194.366 53
194.373 53
194.379 53
194.385 53
194.391 53
194.398 53
194.404 53
194.41 53
194.417 53
194.423 53
194.429 53
194.436 53
194.442 53
194.448 54
194.455 54
194.461 54
194.467 54
194.473 54
194.48 54
194.486 54
194.492 54
194.499 54
194.505 54
194.511 54
194.518 54
194.524 54
194.53 54
194.536 54
194.543 54
194.549 54
194.555 54
194.562 54
194.568 54
194.574 54
194.581 54
194.587 54
194.593 54
194.599 54
194.606 54
194.612 54
194.618 54
194.625 54
194.631 54
194.637 54
194.644 54
194.65 54
194.656 54
194.663 54
194.669 54
194.675 54
194.681 54
194.688 54
194.694 54
194.7 54
194.707 54
194.713 54
194.719 54
194.726 54
194.732 54
194.738 54
194.744 54
194.751 54
194.757 54
194.763 54
194.77 54
194.776 54
194.782 54
194.789 54
194.795 54
194.801 55
194.808 55
194.814 55
194.82 55
194.826 55
194.833 55
194.839 55
194.845 55
194.852 55
194.858 55
194.864 55
194.871 55
194.877 55
194.883 55
194.889 55
194.896 55
194.902 55
194.908 55
194.915 55
194.921 55
194.927 55
194.934 55
194.94 55
194.946 55
194.953 55
194.959 55
194.965 55
194.971 55
194.978 55
194.984 55
194.99 55
194.997 55
195.003 55
195.009 55
195.016 55
195.022 55
195.028 55
195.034 55
195.041 55
195.047 55
195.053 55
195.06 55
195.066 55
195.072 55
195.079 55
195.085 55
195.091 55
195.098 55
195.104 55
195.11 55
195.116 55
195.123 55
195.129 55
195.135 55
195.142 55
195.148 55
195.154 55
195.161 56
195.167 56
195.173 56
195.179 56
195.186 56
195.192 56
195.198 56
195.205 56
195.211 56
195.217 56
195.224 56
195.23 56
195.236 56
195.243 56
195.249 56
195.255 56
195.261 56
195.268 56
195.274 56
195.28 56
195.287 56
195.293 56
195.299 56
195.306 56
195.312 56
195.318 56
195.324 56
195.331 56
195.337 56
195.343 56
195.35 56
195.356 56
195.362 56
195.369 56
195.375 56
195.381 56
195.387 56
195.394 56
195.4 56
195.406 56
195.413 56
195.419 56
195.425 56
195.432 56
195.438 56
195.444 56
195.451 56
195.457 56
195.463 56
195.469 56
195.476 56
195.482 56
195.488 56
195.495 56
195.501 56
195.507 56
195.514 56
195.52 57
195.526 57
195.532 57
195.539 57
195.545 57
195.551 57
195.558 57
195.564 57
195.57 57
195.577 57
195.583 57
195.589 57
195.596 57
195.602 57
195.608 57
195.614 57
195.621 57
195.627 57
195.633 57
195.64 57
195.646 57
195.652 57
195.659 57
195.665 57
195.671 57
195.677 57
195.684 57
195.69 57
195.696 57
195.703 57
195.709 57
195.715 57
195.722 57
195.728 57
195.734 57
195.741 57
195.747 57
195.753 57
195.759 57
195.766 57
195.772 57
195.778 57
195.785 57
195.791 57
195.797 57
195.804 57
195.81 57
195.816 57
195.822 57
195.829 57
195.835 57
195.841 57
195.848 57
195.854 57
195.86 57
195.867 57
195.873 57
195.879 57
195.886 57
195.892 58
195.898 58
195.904 58
195.911 58
195.917 58
195.923 58
195.93 58
195.936 58
195.942 58
195.949 58
195.955 58
195.961 58
195.967 58
195.974 58
195.98 58
195.986 58
195.993 58
195.999 58
196.005 58
196.012 58
196.018 58
196.024 58
196.031 58
196.037 58
196.043 58
196.049 58
196.056 58
196.062 58
196.068 58
196.075 58
196.081 58
196.087 58
196.094 58
196.1 58
196.106 58
196.112 58
196.119 58
196.125 58
196.131 58
196.138 58
196.144 58
196.15 58
196.157 58
196.163 58
196.169 58
196.175 58
196.182 58
196.188 58
196.194 58
196.201 58
196.207 58
196.213 58
196.22 58
196.226 58
196.232 58
196.239 58
196.245 58
196.251 58
196.257 58
196.264 58
196.27 59
196.276 59
196.283 59
196.289 59
196.295 59
196.302 59
196.308 59
196.314 59
196.32 59
196.327 59
196.333 59
196.339 59
196.346 59
196.352 59
196.358 59
196.365 59
196.371 59
196.377 59
196.384 59
196.39 59
196.396 59
196.402 59
196.409 59
196.415 59
196.421 59
196.428 59
196.434 59
196.44 59
196.447 59
196.453 59
196.459 59
196.465 59
196.472 59
196.478 59
196.484 59
196.491 59
196.497 59
196.503 59
196.51 59
196.516 59
196.522 59
196.529 59
196.535 59
196.541 59
196.547 59
196.554 59
196.56 59
196.566 59
196.573 59
196.579 59
196.585 59
196.592 59
196.598 59
196.604 59
196.61 59
196.617 59
196.623 59
196.629 59
196.636 59
196.642 59
196.648 60
196.655 60
196.661 60
196.667 60
196.674 60
196.68 60
196.686 60
196.692 60
196.699 60
196.705 60
196.711 60
196.718 60
196.724 60
196.73 60
196.737 60
196.743 60
196.749 60
196.755 60
196.762 60
196.768 60
196.774 60
196.781 60
196.787 60
196.793 60
196.8 60
196.806 60
196.812 60
196.819 60
196.825 60
196.831 60
196.837 60
196.844 60
196.85 60
196.856 60
196.863 60
196.869 60
196.875 60
196.882 60
196.888 60
196.894 60
196.9 60
196.907 60
196.913 60
196.919 60
196.926 60
196.932 60
196.938 60
196.945 60
196.951 60
196.957 60
196.963 60
196.97 60
196.976 60
196.982 60
196.989 60
196.995 60
197.001 60
197.008 60
197.014 60
197.02 60
197.027 60
197.033 60
197.039 61
197.045 61
197.052 61
197.058 61
197.064 61
197.071 61
197.077 61
197.083 61
197.09 61
197.096 61
197.102 61
197.108 61
197.115 61
197.121 61
197.127 61
197.134 61
197.14 61
197.146 61
197.153 61
197.159 61
197.165 61
197.172 61
197.178 61
197.184 61
197.19 61
197.197 61
197.203 61
197.209 61
197.216 61
197.222 61
197.228 61
197.235 61
197.241 61
197.247 61
197.253 61
197.26 61
197.266 61
197.272 61
197.279 61
197.285 61
197.291 61
197.298 61
197.304 61
197.31 61
197.317 61
197.323 61
197.329 61
197.335 61
197.342 61
197.348 61
197.354 61
197.361 61
197.367 61
197.373 61
197.38 61
197.386 61
197.392 61
197.398 61
197.405 61
197.411 61
197.417 61
197.424 61
197.43 61
197.436 62
197.443 62
197.449 62
197.455 62
197.462 62
197.468 62
197.474 62
197.48 62
197.487 62
197.493 62
197.499 62
197.506 62
197.512 62
197.518 62
197.525 62
197.531 62
197.537 62
197.543 62
197.55 62
197.556 62
197.562 62
197.569 62
197.575 62
197.581 62
197.588 62
197.594 62
197.6 62
197.607 62
197.613 62
197.619 62
197.625 62
197.632 62
197.638 62
197.644 62
197.651 62
197.657 62
197.663 62
197.67 62
197.676 62
197.682 62
197.688 62
197.695 62
197.701 62
197.707 62
197.714 62
197.72 62
197.726 62
197.733 62
197.739 62
197.745 62
197.751 62
197.758 62
197.764 62
197.77 62
197.777 62
197.783 62
197.789 62
197.796 62
197.802 62
197.808 62
197.815 62
197.821 62
197.827 62
197.833 63
197.84 63
197.846 63
197.852 63
197.859 63
197.865 63
197.871 63
197.878 63
197.884 63
197.89 63
197.896 63
197.903 63
197.909 63
197.915 63
197.922 63
197.928 63
197.934 63
197.941 63
197.947 63
197.953 63
197.96 63
197.966 63
197.972 63
197.978 63
197.985 63
197.991 63
197.997 63
198.004 63
198.01 63
198.016 63
198.023 63
198.029 63
198.035 63
198.041 63
198.048 63
198.054 63
198.06 63
198.067 63
198.073 63
198.079 63
198.086 63
198.092 63
198.098 63
198.105 63
198.111 63
198.117 63
198.123 63
198.13 63
198.136 63
198.142 63
198.149 63
198.155 63
198.161 63
198.168 63
198.174 63
198.18 63
198.186 63
198.193 63
198.199 63
198.205 63
198.212 63
198.218 63
198.224 63
198.231 63
198.237 63
198.243 63
198.25 64
198.256 64
198.262 64
198.268 64
198.275 64
198.281 64
198.287 64
198.294 64
198.3 64
198.306 64
198.313 64
198.319 64
198.325 64
198.331 64
198.338 64
198.344 64
198.35 64
198.357 64
198.363 64
198.369 64
198.376 64
198.382 64
198.388 64
198.395 64
198.401 64
198.407 64
198.413 64
198.42 64
198.426 64
198.432 64
198.439 64
198.445 64
198.451 64
198.458 64
198.464 64
198.47 64
198.476 64
198.483 64
198.489 64
198.495 64
198.502 64
198.508 64
198.514 64
198.521 64
198.527 64
198.551 31
198.967 31
198.973 31
198.979 31
198.986 31
198.992 31
198.998 31
199.004 31
199.011 31
199.017 31
199.023 31
199.03 31
199.036 31
199.042 31
199.049 31
199.055 31
199.061 31
199.068 31
199.074 31
199.08 31
199.086 31
199.093 31
199.099 31
199.105 31
199.112 31
199.118 31
199.124 31
199.131 31
199.137 31
199.143 31
199.149 31
199.156 31
199.162 32
199.168 32
199.175 32
199.181 32
199.187 32
199.194 32
199.2 32
199.206 32
199.213 32
199.219 32
199.225 32
199.231 32
199.238 32
199.244 32
199.25 32
199.257 32
199.263 32
199.269 32
199.276 32
199.282 32
199.288 32
199.294 32
199.301 32
199.307 32
199.313 32
199.32 32
199.326 32
199.332 32
199.339 32
199.345 32
199.351 32
199.358 32
199.364 32
199.37 33
199.376 33
199.383 33
199.389 33
199.395 33
199.402 33
199.408 33
199.414 33
199.421 33
199.427 33
199.433 33
199.439 33
199.446 33
199.452 33
199.458 33
199.465 33
199.471 33
199.477 33
199.484 33
199.49 33
199.496 33
199.502 33
199.509 33
199.515 33
199.521 33
199.528 33
199.534 33
199.54 33
199.547 33
199.553 33
199.559 33
199.566 33
199.572 33
199.578 33
199.584 34
199.591 34
199.597 34
199.603 34
199.61 34
199.616 34
199.622 34
199.629 34
199.635 34
199.641 34
199.647 34
199.654 34
199.66 34
199.666 34
199.673 34
199.679 34
199.685 34
199.692 34
199.698 34
199.704 34
199.711 34
199.717 34
199.723 34
199.729 34
199.736 34
199.742 34
199.748 34
199.755 34
199.761 34
199.767 34
199.774 34
199.78 34
199.786 34
199.792 34
199.799 34
199.805 35
199.811 35
199.818 35
199.824 35
199.83 35
199.837 35
199.843 35
199.849 35
199.856 35
199.862 35
199.868 35
199.874 35
199.881 35
199.887 35
199.893 35
199.9 35
199.906 35
199.912 35
199.919 35
199.925 35
199.931 35
199.937 35
199.944 35
199.95 35
199.956 35
199.963 35
199.969 35
199.975 35
199.982 35
199.988 35
199.994 35
