175.004 28
175.007 28
175.011 28
175.015 28
175.018 28
175.021 28
175.273 28
175.276 28
175.28 28
175.282 28
175.285 28
175.288 29
175.29 29
175.294 29
175.297 29
175.299 29
175.303 29
175.308 29
175.311 29
175.313 29
175.316 29
175.318 29
175.321 29
175.324 29
175.327 29
175.329 29
175.333 29
175.335 29
175.34 29
175.343 29
175.347 29
175.351 29
175.353 29
175.357 29
175.623 29
175.627 29
175.63 29
175.634 29
175.637 29
175.639 29
175.642 29
175.645 30
175.648 30
175.651 30
175.653 30
175.656 30
175.662 30
175.664 30
175.667 30
175.67 30
175.672 30
175.675 30
175.677 30
175.68 30
175.683 30
175.685 30
175.688 30
175.693 30
175.695 30
175.7 30
175.966 14
176.288 14
176.29 14
176.293 14
176.295 14
176.298 14
176.301 14
176.303 14
176.306 14
176.308 14
176.311 14
176.313 14
176.316 14
176.508 14
176.51 14
176.541 15
176.545 15
176.547 15
176.55 15
176.552 15
176.555 15
176.557 15
176.56 15
176.562 15
176.565 15
176.567 15
176.57 15
176.763 15
176.767 15
176.8 15
176.802 15
176.805 16
176.807 16
176.81 16
176.812 16
176.815 16
176.818 16
176.821 16
176.823 16
176.826 16
176.828 16
176.831 16
177.03 16
177.035 16
177.071 16
177.074 16
177.076 16
177.079 17
177.082 17
177.084 17
177.087 17
177.089 17
177.092 17
177.094 17
177.097 17
177.099 17
177.102 17
177.104 17
177.312 17
177.318 17
177.356 17
177.359 17
177.361 17
177.364 17
177.367 17
177.371 18
177.373 18
177.376 18
177.378 18
177.381 18
177.383 18
177.386 18
177.388 18
177.391 18
177.393 18
177.61 18
177.617 18
177.657 18
177.66 18
177.664 18
177.666 18
177.67 18
177.673 18
177.676 19
177.679 19
177.681 19
177.684 19
177.686 19
177.689 19
177.691 19
177.694 19
177.697 19
177.7 19
177.923 19
177.931 19
177.976 19
177.98 19
177.985 19
177.987 19
177.99 19
177.993 19
177.996 19
177.999 19
178.001 20
178.004 20
178.007 20
178.009 20
178.012 20
178.014 20
178.017 20
178.02 20
178.023 20
178.254 20
178.263 20
178.308 20
178.314 20
178.32 20
178.323 20
178.326 20
178.329 20
178.332 20
178.335 20
178.337 20
178.34 21
178.343 21
178.346 21
178.349 21
178.351 21
178.355 21
178.357 21
178.36 21
178.363 21
178.598 21
178.608 21
178.653 21
178.659 21
178.667 21
178.67 21
178.673 21
178.676 21
178.68 21
178.683 21
178.686 21
178.688 21
178.691 21
178.693 22
178.696 22
178.698 22
178.701 22
178.703 22
178.706 22
178.708 22
178.711 22
178.927 22
178.936 22
178.976 22
178.983 22
178.991 22
178.994 22
179.008 10
179.313 10
179.336 10
179.513 10
179.519 10
179.548 10
179.556 10
179.563 10
179.567 10
179.572 10
179.577 10
179.58 11
179.597 11
179.774 11
179.779 11
179.805 11
179.814 11
179.823 11
179.827 11
179.833 11
179.838 11
179.84 11
179.844 12
179.856 12
180.043 12
180.048 12
180.067 12
180.077 12
180.086 12
180.091 12
180.098 12
180.103 12
180.106 12
180.11 12
180.113 12
180.124 13
180.326 13
180.331 13
180.347 13
180.357 13
180.367 13
180.373 13
180.38 13
180.386 13
180.388 13
180.392 13
180.395 13
180.406 13
180.408 13
180.626 14
180.63 14
180.644 14
180.654 14
180.664 14
180.67 14
180.679 14
180.685 14
180.687 14
180.692 14
180.695 14
180.705 14
180.708 14
180.942 14
180.945 15
180.948 15
180.961 15
180.97 15
180.979 15
180.986 15
180.997 15
181.003 15
181.006 15
181.01 15
181.013 15
181.022 15
181.026 15
181.274 15
181.279 15
181.282 15
181.312 6
181.638 6
181.895 6
181.899 6
181.902 7
181.913 7
181.919 7
181.925 7
182.181 7
182.186 7
182.19 7
182.192 8
182.201 8
182.208 8
182.212 8
182.481 8
182.487 8
182.491 8
182.494 8
182.496 8
182.503 9
182.511 9
182.515 9
182.809 3
183.329 3
183.331 3
183.334 3
183.563 4
183.566 4
183.568 4
183.803 4
183.806 5
183.808 5
183.811 5
184.053 5
184.055 5
184.059 5
184.061 6
184.064 6
184.315 6
184.318 6
184.322 6
184.326 6
184.329 7
184.333 7
184.59 7
184.595 7
184.599 7
184.602 7
184.606 7
184.609 7
184.612 8
184.883 8
184.888 8
184.892 8
184.896 8
184.9 8
184.903 8
184.906 8
184.909 9
185.193 9
185.198 9
185.203 9
185.207 9
185.211 9
185.215 9
185.218 9
185.221 9
185.224 9
185.52 10
185.526 10
185.531 10
185.537 10
185.54 10
185.544 10
185.547 10
185.551 10
185.554 10
185.866 10
185.868 11
185.872 11
185.877 11
185.882 11
185.886 11
185.889 11
185.893 11
185.897 11
185.9 11
186.204 11
186.208 11
186.21 12
186.213 12
186.216 12
186.221 12
186.224 12
186.236 5
186.524 5
186.775 5
186.778 5
186.78 5
186.783 5
186.786 6
187.035 6
187.037 6
187.04 6
187.042 6
187.045 6
187.047 7
187.307 7
187.31 7
187.312 7
187.315 7
187.317 7
187.32 7
187.323 7
187.593 8
187.595 8
187.598 8
187.601 8
187.603 8
187.606 8
187.609 8
187.892 8
187.896 9
187.899 9
187.901 9
187.904 9
187.907 9
187.91 9
187.913 9
188.205 9
188.21 9
188.213 9
188.216 10
188.219 10
188.222 10
188.225 10
188.228 10
188.231 10
188.538 10
188.543 10
188.546 10
188.55 10
188.553 11
188.556 11
188.559 11
188.562 11
188.564 11
188.567 11
188.888 11
188.893 11
188.896 11
188.9 11
188.903 11
188.906 11
188.908 12
188.912 12
188.915 12
188.917 12
188.92 12
189.233 12
189.238 12
189.241 12
189.244 12
189.247 12
189.25 12
189.252 12
189.255 13
189.257 13
189.26 13
189.262 13
189.265 13
189.516 13
189.52 13
189.524 13
189.527 13
189.529 13
189.532 13
189.534 13
189.537 13
189.54 13
189.542 14
189.545 14
189.547 14
189.55 14
189.768 14
189.772 14
189.777 14
189.779 14
189.782 14
189.784 14
189.787 14
189.789 14
189.792 14
189.795 14
189.797 15
189.8 15
189.803 15
189.806 15
190.02 15
190.025 15
190.03 15
190.033 15
190.035 15
190.038 15
190.04 15
190.043 15
190.045 15
190.048 15
190.051 15
190.053 15
190.057 16
190.059 16
190.062 16
190.282 16
190.287 16
190.293 16
190.295 16
190.298 16
190.301 16
190.303 16
190.306 16
190.308 16
190.311 16
190.313 16
190.316 16
190.32 16
190.323 17
190.326 17
190.328 17
190.557 17
190.564 17
190.569 17
190.571 17
190.575 17
190.578 17
190.58 17
190.583 17
190.586 17
190.588 17
190.591 17
190.594 17
190.598 17
190.602 17
190.604 17
190.607 18
190.61 18
190.851 18
190.858 18
190.864 18
190.867 18
190.87 18
190.873 18
190.876 18
190.879 18
190.881 18
190.884 18
190.887 18
190.89 18
190.893 18
190.899 18
190.901 18
190.904 18
190.907 18
190.909 19
191.163 19
191.169 19
191.175 19
191.179 19
191.182 19
191.185 19
191.188 19
191.19 19
191.193 19
191.195 19
191.198 19
191.201 19
191.205 19
191.211 19
191.213 19
191.216 19
191.219 19
191.221 19
191.225 20
191.489 20
191.495 20
191.501 20
191.504 20
191.508 20
191.51 20
191.514 20
191.517 20
191.52 20
191.523 20
191.526 20
191.528 20
191.533 20
191.54 20
191.542 20
191.545 20
191.548 20
191.551 20
191.555 20
191.559 20
191.833 21
191.839 21
191.844 21
191.848 21
191.852 21
191.855 21
191.858 21
191.861 21
191.864 21
191.867 21
191.87 21
191.873 21
191.878 21
191.883 21
191.887 21
191.889 21
191.893 21
191.895 21
191.899 21
191.904 21
192.175 21
192.177 22
192.18 22
192.186 22
192.188 22
192.192 22
192.194 22
192.197 22
192.2 22
192.203 22
192.205 22
192.208 22
192.21 22
192.214 22
192.219 22
192.222 22
192.225 22
192.228 22
192.231 22
192.235 22
192.239 22
192.484 22
192.486 22
192.489 22
192.491 23
192.494 23
192.497 23
192.499 23
192.502 23
192.504 23
192.507 23
192.509 23
192.512 23
192.514 23
192.517 23
192.519 23
192.522 23
192.525 23
192.528 23
192.531 23
192.534 23
192.538 23
192.541 23
192.775 23
192.777 23
192.78 23
192.782 23
192.785 23
192.787 24
192.79 24
192.792 24
192.795 24
192.797 24
192.8 24
192.802 24
192.805 24
192.807 24
192.81 24
192.812 24
192.815 24
192.818 24
192.82 24
192.823 24
192.825 24
192.828 24
192.83 24
193.066 24
193.069 24
193.071 24
193.074 24
193.076 24
193.079 24
193.082 25
193.084 25
193.087 25
193.089 25
193.092 25
193.094 25
193.097 25
193.099 25
193.102 25
193.104 25
193.107 25
193.109 25
193.112 25
193.114 25
193.117 25
193.119 25
193.122 25
193.124 25
193.367 25
193.37 25
193.373 25
193.376 25
193.378 25
193.381 25
193.383 25
193.386 25
193.388 26
193.391 26
193.393 26
193.396 26
193.398 26
193.402 26
193.404 26
193.407 26
193.409 26
193.412 26
193.415 26
193.417 26
193.42 26
193.422 26
193.425 26
193.428 26
193.43 26
193.678 26
193.68 26
193.683 26
193.686 26
193.688 26
193.691 26
193.694 26
193.696 26
193.699 26
193.701 26
193.704 27
193.706 27
193.709 27
193.711 27
193.714 27
193.716 27
193.719 27
193.722 27
193.724 27
193.727 27
193.729 27
193.732 27
193.734 27
193.737 27
193.739 27
193.742 27
193.986 27
193.988 27
193.991 27
193.994 27
193.996 27
193.999 27
194.001 27
194.004 27
194.006 27
194.009 27
194.012 27
194.014 27
194.017 28
194.019 28
194.022 28
194.024 28
194.027 28
194.029 28
194.032 28
194.034 28
194.037 28
194.039 28
194.042 28
194.044 28
194.047 28
194.049 28
194.052 28
194.26 28
194.263 28
194.265 28
194.268 28
194.27 28
194.273 28
194.275 28
194.278 28
194.28 28
194.283 28
194.285 28
194.288 28
194.29 28
194.293 29
194.295 29
194.298 29
194.301 29
194.303 29
194.306 29
194.308 29
194.311 29
194.313 29
194.316 29
194.318 29
194.321 29
194.323 29
194.326 29
194.328 29
194.519 29
194.522 29
194.524 29
194.527 29
194.53 29
194.532 29
194.535 29
194.537 29
194.54 29
194.542 29
194.545 29
194.548 29
194.55 29
194.553 29
194.555 29
194.558 30
194.56 30
194.563 30
194.565 30
194.568 30
194.57 30
194.573 30
194.575 30
194.578 30
194.58 30
194.583 30
194.585 30
194.588 30
194.59 30
194.781 30
194.785 30
194.787 30
194.79 30
194.793 30
194.796 30
194.799 30
194.801 30
194.804 30
194.807 30
194.81 30
194.812 30
194.815 30
194.817 30
194.82 30
194.823 30
194.825 30
194.828 31
194.83 31
194.833 31
194.835 31
194.838 31
194.84 31
194.843 31
194.845 31
194.848 31
194.85 31
194.853 31
194.855 31
194.859 31
195.055 31
195.058 31
195.061 31
195.065 31
195.067 31
195.07 31
195.073 31
195.076 31
195.079 31
195.081 31
195.085 31
195.087 31
195.09 31
195.092 31
195.095 31
195.097 31
195.1 31
195.102 31
195.105 31
195.107 32
195.11 32
195.112 32
195.115 32
195.118 32
195.121 32
195.124 32
195.126 32
195.129 32
195.132 32
195.135 32
195.137 32
195.343 32
195.346 32
195.35 32
195.353 32
195.356 32
195.359 32
195.362 32
195.365 32
195.368 32
195.37 32
195.374 32
195.376 32
195.379 32
195.381 32
195.384 32
195.386 32
195.389 32
195.391 32
195.394 32
195.396 32
195.399 32
195.402 33
195.404 33
195.407 33
195.409 33
195.412 33
195.414 33
195.417 33
195.419 33
195.422 33
195.425 33
195.428 33
195.647 33
195.65 33
195.654 33
195.658 33
195.661 33
195.665 33
195.668 33
195.671 33
195.673 33
195.676 33
195.679 33
195.682 33
195.685 33
195.687 33
195.69 33
195.692 33
195.695 33
195.697 33
195.7 33
195.702 33
195.705 33
195.707 33
195.71 34
195.712 34
195.715 34
195.718 34
195.72 34
195.724 34
195.727 34
195.73 34
195.732 34
195.735 34
195.738 34
195.969 34
195.972 34
195.977 34
195.981 34
195.984 34
195.988 34
195.992 34
195.995 34
195.998 34
196 34
196.003 34
196.006 34
196.009 34
196.011 34
196.014 34
196.017 34
196.019 34
196.022 34
196.025 34
196.027 34
196.03 34
196.032 34
196.035 34
196.037 34
196.04 35
196.042 35
196.045 35
196.047 35
196.05 35
196.053 35
196.055 35
196.058 35
196.061 35
196.063 35
196.307 35
196.311 35
196.316 35
196.32 35
196.324 35
196.328 35
196.331 35
196.335 35
196.338 35
196.34 35
196.344 35
196.346 35
196.349 35
196.352 35
196.355 35
196.357 35
196.36 35
196.362 35
196.365 35
196.367 35
196.37 35
196.372 35
196.375 35
196.378 35
196.381 35
196.383 35
196.386 36
196.388 36
196.391 36
196.394 36
196.396 36
196.399 36
196.402 36
196.405 36
196.408 36
196.66 36
196.664 36
196.669 36
196.673 36
196.677 36
196.69 17
197.262 17
197.265 17
197.267 17
197.27 17
197.272 17
197.275 17
197.277 17
197.28 17
197.312 17
197.314 17
197.317 17
197.319 17
197.322 17
197.324 17
197.327 17
197.329 17
197.515 17
197.519 18
197.521 18
197.525 18
197.528 18
197.53 18
197.533 18
197.535 18
197.538 18
197.569 18
197.571 18
197.574 18
197.576 18
197.579 18
197.581 18
197.584 18
197.586 18
197.781 18
197.784 18
197.788 18
197.79 19
197.794 19
197.796 19
197.799 19
197.801 19
197.804 19
197.806 19
197.835 19
197.838 19
197.84 19
197.843 19
197.845 19
197.848 19
197.851 19
197.853 19
198.058 19
198.061 19
198.067 19
198.069 19
198.072 20
198.074 20
198.077 20
198.081 20
198.083 20
198.086 20
198.089 20
198.116 20
198.12 20
198.122 20
198.125 20
198.128 20
198.13 20
198.133 20
198.135 20
198.35 20
198.352 20
198.357 20
198.362 20
198.364 20
198.367 20
198.37 21
198.372 21
198.376 21
198.378 21
198.381 21
198.384 21
198.411 21
198.415 21
198.418 21
198.421 21
198.424 21
198.426 21
198.429 21
198.432 21
198.656 21
198.658 21
198.664 21
198.669 21
198.671 21
198.675 21
198.678 21
198.681 21
198.684 22
198.686 22
198.69 22
198.692 22
198.695 22
198.721 22
198.726 22
198.73 22
198.734 22
198.737 22
198.739 22
198.743 22
198.746 22
198.981 22
198.984 22
198.99 22
198.995 22
198.998 22
199.002 22
199.005 22
199.007 22
199.011 22
199.013 23
199.016 23
199.019 23
199.022 23
199.026 23
199.064 10
199.4 10
199.651 10
199.654 10
199.656 10
199.66 10
199.662 11
199.665 11
199.667 11
199.691 11
199.696 11
199.701 11
199.933 11
199.936 11
199.939 11
199.942 11
199.945 11
199.948 12
199.951 12
199.953 12
199.975 12
199.98 12
199.985 12
