175.005 31
175.011 31
175.017 31
175.023 31
175.03 31
175.036 31
175.042 31
175.049 31
175.055 31
175.061 31
175.068 31
175.074 31
175.08 31
175.087 32
175.093 32
175.099 32
175.105 32
175.112 32
175.118 32
175.124 32
175.131 32
175.137 32
175.143 32
175.15 32
175.156 32
175.162 32
175.168 32
175.175 32
175.181 32
175.187 32
175.194 32
175.2 32
175.206 32
175.213 32
175.219 32
175.225 32
175.232 32
175.238 32
175.244 32
175.25 32
175.257 32
175.263 32
175.269 32
175.276 32
175.282 32
175.288 33
175.295 33
175.301 33
175.307 33
175.313 33
175.32 33
175.326 33
175.332 33
175.339 33
175.345 33
175.351 33
175.358 33
175.364 33
175.37 33
175.377 33
175.383 33
175.389 33
175.395 33
175.402 33
175.408 33
175.414 33
175.421 33
175.427 33
175.433 33
175.44 33
175.446 33
175.452 33
175.458 33
175.465 33
175.471 33
175.477 33
175.484 33
175.49 33
175.496 33
175.503 34
175.509 34
175.515 34
175.522 34
175.528 34
175.534 34
175.54 34
175.547 34
175.553 34
175.559 34
175.566 34
175.572 34
175.578 34
175.585 34
175.591 34
175.597 34
175.603 34
175.61 34
175.616 34
175.622 34
175.629 34
175.635 34
175.641 34
175.648 34
175.654 34
175.66 34
175.667 34
175.673 34
175.679 34
175.685 34
175.692 34
175.698 34
175.704 34
175.711 34
175.717 34
175.723 35
175.73 35
175.736 35
175.742 35
175.748 35
175.755 35
175.761 35
175.767 35
175.774 35
175.78 35
175.786 35
175.793 35
175.799 35
175.805 35
175.811 35
175.818 35
175.824 35
175.83 35
175.837 35
175.843 35
175.849 35
175.856 35
175.862 35
175.868 35
175.875 35
175.881 35
175.887 35
175.893 35
175.9 35
175.906 35
175.912 35
175.919 35
175.925 35
175.931 35
175.938 35
175.944 35
175.95 36
175.956 36
175.963 36
175.969 36
175.975 36
175.982 36
175.988 36
175.994 36
176.001 36
176.007 36
176.013 36
176.02 36
176.026 36
176.032 36
176.038 36
176.045 36
176.051 36
176.057 36
176.064 36
176.07 36
176.076 36
176.083 36
176.089 36
176.095 36
176.101 36
176.108 36
176.114 36
176.12 36
176.127 36
176.133 36
176.139 36
176.146 36
176.152 36
176.158 36
176.165 36
176.171 36
176.177 36
176.183 37
176.19 37
176.196 37
176.202 37
176.209 37
176.215 37
176.221 37
176.228 37
176.234 37
176.24 37
176.246 37
176.253 37
176.259 37
176.265 37
176.272 37
176.278 37
176.284 37
176.291 37
176.297 37
176.303 37
176.31 37
176.316 37
176.322 37
176.328 37
176.335 37
176.341 37
176.347 37
176.354 37
176.36 37
176.366 37
176.373 37
176.379 37
176.385 37
176.391 37
176.398 37
176.404 37
176.41 37
176.417 37
176.423 38
176.429 38
176.436 38
176.442 38
176.448 38
176.454 38
176.461 38
176.467 38
176.473 38
176.48 38
176.486 38
176.492 38
176.499 38
176.505 38
176.511 38
176.518 38
176.524 38
176.53 38
176.536 38
176.543 38
176.549 38
176.555 38
176.562 38
176.568 38
176.574 38
176.581 38
176.587 38
176.593 38
176.599 38
176.606 38
176.612 38
176.618 38
176.625 38
176.631 38
176.637 38
176.644 38
176.65 38
176.656 38
176.663 38
176.669 39
176.675 39
176.681 39
176.688 39
176.694 39
176.7 39
176.707 39
176.713 39
176.719 39
176.726 39
176.732 39
176.738 39
176.744 39
176.751 39
176.757 39
176.763 39
176.77 39
176.776 39
176.782 39
176.789 39
176.795 39
176.801 39
176.808 39
176.814 39
176.82 39
176.826 39
176.833 39
176.839 39
176.845 39
176.852 39
176.858 39
176.864 39
176.871 39
176.877 39
176.883 39
176.889 39
176.896 39
176.902 39
176.908 39
176.915 39
176.921 40
176.927 40
176.934 40
176.94 40
176.946 40
176.953 40
176.959 40
176.965 40
176.971 40
176.978 40
176.984 40
176.99 40
176.997 40
177.003 40
177.009 40
177.016 40
177.022 40
177.028 40
177.034 40
177.041 40
177.047 40
177.053 40
177.06 40
177.066 40
177.072 40
177.079 40
177.085 40
177.091 40
177.098 40
177.104 40
177.11 40
177.116 40
177.123 40
177.129 40
177.135 40
177.142 40
177.148 40
177.154 40
177.161 40
177.167 40
177.173 40
177.179 41
177.186 41
177.192 41
177.198 41
177.205 41
177.211 41
177.217 41
177.224 41
177.23 41
177.236 41
177.243 41
177.249 41
177.255 41
177.261 41
177.268 41
177.274 41
177.28 41
177.287 41
177.293 41
177.299 41
177.306 41
177.312 41
177.318 41
177.324 41
177.331 41
177.337 41
177.343 41
177.35 41
177.356 41
177.362 41
177.369 41
177.375 41
177.381 41
177.387 41
177.394 41
177.4 41
177.406 41
177.413 41
177.419 41
177.425 41
177.432 41
177.438 41
177.444 42
177.451 42
177.457 42
177.463 42
177.469 42
177.476 42
177.482 42
177.488 42
177.495 42
177.501 42
177.507 42
177.514 42
177.52 42
177.526 42
177.532 42
177.539 42
177.545 42
177.551 42
177.558 42
177.564 42
177.57 42
177.577 42
177.583 42
177.589 42
177.596 42
177.602 42
177.608 42
177.614 42
177.621 42
177.627 42
177.633 42
177.64 42
177.646 42
177.652 42
177.659 42
177.665 42
177.671 42
177.677 42
177.684 42
177.69 42
177.696 42
177.703 42
177.709 42
177.715 43
177.722 43
177.728 43
177.734 43
177.741 43
177.747 43
177.753 43
177.759 43
177.766 43
177.772 43
177.778 43
177.785 43
177.791 43
177.797 43
177.804 43
177.81 43
177.816 43
177.822 43
177.829 43
177.835 43
177.841 43
177.848 43
177.854 43
177.86 43
177.867 43
177.873 43
177.879 43
177.886 43
177.892 43
177.898 43
177.904 43
177.911 43
177.917 43
177.923 43
177.93 43
177.936 43
177.942 43
177.949 43
177.955 43
177.961 43
177.967 43
177.974 43
177.98 43
177.986 43
177.993 44
177.999 44
178.005 44
178.012 44
178.018 44
178.024 44
178.03 44
178.037 44
178.043 44
178.049 44
178.056 44
178.062 44
178.068 44
178.075 44
178.081 44
178.087 44
178.094 44
178.1 44
178.106 44
178.112 44
178.119 44
178.125 44
178.131 44
178.138 44
178.144 44
178.15 44
178.157 44
178.163 44
178.169 44
178.175 44
178.182 44
178.188 44
178.194 44
178.201 44
178.207 44
178.213 44
178.22 44
178.226 44
178.232 44
178.239 44
178.245 44
178.251 44
178.257 44
178.264 44
178.27 44
178.276 44
178.283 45
178.289 45
178.295 45
178.302 45
178.308 45
178.314 45
178.32 45
178.327 45
178.333 45
178.339 45
178.346 45
178.352 45
178.358 45
178.365 45
178.371 45
178.377 45
178.384 45
178.39 45
178.396 45
178.402 45
178.409 45
178.415 45
178.421 45
178.428 45
178.434 45
178.44 45
178.447 45
178.453 45
178.459 45
178.465 45
178.472 45
178.478 45
178.484 45
178.491 45
178.497 45
178.503 45
178.51 45
178.516 45
178.522 45
178.529 45
178.535 45
178.541 45
178.547 45
178.554 45
178.56 45
178.566 45
178.573 46
178.579 46
178.585 46
178.592 46
178.598 46
178.604 46
178.61 46
178.617 46
178.623 46
178.629 46
178.636 46
178.642 46
178.648 46
178.655 46
178.661 46
178.667 46
178.674 46
178.68 46
178.686 46
178.692 46
178.699 46
178.705 46
178.711 46
178.718 46
178.724 46
178.73 46
178.737 46
178.743 46
178.749 46
178.755 46
178.762 46
178.768 46
178.774 46
178.781 46
178.787 46
178.793 46
178.8 46
178.806 46
178.812 46
178.819 46
178.825 46
178.831 46
178.837 46
178.844 46
178.85 46
178.856 46
178.863 46
178.869 47
178.875 47
178.882 47
178.888 47
178.894 47
178.9 47
178.907 47
178.913 47
178.919 47
178.926 47
178.932 47
178.938 47
178.945 47
178.951 47
178.957 47
178.963 47
178.97 47
178.976 47
178.982 47
178.989 47
178.995 47
179.001 47
179.008 47
179.014 47
179.02 47
179.027 47
179.033 47
179.039 47
179.045 47
179.052 47
179.058 47
179.064 47
179.071 47
179.077 47
179.083 47
179.09 47
179.096 47
179.102 47
179.108 47
179.115 47
179.121 47
179.127 47
179.134 47
179.14 47
179.146 47
179.153 47
179.159 47
179.165 47
179.172 48
179.178 48
179.184 48
179.19 48
179.197 48
179.203 48
179.209 48
179.216 48
179.222 48
179.228 48
179.235 48
179.241 48
179.247 48
179.253 48
179.26 48
179.266 48
179.272 48
179.279 48
179.285 48
179.291 48
179.298 48
179.304 48
179.31 48
179.317 48
179.323 48
179.329 48
179.335 48
179.342 48
179.348 48
179.354 48
179.361 48
179.367 48
179.373 48
179.38 48
179.386 48
179.392 48
179.398 48
179.405 48
179.411 48
179.417 48
179.424 48
179.43 48
179.436 48
179.443 48
179.449 48
179.455 48
179.462 48
179.468 48
179.474 48
179.48 48
179.487 49
179.493 49
179.499 49
179.506 49
179.512 49
179.518 49
179.525 49
179.531 49
179.537 49
179.543 49
179.55 49
179.556 49
179.562 49
179.569 49
179.575 49
179.581 49
179.588 49
179.594 49
179.6 49
179.607 49
179.613 49
179.619 49
179.625 49
179.632 49
179.638 49
179.644 49
179.651 49
179.657 49
179.663 49
179.67 49
179.676 49
179.682 49
179.688 49
179.695 49
179.701 49
179.707 49
179.714 49
179.72 49
179.726 49
179.733 49
179.739 49
179.745 49
179.751 49
179.758 49
179.764 49
179.77 49
179.777 49
179.783 49
179.789 49
179.796 49
179.802 50
179.808 50
179.815 50
179.821 50
179.827 50
179.833 50
179.84 50
179.846 50
179.852 50
179.859 50
179.865 50
179.871 50
179.878 50
179.884 50
179.89 50
179.896 50
179.903 50
179.909 50
179.915 50
179.922 50
179.928 50
179.934 50
179.941 50
179.947 50
179.953 50
179.96 50
179.966 50
179.972 50
179.978 50
179.985 50
179.991 50
179.997 50
180.004 50
180.01 50
180.016 50
180.023 50
180.029 50
180.035 50
180.041 50
180.048 50
180.054 50
180.06 50
180.067 50
180.073 50
180.079 50
180.086 50
180.092 50
180.098 50
180.105 50
180.111 50
180.117 50
180.123 51
180.13 51
180.136 51
180.142 51
180.149 51
180.155 51
180.161 51
180.168 51
180.174 51
180.18 51
180.186 51
180.193 51
180.199 51
180.205 51
180.212 51
180.218 51
180.224 51
180.231 51
180.237 51
180.243 51
180.25 51
180.256 51
180.262 51
180.268 51
180.275 51
180.281 51
180.287 51
180.294 51
180.3 51
180.306 51
180.313 51
180.319 51
180.325 51
180.331 51
180.338 51
180.344 51
180.35 51
180.357 51
180.363 51
180.369 51
180.376 51
180.382 51
180.388 51
180.394 51
180.401 51
180.407 51
180.413 51
180.42 51
180.426 51
180.432 51
180.439 51
180.445 51
180.451 52
180.458 52
180.464 52
180.47 52
180.476 52
180.483 52
180.489 52
180.495 52
180.502 52
180.508 52
180.514 52
180.521 52
180.527 52
180.533 52
180.539 52
180.546 52
180.552 52
180.558 52
180.565 52
180.571 52
180.577 52
180.584 52
180.59 52
180.596 52
180.603 52
180.609 52
180.615 52
180.621 52
180.628 52
180.634 52
180.64 52
180.647 52
180.653 52
180.659 52
180.666 52
180.672 52
180.678 52
180.684 52
180.691 52
180.697 52
180.703 52
180.71 52
180.716 52
180.722 52
180.729 52
180.735 52
180.741 52
180.748 52
180.754 52
180.76 52
180.766 52
180.773 52
180.779 52
180.785 52
180.792 53
180.798 53
180.804 53
180.811 53
180.817 53
180.823 53
180.829 53
180.836 53
180.842 53
180.848 53
180.855 53
180.861 53
180.867 53
180.874 53
180.88 53
180.886 53
180.893 53
180.899 53
180.905 53
180.911 53
180.918 53
180.924 53
180.93 53
180.937 53
180.943 53
180.949 53
180.956 53
180.962 53
180.968 53
180.974 53
180.981 53
180.987 53
180.993 53
181 53
181.006 53
181.012 53
181.019 53
181.025 53
181.031 53
181.038 53
181.044 53
181.05 53
181.056 53
181.063 53
181.069 53
181.075 53
181.082 53
181.088 53
181.094 53
181.101 53
181.107 53
181.113 53
181.119 53
181.126 53
181.132 54
181.138 54
181.145 54
181.151 54
181.157 54
181.164 54
181.17 54
181.176 54
181.183 54
181.189 54
181.195 54
181.201 54
181.208 54
181.214 54
181.22 54
181.227 54
181.233 54
181.239 54
181.246 54
181.252 54
181.258 54
181.264 54
181.271 54
181.277 54
181.283 54
181.29 54
181.296 54
181.302 54
181.309 54
181.315 54
181.321 54
181.327 54
181.334 54
181.34 54
181.346 54
181.353 54
181.359 54
181.365 54
181.372 54
181.378 54
181.384 54
181.391 54
181.397 54
181.403 54
181.409 54
181.416 54
181.422 54
181.428 54
181.435 54
181.441 54
181.447 54
181.454 54
181.46 54
181.466 54
181.472 54
181.479 54
181.485 55
181.491 55
181.498 55
181.504 55
181.51 55
181.517 55
181.523 55
181.529 55
181.536 55
181.542 55
181.548 55
181.554 55
181.561 55
181.567 55
181.573 55
181.58 55
181.586 55
181.592 55
181.599 55
181.605 55
181.611 55
181.617 55
181.624 55
181.63 55
181.636 55
181.643 55
181.649 55
181.655 55
181.662 55
181.668 55
181.674 55
181.681 55
181.687 55
181.693 55
181.699 55
181.706 55
181.712 55
181.718 55
181.725 55
181.731 55
181.737 55
181.744 55
181.75 55
181.756 55
181.762 55
181.769 55
181.775 55
181.781 55
181.788 55
181.794 55
181.8 55
181.807 55
181.813 55
181.819 55
181.826 55
181.832 55
181.838 56
181.844 56
181.851 56
181.857 56
181.863 56
181.87 56
181.876 56
181.882 56
181.889 56
181.895 56
181.901 56
181.907 56
181.914 56
181.92 56
181.926 56
181.933 56
181.939 56
181.945 56
181.952 56
181.958 56
181.964 56
181.97 56
181.977 56
181.983 56
181.989 56
181.996 56
182.002 56
182.008 56
182.015 56
182.021 56
182.027 56
182.034 56
182.04 56
182.046 56
182.052 56
182.059 56
182.065 56
182.071 56
182.078 56
182.084 56
182.09 56
182.097 56
182.103 56
182.109 56
182.115 56
182.122 56
182.128 56
182.134 56
182.141 56
182.147 56
182.153 56
182.16 56
182.166 56
182.172 56
182.179 56
182.185 56
182.191 56
182.197 56
182.204 57
182.21 57
182.216 57
182.223 57
182.229 57
182.235 57
182.242 57
182.248 57
182.254 57
182.26 57
182.267 57
182.273 57
182.279 57
182.286 57
182.292 57
182.298 57
182.305 57
182.311 57
182.317 57
182.324 57
182.33 57
182.336 57
182.342 57
182.349 57
182.355 57
182.361 57
182.368 57
182.374 57
182.38 57
182.387 57
182.393 57
182.399 57
182.405 57
182.412 57
182.418 57
182.424 57
182.431 57
182.437 57
182.443 57
182.45 57
182.456 57
182.462 57
182.469 57
182.475 57
182.481 57
182.487 57
182.494 57
182.5 57
182.506 57
182.513 57
182.519 57
182.525 57
182.532 57
182.538 57
182.544 57
182.55 57
182.557 57
182.563 57
182.569 57
182.576 58
182.582 58
182.588 58
182.595 58
182.601 58
182.607 58
182.614 58
182.62 58
182.626 58
182.632 58
182.639 58
182.645 58
182.651 58
182.658 58
182.664 58
182.67 58
182.677 58
182.683 58
182.689 58
182.695 58
182.702 58
182.708 58
182.714 58
182.721 58
182.727 58
182.733 58
182.74 58
182.746 58
182.752 58
182.758 58
182.765 58
182.771 58
182.777 58
182.784 58
182.79 58
182.796 58
182.803 58
182.809 58
182.815 58
182.822 58
182.828 58
182.834 58
182.84 58
182.847 58
182.853 58
182.859 58
182.866 58
182.872 58
182.878 58
182.885 58
182.891 58
182.897 58
182.903 58
182.91 58
182.916 58
182.922 58
182.929 58
182.935 58
182.941 58
182.948 58
182.954 59
182.96 59
182.967 59
182.973 59
182.979 59
182.985 59
182.992 59
182.998 59
183.004 59
183.011 59
183.017 59
183.023 59
183.03 59
183.036 59
183.042 59
183.048 59
183.055 59
183.061 59
183.067 59
183.074 59
183.08 59
183.086 59
183.093 59
183.099 59
183.105 59
183.112 59
183.118 59
183.124 59
183.13 59
183.137 59
183.143 59
183.149 59
183.156 59
183.162 59
183.168 59
183.175 59
183.181 59
183.187 59
183.193 59
183.2 59
183.206 59
183.212 59
183.219 59
183.225 59
183.231 59
183.238 59
183.244 59
183.25 59
183.257 59
183.263 59
183.269 59
183.275 59
183.282 59
183.288 59
183.294 59
183.301 59
183.307 59
183.313 59
183.32 59
183.326 59
183.332 60
183.338 60
183.345 60
183.351 60
183.357 60
183.364 60
183.37 60
183.376 60
183.383 60
183.389 60
183.395 60
183.402 60
183.408 60
183.414 60
183.42 60
183.427 60
183.433 60
183.439 60
183.446 60
183.452 60
183.458 60
183.465 60
183.471 60
183.477 60
183.483 60
183.49 60
183.496 60
183.502 60
183.509 60
183.515 60
183.521 60
183.528 60
183.534 60
183.54 60
183.547 60
183.553 60
183.559 60
183.565 60
183.572 60
183.578 60
183.584 60
183.591 60
183.597 60
183.603 60
183.61 60
183.616 60
183.622 60
183.628 60
183.635 60
183.641 60
183.647 60
183.654 60
183.66 60
183.666 60
183.673 60
183.679 60
183.685 60
183.691 60
183.698 60
183.704 60
183.71 60
183.717 60
183.723 61
183.729 61
183.736 61
183.742 61
183.748 61
183.755 61
183.761 61
183.767 61
183.773 61
183.78 61
183.786 61
183.792 61
183.799 61
183.805 61
183.811 61
183.818 61
183.824 61
183.83 61
183.836 61
183.843 61
183.849 61
183.855 61
183.862 61
183.868 61
183.874 61
183.881 61
183.887 61
183.893 61
183.9 61
183.906 61
183.912 61
183.918 61
183.925 61
183.931 61
183.937 61
183.944 61
183.95 61
183.956 61
183.963 61
183.969 61
183.975 61
183.981 61
183.988 61
183.994 61
184 61
184.007 61
184.013 61
184.019 61
184.026 61
184.032 61
184.038 61
184.045 61
184.051 61
184.057 61
184.063 61
184.07 61
184.076 61
184.082 61
184.089 61
184.095 61
184.101 61
184.108 61
184.114 61
184.12 62
184.126 62
184.133 62
184.139 62
184.145 62
184.152 62
184.158 62
184.164 62
184.171 62
184.177 62
184.183 62
184.19 62
184.196 62
184.202 62
184.208 62
184.215 62
184.221 62
184.227 62
184.234 62
184.24 62
184.246 62
184.253 62
184.259 62
184.265 62
184.271 62
184.278 62
184.284 62
184.29 62
184.297 62
184.303 62
184.309 62
184.316 62
184.322 62
184.328 62
184.334 62
184.341 62
184.347 62
184.353 62
184.36 62
184.366 62
184.372 62
184.379 62
184.385 62
184.391 62
184.398 62
184.404 62
184.429 30
184.813 30
184.82 30
184.826 30
184.832 30
184.839 30
184.845 30
184.851 30
184.857 30
184.864 30
184.87 30
184.876 30
184.883 30
184.889 30
184.895 30
184.902 30
184.908 30
184.914 30
184.92 30
184.927 30
184.933 30
184.939 30
184.946 30
184.952 30
184.958 30
184.965 30
184.971 30
184.977 30
184.984 30
184.99 30
184.996 30
185.002 31
185.009 31
185.015 31
185.021 31
185.028 31
185.034 31
185.04 31
185.047 31
185.053 31
185.059 31
185.065 31
185.072 31
185.078 31
185.084 31
185.091 31
185.097 31
185.103 31
185.11 31
185.116 31
185.122 31
185.129 31
185.135 31
185.141 31
185.147 31
185.154 31
185.16 31
185.166 31
185.173 31
185.179 31
185.185 31
185.192 31
185.198 31
185.204 32
185.21 32
185.217 32
185.223 32
185.229 32
185.236 32
185.242 32
185.248 32
185.255 32
185.261 32
185.267 32
185.274 32
185.28 32
185.286 32
185.292 32
185.299 32
185.305 32
185.311 32
185.318 32
185.324 32
185.33 32
185.337 32
185.343 32
185.349 32
185.355 32
185.362 32
185.368 32
185.374 32
185.381 32
185.387 32
185.393 32
185.4 32
185.406 32
185.412 33
185.418 33
185.425 33
185.431 33
185.437 33
185.444 33
185.45 33
185.456 33
185.463 33
185.469 33
185.475 33
185.482 33
185.488 33
185.494 33
185.5 33
185.507 33
185.513 33
185.519 33
185.526 33
185.532 33
185.538 33
185.545 33
185.551 33
185.557 33
185.563 33
185.57 33
185.576 33
185.582 33
185.589 33
185.595 33
185.601 33
185.608 33
185.614 33
185.62 33
185.627 34
185.633 34
185.639 34
185.645 34
185.652 34
185.658 34
185.664 34
185.671 34
185.677 34
185.683 34
185.69 34
185.696 34
185.702 34
185.708 34
185.715 34
185.721 34
185.727 34
185.734 34
185.74 34
185.746 34
185.753 34
185.759 34
185.765 34
185.772 34
185.778 34
185.784 34
185.79 34
185.797 34
185.803 34
185.809 34
185.816 34
185.822 34
185.828 34
185.835 34
185.841 34
185.847 35
185.853 35
185.86 35
185.866 35
185.872 35
185.879 35
185.885 35
185.891 35
185.898 35
185.904 35
185.91 35
185.917 35
185.923 35
185.929 35
185.935 35
185.942 35
185.948 35
185.954 35
185.961 35
185.967 35
185.973 35
185.98 35
185.986 35
185.992 35
185.998 35
186.005 35
186.011 35
186.017 35
186.024 35
186.03 35
186.036 35
186.043 35
186.049 35
186.055 35
186.061 35
186.068 35
186.074 36
186.08 36
186.087 36
186.093 36
186.099 36
186.106 36
186.112 36
186.118 36
186.125 36
186.131 36
186.137 36
186.143 36
186.15 36
186.156 36
186.162 36
186.169 36
186.175 36
186.181 36
186.188 36
186.194 36
186.2 36
186.206 36
186.213 36
186.219 36
186.225 36
186.232 36
186.238 36
186.244 36
186.251 36
186.257 36
186.263 36
186.27 36
186.276 36
186.282 36
186.288 36
186.295 36
186.301 36
186.307 37
186.314 37
186.32 37
186.326 37
186.333 37
186.339 37
186.345 37
186.351 37
186.358 37
186.364 37
186.37 37
186.377 37
186.383 37
186.389 37
186.396 37
186.402 37
186.408 37
186.415 37
186.421 37
186.427 37
186.433 37
186.44 37
186.446 37
186.452 37
186.459 37
186.465 37
186.471 37
186.478 37
186.484 37
186.49 37
186.496 37
186.503 37
186.509 37
186.515 37
186.522 37
186.528 37
186.534 37
186.541 37
186.547 38
186.553 38
186.56 38
186.566 38
186.572 38
186.578 38
186.585 38
186.591 38
186.597 38
186.604 38
186.61 38
186.616 38
186.623 38
186.629 38
186.635 38
186.641 38
186.648 38
186.654 38
186.66 38
186.667 38
186.673 38
186.679 38
186.686 38
186.692 38
186.698 38
186.705 38
186.711 38
186.717 38
186.723 38
186.73 38
186.736 38
186.742 38
186.749 38
186.755 38
186.761 38
186.768 38
186.774 38
186.78 38
186.786 38
186.793 39
186.799 39
186.805 39
186.812 39
186.818 39
186.824 39
186.831 39
186.837 39
186.843 39
186.85 39
186.856 39
186.862 39
186.868 39
186.875 39
186.881 39
186.887 39
186.894 39
186.9 39
186.906 39
186.913 39
186.919 39
186.925 39
186.931 39
186.938 39
186.944 39
186.95 39
186.957 39
186.963 39
186.969 39
186.976 39
186.982 39
186.988 39
186.994 39
187.001 39
187.007 39
187.013 39
187.02 39
187.026 39
187.032 39
187.039 39
187.045 40
187.051 40
187.058 40
187.064 40
187.07 40
187.076 40
187.083 40
187.089 40
187.095 40
187.102 40
187.108 40
187.114 40
187.121 40
187.127 40
187.133 40
187.139 40
187.146 40
187.152 40
187.158 40
187.165 40
187.171 40
187.177 40
187.184 40
187.19 40
187.196 40
187.203 40
187.209 40
187.215 40
187.221 40
187.228 40
187.234 40
187.24 40
187.247 40
187.253 40
187.259 40
187.266 40
187.272 40
187.278 40
187.284 40
187.291 40
187.297 40
187.303 41
187.31 41
187.316 41
187.322 41
187.329 41
187.335 41
187.341 41
187.348 41
187.354 41
187.36 41
187.366 41
187.373 41
187.379 41
187.385 41
187.392 41
187.398 41
187.404 41
187.411 41
187.417 41
187.423 41
187.429 41
187.436 41
187.442 41
187.448 41
187.455 41
187.461 41
187.467 41
187.474 41
187.48 41
187.486 41
187.493 41
187.499 41
187.505 41
187.511 41
187.518 41
187.524 41
187.53 41
187.537 41
187.543 41
187.549 41
187.556 41
187.562 41
187.568 42
187.574 42
187.581 42
187.587 42
187.593 42
187.6 42
187.606 42
187.612 42
187.619 42
187.625 42
187.631 42
187.637 42
187.644 42
187.65 42
187.656 42
187.663 42
187.669 42
187.675 42
187.682 42
187.688 42
187.694 42
187.701 42
187.707 42
187.713 42
187.719 42
187.726 42
187.732 42
187.738 42
187.745 42
187.751 42
187.757 42
187.764 42
187.77 42
187.776 42
187.782 42
187.789 42
187.795 42
187.801 42
187.808 42
187.814 42
187.82 42
187.827 42
187.833 42
187.839 43
187.846 43
187.852 43
187.858 43
187.864 43
187.871 43
187.877 43
187.883 43
187.89 43
187.896 43
187.902 43
187.909 43
187.915 43
187.921 43
187.927 43
187.934 43
187.94 43
187.946 43
187.953 43
187.959 43
187.965 43
187.972 43
187.978 43
187.984 43
187.991 43
187.997 43
188.003 43
188.009 43
188.016 43
188.022 43
188.028 43
188.035 43
188.041 43
188.047 43
188.054 43
188.06 43
188.066 43
188.072 43
188.079 43
188.085 43
188.091 43
188.098 43
188.104 43
188.11 43
188.117 44
188.123 44
188.129 44
188.136 44
188.142 44
188.148 44
188.154 44
188.161 44
188.167 44
188.173 44
188.18 44
188.186 44
188.192 44
188.199 44
188.205 44
188.211 44
188.217 44
188.224 44
188.23 44
188.236 44
188.243 44
188.249 44
188.255 44
188.262 44
188.268 44
188.274 44
188.281 44
188.287 44
188.293 44
188.299 44
188.306 44
188.312 44
188.318 44
188.325 44
188.331 44
188.337 44
188.344 44
188.35 44
188.356 44
188.362 44
188.369 44
188.375 44
188.381 44
188.388 44
188.394 44
188.4 45
188.407 45
188.413 45
188.419 45
188.425 45
188.432 45
188.438 45
188.444 45
188.451 45
188.457 45
188.463 45
188.47 45
188.476 45
188.482 45
188.489 45
188.495 45
188.501 45
188.507 45
188.514 45
188.52 45
188.526 45
188.533 45
188.539 45
188.545 45
188.552 45
188.558 45
188.564 45
188.57 45
188.577 45
188.583 45
188.589 45
188.596 45
188.602 45
188.608 45
188.615 45
188.621 45
188.627 45
188.634 45
188.64 45
188.646 45
188.652 45
188.659 45
188.665 45
188.671 45
188.678 45
188.684 45
188.69 46
188.697 46
188.703 46
188.709 46
188.715 46
188.722 46
188.728 46
188.734 46
188.741 46
188.747 46
188.753 46
188.76 46
188.766 46
188.772 46
188.779 46
188.785 46
188.791 46
188.797 46
188.804 46
188.81 46
188.816 46
188.823 46
188.829 46
188.835 46
188.842 46
188.848 46
188.854 46
188.86 46
188.867 46
188.873 46
188.879 46
188.886 46
188.892 46
188.898 46
188.905 46
188.911 46
188.917 46
188.924 46
188.93 46
188.936 46
188.942 46
188.949 46
188.955 46
188.961 46
188.968 46
188.974 46
188.98 46
188.987 47
188.993 47
188.999 47
189.005 47
189.012 47
189.018 47
189.024 47
189.031 47
189.037 47
189.043 47
189.05 47
189.056 47
189.062 47
189.069 47
189.075 47
189.081 47
189.087 47
189.094 47
189.1 47
189.106 47
189.113 47
189.119 47
189.125 47
189.132 47
189.138 47
189.144 47
189.15 47
189.157 47
189.163 47
189.169 47
189.176 47
189.182 47
189.188 47
189.195 47
189.201 47
189.207 47
189.214 47
189.22 47
189.226 47
189.232 47
189.239 47
189.245 47
189.251 47
189.258 47
189.264 47
189.27 47
189.277 47
189.283 47
189.289 47
189.295 48
189.302 48
189.308 48
189.314 48
189.321 48
189.327 48
189.333 48
189.34 48
189.346 48
189.352 48
189.358 48
189.365 48
189.371 48
189.377 48
189.384 48
189.39 48
189.396 48
189.403 48
189.409 48
189.415 48
189.422 48
189.428 48
189.434 48
189.44 48
189.447 48
189.453 48
189.459 48
189.466 48
189.472 48
189.478 48
189.485 48
189.491 48
189.497 48
189.503 48
189.51 48
189.516 48
189.522 48
189.529 48
189.535 48
189.541 48
189.548 48
189.554 48
189.56 48
189.567 48
189.573 48
189.579 48
189.585 48
189.592 48
189.598 48
189.604 49
189.611 49
189.617 49
189.623 49
189.63 49
189.636 49
189.642 49
189.648 49
189.655 49
189.661 49
189.667 49
189.674 49
189.68 49
189.686 49
189.693 49
189.699 49
189.705 49
189.712 49
189.718 49
189.724 49
189.73 49
189.737 49
189.743 49
189.749 49
189.756 49
189.762 49
189.768 49
189.775 49
189.781 49
189.787 49
189.793 49
189.8 49
189.806 49
189.812 49
189.819 49
189.825 49
189.831 49
189.838 49
189.844 49
189.85 49
189.857 49
189.863 49
189.869 49
189.875 49
189.882 49
189.888 49
189.894 49
189.901 49
189.907 49
189.913 49
189.92 50
189.926 50
189.932 50
189.938 50
189.945 50
189.951 50
189.957 50
189.964 50
189.97 50
189.976 50
189.983 50
189.989 50
189.995 50
190.001 50
190.008 50
190.014 50
190.02 50
190.027 50
190.033 50
190.039 50
190.046 50
190.052 50
190.058 50
190.065 50
190.071 50
190.077 50
190.083 50
190.09 50
190.096 50
190.102 50
190.109 50
190.115 50
190.121 50
190.128 50
190.134 50
190.14 50
190.146 50
190.153 50
190.159 50
190.165 50
190.172 50
190.178 50
190.184 50
190.191 50
190.197 50
190.203 50
190.21 50
190.216 50
190.222 50
190.228 50
190.235 50
190.241 50
190.247 51
190.254 51
190.26 51
190.266 51
190.273 51
190.279 51
190.285 51
190.291 51
190.298 51
190.304 51
190.31 51
190.317 51
190.323 51
190.329 51
190.336 51
190.342 51
190.348 51
190.355 51
190.361 51
190.367 51
190.373 51
190.38 51
190.386 51
190.392 51
190.399 51
190.405 51
190.411 51
190.418 51
190.424 51
190.43 51
190.436 51
190.443 51
190.449 51
190.455 51
190.462 51
190.468 51
190.474 51
190.481 51
190.487 51
190.493 51
190.5 51
190.506 51
190.512 51
190.518 51
190.525 51
190.531 51
190.537 51
190.544 51
190.55 51
190.556 51
190.563 51
190.569 51
190.575 52
190.581 52
190.588 52
190.594 52
190.6 52
190.607 52
190.613 52
190.619 52
190.626 52
190.632 52
190.638 52
190.645 52
190.651 52
190.657 52
190.663 52
190.67 52
190.676 52
190.682 52
190.689 52
190.695 52
190.701 52
190.708 52
190.714 52
190.72 52
190.726 52
190.733 52
190.739 52
190.745 52
190.752 52
190.758 52
190.764 52
190.771 52
190.777 52
190.783 52
190.79 52
190.796 52
190.802 52
190.808 52
190.815 52
190.821 52
190.827 52
190.834 52
190.84 52
190.846 52
190.853 52
190.859 52
190.865 52
190.871 52
190.878 52
190.884 52
190.89 52
190.897 52
190.903 52
190.909 52
190.916 53
190.922 53
190.928 53
190.934 53
190.941 53
190.947 53
190.953 53
190.96 53
190.966 53
190.972 53
190.979 53
190.985 53
190.991 53
190.998 53
191.004 53
191.01 53
191.016 53
191.023 53
191.029 53
191.035 53
191.042 53
191.048 53
191.054 53
191.061 53
191.067 53
191.073 53
191.079 53
191.086 53
191.092 53
191.098 53
191.105 53
191.111 53
191.117 53
191.124 53
191.13 53
191.136 53
191.143 53
191.149 53
191.155 53
191.161 53
191.168 53
191.174 53
191.18 53
191.187 53
191.193 53
191.199 53
191.206 53
191.212 53
191.218 53
191.224 53
191.231 53
191.237 53
191.243 53
191.25 53
191.256 54
191.262 54
191.269 54
191.275 54
191.281 54
191.288 54
191.294 54
191.3 54
191.306 54
191.313 54
191.319 54
191.325 54
191.332 54
191.338 54
191.344 54
191.351 54
191.357 54
191.363 54
191.369 54
191.376 54
191.382 54
191.388 54
191.395 54
191.401 54
191.407 54
191.414 54
191.42 54
191.426 54
191.433 54
191.439 54
191.445 54
191.451 54
191.458 54
191.464 54
191.47 54
191.477 54
191.483 54
191.489 54
191.496 54
191.502 54
191.508 54
191.514 54
191.521 54
191.527 54
191.533 54
191.54 54
191.546 54
191.552 54
191.559 54
191.565 54
191.571 54
191.577 54
191.584 54
191.59 54
191.596 54
191.603 54
191.609 55
191.615 55
191.622 55
191.628 55
191.634 55
191.641 55
191.647 55
191.653 55
191.659 55
191.666 55
191.672 55
191.678 55
191.685 55
191.691 55
191.697 55
191.704 55
191.71 55
191.716 55
191.722 55
191.729 55
191.735 55
191.741 55
191.748 55
191.754 55
191.76 55
191.767 55
191.773 55
191.779 55
191.786 55
191.792 55
191.798 55
191.804 55
191.811 55
191.817 55
191.823 55
191.83 55
191.836 55
191.842 55
191.849 55
191.855 55
191.861 55
191.867 55
191.874 55
191.88 55
191.886 55
191.893 55
191.899 55
191.905 55
191.912 55
191.918 55
191.924 55
191.931 55
191.937 55
191.943 55
191.949 55
191.956 55
191.962 56
191.968 56
191.975 56
191.981 56
191.987 56
191.994 56
192 56
192.006 56
192.012 56
192.019 56
192.025 56
192.031 56
192.038 56
192.044 56
192.05 56
192.057 56
192.063 56
192.069 56
192.076 56
192.082 56
192.088 56
192.094 56
192.101 56
192.107 56
192.113 56
192.12 56
192.126 56
192.132 56
192.139 56
192.145 56
192.151 56
192.157 56
192.164 56
192.17 56
192.176 56
192.183 56
192.189 56
192.195 56
192.202 56
192.208 56
192.214 56
192.221 56
192.227 56
192.233 56
192.239 56
192.246 56
192.252 56
192.258 56
192.265 56
192.271 56
192.277 56
192.284 56
192.29 56
192.296 56
192.302 56
192.309 56
192.315 56
192.321 56
192.328 57
192.334 57
192.34 57
192.347 57
192.353 57
192.359 57
192.365 57
192.372 57
192.378 57
192.384 57
192.391 57
192.397 57
192.403 57
192.41 57
192.416 57
192.422 57
192.429 57
192.435 57
192.441 57
192.447 57
192.454 57
192.46 57
192.466 57
192.473 57
192.479 57
192.485 57
192.492 57
192.498 57
192.504 57
192.51 57
192.517 57
192.523 57
192.529 57
192.536 57
192.542 57
192.548 57
192.555 57
192.561 57
192.567 57
192.574 57
192.58 57
192.586 57
192.592 57
192.599 57
192.605 57
192.611 57
192.618 57
192.624 57
192.63 57
192.637 57
192.643 57
192.649 57
192.655 57
192.662 57
192.668 57
192.674 57
192.681 57
192.687 57
192.693 58
192.7 58
192.706 58
192.712 58
192.719 58
192.725 58
192.731 58
192.737 58
192.744 58
192.75 58
192.756 58
192.763 58
192.769 58
192.775 58
192.782 58
192.788 58
192.794 58
192.8 58
192.807 58
192.813 58
192.819 58
192.826 58
192.832 58
192.838 58
192.845 58
192.851 58
192.857 58
192.864 58
192.87 58
192.876 58
192.882 58
192.889 58
192.895 58
192.901 58
192.908 58
192.914 58
192.92 58
192.927 58
192.933 58
192.939 58
192.945 58
192.952 58
192.958 58
192.964 58
192.971 58
192.977 58
192.983 58
192.99 58
192.996 58
193.002 58
193.009 58
193.015 58
193.021 58
193.027 58
193.034 58
193.04 58
193.046 58
193.053 58
193.059 58
193.065 58
193.072 59
193.078 59
193.084 59
193.09 59
193.097 59
193.103 59
193.109 59
193.116 59
193.122 59
193.128 59
193.135 59
193.141 59
193.147 59
193.154 59
193.16 59
193.166 59
193.172 59
193.179 59
193.185 59
193.191 59
193.198 59
193.204 59
193.21 59
193.217 59
193.223 59
193.229 59
193.235 59
193.242 59
193.248 59
193.254 59
193.261 59
193.267 59
193.273 59
193.28 59
193.286 59
193.292 59
193.298 59
193.305 59
193.311 59
193.317 59
193.324 59
193.33 59
193.336 59
193.343 59
193.349 59
193.355 59
193.362 59
193.368 59
193.374 59
193.38 59
193.387 59
193.393 59
193.399 59
193.406 59
193.412 59
193.418 59
193.425 59
193.431 59
193.437 59
193.443 59
193.45 60
193.456 60
193.462 60
193.469 60
193.475 60
193.481 60
193.488 60
193.494 60
193.5 60
193.507 60
193.513 60
193.519 60
193.525 60
193.532 60
193.538 60
193.544 60
193.551 60
193.557 60
193.563 60
193.57 60
193.576 60
193.582 60
193.588 60
193.595 60
193.601 60
193.607 60
193.614 60
193.62 60
193.626 60
193.633 60
193.639 60
193.645 60
193.652 60
193.658 60
193.664 60
193.67 60
193.677 60
193.683 60
193.689 60
193.696 60
193.702 60
193.708 60
193.715 60
193.721 60
193.727 60
193.733 60
193.74 60
193.746 60
193.752 60
193.759 60
193.765 60
193.771 60
193.778 60
193.784 60
193.79 60
193.797 60
193.803 60
193.809 60
193.815 60
193.822 60
193.828 60
193.834 60
193.841 60
193.847 61
193.853 61
193.86 61
193.866 61
193.872 61
193.878 61
193.885 61
193.891 61
193.897 61
193.904 61
193.91 61
193.916 61
193.923 61
193.929 61
193.935 61
193.941 61
193.948 61
193.954 61
193.96 61
193.967 61
193.973 61
193.979 61
193.986 61
193.992 61
193.998 61
194.005 61
194.011 61
194.017 61
194.023 61
194.03 61
194.036 61
194.042 61
194.049 61
194.055 61
194.061 61
194.068 61
194.074 61
194.08 61
194.086 61
194.093 61
194.099 61
194.105 61
194.112 61
194.118 61
194.124 61
194.131 61
194.137 61
194.143 61
194.15 61
194.156 61
194.162 61
194.168 61
194.175 61
194.181 61
194.187 61
194.194 61
194.2 61
194.206 61
194.213 61
194.219 61
194.225 61
194.231 61
194.238 62
194.244 62
194.25 62
194.257 62
194.263 62
194.269 62
194.276 62
194.282 62
194.288 62
194.295 62
194.301 62
194.307 62
194.313 62
194.32 62
194.326 62
194.332 62
194.339 62
194.345 62
194.351 62
194.358 62
194.364 62
194.37 62
194.376 62
194.383 62
194.389 62
194.395 62
194.402 62
194.408 62
194.414 62
194.421 62
194.427 62
194.433 62
194.44 62
194.446 62
194.452 62
194.458 62
194.465 62
194.471 62
194.477 62
194.484 62
194.49 62
194.496 62
194.503 62
194.509 62
194.515 62
194.521 62
194.528 62
194.534 62
194.54 62
194.547 62
194.553 62
194.559 62
194.566 62
194.572 62
194.578 62
194.585 62
194.591 62
194.597 62
194.603 62
194.61 62
194.616 62
194.622 62
194.629 62
194.635 62
194.641 63
194.648 63
194.654 63
194.66 63
194.666 63
194.673 63
194.679 63
194.685 63
194.692 63
194.698 63
194.704 63
194.711 63
194.717 63
194.723 63
194.73 63
194.736 63
194.742 63
194.748 63
194.755 63
194.761 63
194.767 63
194.774 63
194.78 63
194.786 63
194.793 63
194.799 63
194.805 63
194.811 63
194.818 63
194.824 63
194.83 63
194.837 63
194.843 63
194.849 63
194.856 63
194.862 63
194.868 63
194.874 63
194.881 63
194.887 63
194.893 63
194.9 63
194.906 63
194.912 63
194.919 63
194.925 63
194.931 63
194.938 63
194.944 63
194.95 63
194.956 63
194.963 63
194.969 63
194.975 63
194.982 63
194.988 63
194.994 63
195.001 63
195.007 63
195.013 63
195.019 63
195.026 63
195.032 63
195.038 63
195.045 63
195.051 64
195.057 64
195.064 64
195.07 64
195.076 64
195.083 64
195.089 64
195.095 64
195.101 64
195.108 64
195.114 64
195.12 64
195.127 64
195.133 64
195.139 64
195.146 64
195.152 64
195.158 64
195.164 64
195.171 64
195.177 64
195.183 64
195.19 64
195.196 64
195.202 64
195.209 64
195.215 64
195.221 64
195.228 64
195.234 64
195.24 64
195.246 64
195.253 64
195.259 64
195.265 64
195.272 64
195.278 64
195.284 64
195.291 64
195.297 64
195.303 64
195.309 64
195.316 64
195.322 64
195.328 64
195.335 64
195.341 64
195.347 64
195.354 64
195.36 64
195.366 64
195.373 64
195.379 64
195.385 64
195.391 64
195.398 64
195.404 64
195.41 64
195.417 64
195.423 64
195.429 64
195.436 64
195.442 64
195.448 64
195.454 64
195.461 65
195.467 65
195.473 65
195.48 65
195.486 65
195.492 65
195.499 65
195.505 65
195.511 65
195.518 65
195.524 65
195.53 65
195.536 65
195.543 65
195.549 65
195.555 65
195.562 65
195.568 65
195.574 65
195.581 65
195.587 65
195.593 65
195.599 65
195.606 65
195.612 65
195.618 65
195.625 65
195.631 65
195.637 65
195.644 65
195.65 65
195.656 65
195.662 65
195.669 65
195.675 65
195.681 65
195.688 65
195.694 65
195.7 65
195.707 65
195.713 65
195.719 65
195.726 65
195.732 65
195.738 65
195.744 65
195.751 65
195.757 65
195.763 65
195.77 65
195.776 65
195.782 65
195.789 65
195.795 65
195.801 65
195.807 65
195.814 65
195.82 65
195.826 65
195.833 65
195.839 65
195.845 65
195.852 65
195.858 65
195.864 65
195.871 65
195.877 65
195.883 65
195.889 66
195.896 66
195.902 66
195.908 66
195.915 66
195.921 66
195.927 66
195.934 66
195.94 66
195.946 66
195.952 66
195.959 66
195.965 66
195.971 66
195.978 66
195.984 66
195.99 66
195.997 66
196.003 66
196.009 66
196.016 66
196.022 66
196.028 66
196.034 66
196.041 66
196.047 66
196.053 66
196.06 66
196.066 66
196.072 66
196.079 66
196.085 66
196.091 66
196.097 66
196.104 66
196.11 66
196.116 66
196.123 66
196.129 66
196.135 66
196.142 66
196.148 66
196.154 66
196.161 66
196.167 66
196.173 66
196.179 66
196.186 66
196.192 66
196.198 66
196.205 66
196.211 66
196.217 66
196.224 66
196.23 66
196.236 66
196.242 66
196.249 66
196.255 66
196.261 66
196.268 66
196.274 66
196.28 66
196.287 66
196.293 66
196.299 66
196.305 66
196.312 66
196.318 67
196.324 67
196.331 67
196.337 67
196.343 67
196.35 67
196.356 67
196.362 67
196.369 67
196.375 67
196.381 67
196.387 67
196.394 67
196.4 67
196.406 67
196.413 67
196.419 67
196.425 67
196.432 67
196.438 67
196.444 67
196.45 67
196.457 67
196.463 67
196.469 67
196.476 67
196.482 67
196.488 67
196.495 67
196.501 67
196.507 67
196.514 67
196.52 67
196.526 67
196.532 67
196.539 67
196.545 67
196.551 67
196.558 67
196.564 67
196.57 67
196.577 67
196.583 67
196.589 67
196.595 67
196.602 67
196.608 67
196.614 67
196.621 67
196.627 67
196.633 67
196.64 67
196.646 67
196.652 67
196.659 67
196.665 67
196.671 67
196.677 67
196.684 67
196.69 67
196.696 67
196.703 67
196.709 67
196.715 67
196.722 67
196.728 67
196.734 67
196.74 67
196.747 68
196.753 68
196.759 68
196.766 68
196.772 68
196.778 68
196.785 68
196.791 68
196.797 68
196.804 68
196.81 68
196.816 68
196.822 68
196.829 68
196.835 68
196.841 68
196.848 68
196.854 68
196.86 68
196.867 68
196.873 68
196.879 68
196.885 68
196.892 68
196.898 68
196.904 68
196.911 68
196.917 68
196.923 68
196.93 68
196.936 68
196.942 68
196.949 68
196.955 68
196.961 68
196.967 68
196.974 68
196.98 68
196.986 68
196.993 68
196.999 68
197.005 68
197.012 68
197.018 68
197.024 68
197.03 68
197.037 68
197.043 68
197.049 68
197.056 68
197.062 68
197.068 68
197.075 68
197.081 68
197.087 68
197.094 68
197.1 68
197.106 68
197.112 68
197.119 68
197.125 68
197.131 68
197.138 68
197.144 68
197.15 68
197.157 68
197.163 68
197.169 68
197.175 68
197.182 68
197.188 68
197.194 69
197.201 69
197.207 69
197.213 69
197.22 69
197.226 69
197.232 69
197.238 69
197.245 69
197.251 69
197.257 69
197.264 69
197.27 69
197.276 69
197.283 69
197.289 69
197.295 69
197.302 69
197.308 69
197.314 69
197.32 69
197.327 69
197.333 69
197.339 69
197.346 69
197.352 69
197.358 69
197.365 69
197.371 69
197.377 69
197.383 69
197.39 69
197.396 69
197.402 69
197.409 69
197.415 69
197.421 69
197.428 69
197.434 69
197.44 69
197.447 69
197.453 69
197.459 69
197.465 69
197.472 69
197.478 69
197.484 69
197.491 69
197.497 69
197.503 69
197.51 69
197.516 69
197.522 69
197.528 69
197.535 69
197.541 69
197.547 69
197.554 69
197.56 69
197.566 69
197.573 69
197.579 69
197.585 69
197.592 69
197.598 69
197.604 69
197.61 69
197.617 69
197.623 69
197.629 69
197.636 69
197.642 69
197.648 70
197.655 70
197.661 70
197.667 70
197.673 70
197.68 70
197.686 70
197.692 70
197.699 70
197.705 70
197.711 70
197.718 70
197.724 70
197.73 70
197.737 70
197.743 70
197.749 70
197.755 70
197.762 70
197.768 70
197.774 70
197.781 70
197.787 70
197.793 70
197.8 70
197.806 70
197.812 70
197.818 70
197.825 70
197.831 70
197.837 70
197.844 70
197.85 70
197.856 70
197.863 70
197.869 70
197.875 70
197.881 70
197.888 70
197.894 70
197.9 70
197.907 70
197.913 70
197.919 70
197.926 70
197.932 70
197.938 70
197.945 70
197.951 70
197.957 70
197.963 70
197.97 70
197.976 70
197.982 70
197.989 70
197.995 70
198.001 70
198.008 70
198.014 70
198.02 70
198.026 70
198.033 70
198.039 70
198.045 70
198.052 70
198.058 70
198.064 70
198.071 70
198.077 70
198.083 70
198.09 70
198.096 71
198.102 71
198.108 71
198.115 71
198.121 71
198.127 71
198.134 71
198.14 71
198.146 71
198.153 71
198.159 71
198.165 71
198.171 71
198.178 71
198.184 71
198.19 71
198.197 71
198.203 71
198.209 71
198.216 71
198.222 71
198.228 71
198.235 71
198.241 71
198.247 71
198.253 71
198.26 71
198.266 71
198.272 71
198.279 71
198.285 71
198.291 71
198.298 71
198.304 71
198.31 71
198.316 71
198.323 71
198.329 71
198.335 71
198.342 71
198.348 71
198.354 71
198.361 71
198.367 71
198.373 71
198.38 71
198.386 71
198.392 71
198.398 71
198.405 71
198.411 71
198.417 71
198.424 71
198.43 71
198.436 71
198.443 71
198.449 71
198.455 71
198.461 71
198.468 71
198.474 71
198.48 71
198.487 71
198.493 71
198.499 71
198.506 71
198.512 71
198.518 71
198.525 71
198.531 71
198.537 71
198.543 71
198.55 71
198.556 72
198.562 72
198.569 72
198.575 72
198.581 72
198.588 72
198.594 72
198.6 72
198.606 72
198.613 72
198.619 72
198.625 72
198.632 72
198.638 72
198.644 72
198.651 72
198.657 72
198.663 72
198.669 72
198.676 72
198.682 72
198.688 72
198.695 72
198.701 72
198.707 72
198.714 72
198.72 72
198.726 72
198.733 72
198.739 72
198.745 72
198.751 72
198.758 72
198.764 72
198.77 72
198.777 72
198.783 72
198.789 72
198.796 72
198.802 72
198.808 72
198.814 72
198.821 72
198.827 72
198.833 72
198.84 72
198.846 72
198.852 72
198.859 72
198.865 72
198.871 72
198.878 72
198.884 72
198.89 72
198.896 72
198.903 72
198.909 72
198.915 72
198.922 72
198.928 72
198.934 72
198.941 72
198.947 72
198.953 72
198.959 72
198.966 72
198.972 72
198.978 72
198.985 72
198.991 72
198.997 72
199.004 72
199.01 72
199.016 72
199.023 72
199.029 73
199.035 73
199.041 73
199.048 73
199.054 73
199.06 73
199.067 73
199.073 73
199.079 73
199.086 73
199.092 73
199.098 73
199.104 73
199.111 73
199.117 73
199.123 73
199.13 73
199.136 73
199.142 73
199.149 73
199.155 73
199.161 73
199.168 73
199.174 73
199.18 73
199.186 73
199.193 73
199.199 73
199.205 73
199.212 73
199.218 73
199.224 73
199.231 73
199.237 73
199.243 73
199.249 73
199.256 73
199.262 73
199.268 73
199.275 73
199.281 73
199.287 73
199.294 73
199.3 73
199.306 73
199.313 73
199.319 73
199.325 73
199.331 73
199.338 73
199.344 73
199.35 73
199.357 73
199.363 73
199.369 73
199.376 73
199.382 73
199.388 73
199.394 73
199.401 73
199.407 73
199.413 73
199.42 73
199.426 73
199.432 73
199.439 73
199.445 73
199.451 73
199.458 73
199.464 73
199.47 73
199.476 73
199.483 73
199.489 73
199.495 73
199.502 74
199.508 74
199.514 74
199.521 74
199.527 74
199.533 74
199.539 74
199.546 74
199.552 74
199.558 74
199.565 74
199.571 74
199.577 74
199.584 74
199.59 74
199.596 74
199.602 74
199.609 74
199.615 74
199.621 74
199.628 74
199.634 74
199.64 74
199.647 74
199.653 74
199.659 74
199.666 74
199.672 74
199.678 74
199.684 74
199.691 74
199.697 74
199.703 74
199.71 74
199.716 74
199.722 74
199.729 74
199.735 74
199.741 74
199.747 74
199.754 74
199.76 74
199.766 74
199.773 74
199.779 74
199.785 74
199.792 74
199.798 74
199.804 74
199.811 74
199.817 74
199.823 74
199.829 74
199.836 74
199.842 74
199.848 74
199.855 74
199.861 74
199.867 74
199.874 74
199.88 74
199.886 74
199.892 74
199.899 74
199.905 74
199.911 74
199.918 74
199.924 74
199.93 74
199.937 74
199.943 74
199.949 74
199.956 74
199.962 74
199.987 36
