15.0805 47
17.7031 48
18.0562 49
18.302 50
18.5038 51
18.6677 52
18.8127 53
18.945 54
19.0585 55
19.172 56
19.2728 57
19.3674 58
19.4557 59
19.5376 60
19.6952 61
19.8024 62
19.9285 63
20.0293 64
20.1239 65
20.2058 66
20.2878 67
20.3697 68
20.4265 69
20.4958 70
20.5652 71
20.6219 72
20.6849 73
20.7417 74
20.7984 75
20.8551 76
20.9119 77
20.956 78
21.0064 79
21.0569 80
21.1073 81
21.1577 82
21.2329 57
22.0219 58
22.1606 59
22.2614 60
22.356 61
22.4506 62
22.5388 63
22.6145 64
22.6901 65
22.7721 66
22.854 67
22.9414 46
23.3574 47
23.452 48
23.6789 49
23.8113 50
23.9563 51
24.1265 52
24.3219 53
24.5488 54
24.8893 55
