175.006 31
175.011 31
175.015 31
175.021 31
175.026 31
175.03 31
175.033 31
175.035 31
175.038 31
175.04 31
175.043 32
175.045 32
175.064 32
175.08 32
175.179 32
175.366 32
175.381 32
175.389 32
175.401 32
175.408 32
175.414 32
175.421 32
175.426 32
175.431 32
175.436 32
175.439 32
175.447 32
175.47 32
175.481 32
175.487 32
175.494 32
175.523 14
176.13 14
176.135 14
176.142 14
176.158 14
176.166 14
176.173 14
176.181 14
176.2 14
176.205 14
176.207 14
176.435 14
176.441 14
176.445 14
176.448 14
176.451 15
176.457 15
176.465 15
176.484 15
176.493 15
176.501 15
176.51 15
176.534 15
176.54 15
176.544 15
176.773 15
176.778 15
176.782 15
176.786 15
176.789 15
176.792 15
176.796 16
176.806 16
176.828 16
176.839 16
176.846 16
176.859 16
176.885 16
176.89 16
176.895 16
177.132 16
177.138 16
177.142 16
177.145 16
177.149 16
177.151 16
177.154 16
177.156 17
177.162 17
177.183 17
177.199 17
177.208 17
177.225 17
177.255 17
177.261 17
177.268 17
177.515 17
177.521 17
177.524 17
177.527 17
177.53 17
177.533 17
177.536 17
177.539 17
177.542 17
177.545 18
177.568 18
177.588 18
177.597 18
177.612 18
177.638 18
177.644 18
177.649 18
177.921 18
177.928 18
177.933 18
177.936 18
177.94 18
177.944 18
177.947 18
177.951 18
177.955 18
177.958 18
177.96 19
177.977 19
177.995 19
178.005 19
178.018 19
178.043 19
178.05 19
178.056 19
178.338 19
178.346 19
178.35 19
178.354 19
178.359 19
178.365 19
178.368 19
178.377 19
178.383 19
178.387 19
178.39 19
178.393 19
178.406 20
178.422 20
178.432 20
178.443 20
178.464 20
178.471 20
178.479 20
178.777 20
178.785 20
178.79 20
178.796 20
178.801 20
178.808 20
178.811 20
178.819 20
178.825 20
178.829 20
178.832 20
178.835 20
178.848 20
178.851 21
178.862 21
178.871 21
178.879 21
178.897 21
178.905 21
178.913 21
179.226 21
179.233 21
179.238 21
179.243 21
179.247 21
179.254 21
179.257 21
179.264 21
179.269 21
179.273 21
179.276 21
179.279 21
179.293 21
179.296 21
179.298 21
179.307 22
179.317 22
179.325 22
179.346 22
179.356 22
179.366 22
179.612 22
179.62 22
179.623 22
179.628 22
179.632 22
179.638 22
179.641 22
179.648 22
179.653 22
179.658 22
179.661 22
179.665 22
179.678 22
179.682 22
179.684 22
179.693 22
179.695 22
179.701 23
179.708 23
179.725 23
179.731 23
179.736 23
179.948 23
179.958 23
179.961 23
179.967 23
179.971 23
179.977 23
179.98 23
179.988 23
179.993 23
179.997 23
180 23
180.003 23
180.017 23
180.02 23
180.022 23
180.031 23
180.033 23
180.039 23
180.043 24
180.047 24
180.067 24
180.075 24
180.081 24
180.288 24
180.297 24
180.3 24
180.307 24
180.312 24
180.319 24
180.322 24
180.329 24
180.333 24
180.338 24
180.341 24
180.346 24
180.362 24
180.367 24
180.369 24
180.38 24
180.383 24
180.389 24
180.393 24
180.396 24
180.4 25
180.422 25
180.432 25
180.437 25
180.646 25
180.658 25
180.662 25
180.669 25
180.674 25
180.679 25
180.681 25
180.687 25
180.69 25
180.694 25
180.697 25
180.701 25
180.722 25
180.73 25
180.733 25
180.744 25
180.747 25
180.754 25
180.759 25
180.762 25
180.765 25
180.768 25
180.791 26
180.802 26
180.809 26
181.017 26
181.027 26
181.03 26
181.039 26
181.046 26
181.052 26
181.055 26
181.062 26
181.065 26
181.07 26
181.072 26
181.078 26
181.104 26
181.113 26
181.118 26
181.129 26
181.134 26
181.142 26
181.148 26
181.151 26
181.154 26
181.157 26
181.181 26
181.183 26
181.193 27
181.2 27
181.411 27
181.421 27
181.426 27
181.437 27
181.444 27
181.451 27
181.454 27
181.463 27
181.466 27
181.472 27
181.475 27
181.481 27
181.506 27
181.516 27
181.52 27
181.533 27
181.537 27
181.548 27
181.554 27
181.556 27
181.562 27
181.564 27
181.594 27
181.597 27
181.606 27
181.609 28
181.615 28
181.818 28
181.829 28
181.835 28
181.847 28
181.857 28
181.865 28
181.87 28
181.882 28
181.887 28
181.893 28
181.897 28
181.904 28
181.931 28
181.94 28
181.947 28
181.96 28
181.965 28
181.976 28
181.984 28
181.986 28
181.991 28
181.994 28
182.022 28
182.026 28
182.034 28
182.037 28
182.039 28
182.042 29
182.243 29
182.253 29
182.259 29
182.269 29
182.279 29
182.285 29
182.289 29
182.297 29
182.301 29
182.304 29
182.307 29
182.311 29
182.324 29
182.328 29
182.332 29
182.342 29
182.344 29
182.353 29
182.361 29
182.364 29
182.368 29
182.371 29
182.393 29
182.396 29
182.404 29
182.407 29
182.409 29
182.412 29
182.414 29
182.599 30
182.61 30
182.615 30
182.624 30
182.633 30
182.639 30
182.642 30
182.652 30
182.655 30
182.658 30
182.661 30
182.664 30
182.678 30
182.683 30
182.687 30
182.697 30
182.699 30
182.707 30
182.714 30
182.717 30
182.721 30
182.724 30
182.743 30
182.745 30
182.754 30
182.756 30
182.759 30
182.761 30
182.764 30
182.964 30
182.968 30
182.974 31
182.979 31
182.985 31
182.994 31
182.997 31
183.002 31
183.01 31
183.014 31
183.017 31
183.02 31
183.023 31
183.033 31
183.038 31
183.043 31
183.052 31
183.057 31
183.066 31
183.074 31
183.078 31
183.083 31
183.087 31
183.108 31
183.111 31
183.12 31
183.124 31
183.127 31
183.129 31
183.132 31
183.34 31
183.344 31
183.35 31
183.355 32
183.357 32
183.362 32
183.37 32
183.376 32
183.381 32
183.388 32
183.393 32
183.396 32
183.4 32
183.403 32
183.413 32
183.419 32
183.424 32
183.432 32
183.438 32
183.447 32
183.458 32
183.464 32
183.469 32
183.472 32
183.496 32
183.499 32
183.507 32
183.512 32
183.515 32
183.518 32
183.521 32
183.733 32
183.738 32
183.747 32
183.751 32
183.755 32
183.758 33
183.763 33
183.772 33
183.777 33
183.783 33
183.792 33
183.798 33
183.8 33
183.803 33
183.807 33
183.815 33
183.82 33
183.826 33
183.833 33
183.839 33
183.85 33
183.863 33
183.868 33
183.873 33
183.877 33
183.903 33
183.906 33
183.915 33
183.919 33
183.924 33
183.926 33
183.931 33
184.152 33
184.159 33
184.167 33
184.172 33
184.177 33
184.179 33
184.183 33
184.185 34
184.192 34
184.198 34
184.205 34
184.214 34
184.22 34
184.223 34
184.227 34
184.229 34
184.238 34
184.242 34
184.248 34
184.254 34
184.26 34
184.27 34
184.282 34
184.288 34
184.292 34
184.298 34
184.324 34
184.327 34
184.337 34
184.342 34
184.348 34
184.351 34
184.356 34
184.59 34
184.597 34
184.608 34
184.614 34
184.618 34
184.622 34
184.625 34
184.628 34
184.63 34
184.635 35
184.639 35
184.645 35
184.652 35
184.657 35
184.66 35
184.663 35
184.666 35
184.674 35
184.677 35
184.684 35
184.691 35
184.699 35
184.711 35
184.724 35
184.732 35
184.736 35
184.743 35
184.768 35
184.772 35
184.781 35
184.786 35
184.792 35
184.795 35
184.8 35
185.049 35
185.057 35
185.067 35
185.072 35
185.077 35
185.081 35
185.084 35
185.087 35
185.089 35
185.092 35
185.095 35
185.097 36
185.1 36
185.108 36
185.113 36
185.116 36
185.118 36
185.121 36
185.128 36
185.131 36
185.137 36
185.144 36
185.153 36
185.166 36
185.181 36
185.188 36
185.193 36
185.199 36
185.225 36
185.23 36
185.238 36
185.244 36
185.251 36
185.253 36
185.26 36
185.508 36
185.515 36
185.522 36
185.528 36
185.533 36
185.537 36
185.541 36
185.544 36
185.546 36
185.549 36
185.551 36
185.554 36
185.557 36
185.56 37
185.565 37
185.57 37
185.573 37
185.576 37
185.579 37
185.586 37
185.589 37
185.597 37
185.607 37
185.618 37
185.633 37
185.651 37
185.661 37
185.666 37
185.673 37
185.702 37
185.708 37
185.718 37
185.724 37
185.732 37
185.735 37
185.741 37
185.912 37
185.918 37
185.925 37
185.932 37
185.937 37
185.94 37
185.946 37
185.948 37
185.951 37
185.953 37
185.956 37
185.958 37
185.961 37
185.964 37
185.966 37
185.969 38
185.974 38
185.976 38
185.98 38
185.983 38
185.987 38
185.99 38
185.999 38
186.006 38
186.014 38
186.028 38
186.045 38
186.053 38
186.058 38
186.065 38
186.091 38
186.094 38
186.103 38
186.11 38
186.117 38
186.121 38
186.127 38
186.278 38
186.285 38
186.293 38
186.301 38
186.306 38
186.309 38
186.313 38
186.317 38
186.32 38
186.325 38
186.327 38
186.33 38
186.332 38
186.336 38
186.339 38
186.343 38
186.346 38
186.349 39
186.353 39
186.358 39
186.361 39
186.367 39
186.37 39
186.382 39
186.389 39
186.401 39
186.417 39
186.44 39
186.45 39
186.456 39
186.465 39
186.491 39
186.495 39
186.503 39
186.509 39
186.515 39
186.519 39
186.523 39
186.659 39
186.666 39
186.677 39
186.686 39
186.695 39
186.699 39
186.706 39
186.713 39
186.715 39
186.722 39
186.725 39
186.728 39
186.731 39
186.736 39
186.74 39
186.744 39
186.746 39
186.749 39
186.752 39
186.755 40
186.76 40
186.763 40
186.768 40
186.77 40
186.782 40
186.792 40
186.804 40
186.819 40
186.843 40
186.856 40
186.862 40
186.872 40
186.897 40
186.902 40
186.909 40
186.915 40
186.919 40
186.922 40
186.929 40
187.06 40
187.066 40
187.077 40
187.088 40
187.098 40
187.1 40
187.11 40
187.119 40
187.122 40
187.129 40
187.134 40
187.14 40
187.143 40
187.149 40
187.155 40
187.161 40
187.163 40
187.168 40
187.171 40
187.175 40
187.178 40
187.181 41
187.184 41
187.188 41
187.226 19
187.911 19
187.915 19
187.921 19
187.924 19
187.928 19
187.935 19
187.939 19
187.941 19
187.944 19
187.947 20
187.95 20
187.952 20
187.955 20
187.957 20
187.96 20
187.962 20
187.97 20
187.978 20
187.985 20
188.251 20
188.254 20
188.259 20
188.263 20
188.266 20
188.274 20
188.276 20
188.281 20
188.283 20
188.287 20
188.289 20
188.292 21
188.295 21
188.297 21
188.3 21
188.303 21
188.306 21
188.311 21
188.318 21
188.325 21
188.605 21
188.608 21
188.612 21
188.616 21
188.619 21
188.627 21
188.629 21
188.634 21
188.637 21
188.64 21
188.643 21
188.646 21
188.649 21
188.652 22
188.654 22
188.657 22
188.659 22
188.662 22
188.666 22
188.675 22
188.683 22
188.972 22
188.975 22
188.98 22
188.984 22
188.988 22
188.996 22
189 22
189.007 22
189.009 22
189.014 22
189.017 22
189.022 22
189.025 22
189.029 22
189.032 23
189.035 23
189.039 23
189.042 23
189.046 23
189.049 23
189.057 23
189.067 23
189.364 23
189.367 23
189.374 23
189.379 23
189.383 23
189.39 23
189.395 23
189.402 23
189.405 23
189.41 23
189.414 23
189.42 23
189.423 23
189.428 23
189.43 23
189.434 23
189.436 24
189.439 24
189.442 24
189.447 24
189.449 24
189.46 24
189.469 24
189.773 24
189.777 24
189.784 24
189.791 24
189.794 24
189.803 24
189.811 24
189.818 24
189.82 24
189.826 24
189.83 24
189.836 24
189.839 24
189.844 24
189.847 24
189.851 24
189.854 24
189.856 24
189.859 25
189.862 25
189.864 25
189.868 25
189.877 25
189.888 25
190.204 25
190.208 25
190.213 25
190.22 25
190.224 25
190.233 25
190.239 25
190.247 25
190.25 25
190.255 25
190.258 25
190.263 25
190.267 25
190.27 25
190.274 25
190.277 25
190.281 25
190.283 25
190.287 25
190.289 26
190.294 26
190.296 26
190.3 26
190.309 26
190.322 26
190.644 26
190.647 26
190.651 26
190.658 26
190.662 26
190.671 26
190.68 26
190.69 26
190.693 26
190.699 26
190.703 26
190.71 26
190.715 26
190.719 26
190.725 26
190.728 26
190.732 26
190.735 26
190.739 26
190.742 26
190.745 26
190.747 27
190.75 27
190.753 27
190.761 27
190.776 27
191.102 27
191.107 27
191.112 27
191.12 27
191.124 27
191.135 27
191.148 27
191.16 27
191.164 27
191.171 27
191.176 27
191.183 27
191.189 27
191.191 27
191.197 27
191.202 27
191.204 27
191.208 27
191.212 27
191.215 27
191.217 27
191.221 27
191.223 27
191.226 28
191.228 28
191.234 28
191.249 28
191.539 28
191.543 28
191.546 28
191.553 28
191.556 28
191.561 28
191.569 28
191.578 28
191.58 28
191.584 28
191.588 28
191.593 28
191.596 28
191.598 28
191.603 28
191.606 28
191.609 28
191.612 28
191.614 28
191.617 28
191.619 28
191.622 28
191.624 28
191.627 28
191.629 28
191.632 29
191.634 29
191.646 29
191.926 29
191.93 29
191.934 29
191.94 29
191.943 29
191.948 29
191.954 29
191.96 29
191.962 29
191.965 29
191.969 29
191.972 29
191.975 29
191.978 29
191.982 29
191.987 29
191.99 29
191.993 29
191.996 29
191.998 29
192.001 29
192.003 29
192.006 29
192.008 29
192.011 29
192.013 29
192.016 30
192.018 30
192.026 30
192.316 30
192.319 30
192.322 30
192.328 30
192.33 30
192.334 30
192.34 30
192.346 30
192.348 30
192.352 30
192.355 30
192.359 30
192.363 30
192.366 30
192.372 30
192.377 30
192.38 30
192.384 30
192.388 30
192.391 30
192.395 30
192.398 30
192.402 30
192.405 30
192.408 30
192.411 30
192.415 30
192.417 30
192.422 31
192.427 31
192.726 31
192.728 31
192.732 31
192.737 31
192.739 31
192.742 31
192.746 31
192.751 31
192.755 31
192.757 31
192.762 31
192.768 31
192.77 31
192.773 31
192.779 31
192.783 31
192.787 31
192.791 31
192.794 31
192.798 31
192.801 31
192.804 31
192.807 31
192.813 31
192.815 31
192.82 31
192.822 31
192.826 31
192.831 31
192.834 31
192.837 32
193.143 32
193.145 32
193.149 32
193.155 32
193.159 32
193.162 32
193.167 32
193.172 32
193.178 32
193.197 15
193.635 15
193.637 15
193.64 15
193.862 15
193.865 15
193.87 15
193.875 15
193.877 15
193.88 15
193.883 15
193.887 15
193.89 15
193.896 15
193.901 15
193.904 15
193.94 16
193.942 16
193.945 16
194.181 16
194.184 16
194.186 16
194.19 16
194.192 16
194.196 16
194.198 16
194.202 16
194.205 16
194.21 16
194.215 16
194.219 16
194.256 16
194.259 16
194.261 17
194.264 17
194.514 17
194.516 17
194.519 17
194.524 17
194.527 17
194.532 17
194.535 17
194.54 17
194.543 17
194.548 17
194.554 17
194.559 17
194.602 17
194.607 17
194.609 17
194.613 18
194.616 18
194.875 18
194.879 18
194.881 18
194.886 18
194.889 18
194.893 18
194.896 18
194.901 18
194.904 18
194.907 18
194.911 18
194.914 18
194.951 18
194.956 18
194.959 18
194.963 18
194.968 18
194.972 19
195.25 19
195.253 19
195.256 19
195.26 19
195.262 19
195.267 19
195.27 19
195.274 19
195.277 19
195.28 19
195.284 19
195.287 19
195.32 19
195.324 19
195.33 19
195.336 19
195.341 19
195.347 19
195.351 20
195.637 20
195.639 20
195.643 20
195.647 20
195.651 20
195.657 20
195.66 20
195.667 20
195.671 20
195.676 20
195.681 20
195.686 20
195.722 20
195.727 20
195.732 20
195.739 20
195.744 20
195.75 20
195.752 20
195.756 20
196.041 21
196.045 21
196.048 21
196.052 21
196.057 21
196.064 21
196.067 21
196.074 21
196.079 21
196.084 21
196.091 21
196.095 21
196.14 21
196.146 21
196.152 21
196.16 21
196.165 21
196.172 21
196.174 21
196.178 21
196.467 21
196.47 21
196.473 22
196.476 22
196.48 22
196.485 22
196.491 22
196.496 22
196.505 22
196.512 22
196.518 22
196.525 22
196.53 22
196.578 22
196.584 22
196.588 22
196.593 22
196.597 22
196.603 22
196.606 22
196.61 22
196.912 22
196.915 22
196.919 22
196.921 23
196.925 23
196.928 23
196.933 23
196.939 23
196.945 23
196.952 23
196.958 23
196.963 23
196.97 23
196.975 23
197.024 23
197.033 23
197.038 23
197.044 23
197.048 23
197.056 23
197.06 23
197.065 23
197.369 23
197.373 23
197.378 23
197.381 23
197.383 23
197.387 24
197.39 24
197.396 24
197.402 24
197.408 24
197.415 24
197.424 24
197.486 11
197.89 11
198.17 11
198.173 11
198.176 11
198.179 11
198.184 11
198.189 11
198.194 11
198.203 11
198.213 11
198.22 11
198.277 12
198.557 12
198.562 12
198.565 12
198.569 12
198.576 12
198.582 12
198.59 12
198.602 12
198.615 12
198.622 12
198.685 12
198.688 13
198.967 13
198.973 13
198.977 13
198.982 13
198.991 13
198.999 13
199.008 13
199.021 13
199.034 13
199.041 13
199.107 13
199.11 13
199.113 13
199.388 14
199.396 14
199.4 14
199.405 14
199.416 14
199.423 14
199.435 14
199.449 14
199.546 6
199.896 6
