175 35
175.007 35
175.013 35
175.02 35
175.026 36
175.032 36
175.039 36
175.045 36
175.051 36
175.058 36
175.064 36
175.071 36
175.077 36
175.086 36
175.095 36
175.104 36
175.113 36
175.12 36
175.127 36
175.134 36
175.14 36
175.147 36
175.155 36
175.162 36
175.173 36
175.181 36
175.191 36
175.201 36
175.213 36
175.221 36
175.23 36
175.239 36
175.246 36
175.257 36
175.264 36
175.271 36
175.278 36
175.285 36
175.291 36
175.297 36
175.304 36
175.31 37
175.316 37
175.322 37
175.329 37
175.335 37
175.341 37
175.348 37
175.354 37
175.36 37
175.367 37
175.375 37
175.384 37
175.392 37
175.399 37
175.407 37
175.414 37
175.421 37
175.428 37
175.437 37
175.449 37
175.457 37
175.469 37
175.479 37
175.492 37
175.5 37
175.507 37
175.517 37
175.525 37
175.535 37
175.543 37
175.551 37
175.557 37
175.566 37
175.572 37
175.579 37
175.586 37
175.592 37
175.599 37
175.606 38
175.612 38
175.618 38
175.625 38
175.631 38
175.638 38
175.644 38
175.65 38
175.657 38
175.663 38
175.669 38
175.676 38
175.684 38
175.691 38
175.698 38
175.706 38
175.713 38
175.722 38
175.734 38
175.742 38
175.756 38
175.767 38
175.781 38
175.788 38
175.795 38
175.805 38
175.813 38
175.822 38
175.832 38
175.839 38
175.845 38
175.854 38
175.86 38
175.868 38
175.876 38
175.883 38
175.889 38
175.896 38
175.902 38
175.909 39
175.916 39
175.923 39
175.93 39
175.936 39
175.943 39
175.95 39
175.956 39
175.963 39
175.97 39
175.977 39
175.983 39
175.99 39
175.997 39
176.004 39
176.01 39
176.019 39
176.031 39
176.039 39
176.053 39
176.064 39
176.079 39
176.085 39
176.093 39
176.103 39
176.11 39
176.119 39
176.129 39
176.136 39
176.142 39
176.15 39
176.157 39
176.165 39
176.173 39
176.18 39
176.188 39
176.195 39
176.202 39
176.21 39
176.216 39
176.222 40
176.229 40
176.236 40
176.242 40
176.249 40
176.256 40
176.281 19
176.695 19
176.702 19
176.708 19
176.714 19
176.72 19
176.727 19
176.733 19
176.739 19
176.746 19
176.752 19
176.758 19
176.765 19
176.771 19
176.777 19
176.784 19
176.79 19
176.858 19
176.864 19
176.871 19
176.877 20
176.883 20
176.889 20
176.896 20
176.902 20
176.908 20
176.915 20
176.921 20
176.927 20
176.934 20
176.94 20
176.946 20
176.952 20
176.959 20
176.965 20
176.971 20
177.038 20
177.044 20
177.05 20
177.057 20
177.063 20
177.07 21
177.076 21
177.083 21
177.09 21
177.096 21
177.103 21
177.11 21
177.117 21
177.124 21
177.13 21
177.136 21
177.143 21
177.149 21
177.155 21
177.162 21
177.223 21
177.231 21
177.239 21
177.246 21
177.253 21
177.26 21
177.267 22
177.274 22
177.282 22
177.289 22
177.295 22
177.302 22
177.308 22
177.314 22
177.32 22
177.327 22
177.333 22
177.339 22
177.346 22
177.352 22
177.359 22
177.423 22
177.433 22
177.441 22
177.45 22
177.458 22
177.465 22
177.473 22
177.479 22
177.485 23
177.492 23
177.499 23
177.505 23
177.511 23
177.517 23
177.524 23
177.53 23
177.536 23
177.543 23
177.549 23
177.555 23
177.562 23
177.568 23
177.633 23
177.644 23
177.654 23
177.663 23
177.673 23
177.681 23
177.69 23
177.697 23
177.703 23
177.71 23
177.716 24
177.722 24
177.729 24
177.735 24
177.741 24
177.748 24
177.754 24
177.76 24
177.766 24
177.773 24
177.779 24
177.785 24
177.792 24
177.85 24
177.862 24
177.873 24
177.883 24
177.892 24
177.901 24
177.911 24
177.919 24
177.925 24
177.931 24
177.938 24
177.944 25
177.95 25
177.957 25
177.964 25
177.97 25
177.977 25
177.983 25
177.99 25
177.998 25
178.004 25
178.011 25
178.018 25
178.025 25
178.075 25
178.089 25
178.1 25
178.11 25
178.119 25
178.129 25
178.138 25
178.146 25
178.153 25
178.16 25
178.166 25
178.173 25
178.18 25
178.186 26
178.194 26
178.201 26
178.207 26
178.214 26
178.221 26
178.229 26
178.237 26
178.244 26
178.252 26
178.26 26
178.267 26
178.313 26
178.326 26
178.337 26
178.348 26
178.356 26
178.367 26
178.376 26
178.385 26
178.391 26
178.398 26
178.405 26
178.412 26
178.419 26
178.426 26
178.432 26
178.439 27
178.446 27
178.453 27
178.461 27
178.468 27
178.475 27
178.482 27
178.49 27
178.5 27
178.509 27
178.517 27
178.565 27
178.577 27
178.587 27
178.597 27
178.607 27
178.617 27
178.627 27
178.635 27
178.641 27
178.648 27
178.655 27
178.662 27
178.669 27
178.676 27
178.683 27
178.69 27
178.697 27
178.704 28
178.711 28
178.718 28
178.724 28
178.732 28
178.738 28
178.745 28
178.756 28
178.764 28
178.773 28
178.826 28
178.839 28
178.85 28
178.859 28
178.868 28
178.878 28
178.89 28
178.898 28
178.904 28
178.91 28
178.917 28
178.924 28
178.931 28
178.939 28
178.946 28
178.953 28
178.961 28
178.967 28
178.974 29
178.981 29
178.987 29
178.994 29
179 29
179.006 29
179.013 29
179.021 29
179.028 29
179.037 29
179.095 29
179.11 29
179.121 29
179.133 29
179.141 29
179.151 29
179.163 29
179.172 29
179.178 29
179.185 29
179.192 29
179.199 29
179.206 29
179.213 29
179.221 29
179.228 29
179.237 29
179.243 29
179.25 29
179.256 29
179.263 30
179.27 30
179.276 30
179.282 30
179.289 30
179.295 30
179.301 30
179.308 30
179.314 30
179.373 30
179.389 30
179.401 30
179.414 30
179.423 30
179.435 30
179.447 30
179.456 30
179.463 30
179.469 30
179.477 30
179.484 30
179.493 30
179.5 30
179.507 30
179.514 30
179.523 30
179.529 30
179.536 30
179.542 30
179.549 30
179.556 30
179.562 31
179.569 31
179.576 31
179.582 31
179.589 31
179.597 31
179.603 31
179.61 31
179.664 31
179.679 31
179.69 31
179.704 31
179.714 31
179.728 31
179.741 31
179.75 31
179.758 31
179.764 31
179.772 31
179.78 31
179.787 31
179.794 31
179.801 31
179.808 31
179.818 31
179.824 31
179.83 31
179.837 31
179.844 31
179.853 31
179.86 31
179.867 31
179.874 32
179.881 32
179.888 32
179.895 32
179.902 32
179.908 32
179.915 32
179.965 32
180.015 15
180.308 15
180.411 15
180.418 15
180.424 15
180.43 15
180.436 15
180.443 15
180.449 15
180.455 15
180.462 15
180.468 15
180.474 15
180.499 15
180.515 15
180.523 15
180.53 16
180.607 16
180.614 16
180.62 16
180.627 16
180.633 16
180.639 16
180.646 16
180.652 16
180.659 16
180.665 16
180.671 16
180.694 16
180.71 16
180.718 16
180.725 16
180.731 16
180.801 17
180.807 17
180.814 17
180.82 17
180.826 17
180.833 17
180.839 17
180.845 17
180.852 17
180.858 17
180.865 17
180.893 17
180.909 17
180.918 17
180.924 17
180.931 17
181 17
181.006 18
181.012 18
181.019 18
181.026 18
181.032 18
181.039 18
181.046 18
181.053 18
181.059 18
181.066 18
181.072 18
181.095 18
181.112 18
181.121 18
181.128 18
181.135 18
181.205 18
181.212 18
181.22 18
181.227 19
181.234 19
181.242 19
181.248 19
181.255 19
181.262 19
181.269 19
181.275 19
181.282 19
181.289 19
181.308 19
181.324 19
181.332 19
181.339 19
181.347 19
181.42 19
181.429 19
181.436 19
181.445 19
181.452 20
181.458 20
181.464 20
181.471 20
181.477 20
181.484 20
181.49 20
181.497 20
181.503 20
181.51 20
181.528 20
181.546 20
181.555 20
181.562 20
181.57 20
181.646 20
181.653 20
181.661 20
181.671 20
181.678 20
181.684 20
181.692 21
181.698 21
181.705 21
181.712 21
181.719 21
181.725 21
181.731 21
181.738 21
181.745 21
181.759 21
181.778 21
181.787 21
181.794 21
181.804 21
181.882 21
181.889 21
181.895 21
181.905 21
181.912 21
181.92 21
181.928 21
181.934 21
181.941 22
181.947 22
181.955 22
181.962 22
181.969 22
181.976 22
181.983 22
181.99 22
182.002 22
182.023 22
182.032 22
182.039 22
182.051 22
182.126 22
182.133 22
182.14 22
182.151 22
182.157 22
182.165 22
182.174 22
182.181 22
182.189 22
182.196 23
182.202 23
182.21 23
182.217 23
182.225 23
182.232 23
182.239 23
182.246 23
182.255 23
182.279 23
182.289 23
182.295 23
182.308 23
182.379 23
182.386 23
182.393 23
182.405 23
182.412 23
182.42 23
182.43 23
182.439 23
182.448 23
182.456 23
182.462 23
182.469 24
182.476 24
182.483 24
182.491 24
182.497 24
182.504 24
182.51 24
182.52 24
182.545 24
182.555 24
182.564 24
182.578 24
182.645 24
182.651 24
182.658 24
182.671 24
182.679 24
182.688 24
182.698 24
182.708 24
182.717 24
182.724 24
182.731 24
182.739 24
182.746 24
182.752 25
182.759 25
182.766 25
182.773 25
182.78 25
182.787 25
182.794 25
182.821 25
182.832 25
182.839 25
182.855 25
182.922 25
182.929 25
182.937 25
182.95 25
182.959 25
182.968 25
182.978 25
182.987 25
182.997 25
183.004 25
183.01 25
183.019 25
183.026 25
183.033 25
183.04 26
183.047 26
183.053 26
183.059 26
183.066 26
183.072 26
183.079 26
183.105 26
183.116 26
183.123 26
183.14 26
183.211 26
183.22 26
183.229 26
183.242 26
183.251 26
183.26 26
183.27 26
183.279 26
183.289 26
183.296 26
183.303 26
183.312 26
183.319 26
183.327 26
183.335 26
183.341 26
183.348 27
183.354 27
183.36 27
183.367 27
183.373 27
183.379 27
183.4 27
183.412 27
183.419 27
183.437 27
183.514 27
183.524 27
183.534 27
183.547 27
183.556 27
183.564 27
183.575 27
183.584 27
183.594 27
183.602 27
183.61 27
183.619 27
183.626 27
183.633 27
183.64 27
183.648 27
183.654 27
183.66 27
183.667 28
183.673 28
183.68 28
183.686 28
183.692 28
183.704 28
183.715 28
183.722 28
183.74 28
183.808 28
183.816 28
183.824 28
183.834 28
183.841 28
183.847 28
183.854 28
183.861 28
183.867 28
183.873 28
183.88 28
183.886 28
183.892 28
183.898 28
183.905 28
183.911 28
183.917 28
183.924 28
183.93 28
183.936 28
183.943 29
183.949 29
183.955 29
183.961 29
183.968 29
183.974 29
183.98 29
183.987 29
184.013 29
184.02 29
184.027 29
184.035 29
184.041 29
184.048 29
184.054 29
184.06 29
184.067 29
184.073 29
184.079 29
184.085 29
184.092 29
184.098 29
184.104 29
184.111 29
184.117 29
184.123 29
184.13 29
184.136 29
184.142 29
184.149 30
184.155 30
184.161 30
184.167 30
184.174 30
184.18 30
184.186 30
184.193 30
184.204 30
184.212 30
184.22 30
184.228 30
184.235 30
184.242 30
184.249 30
184.256 30
184.262 30
184.268 30
184.274 30
184.281 30
184.287 30
184.293 30
184.3 30
184.306 30
184.312 30
184.319 30
184.325 30
184.331 30
184.337 30
184.344 30
184.35 30
184.356 31
184.363 31
184.369 31
184.375 31
184.382 31
184.388 31
184.394 31
184.401 31
184.407 31
184.415 31
184.424 31
184.431 31
184.439 31
184.447 31
184.453 31
184.46 31
184.466 31
184.473 31
184.48 31
184.487 31
184.495 31
184.501 31
184.508 31
184.514 31
184.52 31
184.527 31
184.533 31
184.539 31
184.546 31
184.552 31
184.558 31
184.565 31
184.571 32
184.577 32
184.584 32
184.59 32
184.596 32
184.602 32
184.609 32
184.615 32
184.621 32
184.628 32
184.634 32
184.641 32
184.649 32
184.656 32
184.664 32
184.672 32
184.681 32
184.689 32
184.698 32
184.705 32
184.712 32
184.718 32
184.724 32
184.731 32
184.737 32
184.744 32
184.75 32
184.756 32
184.763 32
184.769 32
184.775 32
184.782 32
184.788 32
184.794 33
184.801 33
184.808 33
184.816 33
184.823 33
184.83 33
184.836 33
184.843 33
184.85 33
184.856 33
184.862 33
184.869 33
184.875 33
184.881 33
184.888 33
184.895 33
184.902 33
184.909 33
184.917 33
184.924 33
184.93 33
184.937 33
184.945 33
184.953 33
184.96 33
184.968 33
184.976 33
184.984 33
184.992 33
185 33
185.007 33
185.013 33
185.02 33
185.027 33
185.033 34
185.04 34
185.047 34
185.053 34
185.06 34
185.067 34
185.073 34
185.079 34
185.086 34
185.092 34
185.098 34
185.105 34
185.111 34
185.117 34
185.123 34
185.13 34
185.136 34
185.143 34
185.149 34
185.155 34
185.164 34
185.171 34
185.18 34
185.187 34
185.195 34
185.204 34
185.213 34
185.222 34
185.23 34
185.238 34
185.246 34
185.253 34
185.26 34
185.268 34
185.275 35
185.281 35
185.289 35
185.295 35
185.301 35
185.308 35
185.314 35
185.32 35
185.327 35
185.334 35
185.34 35
185.348 35
185.354 35
185.36 35
185.367 35
185.373 35
185.38 35
185.387 35
185.393 35
185.4 35
185.406 35
185.413 35
185.42 35
185.427 35
185.435 35
185.444 35
185.453 35
185.463 35
185.473 35
185.481 35
185.488 35
185.495 35
185.502 35
185.511 35
185.518 35
185.524 35
185.531 36
185.538 36
185.545 36
185.552 36
185.558 36
185.564 36
185.571 36
185.578 36
185.585 36
185.592 36
185.599 36
185.606 36
185.614 36
185.621 36
185.628 36
185.635 36
185.642 36
185.648 36
185.654 36
185.661 36
185.667 36
185.673 36
185.68 36
185.687 36
185.695 36
185.705 36
185.715 36
185.725 36
185.733 36
185.741 36
185.748 36
185.755 36
185.765 36
185.774 36
185.781 36
185.789 36
185.796 36
185.803 37
185.809 37
185.816 37
185.822 37
185.828 37
185.835 37
185.841 37
185.847 37
185.853 37
185.86 37
185.866 37
185.872 37
185.879 37
185.886 37
185.894 37
185.9 37
185.907 37
185.913 37
185.92 37
185.927 37
185.934 37
185.941 37
185.949 37
185.957 37
185.968 37
185.978 37
185.99 37
185.997 37
186.006 37
186.015 37
186.023 37
186.033 37
186.044 37
186.051 37
186.058 37
186.067 37
186.073 37
186.08 37
186.086 38
186.093 38
186.099 38
186.105 38
186.112 38
186.118 38
186.124 38
186.131 38
186.137 38
186.143 38
186.15 38
186.156 38
186.162 38
186.169 38
186.175 38
186.181 38
186.188 38
186.194 38
186.2 38
186.206 38
186.213 38
186.219 38
186.226 38
186.238 38
186.249 38
186.261 38
186.27 38
186.281 38
186.291 38
186.3 38
186.311 38
186.323 38
186.332 38
186.341 38
186.35 38
186.357 38
186.364 38
186.37 38
186.377 38
186.383 39
186.39 39
186.396 39
186.403 39
186.409 39
186.415 39
186.422 39
186.428 39
186.434 39
186.441 39
186.447 39
186.453 39
186.459 39
186.466 39
186.472 39
186.478 39
186.485 39
186.491 39
186.497 39
186.504 39
186.51 39
186.516 39
186.523 39
186.534 39
186.548 39
186.555 39
186.568 39
186.578 39
186.588 39
186.6 39
186.614 39
186.623 39
186.634 39
186.644 39
186.653 39
186.659 39
186.666 39
186.673 39
186.68 39
186.687 39
186.695 40
186.701 40
186.708 40
186.714 40
186.72 40
186.727 40
186.733 40
186.739 40
186.746 40
186.752 40
186.758 40
186.765 40
186.771 40
186.777 40
186.784 40
186.79 40
186.796 40
186.803 40
186.809 40
186.815 40
186.821 40
186.828 40
186.834 40
186.845 40
186.853 40
186.864 40
186.875 40
186.885 40
186.898 40
186.914 40
186.922 40
186.933 40
186.943 40
186.951 40
186.958 40
186.965 40
186.973 40
186.981 40
186.988 40
186.995 40
187.002 40
187.008 41
187.016 41
187.023 41
187.055 19
187.504 19
187.51 19
187.517 19
187.523 19
187.529 19
187.536 19
187.542 19
187.548 19
187.554 19
187.561 20
187.567 20
187.573 20
187.645 20
187.651 20
187.658 20
187.664 20
187.67 20
187.678 20
187.684 20
187.691 20
187.697 20
187.704 20
187.71 20
187.716 20
187.723 20
187.729 20
187.735 20
187.742 20
187.748 20
187.754 20
187.76 21
187.767 21
187.833 21
187.84 21
187.846 21
187.852 21
187.859 21
187.866 21
187.872 21
187.879 21
187.885 21
187.891 21
187.898 21
187.904 21
187.911 21
187.917 21
187.924 21
187.93 21
187.937 21
187.944 21
187.952 21
187.959 21
187.965 22
188.031 22
188.038 22
188.045 22
188.052 22
188.058 22
188.066 22
188.072 22
188.078 22
188.085 22
188.091 22
188.097 22
188.104 22
188.11 22
188.116 22
188.122 22
188.129 22
188.135 22
188.144 22
188.152 22
188.16 22
188.167 22
188.175 23
188.237 23
188.245 23
188.252 23
188.259 23
188.266 23
188.272 23
188.28 23
188.287 23
188.294 23
188.301 23
188.308 23
188.315 23
188.322 23
188.329 23
188.336 23
188.343 23
188.349 23
188.359 23
188.366 23
188.374 23
188.38 23
188.389 23
188.395 23
188.45 24
188.457 24
188.466 24
188.474 24
188.482 24
188.49 24
188.498 24
188.506 24
188.515 24
188.524 24
188.531 24
188.538 24
188.545 24
188.552 24
188.559 24
188.566 24
188.573 24
188.584 24
188.591 24
188.6 24
188.607 24
188.616 24
188.622 24
188.675 24
188.681 24
188.687 25
188.694 25
188.7 25
188.707 25
188.715 25
188.724 25
188.733 25
188.744 25
188.753 25
188.762 25
188.77 25
188.777 25
188.784 25
188.792 25
188.8 25
188.807 25
188.817 25
188.825 25
188.834 25
188.842 25
188.85 25
188.857 25
188.914 25
188.921 25
188.928 25
188.935 26
188.941 26
188.947 26
188.954 26
188.96 26
188.966 26
188.973 26
188.983 26
188.993 26
189.002 26
189.01 26
189.018 26
189.025 26
189.034 26
189.043 26
189.05 26
189.06 26
189.069 26
189.077 26
189.084 26
189.093 26
189.1 26
189.164 26
189.171 26
189.179 26
189.186 26
189.193 26
189.2 27
189.206 27
189.213 27
189.22 27
189.226 27
189.233 27
189.239 27
189.246 27
189.257 27
189.263 27
189.27 27
189.277 27
189.286 27
189.294 27
189.302 27
189.313 27
189.32 27
189.33 27
189.338 27
189.346 27
189.355 27
189.422 27
189.43 27
189.44 27
189.447 27
189.454 27
189.462 27
189.468 27
189.474 28
189.481 28
189.487 28
189.494 28
189.501 28
189.507 28
189.514 28
189.52 28
189.527 28
189.534 28
189.542 28
189.552 28
189.56 28
189.567 28
189.58 28
189.586 28
189.598 28
189.606 28
189.615 28
189.624 28
189.692 28
189.7 28
189.708 28
189.716 28
189.724 28
189.733 28
189.739 28
189.747 28
189.754 28
189.761 29
189.769 29
189.775 29
189.782 29
189.788 29
189.795 29
189.801 29
189.809 29
189.815 29
189.822 29
189.83 29
189.838 29
189.845 29
189.857 29
189.864 29
189.874 29
189.884 29
189.894 29
189.904 29
189.971 29
189.978 29
189.986 29
189.994 29
190.002 29
190.011 29
190.019 29
190.027 29
190.035 29
190.042 29
190.05 30
190.056 30
190.063 30
190.069 30
190.075 30
190.082 30
190.088 30
190.095 30
190.102 30
190.11 30
190.116 30
190.124 30
190.131 30
190.144 30
190.15 30
190.161 30
190.172 30
190.181 30
190.192 30
190.258 30
190.266 30
190.274 30
190.283 30
190.291 30
190.301 30
190.308 30
190.318 30
190.327 30
190.334 30
190.342 30
190.349 30
190.356 31
190.362 31
190.369 31
190.376 31
190.383 31
190.389 31
190.396 31
190.402 31
190.409 31
190.415 31
190.421 31
190.427 31
190.438 31
190.445 31
190.456 31
190.466 31
190.478 31
190.488 31
190.557 31
190.565 31
190.574 31
190.583 31
190.592 31
190.602 31
190.643 14
191.073 14
191.079 14
191.086 14
191.092 14
191.098 14
191.105 14
191.111 14
191.117 15
191.123 15
191.13 15
191.19 15
191.196 15
191.206 15
191.212 15
191.246 15
191.253 15
191.259 15
191.265 15
191.271 15
191.278 15
191.284 15
191.29 15
191.297 16
191.303 16
191.309 16
191.358 16
191.364 16
191.374 16
191.381 16
191.416 16
191.423 16
191.429 16
191.435 16
191.442 16
191.448 16
191.454 16
191.461 16
191.467 16
191.473 16
191.48 17
191.487 17
191.531 17
191.537 17
191.548 17
191.556 17
191.591 17
191.598 17
191.605 17
191.612 17
191.619 17
191.626 17
191.633 17
191.639 17
191.646 17
191.652 17
191.659 17
191.665 17
191.672 18
191.712 18
191.719 18
191.73 18
191.738 18
191.774 18
191.782 18
191.789 18
191.797 18
191.805 18
191.814 18
191.82 18
191.827 18
191.834 18
191.841 18
191.848 18
191.855 18
191.862 18
191.869 19
191.903 19
191.91 19
191.922 19
191.931 19
191.968 19
191.976 19
191.984 19
191.993 19
192.002 19
192.01 19
192.017 19
192.025 19
192.033 19
192.04 19
192.047 19
192.054 19
192.062 19
192.068 19
192.075 19
192.104 20
192.113 20
192.125 20
192.134 20
192.172 20
192.18 20
192.189 20
192.199 20
192.208 20
192.217 20
192.225 20
192.233 20
192.242 20
192.25 20
192.258 20
192.266 20
192.273 20
192.28 20
192.287 20
192.317 20
192.323 21
192.33 21
192.339 21
192.349 21
192.387 21
192.395 21
192.405 21
192.414 21
192.424 21
192.433 21
192.442 21
192.451 21
192.46 21
192.47 21
192.478 21
192.487 21
192.494 21
192.501 21
192.507 21
192.541 21
192.548 21
192.556 21
192.563 22
192.57 22
192.576 22
192.614 22
192.624 22
192.633 22
192.643 22
192.653 22
192.663 22
192.672 22
192.681 22
192.691 22
192.701 22
192.709 22
192.718 22
192.726 22
192.733 22
192.741 22
192.777 22
192.784 22
192.792 22
192.8 22
192.807 22
192.814 23
192.82 23
192.853 23
192.862 23
192.872 23
192.883 23
192.894 23
192.903 23
192.913 23
192.922 23
192.932 23
192.942 23
192.95 23
192.96 23
192.967 23
192.975 23
192.982 23
193.019 23
193.027 23
193.036 23
193.044 23
193.052 23
193.061 23
193.067 24
193.073 24
193.102 24
193.112 24
193.121 24
193.132 24
193.145 24
193.154 24
193.164 24
193.173 24
193.183 24
193.195 24
193.203 24
193.212 24
193.219 24
193.228 24
193.235 24
193.273 24
193.281 24
193.289 24
193.299 24
193.307 24
193.317 24
193.323 24
193.329 24
193.336 25
193.359 25
193.37 25
193.38 25
193.393 25
193.406 25
193.416 25
193.425 25
193.435 25
193.445 25
193.457 25
193.465 25
193.474 25
193.481 25
193.49 25
193.497 25
193.537 25
193.545 25
193.554 25
193.564 25
193.573 25
193.583 25
193.59 25
193.597 25
193.605 25
193.612 25
193.629 26
193.64 26
193.651 26
193.663 26
193.677 26
193.687 26
193.696 26
193.705 26
193.715 26
193.726 26
193.735 26
193.746 26
193.753 26
193.763 26
193.77 26
193.812 26
193.82 26
193.829 26
193.838 26
193.849 26
193.858 26
193.865 26
193.873 26
193.882 26
193.891 26
193.909 26
193.917 27
193.923 27
193.934 27
193.947 27
193.961 27
193.97 27
193.979 27
193.987 27
193.997 27
194.008 27
194.017 27
194.027 27
194.034 27
194.044 27
194.052 27
194.096 27
194.105 27
194.114 27
194.126 27
194.137 27
194.146 27
194.154 27
194.161 27
194.171 27
194.18 27
194.199 27
194.208 27
194.215 27
194.222 28
194.228 28
194.24 28
194.255 28
194.265 28
194.275 28
194.283 28
194.294 28
194.304 28
194.315 28
194.324 28
194.331 28
194.341 28
194.348 28
194.391 28
194.4 28
194.409 28
194.421 28
194.433 28
194.442 28
194.452 28
194.459 28
194.469 28
194.479 28
194.5 28
194.509 28
194.542 12
194.962 12
194.97 12
194.976 12
194.982 12
194.989 12
194.995 12
195.007 13
195.013 13
195.026 13
195.032 13
195.039 13
195.151 13
195.159 13
195.168 13
195.174 13
195.18 13
195.187 13
195.193 13
195.205 13
195.211 14
195.218 14
195.224 14
195.23 14
195.237 14
195.349 14
195.358 14
195.368 14
195.374 14
195.382 14
195.389 14
195.396 14
195.41 14
195.416 14
195.422 14
195.429 15
195.435 15
195.441 15
195.448 15
195.557 15
195.566 15
195.576 15
195.583 15
195.59 15
195.599 15
195.607 15
195.623 15
195.63 15
195.637 15
195.644 15
195.652 16
195.659 16
195.666 16
195.672 16
195.776 16
195.786 16
195.797 16
195.805 16
195.812 16
195.822 16
195.831 16
195.846 16
195.854 16
195.86 16
195.867 16
195.875 16
195.882 16
195.89 17
195.897 17
195.903 17
196.004 17
196.015 17
196.026 17
196.035 17
196.043 17
196.055 17
196.065 17
196.082 17
196.09 17
196.097 17
196.104 17
196.112 17
196.12 17
196.128 17
196.135 17
196.141 18
196.147 18
196.242 18
196.254 18
196.266 18
196.276 18
196.285 18
196.297 18
196.308 18
196.328 18
196.334 18
196.342 18
196.35 18
196.358 18
196.366 18
196.374 18
196.381 18
196.388 18
196.394 19
196.401 19
196.493 19
196.505 19
196.517 19
196.527 19
196.537 19
196.551 19
196.56 19
196.581 19
196.588 19
196.597 19
196.604 19
196.613 19
196.623 19
196.631 19
196.639 19
196.645 19
196.652 19
196.659 19
196.665 20
196.755 20
196.768 20
196.781 20
196.792 20
196.802 20
196.815 20
196.825 20
196.844 20
196.852 20
196.861 20
196.869 20
196.877 20
196.887 20
196.896 20
196.905 20
196.912 20
196.92 20
196.928 20
196.935 20
196.942 21
197.026 21
197.04 21
197.054 21
197.066 21
197.076 21
197.09 21
197.1 21
197.12 21
197.129 21
197.137 21
197.144 21
197.153 21
197.163 21
197.173 21
197.182 21
197.19 21
197.197 21
197.207 21
197.213 21
197.22 21
197.227 21
197.311 22
197.324 22
197.338 22
197.35 22
197.36 22
197.375 22
197.385 22
197.404 22
197.413 22
197.422 22
197.429 22
197.439 22
197.449 22
197.462 22
197.471 22
197.48 22
197.487 22
197.497 22
197.504 22
197.511 22
197.518 22
197.606 22
197.613 22
197.622 23
197.635 23
197.648 23
197.657 23
197.671 23
197.681 23
197.699 23
197.709 23
197.718 23
197.726 23
197.736 23
197.747 23
197.76 23
197.77 23
197.779 23
197.787 23
197.798 23
197.805 23
197.915 10
198.186 10
198.27 10
198.279 10
198.285 10
198.292 10
198.298 11
198.304 11
198.311 11
198.317 11
198.355 11
198.361 11
198.442 11
198.45 11
198.456 11
198.463 11
198.469 11
198.475 12
198.482 12
198.489 12
198.496 12
198.529 12
198.536 12
198.615 12
198.625 12
198.632 12
198.639 12
198.646 12
198.653 12
198.66 12
198.667 13
198.674 13
198.682 13
198.714 13
198.721 13
198.797 13
198.807 13
198.815 13
198.822 13
198.831 13
198.838 13
198.845 13
198.853 13
198.86 14
198.866 14
198.873 14
198.902 14
198.91 14
198.992 14
199.002 14
199.011 14
199.019 14
199.027 14
199.035 14
199.041 14
199.051 14
199.058 14
199.064 14
199.071 15
199.078 15
199.1 15
199.108 15
199.192 15
199.204 15
199.213 15
199.223 15
199.234 15
199.243 15
199.251 15
199.261 15
199.268 15
199.275 15
199.282 15
199.289 16
199.295 16
199.312 16
199.321 16
199.403 16
199.414 16
199.424 16
199.435 16
199.447 16
199.456 16
199.465 16
199.476 16
199.486 16
199.494 16
199.502 16
199.509 16
199.516 16
199.523 17
199.535 17
199.544 17
199.627 17
199.639 17
199.649 17
199.659 17
199.672 17
199.681 17
199.691 17
199.702 17
199.711 17
199.72 17
199.727 17
199.736 17
199.744 17
199.751 17
199.759 17
199.766 18
199.776 18
199.864 18
199.877 18
199.887 18
199.898 18
199.91 18
199.919 18
199.93 18
199.942 18
199.951 18
199.96 18
199.966 18
199.975 18
199.982 18
199.989 18
199.996 18
