175.002 82
175.008 82
175.014 82
175.021 82
175.027 82
175.033 82
175.04 82
175.046 82
175.052 82
175.058 82
175.065 82
175.071 82
175.077 83
175.084 83
175.09 83
175.096 83
175.103 83
175.109 83
175.115 83
175.121 83
175.128 83
175.134 83
175.14 83
175.147 83
175.153 83
175.159 83
175.166 83
175.172 83
175.178 83
175.185 83
175.191 83
175.197 83
175.203 83
175.21 83
175.216 83
175.222 83
175.229 83
175.235 83
175.241 83
175.248 83
175.254 83
175.26 83
175.266 83
175.273 83
175.279 83
175.285 83
175.292 83
175.298 83
175.304 83
175.311 83
175.317 83
175.323 83
175.33 83
175.336 83
175.342 83
175.348 83
175.355 83
175.361 83
175.367 83
175.374 83
175.38 83
175.386 83
175.393 83
175.399 83
175.405 83
175.411 83
175.418 83
175.424 83
175.43 83
175.437 83
175.443 83
175.449 83
175.456 83
175.462 83
175.468 83
175.475 83
175.481 83
175.487 83
175.493 83
175.5 83
175.506 83
175.512 83
175.519 83
175.525 83
175.531 83
175.538 83
175.544 83
175.55 83
175.556 83
175.563 83
175.569 83
175.575 83
175.582 83
175.588 83
175.594 83
175.601 83
175.607 83
175.613 83
175.62 83
175.626 84
175.632 84
175.638 84
175.645 84
175.651 84
175.657 84
175.664 84
175.67 84
175.676 84
175.683 84
175.689 84
175.695 84
175.701 84
175.708 84
175.714 84
175.72 84
175.727 84
175.733 84
175.739 84
175.746 84
175.752 84
175.758 84
175.765 84
175.771 84
175.777 84
175.783 84
175.79 84
175.796 84
175.802 84
175.809 84
175.815 84
175.821 84
175.828 84
175.834 84
175.84 84
175.846 84
175.853 84
175.859 84
175.865 84
175.872 84
175.878 84
175.884 84
175.891 84
175.897 84
175.903 84
175.909 84
175.916 84
175.922 84
175.928 84
175.935 84
175.941 84
175.947 84
175.954 84
175.96 84
175.966 84
175.973 84
175.979 84
175.985 84
175.991 84
175.998 84
176.004 84
176.01 84
176.017 84
176.023 84
176.029 84
176.036 84
176.042 84
176.048 84
176.054 84
176.061 84
176.067 84
176.073 84
176.08 84
176.086 84
176.092 84
176.099 84
176.105 84
176.111 84
176.118 84
176.124 84
176.13 84
176.136 84
176.143 84
176.149 84
176.155 84
176.162 84
176.168 84
176.174 84
176.181 85
176.187 85
176.193 85
176.199 85
176.206 85
176.212 85
176.218 85
176.225 85
176.231 85
176.237 85
176.244 85
176.25 85
176.256 85
176.263 85
176.269 85
176.275 85
176.281 85
176.288 85
176.294 85
176.3 85
176.307 85
176.313 85
176.319 85
176.326 85
176.332 85
176.338 85
176.344 85
176.351 85
176.357 85
176.363 85
176.37 85
176.376 85
176.382 85
176.389 85
176.395 85
176.401 85
176.408 85
176.414 85
176.42 85
176.426 85
176.433 85
176.439 85
176.445 85
176.452 85
176.458 85
176.464 85
176.471 85
176.477 85
176.483 85
176.489 85
176.496 85
176.502 85
176.508 85
176.515 85
176.521 85
176.527 85
176.534 85
176.54 85
176.546 85
176.553 85
176.559 85
176.565 85
176.571 85
176.578 85
176.584 85
176.59 85
176.597 85
176.603 85
176.609 85
176.616 85
176.622 85
176.628 85
176.634 85
176.641 85
176.647 85
176.653 85
176.66 85
176.666 85
176.672 85
176.679 85
176.685 85
176.691 85
176.697 85
176.704 85
176.71 85
176.716 85
176.723 85
176.729 85
176.735 86
176.742 86
176.748 86
176.754 86
176.761 86
176.767 86
176.773 86
176.779 86
176.786 86
176.792 86
176.798 86
176.805 86
176.811 86
176.817 86
176.824 86
176.83 86
176.836 86
176.842 86
176.849 86
176.855 86
176.861 86
176.868 86
176.874 86
176.88 86
176.887 86
176.893 86
176.899 86
176.906 86
176.912 86
176.918 86
176.924 86
176.931 86
176.937 86
176.943 86
176.95 86
176.956 86
176.962 86
176.969 86
176.975 86
176.981 86
176.987 86
176.994 86
177 86
177.006 86
177.013 86
177.019 86
177.025 86
177.032 86
177.038 86
177.044 86
177.051 86
177.057 86
177.063 86
177.069 86
177.076 86
177.082 86
177.088 86
177.095 86
177.101 86
177.107 86
177.114 86
177.12 86
177.126 86
177.132 86
177.139 86
177.145 86
177.151 86
177.158 86
177.164 86
177.17 86
177.177 86
177.183 86
177.189 86
177.196 86
177.202 86
177.208 86
177.214 86
177.221 86
177.227 86
177.233 86
177.24 86
177.246 86
177.252 86
177.259 86
177.265 86
177.271 86
177.277 86
177.284 86
177.29 87
177.296 87
177.303 87
177.309 87
177.315 87
177.322 87
177.328 87
177.334 87
177.341 87
177.347 87
177.353 87
177.359 87
177.366 87
177.372 87
177.378 87
177.385 87
177.391 87
177.397 87
177.404 87
177.41 87
177.416 87
177.422 87
177.429 87
177.435 87
177.441 87
177.448 87
177.454 87
177.46 87
177.467 87
177.473 87
177.479 87
177.485 87
177.492 87
177.498 87
177.504 87
177.511 87
177.517 87
177.523 87
177.53 87
177.536 87
177.542 87
177.549 87
177.555 87
177.561 87
177.567 87
177.574 87
177.58 87
177.586 87
177.593 87
177.599 87
177.605 87
177.612 87
177.618 87
177.624 87
177.63 87
177.637 87
177.643 87
177.649 87
177.656 87
177.662 87
177.668 87
177.675 87
177.681 87
177.687 87
177.694 87
177.7 87
177.706 87
177.712 87
177.719 87
177.725 87
177.731 87
177.738 87
177.744 87
177.75 87
177.757 87
177.763 87
177.769 87
177.775 87
177.782 87
177.788 87
177.794 87
177.801 87
177.807 87
177.813 87
177.82 87
177.826 87
177.832 87
177.839 87
177.845 87
177.851 88
177.857 88
177.864 88
177.87 88
177.876 88
177.883 88
177.889 88
177.895 88
177.902 88
177.908 88
177.914 88
177.92 88
177.927 88
177.933 88
177.939 88
177.946 88
177.952 88
177.958 88
177.965 88
177.971 88
177.977 88
177.984 88
177.99 88
177.996 88
178.002 88
178.009 88
178.015 88
178.021 88
178.028 88
178.034 88
178.04 88
178.047 88
178.053 88
178.059 88
178.065 88
178.072 88
178.078 88
178.084 88
178.091 88
178.097 88
178.103 88
178.11 88
178.116 88
178.122 88
178.129 88
178.135 88
178.141 88
178.147 88
178.154 88
178.16 88
178.166 88
178.173 88
178.179 88
178.185 88
178.192 88
178.198 88
178.204 88
178.21 88
178.217 88
178.223 88
178.229 88
178.236 88
178.242 88
178.248 88
178.255 88
178.261 88
178.267 88
178.273 88
178.28 88
178.286 88
178.292 88
178.299 88
178.305 88
178.311 88
178.318 88
178.324 88
178.33 88
178.337 88
178.343 88
178.349 88
178.355 88
178.362 88
178.368 88
178.374 88
178.381 88
178.387 88
178.393 88
178.4 88
178.406 88
178.412 88
178.418 88
178.425 88
178.431 89
178.437 89
178.444 89
178.45 89
178.456 89
178.463 89
178.469 89
178.475 89
178.482 89
178.488 89
178.494 89
178.5 89
178.507 89
178.513 89
178.519 89
178.526 89
178.532 89
178.538 89
178.545 89
178.551 89
178.557 89
178.563 89
178.57 89
178.576 89
178.582 89
178.589 89
178.595 89
178.601 89
178.608 89
178.614 89
178.62 89
178.627 89
178.633 89
178.639 89
178.645 89
178.652 89
178.658 89
178.664 89
178.671 89
178.677 89
178.683 89
178.69 89
178.696 89
178.702 89
178.708 89
178.715 89
178.721 89
178.727 89
178.734 89
178.74 89
178.746 89
178.753 89
178.759 89
178.765 89
178.772 89
178.778 89
178.784 89
178.79 89
178.797 89
178.803 89
178.809 89
178.816 89
178.822 89
178.828 89
178.835 89
178.841 89
178.847 89
178.853 89
178.86 89
178.866 89
178.872 89
178.879 89
178.885 89
178.891 89
178.898 89
178.904 89
178.91 89
178.917 89
178.923 89
178.929 89
178.935 89
178.942 89
178.948 89
178.954 89
178.961 89
178.967 89
178.973 89
178.98 89
178.986 89
178.992 89
178.998 89
179.005 89
179.011 89
179.017 89
179.024 90
179.03 90
179.036 90
179.043 90
179.049 90
179.055 90
179.061 90
179.068 90
179.074 90
179.08 90
179.087 90
179.093 90
179.099 90
179.106 90
179.112 90
179.118 90
179.125 90
179.131 90
179.137 90
179.143 90
179.15 90
179.156 90
179.162 90
179.169 90
179.175 90
179.181 90
179.188 90
179.194 90
179.2 90
179.206 90
179.213 90
179.219 90
179.225 90
179.232 90
179.238 90
179.244 90
179.251 90
179.257 90
179.263 90
179.27 90
179.276 90
179.282 90
179.288 90
179.295 90
179.301 90
179.307 90
179.314 90
179.32 90
179.326 90
179.333 90
179.339 90
179.345 90
179.351 90
179.358 90
179.364 90
179.37 90
179.377 90
179.383 90
179.389 90
179.396 90
179.402 90
179.408 90
179.415 90
179.421 90
179.427 90
179.433 90
179.44 90
179.446 90
179.452 90
179.459 90
179.465 90
179.471 90
179.478 90
179.484 90
179.49 90
179.496 90
179.503 90
179.509 90
179.515 90
179.522 90
179.528 90
179.534 90
179.541 90
179.547 90
179.553 90
179.56 90
179.566 90
179.572 90
179.578 90
179.585 90
179.591 90
179.597 90
179.604 90
179.61 90
179.616 91
179.623 91
179.629 91
179.635 91
179.641 91
179.648 91
179.654 91
179.66 91
179.667 91
179.673 91
179.679 91
179.686 91
179.692 91
179.698 91
179.705 91
179.711 91
179.717 91
179.723 91
179.73 91
179.736 91
179.742 91
179.749 91
179.755 91
179.761 91
179.768 91
179.774 91
179.78 91
179.786 91
179.793 91
179.799 91
179.805 91
179.812 91
179.818 91
179.824 91
179.831 91
179.837 91
179.843 91
179.849 91
179.856 91
179.862 91
179.868 91
179.875 91
179.881 91
179.887 91
179.894 91
179.9 91
179.906 91
179.913 91
179.919 91
179.925 91
179.931 91
179.938 91
179.944 91
179.95 91
179.957 91
179.963 91
179.969 91
179.976 91
179.982 91
179.988 91
179.994 91
180.001 91
180.007 91
180.013 91
180.02 91
180.026 91
180.032 91
180.039 91
180.045 91
180.051 91
180.058 91
180.064 91
180.07 91
180.076 91
180.083 91
180.089 91
180.095 91
180.102 91
180.108 91
180.114 91
180.121 91
180.127 91
180.133 91
180.139 91
180.146 91
180.152 91
180.158 91
180.165 91
180.171 91
180.177 91
180.184 91
180.209 44
180.802 44
180.808 44
180.814 44
180.821 44
180.827 44
180.833 44
180.84 44
180.846 44
180.852 44
180.859 44
180.865 44
180.871 44
180.877 44
180.884 44
180.89 44
180.896 44
180.903 44
180.909 44
180.915 44
180.922 44
180.928 44
180.934 44
180.94 45
180.947 45
180.953 45
180.959 45
180.966 45
180.972 45
180.978 45
180.985 45
180.991 45
180.997 45
181.004 45
181.01 45
181.016 45
181.022 45
181.029 45
181.035 45
181.041 45
181.048 45
181.054 45
181.06 45
181.067 45
181.073 45
181.079 45
181.085 45
181.092 45
181.098 45
181.104 45
181.111 45
181.117 45
181.123 45
181.13 45
181.136 45
181.142 45
181.149 45
181.155 45
181.161 45
181.167 45
181.174 45
181.18 45
181.186 45
181.193 45
181.199 45
181.205 45
181.212 45
181.218 45
181.224 45
181.23 46
181.237 46
181.243 46
181.249 46
181.256 46
181.262 46
181.268 46
181.275 46
181.281 46
181.287 46
181.294 46
181.3 46
181.306 46
181.312 46
181.319 46
181.325 46
181.331 46
181.338 46
181.344 46
181.35 46
181.357 46
181.363 46
181.369 46
181.375 46
181.382 46
181.388 46
181.394 46
181.401 46
181.407 46
181.413 46
181.42 46
181.426 46
181.432 46
181.439 46
181.445 46
181.451 46
181.457 46
181.464 46
181.47 46
181.476 46
181.483 46
181.489 46
181.495 46
181.502 46
181.508 46
181.514 46
181.52 46
181.527 47
181.533 47
181.539 47
181.546 47
181.552 47
181.558 47
181.565 47
181.571 47
181.577 47
181.584 47
181.59 47
181.596 47
181.602 47
181.609 47
181.615 47
181.621 47
181.628 47
181.634 47
181.64 47
181.647 47
181.653 47
181.659 47
181.665 47
181.672 47
181.678 47
181.684 47
181.691 47
181.697 47
181.703 47
181.71 47
181.716 47
181.722 47
181.728 47
181.735 47
181.741 47
181.747 47
181.754 47
181.76 47
181.766 47
181.773 47
181.779 47
181.785 47
181.792 47
181.798 47
181.804 47
181.81 47
181.817 47
181.823 47
181.829 47
181.836 48
181.842 48
181.848 48
181.855 48
181.861 48
181.867 48
181.873 48
181.88 48
181.886 48
181.892 48
181.899 48
181.905 48
181.911 48
181.918 48
181.924 48
181.93 48
181.937 48
181.943 48
181.949 48
181.955 48
181.962 48
181.968 48
181.974 48
181.981 48
181.987 48
181.993 48
182 48
182.006 48
182.012 48
182.018 48
182.025 48
182.031 48
182.037 48
182.044 48
182.05 48
182.056 48
182.063 48
182.069 48
182.075 48
182.082 48
182.088 48
182.094 48
182.1 48
182.107 48
182.113 48
182.119 48
182.126 48
182.132 48
182.138 48
182.145 49
182.151 49
182.157 49
182.163 49
182.17 49
182.176 49
182.182 49
182.189 49
182.195 49
182.201 49
182.208 49
182.214 49
182.22 49
182.227 49
182.233 49
182.239 49
182.245 49
182.252 49
182.258 49
182.264 49
182.271 49
182.277 49
182.283 49
182.29 49
182.296 49
182.302 49
182.308 49
182.315 49
182.321 49
182.327 49
182.334 49
182.34 49
182.346 49
182.353 49
182.359 49
182.365 49
182.372 49
182.378 49
182.384 49
182.39 49
182.397 49
182.403 49
182.409 49
182.416 49
182.422 49
182.428 49
182.435 49
182.441 49
182.447 49
182.453 49
182.46 50
182.466 50
182.472 50
182.479 50
182.485 50
182.491 50
182.498 50
182.504 50
182.51 50
182.516 50
182.523 50
182.529 50
182.535 50
182.542 50
182.548 50
182.554 50
182.561 50
182.567 50
182.573 50
182.58 50
182.586 50
182.592 50
182.598 50
182.605 50
182.611 50
182.617 50
182.624 50
182.63 50
182.636 50
182.643 50
182.649 50
182.655 50
182.661 50
182.668 50
182.674 50
182.68 50
182.687 50
182.693 50
182.699 50
182.706 50
182.712 50
182.718 50
182.725 50
182.731 50
182.737 50
182.743 50
182.75 50
182.756 50
182.762 50
182.769 50
182.775 50
182.781 50
182.788 51
182.794 51
182.8 51
182.806 51
182.813 51
182.819 51
182.825 51
182.832 51
182.838 51
182.844 51
182.851 51
182.857 51
182.863 51
182.87 51
182.876 51
182.882 51
182.888 51
182.895 51
182.901 51
182.907 51
182.914 51
182.92 51
182.926 51
182.933 51
182.939 51
182.945 51
182.951 51
182.958 51
182.964 51
182.97 51
182.977 51
182.983 51
182.989 51
182.996 51
183.002 51
183.008 51
183.015 51
183.021 51
183.027 51
183.033 51
183.04 51
183.046 51
183.052 51
183.059 51
183.065 51
183.071 51
183.078 51
183.084 51
183.09 51
183.096 51
183.103 51
183.109 51
183.115 52
183.122 52
183.128 52
183.134 52
183.141 52
183.147 52
183.153 52
183.16 52
183.166 52
183.172 52
183.178 52
183.185 52
183.191 52
183.197 52
183.204 52
183.21 52
183.216 52
183.223 52
183.229 52
183.235 52
183.241 52
183.248 52
183.254 52
183.26 52
183.267 52
183.273 52
183.279 52
183.286 52
183.292 52
183.298 52
183.304 52
183.311 52
183.317 52
183.323 52
183.33 52
183.336 52
183.342 52
183.349 52
183.355 52
183.361 52
183.368 52
183.374 52
183.38 52
183.386 52
183.393 52
183.399 52
183.405 52
183.412 52
183.418 52
183.424 52
183.431 52
183.437 52
183.443 52
183.449 52
183.456 53
183.462 53
183.468 53
183.475 53
183.481 53
183.487 53
183.494 53
183.5 53
183.506 53
183.513 53
183.519 53
183.525 53
183.531 53
183.538 53
183.544 53
183.55 53
183.557 53
183.563 53
183.569 53
183.576 53
183.582 53
183.588 53
183.594 53
183.601 53
183.607 53
183.613 53
183.62 53
183.626 53
183.632 53
183.639 53
183.645 53
183.651 53
183.658 53
183.664 53
183.67 53
183.676 53
183.683 53
183.689 53
183.695 53
183.702 53
183.708 53
183.714 53
183.721 53
183.727 53
183.733 53
183.739 53
183.746 53
183.752 53
183.758 53
183.765 53
183.771 53
183.777 53
183.784 53
183.79 53
183.796 54
183.803 54
183.809 54
183.815 54
183.821 54
183.828 54
183.834 54
183.84 54
183.847 54
183.853 54
183.859 54
183.866 54
183.872 54
183.878 54
183.884 54
183.891 54
183.897 54
183.903 54
183.91 54
183.916 54
183.922 54
183.929 54
183.935 54
183.941 54
183.948 54
183.954 54
183.96 54
183.966 54
183.973 54
183.979 54
183.985 54
183.992 54
183.998 54
184.004 54
184.011 54
184.017 54
184.023 54
184.029 54
184.036 54
184.042 54
184.048 54
184.055 54
184.061 54
184.067 54
184.074 54
184.08 54
184.086 54
184.092 54
184.099 54
184.105 54
184.111 54
184.118 54
184.124 54
184.13 54
184.137 54
184.143 54
184.149 55
184.156 55
184.162 55
184.168 55
184.174 55
184.181 55
184.187 55
184.193 55
184.2 55
184.206 55
184.212 55
184.219 55
184.225 55
184.231 55
184.237 55
184.244 55
184.25 55
184.256 55
184.263 55
184.269 55
184.275 55
184.282 55
184.288 55
184.294 55
184.301 55
184.307 55
184.313 55
184.319 55
184.326 55
184.332 55
184.338 55
184.345 55
184.351 55
184.357 55
184.364 55
184.37 55
184.376 55
184.382 55
184.389 55
184.395 55
184.401 55
184.408 55
184.414 55
184.42 55
184.427 55
184.433 55
184.439 55
184.446 55
184.452 55
184.458 55
184.464 55
184.471 55
184.477 55
184.483 55
184.49 55
184.496 55
184.502 56
184.509 56
184.515 56
184.521 56
184.527 56
184.534 56
184.54 56
184.546 56
184.553 56
184.559 56
184.565 56
184.572 56
184.578 56
184.584 56
184.591 56
184.597 56
184.603 56
184.609 56
184.616 56
184.622 56
184.628 56
184.635 56
184.641 56
184.647 56
184.654 56
184.66 56
184.666 56
184.672 56
184.679 56
184.685 56
184.691 56
184.698 56
184.704 56
184.71 56
184.717 56
184.723 56
184.729 56
184.736 56
184.742 56
184.748 56
184.754 56
184.761 56
184.767 56
184.773 56
184.78 56
184.786 56
184.792 56
184.799 56
184.805 56
184.811 56
184.817 56
184.824 56
184.83 56
184.836 56
184.843 56
184.849 56
184.855 56
184.862 56
184.868 57
184.874 57
184.88 57
184.887 57
184.893 57
184.899 57
184.906 57
184.912 57
184.918 57
184.925 57
184.931 57
184.937 57
184.944 57
184.95 57
184.956 57
184.962 57
184.969 57
184.975 57
184.981 57
184.988 57
184.994 57
185 57
185.007 57
185.013 57
185.019 57
185.025 57
185.032 57
185.038 57
185.044 57
185.051 57
185.057 57
185.063 57
185.07 57
185.076 57
185.082 57
185.089 57
185.095 57
185.101 57
185.107 57
185.114 57
185.12 57
185.126 57
185.133 57
185.139 57
185.145 57
185.152 57
185.158 57
185.164 57
185.17 57
185.177 57
185.183 57
185.189 57
185.196 57
185.202 57
185.208 57
185.215 57
185.221 57
185.227 57
185.234 58
185.24 58
185.246 58
185.252 58
185.259 58
185.265 58
185.271 58
185.278 58
185.284 58
185.29 58
185.297 58
185.303 58
185.309 58
185.315 58
185.322 58
185.328 58
185.334 58
185.341 58
185.347 58
185.353 58
185.36 58
185.366 58
185.372 58
185.379 58
185.385 58
185.391 58
185.397 58
185.404 58
185.41 58
185.416 58
185.423 58
185.429 58
185.435 58
185.442 58
185.448 58
185.454 58
185.46 58
185.467 58
185.473 58
185.479 58
185.486 58
185.492 58
185.498 58
185.505 58
185.511 58
185.517 58
185.524 58
185.53 58
185.536 58
185.542 58
185.549 58
185.555 58
185.561 58
185.568 58
185.574 58
185.58 58
185.587 58
185.593 58
185.599 58
185.605 58
185.612 59
185.618 59
185.624 59
185.631 59
185.637 59
185.643 59
185.65 59
185.656 59
185.662 59
185.668 59
185.675 59
185.681 59
185.687 59
185.694 59
185.7 59
185.706 59
185.713 59
185.719 59
185.725 59
185.732 59
185.738 59
185.744 59
185.75 59
185.757 59
185.763 59
185.769 59
185.776 59
185.782 59
185.788 59
185.795 59
185.801 59
185.807 59
185.813 59
185.82 59
185.826 59
185.832 59
185.839 59
185.845 59
185.851 59
185.858 59
185.864 59
185.87 59
185.877 59
185.883 59
185.889 59
185.895 59
185.902 59
185.908 59
185.914 59
185.921 59
185.927 59
185.933 59
185.94 59
185.946 59
185.952 59
185.958 59
185.965 59
185.971 59
185.977 59
185.984 59
185.99 60
185.996 60
186.003 60
186.009 60
186.015 60
186.022 60
186.028 60
186.034 60
186.04 60
186.047 60
186.053 60
186.059 60
186.066 60
186.072 60
186.078 60
186.085 60
186.091 60
186.097 60
186.103 60
186.11 60
186.116 60
186.122 60
186.129 60
186.135 60
186.141 60
186.148 60
186.154 60
186.16 60
186.167 60
186.173 60
186.179 60
186.185 60
186.192 60
186.198 60
186.204 60
186.211 60
186.217 60
186.223 60
186.23 60
186.236 60
186.242 60
186.248 60
186.255 60
186.261 60
186.267 60
186.274 60
186.28 60
186.286 60
186.293 60
186.299 60
186.305 60
186.312 60
186.318 60
186.324 60
186.33 60
186.337 60
186.343 60
186.349 60
186.356 60
186.362 60
186.368 60
186.375 60
186.381 60
186.387 61
186.393 61
186.4 61
186.406 61
186.412 61
186.419 61
186.425 61
186.431 61
186.438 61
186.444 61
186.45 61
186.456 61
186.463 61
186.469 61
186.475 61
186.482 61
186.488 61
186.494 61
186.501 61
186.507 61
186.513 61
186.52 61
186.526 61
186.532 61
186.538 61
186.545 61
186.551 61
186.557 61
186.564 61
186.57 61
186.576 61
186.583 61
186.589 61
186.595 61
186.601 61
186.608 61
186.614 61
186.62 61
186.627 61
186.633 61
186.639 61
186.646 61
186.652 61
186.658 61
186.665 61
186.671 61
186.677 61
186.683 61
186.69 61
186.696 61
186.702 61
186.709 61
186.715 61
186.721 61
186.728 61
186.734 61
186.74 61
186.746 61
186.753 61
186.759 61
186.765 61
186.772 61
186.778 62
186.784 62
186.791 62
186.797 62
186.803 62
186.81 62
186.816 62
186.822 62
186.828 62
186.835 62
186.841 62
186.847 62
186.854 62
186.86 62
186.866 62
186.873 62
186.879 62
186.885 62
186.891 62
186.898 62
186.904 62
186.91 62
186.917 62
186.923 62
186.929 62
186.936 62
186.942 62
186.948 62
186.955 62
186.961 62
186.967 62
186.973 62
186.98 62
186.986 62
186.992 62
186.999 62
187.005 62
187.011 62
187.018 62
187.024 62
187.03 62
187.036 62
187.043 62
187.049 62
187.055 62
187.062 62
187.068 62
187.074 62
187.081 62
187.087 62
187.093 62
187.1 62
187.106 62
187.112 62
187.118 62
187.125 62
187.131 62
187.137 62
187.144 62
187.15 62
187.156 62
187.163 62
187.169 62
187.175 62
187.181 63
187.188 63
187.194 63
187.2 63
187.207 63
187.213 63
187.219 63
187.226 63
187.232 63
187.238 63
187.244 63
187.251 63
187.257 63
187.263 63
187.27 63
187.276 63
187.282 63
187.289 63
187.295 63
187.301 63
187.308 63
187.314 63
187.32 63
187.326 63
187.333 63
187.339 63
187.345 63
187.352 63
187.358 63
187.364 63
187.371 63
187.377 63
187.383 63
187.389 63
187.396 63
187.402 63
187.408 63
187.415 63
187.421 63
187.427 63
187.434 63
187.44 63
187.446 63
187.453 63
187.459 63
187.465 63
187.471 63
187.478 63
187.484 63
187.49 63
187.497 63
187.503 63
187.509 63
187.516 63
187.522 63
187.528 63
187.534 63
187.541 63
187.547 63
187.553 63
187.56 63
187.566 63
187.572 63
187.579 63
187.585 63
187.591 64
187.598 64
187.604 64
187.61 64
187.616 64
187.623 64
187.629 64
187.635 64
187.642 64
187.648 64
187.654 64
187.661 64
187.667 64
187.673 64
187.679 64
187.686 64
187.692 64
187.698 64
187.705 64
187.711 64
187.717 64
187.724 64
187.73 64
187.736 64
187.743 64
187.749 64
187.755 64
187.761 64
187.768 64
187.774 64
187.78 64
187.787 64
187.793 64
187.799 64
187.806 64
187.812 64
187.818 64
187.824 64
187.831 64
187.837 64
187.843 64
187.85 64
187.856 64
187.862 64
187.869 64
187.875 64
187.881 64
187.888 64
187.894 64
187.9 64
187.906 64
187.913 64
187.919 64
187.925 64
187.932 64
187.938 64
187.944 64
187.951 64
187.957 64
187.963 64
187.969 64
187.976 64
187.982 64
187.988 64
187.995 64
188.001 65
188.007 65
188.014 65
188.02 65
188.026 65
188.032 65
188.039 65
188.045 65
188.051 65
188.058 65
188.064 65
188.07 65
188.077 65
188.083 65
188.089 65
188.096 65
188.102 65
188.108 65
188.114 65
188.121 65
188.127 65
188.133 65
188.14 65
188.146 65
188.152 65
188.159 65
188.165 65
188.171 65
188.177 65
188.184 65
188.19 65
188.196 65
188.203 65
188.209 65
188.215 65
188.222 65
188.228 65
188.234 65
188.241 65
188.247 65
188.253 65
188.259 65
188.266 65
188.272 65
188.278 65
188.285 65
188.291 65
188.297 65
188.304 65
188.31 65
188.316 65
188.322 65
188.329 65
188.335 65
188.341 65
188.348 65
188.354 65
188.36 65
188.367 65
188.373 65
188.379 65
188.386 65
188.392 65
188.398 65
188.404 65
188.411 65
188.417 65
188.423 65
188.43 66
188.436 66
188.442 66
188.449 66
188.455 66
188.461 66
188.467 66
188.474 66
188.48 66
188.486 66
188.493 66
188.499 66
188.505 66
188.512 66
188.518 66
188.524 66
188.531 66
188.537 66
188.543 66
188.549 66
188.556 66
188.562 66
188.568 66
188.575 66
188.581 66
188.587 66
188.594 66
188.6 66
188.606 66
188.612 66
188.619 66
188.625 66
188.631 66
188.638 66
188.644 66
188.65 66
188.657 66
188.663 66
188.669 66
188.676 66
188.682 66
188.688 66
188.694 66
188.701 66
188.707 66
188.713 66
188.72 66
188.726 66
188.732 66
188.739 66
188.745 66
188.751 66
188.757 66
188.764 66
188.77 66
188.776 66
188.783 66
188.789 66
188.795 66
188.802 66
188.808 66
188.814 66
188.82 66
188.827 66
188.833 66
188.839 66
188.846 66
188.852 66
188.858 67
188.865 67
188.871 67
188.877 67
188.884 67
188.89 67
188.896 67
188.902 67
188.909 67
188.915 67
188.921 67
188.928 67
188.934 67
188.94 67
188.947 67
188.953 67
188.959 67
188.965 67
188.972 67
188.978 67
188.984 67
188.991 67
188.997 67
189.003 67
189.01 67
189.016 67
189.022 67
189.029 67
189.035 67
189.041 67
189.047 67
189.054 67
189.06 67
189.066 67
189.073 67
189.079 67
189.085 67
189.092 67
189.098 67
189.104 67
189.11 67
189.117 67
189.123 67
189.129 67
189.136 67
189.142 67
189.148 67
189.155 67
189.161 67
189.167 67
189.174 67
189.18 67
189.186 67
189.192 67
189.199 67
189.205 67
189.211 67
189.218 67
189.224 67
189.23 67
189.237 67
189.243 67
189.249 67
189.255 67
189.262 67
189.268 67
189.274 67
189.281 67
189.287 68
189.293 68
189.3 68
189.306 68
189.312 68
189.319 68
189.325 68
189.331 68
189.337 68
189.344 68
189.35 68
189.356 68
189.363 68
189.369 68
189.375 68
189.382 68
189.388 68
189.394 68
189.4 68
189.407 68
189.413 68
189.419 68
189.426 68
189.432 68
189.438 68
189.445 68
189.451 68
189.457 68
189.464 68
189.47 68
189.476 68
189.482 68
189.489 68
189.495 68
189.501 68
189.508 68
189.514 68
189.52 68
189.527 68
189.533 68
189.539 68
189.545 68
189.552 68
189.558 68
189.564 68
189.571 68
189.577 68
189.583 68
189.59 68
189.596 68
189.602 68
189.608 68
189.615 68
189.621 68
189.627 68
189.634 68
189.64 68
189.646 68
189.653 68
189.659 68
189.665 68
189.672 68
189.678 68
189.684 68
189.69 68
189.697 68
189.703 68
189.709 68
189.716 68
189.722 68
189.728 68
189.735 69
189.741 69
189.747 69
189.753 69
189.76 69
189.766 69
189.772 69
189.779 69
189.785 69
189.791 69
189.798 69
189.804 69
189.81 69
189.817 69
189.823 69
189.829 69
189.835 69
189.842 69
189.848 69
189.854 69
189.861 69
189.867 69
189.873 69
189.88 69
189.886 69
189.892 69
189.898 69
189.905 69
189.911 69
189.917 69
189.924 69
189.93 69
189.936 69
189.943 69
189.949 69
189.955 69
189.962 69
189.968 69
189.974 69
189.98 69
189.987 69
189.993 69
189.999 69
190.006 69
190.012 69
190.018 69
190.025 69
190.031 69
190.037 69
190.043 69
190.05 69
190.056 69
190.062 69
190.069 69
190.075 69
190.081 69
190.088 69
190.094 69
190.1 69
190.107 69
190.113 69
190.119 69
190.125 69
190.132 69
190.138 69
190.144 69
190.151 69
190.157 69
190.163 69
190.17 69
190.176 69
190.182 69
190.188 70
190.195 70
190.201 70
190.207 70
190.214 70
190.22 70
190.226 70
190.233 70
190.239 70
190.245 70
190.252 70
190.258 70
190.264 70
190.27 70
190.277 70
190.283 70
190.289 70
190.296 70
190.302 70
190.308 70
190.315 70
190.321 70
190.327 70
190.333 70
190.34 70
190.346 70
190.352 70
190.359 70
190.365 70
190.371 70
190.378 70
190.384 70
190.39 70
190.396 70
190.403 70
190.409 70
190.415 70
190.422 70
190.428 70
190.434 70
190.441 70
190.447 70
190.453 70
190.46 70
190.466 70
190.472 70
190.478 70
190.485 70
190.491 70
190.497 70
190.504 70
190.51 70
190.516 70
190.523 70
190.529 70
190.535 70
190.541 70
190.548 70
190.554 70
190.56 70
190.567 70
190.573 70
190.579 70
190.586 70
190.592 70
190.598 70
190.605 70
190.611 70
190.617 70
190.623 70
190.63 70
190.636 71
190.642 71
190.649 71
190.655 71
190.661 71
190.668 71
190.674 71
190.68 71
190.686 71
190.693 71
190.699 71
190.705 71
190.712 71
190.718 71
190.724 71
190.731 71
190.737 71
190.743 71
190.75 71
190.756 71
190.762 71
190.768 71
190.775 71
190.781 71
190.787 71
190.794 71
190.8 71
190.806 71
190.813 71
190.819 71
190.825 71
190.831 71
190.838 71
190.844 71
190.85 71
190.857 71
190.863 71
190.869 71
190.876 71
190.882 71
190.888 71
190.895 71
190.901 71
190.907 71
190.913 71
190.92 71
190.926 71
190.932 71
190.939 71
190.945 71
190.951 71
190.958 71
190.964 71
190.97 71
190.976 71
190.983 71
190.989 71
190.995 71
191.002 71
191.008 71
191.014 71
191.021 71
191.027 71
191.033 71
191.04 71
191.046 71
191.052 71
191.058 71
191.065 71
191.071 71
191.077 71
191.084 71
191.09 71
191.096 72
191.103 72
191.109 72
191.115 72
191.121 72
191.128 72
191.134 72
191.14 72
191.147 72
191.153 72
191.159 72
191.166 72
191.172 72
191.178 72
191.184 72
191.191 72
191.197 72
191.203 72
191.21 72
191.216 72
191.222 72
191.229 72
191.235 72
191.241 72
191.248 72
191.254 72
191.26 72
191.266 72
191.273 72
191.279 72
191.285 72
191.292 72
191.298 72
191.304 72
191.311 72
191.317 72
191.323 72
191.329 72
191.336 72
191.342 72
191.348 72
191.355 72
191.361 72
191.367 72
191.374 72
191.38 72
191.386 72
191.393 72
191.399 72
191.405 72
191.411 72
191.418 72
191.424 72
191.43 72
191.437 72
191.443 72
191.449 72
191.456 72
191.462 72
191.468 72
191.474 72
191.481 72
191.487 72
191.493 72
191.5 72
191.506 72
191.512 72
191.519 72
191.525 72
191.531 72
191.538 72
191.544 72
191.55 72
191.556 72
191.563 72
191.569 73
191.575 73
191.582 73
191.588 73
191.594 73
191.601 73
191.607 73
191.613 73
191.619 73
191.626 73
191.632 73
191.638 73
191.645 73
191.651 73
191.657 73
191.664 73
191.67 73
191.676 73
191.683 73
191.689 73
191.695 73
191.701 73
191.708 73
191.714 73
191.72 73
191.727 73
191.733 73
191.739 73
191.746 73
191.752 73
191.758 73
191.764 73
191.771 73
191.777 73
191.783 73
191.79 73
191.796 73
191.802 73
191.809 73
191.815 73
191.821 73
191.828 73
191.834 73
191.84 73
191.846 73
191.853 73
191.859 73
191.865 73
191.872 73
191.878 73
191.884 73
191.891 73
191.897 73
191.903 73
191.909 73
191.916 73
191.922 73
191.928 73
191.935 73
191.941 73
191.947 73
191.954 73
191.96 73
191.966 73
191.972 73
191.979 73
191.985 73
191.991 73
191.998 73
192.023 35
192.528 35
192.534 35
192.541 35
192.547 35
192.553 35
192.56 35
192.566 35
192.572 35
192.578 35
192.585 35
192.591 35
192.597 35
192.604 35
192.61 35
192.616 35
192.623 35
192.629 35
192.635 35
192.642 36
192.648 36
192.654 36
192.66 36
192.667 36
192.673 36
192.679 36
192.686 36
192.692 36
192.698 36
192.705 36
192.711 36
192.717 36
192.723 36
192.73 36
192.736 36
192.742 36
192.749 36
192.755 36
192.761 36
192.768 36
192.774 36
192.78 36
192.787 36
192.793 36
192.799 36
192.805 36
192.812 36
192.818 36
192.824 36
192.831 36
192.837 36
192.843 36
192.85 36
192.856 36
192.862 36
192.868 36
192.875 37
192.881 37
192.887 37
192.894 37
192.9 37
192.906 37
192.913 37
192.919 37
192.925 37
192.932 37
192.938 37
192.944 37
192.95 37
192.957 37
192.963 37
192.969 37
192.976 37
192.982 37
192.988 37
192.995 37
193.001 37
193.007 37
193.013 37
193.02 37
193.026 37
193.032 37
193.039 37
193.045 37
193.051 37
193.058 37
193.064 37
193.07 37
193.077 37
193.083 37
193.089 37
193.095 37
193.102 37
193.108 37
193.114 38
193.121 38
193.127 38
193.133 38
193.14 38
193.146 38
193.152 38
193.158 38
193.165 38
193.171 38
193.177 38
193.184 38
193.19 38
193.196 38
193.203 38
193.209 38
193.215 38
193.222 38
193.228 38
193.234 38
193.24 38
193.247 38
193.253 38
193.259 38
193.266 38
193.272 38
193.278 38
193.285 38
193.291 38
193.297 38
193.303 38
193.31 38
193.316 38
193.322 38
193.329 38
193.335 38
193.341 38
193.348 38
193.354 38
193.36 39
193.366 39
193.373 39
193.379 39
193.385 39
193.392 39
193.398 39
193.404 39
193.411 39
193.417 39
193.423 39
193.43 39
193.436 39
193.442 39
193.448 39
193.455 39
193.461 39
193.467 39
193.474 39
193.48 39
193.486 39
193.493 39
193.499 39
193.505 39
193.511 39
193.518 39
193.524 39
193.53 39
193.537 39
193.543 39
193.549 39
193.556 39
193.562 39
193.568 39
193.575 39
193.581 39
193.587 39
193.593 39
193.6 39
193.606 39
193.612 40
193.619 40
193.625 40
193.631 40
193.638 40
193.644 40
193.65 40
193.656 40
193.663 40
193.669 40
193.675 40
193.682 40
193.688 40
193.694 40
193.701 40
193.707 40
193.713 40
193.72 40
193.726 40
193.732 40
193.738 40
193.745 40
193.751 40
193.757 40
193.764 40
193.77 40
193.776 40
193.783 40
193.789 40
193.795 40
193.801 40
193.808 40
193.814 40
193.82 40
193.827 40
193.833 40
193.839 40
193.846 40
193.852 40
193.858 40
193.865 40
193.871 41
193.877 41
193.883 41
193.89 41
193.896 41
193.902 41
193.909 41
193.915 41
193.921 41
193.928 41
193.934 41
193.94 41
193.946 41
193.953 41
193.959 41
193.965 41
193.972 41
193.978 41
193.984 41
193.991 41
193.997 41
194.003 41
194.01 41
194.016 41
194.022 41
194.028 41
194.035 41
194.041 41
194.047 41
194.054 41
194.06 41
194.066 41
194.073 41
194.079 41
194.085 41
194.091 41
194.098 41
194.104 41
194.11 41
194.117 41
194.123 41
194.129 41
194.136 42
194.142 42
194.148 42
194.154 42
194.161 42
194.167 42
194.173 42
194.18 42
194.186 42
194.192 42
194.199 42
194.205 42
194.211 42
194.218 42
194.224 42
194.23 42
194.236 42
194.243 42
194.249 42
194.255 42
194.262 42
194.268 42
194.274 42
194.281 42
194.287 42
194.293 42
194.299 42
194.306 42
194.312 42
194.318 42
194.325 42
194.331 42
194.337 42
194.344 42
194.35 42
194.356 42
194.363 42
194.369 42
194.375 42
194.381 42
194.388 42
194.394 42
194.4 42
194.407 43
194.413 43
194.419 43
194.426 43
194.432 43
194.438 43
194.444 43
194.451 43
194.457 43
194.463 43
194.47 43
194.476 43
194.482 43
194.489 43
194.495 43
194.501 43
194.508 43
194.514 43
194.52 43
194.526 43
194.533 43
194.539 43
194.545 43
194.552 43
194.558 43
194.564 43
194.571 43
194.577 43
194.583 43
194.589 43
194.596 43
194.602 43
194.608 43
194.615 43
194.621 43
194.627 43
194.634 43
194.64 43
194.646 43
194.653 43
194.659 43
194.665 43
194.671 43
194.678 43
194.684 44
194.69 44
194.697 44
194.703 44
194.709 44
194.716 44
194.722 44
194.728 44
194.734 44
194.741 44
194.747 44
194.753 44
194.76 44
194.766 44
194.772 44
194.779 44
194.785 44
194.791 44
194.798 44
194.804 44
194.81 44
194.816 44
194.823 44
194.829 44
194.835 44
194.842 44
194.848 44
194.854 44
194.861 44
194.867 44
194.873 44
194.879 44
194.886 44
194.892 44
194.898 44
194.905 44
194.911 44
194.917 44
194.924 44
194.93 44
194.936 44
194.942 44
194.949 44
194.955 44
194.961 44
194.968 45
194.974 45
194.98 45
194.987 45
194.993 45
194.999 45
195.006 45
195.012 45
195.018 45
195.024 45
195.031 45
195.037 45
195.043 45
195.05 45
195.056 45
195.062 45
195.069 45
195.075 45
195.081 45
195.087 45
195.094 45
195.1 45
195.106 45
195.113 45
195.119 45
195.125 45
195.132 45
195.138 45
195.144 45
195.151 45
195.157 45
195.163 45
195.169 45
195.176 45
195.182 45
195.188 45
195.195 45
195.201 45
195.207 45
195.214 45
195.22 45
195.226 45
195.232 45
195.239 45
195.245 45
195.251 45
195.258 46
195.264 46
195.27 46
195.277 46
195.283 46
195.289 46
195.296 46
195.302 46
195.308 46
195.314 46
195.321 46
195.327 46
195.333 46
195.34 46
195.346 46
195.352 46
195.359 46
195.365 46
195.371 46
195.377 46
195.384 46
195.39 46
195.396 46
195.403 46
195.409 46
195.415 46
195.422 46
195.428 46
195.434 46
195.441 46
195.447 46
195.453 46
195.459 46
195.466 46
195.472 46
195.478 46
195.485 46
195.491 46
195.497 46
195.504 46
195.51 46
195.516 46
195.522 46
195.529 46
195.535 46
195.541 46
195.548 46
195.554 47
195.56 47
195.567 47
195.573 47
195.579 47
195.586 47
195.592 47
195.598 47
195.604 47
195.611 47
195.617 47
195.623 47
195.63 47
195.636 47
195.642 47
195.649 47
195.655 47
195.661 47
195.667 47
195.674 47
195.68 47
195.686 47
195.693 47
195.699 47
195.705 47
195.712 47
195.718 47
195.724 47
195.73 47
195.737 47
195.743 47
195.749 47
195.756 47
195.762 47
195.768 47
195.775 47
195.781 47
195.787 47
195.794 47
195.8 47
195.806 47
195.812 47
195.819 47
195.825 47
195.831 47
195.838 47
195.844 47
195.85 47
195.857 47
195.863 48
195.869 48
195.875 48
195.882 48
195.888 48
195.894 48
195.901 48
195.907 48
195.913 48
195.92 48
195.926 48
195.932 48
195.939 48
195.945 48
195.951 48
195.957 48
195.964 48
195.97 48
195.976 48
195.983 48
195.989 48
195.995 48
196.002 48
196.008 48
196.014 48
196.02 48
196.027 48
196.033 48
196.039 48
196.046 48
196.052 48
196.058 48
196.065 48
196.071 48
196.077 48
196.084 48
196.09 48
196.096 48
196.102 48
196.109 48
196.115 48
196.121 48
196.128 48
196.134 48
196.14 48
196.147 48
196.153 48
196.159 48
196.165 48
196.172 49
196.178 49
196.184 49
196.191 49
196.197 49
196.204 49
196.21 49
196.217 49
196.223 49
196.23 49
196.237 49
196.243 49
196.249 49
196.256 49
196.262 49
196.269 49
196.276 49
196.283 49
196.289 49
196.295 49
196.301 49
196.308 49
196.314 49
196.32 49
196.327 49
196.333 49
196.34 49
196.346 49
196.353 49
196.359 49
196.365 49
196.372 49
196.378 49
196.384 49
196.391 49
196.397 49
196.403 49
196.41 49
196.416 49
196.422 49
196.428 49
196.435 49
196.441 49
196.447 49
196.454 49
196.46 49
196.466 49
196.473 49
196.479 49
196.485 49
196.492 50
196.498 50
196.504 50
196.511 50
196.517 50
196.523 50
196.53 50
196.536 50
196.542 50
196.549 50
196.555 50
196.562 50
196.568 50
196.575 50
196.581 50
196.588 50
196.595 50
196.601 50
196.608 50
196.615 50
196.621 50
196.628 50
196.634 50
196.641 50
196.647 50
196.654 50
196.66 50
196.667 50
196.673 50
196.68 50
196.686 50
196.692 50
196.699 50
196.705 50
196.712 50
196.718 50
196.724 50
196.731 50
196.737 50
196.744 50
196.75 50
196.756 50
196.762 50
196.769 50
196.775 50
196.781 50
196.788 50
196.794 50
196.8 50
196.807 50
196.814 50
196.82 50
196.827 51
196.834 51
196.841 51
196.847 51
196.854 51
196.86 51
196.866 51
196.873 51
196.879 51
196.885 51
196.892 51
196.898 51
196.904 51
196.911 51
196.917 51
196.923 51
196.93 51
196.936 51
196.942 51
196.949 51
196.955 51
196.961 51
196.968 51
196.974 51
196.981 51
196.988 51
196.994 51
197.001 51
197.007 51
197.014 51
197.021 51
197.027 51
197.034 51
197.041 51
197.048 51
197.054 51
197.061 51
197.067 51
197.074 51
197.08 51
197.087 51
197.093 51
197.1 51
197.106 51
197.112 51
197.119 51
197.125 51
197.132 51
197.138 51
197.145 51
197.151 51
197.157 51
197.164 52
197.17 52
197.176 52
197.183 52
197.189 52
197.195 52
197.202 52
197.208 52
197.214 52
197.221 52
197.227 52
197.234 52
197.24 52
197.246 52
197.253 52
197.259 52
197.265 52
197.272 52
197.278 52
197.284 52
197.29 52
197.297 52
197.303 52
197.309 52
197.316 52
197.322 52
197.328 52
197.335 52
197.341 52
197.347 52
197.354 52
197.36 52
197.366 52
197.373 52
197.379 52
197.385 52
197.392 52
197.398 52
197.404 52
197.411 52
197.417 52
197.424 52
197.43 52
197.436 52
197.443 52
197.449 52
197.456 52
197.463 52
197.469 52
197.476 52
197.482 52
197.489 52
197.495 52
197.502 52
197.509 53
197.515 53
197.522 53
197.528 53
197.535 53
197.541 53
197.548 53
197.554 53
197.561 53
197.567 53
197.573 53
197.58 53
197.586 53
197.593 53
197.599 53
197.605 53
197.612 53
197.618 53
197.625 53
197.631 53
197.638 53
197.644 53
197.651 53
197.657 53
197.663 53
197.67 53
197.676 53
197.682 53
197.688 53
197.695 53
197.701 53
197.707 53
197.714 53
197.72 53
197.726 53
197.733 53
197.739 53
197.745 53
197.752 53
197.758 53
197.764 53
197.77 53
197.777 53
197.783 53
197.789 53
197.796 53
197.802 53
197.809 53
197.815 53
197.821 53
197.828 53
197.834 53
197.84 53
197.847 53
197.853 54
197.86 54
197.866 54
197.872 54
197.879 54
197.885 54
197.891 54
197.898 54
197.904 54
197.91 54
197.917 54
197.923 54
197.93 54
197.937 54
197.943 54
197.95 54
197.956 54
197.963 54
197.97 54
197.976 54
197.982 54
197.989 54
197.995 54
198.001 54
198.008 54
198.014 54
198.021 54
198.027 54
198.033 54
198.04 54
198.046 54
198.052 54
198.059 54
198.065 54
198.072 54
198.078 54
198.084 54
198.091 54
198.097 54
198.103 54
198.109 54
198.116 54
198.122 54
198.128 54
198.135 54
198.141 54
198.147 54
198.154 54
198.16 54
198.166 54
198.173 54
198.179 54
198.186 54
198.192 54
198.199 54
198.205 54
198.212 55
198.218 55
198.224 55
198.231 55
198.237 55
198.243 55
198.25 55
198.256 55
198.262 55
198.269 55
198.275 55
198.281 55
198.287 55
198.294 55
198.3 55
198.306 55
198.313 55
198.319 55
198.325 55
198.332 55
198.338 55
198.344 55
198.351 55
198.357 55
198.363 55
198.37 55
198.376 55
198.383 55
198.39 55
198.397 55
198.403 55
198.41 55
198.416 55
198.422 55
198.429 55
198.435 55
198.441 55
198.448 55
198.454 55
198.46 55
198.467 55
198.473 55
198.479 55
198.486 55
198.492 55
198.498 55
198.505 55
198.511 55
198.517 55
198.524 55
198.53 55
198.537 55
198.543 55
198.549 55
198.555 55
198.562 55
198.568 56
198.574 56
198.581 56
198.587 56
198.593 56
198.6 56
198.606 56
198.612 56
198.618 56
198.625 56
198.631 56
198.637 56
198.644 56
198.65 56
198.656 56
198.663 56
198.669 56
198.675 56
198.681 56
198.688 56
198.694 56
198.7 56
198.707 56
198.713 56
198.719 56
198.726 56
198.732 56
198.738 56
198.745 56
198.751 56
198.757 56
198.763 56
198.77 56
198.776 56
198.782 56
198.789 56
198.795 56
198.801 56
198.808 56
198.814 56
198.82 56
198.826 56
198.833 56
198.839 56
198.845 56
198.852 56
198.858 56
198.864 56
198.871 56
198.877 56
198.883 56
198.89 56
198.896 56
198.902 56
198.908 56
198.915 56
198.921 56
198.927 56
198.934 57
198.94 57
198.946 57
198.953 57
198.959 57
198.965 57
198.971 57
198.978 57
198.984 57
198.99 57
198.997 57
199.003 57
199.009 57
199.016 57
199.022 57
199.028 57
199.035 57
199.041 57
199.047 57
199.053 57
199.06 57
199.066 57
199.072 57
199.079 57
199.085 57
199.091 57
199.098 57
199.104 57
199.11 57
199.116 57
199.123 57
199.129 57
199.135 57
199.142 57
199.148 57
199.154 57
199.161 57
199.167 57
199.173 57
199.18 57
199.186 57
199.192 57
199.198 57
199.205 57
199.211 57
199.217 57
199.224 57
199.23 57
199.236 57
199.243 57
199.249 57
199.255 57
199.261 57
199.268 57
199.274 57
199.28 57
199.287 57
199.293 57
199.299 58
199.306 58
199.312 58
199.318 58
199.325 58
199.331 58
199.337 58
199.343 58
199.35 58
199.356 58
199.362 58
199.369 58
199.375 58
199.381 58
199.388 58
199.394 58
199.4 58
199.406 58
199.413 58
199.419 58
199.425 58
199.432 58
199.438 58
199.444 58
199.451 58
199.457 58
199.463 58
199.469 58
199.476 58
199.482 58
199.488 58
199.495 58
199.501 58
199.507 58
199.514 58
199.52 58
199.526 58
199.533 58
199.539 58
199.545 58
199.551 58
199.558 58
199.564 58
199.57 58
199.577 58
199.583 58
199.589 58
199.596 58
199.602 58
199.608 58
199.614 58
199.621 58
199.627 58
199.633 58
199.64 58
199.646 58
199.652 58
199.659 58
199.665 58
199.671 58
199.678 59
199.684 59
199.69 59
199.696 59
199.703 59
199.709 59
199.715 59
199.722 59
199.728 59
199.734 59
199.741 59
199.747 59
199.753 59
199.759 59
199.766 59
199.772 59
199.778 59
199.785 59
199.791 59
199.797 59
199.804 59
199.81 59
199.816 59
199.823 59
199.829 59
199.835 59
199.841 59
199.848 59
199.854 59
199.86 59
199.867 59
199.873 59
199.879 59
199.886 59
199.892 59
199.898 59
199.904 59
199.911 59
199.917 59
199.923 59
199.93 59
199.936 59
199.942 59
199.949 59
199.955 59
199.961 59
199.968 59
199.974 59
199.98 59
199.986 59
199.993 59
199.999 59
