175.457 44
175.727 45
175.73 46
175.77 47
175.838 48
175.944 49
175.989 50
176.08 51
176.239 52
176.376 53
176.461 54
176.604 55
176.693 56
176.831 57
176.936 58
177.104 59
177.234 60
177.45 61
177.67 62
177.888 43
178.095 44
178.125 45
178.269 46
178.36 47
178.543 48
178.755 49
178.959 50
179.163 51
179.523 52
181.366 36
181.762 37
181.764 38
181.82 39
181.909 40
181.985 41
182.075 42
182.166 43
182.267 44
182.414 45
182.494 46
182.631 47
182.784 48
182.977 49
183.174 50
183.381 51
183.737 52
184.056 36
184.331 37
184.332 38
184.389 39
184.5 40
184.557 41
184.641 42
184.74 43
184.878 44
184.945 45
185.07 46
185.218 47
185.342 48
185.505 49
185.71 50
185.95 51
186.303 52
186.682 36
186.951 37
186.954 38
187.009 39
187.114 40
187.175 41
187.297 42
187.366 43
187.506 44
187.567 45
187.698 46
187.815 47
187.969 48
188.156 49
188.369 50
188.578 51
188.942 52
190.217 36
190.528 37
190.53 38
190.629 39
190.68 40
190.752 41
190.846 42
190.969 43
191.034 44
191.15 45
191.262 46
191.403 47
191.536 48
191.736 49
191.899 50
192.152 51
192.504 52
193.068 36
193.342 37
193.343 38
193.404 39
193.501 40
193.567 41
193.665 42
193.769 43
193.847 44
193.955 45
194.086 46
194.205 47
194.352 48
194.525 49
194.722 50
194.99 51
195.313 52
198.029 53
198.397 54
198.629 55
198.843 56
198.932 39
199.193 40
199.194 41
199.244 42
199.337 43
199.401 44
199.509 45
199.573 46
199.695 47
199.77 48
199.885 49
199.997 50
