175.097 24
175.104 24
175.11 24
175.116 24
175.123 24
175.129 24
175.135 24
175.142 24
175.148 24
175.154 24
175.16 24
175.167 24
175.173 24
175.179 24
175.186 24
175.192 24
175.198 24
175.205 24
175.211 24
175.217 24
175.224 24
175.23 24
175.236 24
175.242 25
175.32 25
175.326 25
175.333 25
175.339 25
175.345 25
175.352 25
175.358 25
175.364 25
175.371 25
175.377 25
175.383 25
175.389 25
175.396 25
175.402 25
175.408 25
175.415 25
175.421 25
175.427 25
175.434 25
175.44 25
175.446 25
175.452 25
175.459 25
175.465 25
175.471 25
175.52 26
175.527 26
175.533 26
175.539 26
175.546 26
175.552 26
175.558 26
175.565 26
175.571 26
175.577 26
175.583 26
175.59 26
175.596 26
175.602 26
175.609 26
175.615 26
175.621 26
175.628 26
175.634 26
175.64 26
175.646 26
175.653 26
175.659 26
175.665 26
175.672 26
175.693 26
175.699 26
175.705 27
175.712 27
175.718 27
175.724 27
175.73 27
175.737 27
175.743 27
175.749 27
175.756 27
175.762 27
175.768 27
175.775 27
175.781 27
175.787 27
175.794 27
175.8 27
175.806 27
175.812 27
175.819 27
175.825 27
175.831 27
175.838 27
175.844 27
175.85 27
175.857 27
175.863 27
175.869 27
175.875 28
175.882 28
175.888 28
175.894 28
175.901 28
175.907 28
175.913 28
175.92 28
175.926 28
175.932 28
175.939 28
175.945 28
175.951 28
175.957 28
175.964 28
175.97 28
175.976 28
175.983 28
175.989 28
175.995 28
176.002 28
176.008 28
176.014 28
176.02 28
176.027 28
176.033 28
176.039 28
176.046 28
176.052 28
176.058 29
176.065 29
176.071 29
176.077 29
176.084 29
176.09 29
176.096 29
176.102 29
176.109 29
176.115 29
176.121 29
176.128 29
176.134 29
176.14 29
176.147 29
176.154 29
176.16 29
176.166 29
176.173 29
176.179 29
176.185 29
176.192 29
176.198 29
176.204 29
176.211 29
176.217 29
176.223 29
176.229 29
176.236 29
176.242 29
176.248 30
176.255 30
176.261 30
176.267 30
176.274 30
176.28 30
176.286 30
176.293 30
176.299 30
176.307 30
176.313 30
176.321 30
176.328 30
176.335 30
176.342 30
176.349 30
176.356 30
176.363 30
176.371 30
176.378 30
176.386 30
176.393 30
176.401 30
176.409 30
176.416 30
176.422 30
176.428 30
176.434 30
176.441 30
176.447 30
176.453 30
176.46 31
176.466 31
176.472 31
176.479 31
176.485 31
176.491 31
176.498 31
176.504 31
176.51 31
176.516 31
176.523 31
176.529 31
176.535 31
176.542 31
176.549 31
176.557 31
176.563 31
176.569 31
176.576 31
176.582 31
176.589 31
176.596 31
176.603 31
176.609 31
176.616 31
176.623 31
176.629 31
176.636 31
176.642 31
176.648 31
176.655 31
176.661 32
176.669 32
176.675 32
176.682 32
176.689 32
176.697 32
176.704 32
176.71 32
176.717 32
176.724 32
176.731 32
176.738 32
176.745 32
176.751 32
176.758 32
176.764 32
176.771 32
176.777 32
176.783 32
176.79 32
176.796 32
176.802 32
176.809 32
176.816 32
176.822 32
176.828 32
176.834 32
176.841 32
176.847 32
176.853 32
176.86 32
176.866 32
176.872 32
176.879 33
176.885 33
176.891 33
176.898 33
176.904 33
176.91 33
176.917 33
176.924 33
176.932 33
176.939 33
176.946 33
176.953 33
176.959 33
176.967 33
176.974 33
176.98 33
176.986 33
176.993 33
176.999 33
177.006 33
177.012 33
177.018 33
177.025 33
177.031 33
177.037 33
177.044 33
177.05 33
177.056 33
177.063 33
177.069 33
177.077 33
177.085 33
177.092 33
177.099 33
177.106 34
177.113 34
177.119 34
177.127 34
177.133 34
177.141 34
177.147 34
177.153 34
177.159 34
177.166 34
177.172 34
177.178 34
177.185 34
177.191 34
177.197 34
177.204 34
177.21 34
177.216 34
177.222 34
177.229 34
177.235 34
177.241 34
177.248 34
177.254 34
177.26 34
177.267 34
177.273 34
177.279 34
177.286 34
177.292 34
177.298 34
177.304 34
177.312 34
177.32 34
177.327 34
177.334 35
177.341 35
177.348 35
177.355 35
177.362 35
177.369 35
177.376 35
177.382 35
177.388 35
177.395 35
177.401 35
177.407 35
177.414 35
177.42 35
177.426 35
177.434 35
177.441 35
177.448 35
177.454 35
177.46 35
177.467 35
177.473 35
177.479 35
177.486 35
177.492 35
177.498 35
177.504 35
177.511 35
177.517 35
177.523 35
177.53 35
177.536 35
177.542 35
177.549 35
177.555 35
177.561 35
177.569 36
177.576 36
177.584 36
177.591 36
177.599 36
177.605 36
177.611 36
177.618 36
177.624 36
177.63 36
177.637 36
177.643 36
177.649 36
177.656 36
177.662 36
177.668 36
177.674 36
177.681 36
177.687 36
177.693 36
177.7 36
177.706 36
177.712 36
177.719 36
177.725 36
177.731 36
177.738 36
177.746 36
177.754 36
177.761 36
177.768 36
177.775 36
177.783 36
177.79 36
177.797 36
177.804 36
177.81 36
177.817 37
177.823 37
177.829 37
177.836 37
177.842 37
177.848 37
177.854 37
177.861 37
177.867 37
177.873 37
177.88 37
177.886 37
177.892 37
177.899 37
177.905 37
177.911 37
177.918 37
177.924 37
177.93 37
177.936 37
177.943 37
177.949 37
177.955 37
177.962 37
177.968 37
177.974 37
177.981 37
177.987 37
177.993 37
178.002 37
178.011 37
178.019 37
178.027 37
178.034 37
178.041 37
178.047 37
178.053 37
178.06 37
178.066 38
178.072 38
178.079 38
178.085 38
178.092 38
178.099 38
178.106 38
178.112 38
178.119 38
178.125 38
178.131 38
178.138 38
178.144 38
178.15 38
178.156 38
178.163 38
178.169 38
178.175 38
178.182 38
178.188 38
178.194 38
178.201 38
178.208 38
178.216 38
178.224 38
178.231 38
178.237 38
178.244 38
178.25 38
178.256 38
178.262 38
178.269 38
178.275 38
178.281 38
178.288 38
178.294 38
178.3 38
178.307 38
178.313 38
178.319 39
178.326 39
178.332 39
178.338 39
178.344 39
178.351 39
178.357 39
178.363 39
178.37 39
178.376 39
178.382 39
178.389 39
178.395 39
178.403 39
178.409 39
178.416 39
178.423 39
178.43 39
178.437 39
178.444 39
178.451 39
178.457 39
178.464 39
178.47 39
178.477 39
178.484 39
178.49 39
178.497 39
178.504 39
178.511 39
178.519 39
178.525 39
178.532 39
178.538 39
178.545 39
178.551 39
178.557 39
178.564 39
178.57 39
178.576 39
178.583 40
178.589 40
178.595 40
178.601 40
178.608 40
178.614 40
178.62 40
178.627 40
178.633 40
178.639 40
178.646 40
178.652 40
178.658 40
178.665 40
178.671 40
178.677 40
178.683 40
178.69 40
178.696 40
178.702 40
178.709 40
178.715 40
178.721 40
178.728 40
178.734 40
178.74 40
178.746 40
178.753 40
178.759 40
178.766 40
178.773 40
178.781 40
178.788 40
178.795 40
178.802 40
178.809 40
178.816 40
178.823 40
178.83 40
178.837 40
178.844 40
178.85 41
178.857 41
178.863 41
178.869 41
178.876 41
178.882 41
178.888 41
178.895 41
178.901 41
178.908 41
178.914 41
178.921 41
178.947 19
179.921 1
180.177 2
180.305 3
180.312 4
180.43 5
180.437 6
180.444 7
180.451 8
180.56 9
180.566 10
180.572 10
180.58 10
180.587 10
180.594 10
180.601 10
180.607 10
180.689 10
180.695 10
180.702 10
180.71 10
180.717 11
180.724 11
180.732 11
180.739 11
180.746 11
180.752 11
180.816 11
180.824 11
180.832 11
180.841 11
180.848 11
180.856 12
180.862 12
180.87 12
180.878 12
180.885 12
180.892 12
180.954 12
180.963 12
180.971 12
180.98 12
180.987 12
180.994 12
181 12
181.007 13
181.013 13
181.019 13
181.026 13
181.032 13
181.093 13
181.104 13
181.111 13
181.119 13
181.126 13
181.134 13
181.14 13
181.147 13
181.153 13
181.159 14
181.166 14
181.172 14
181.178 14
181.235 14
181.246 14
181.253 14
181.261 14
181.269 14
181.277 14
181.283 14
181.29 14
181.296 14
181.303 14
181.31 15
181.317 15
181.324 15
181.331 15
181.384 15
181.395 15
181.404 15
181.412 15
181.42 15
181.428 15
181.434 15
181.441 15
181.447 15
181.455 15
181.461 15
181.467 15
181.473 16
181.48 16
181.486 16
181.529 16
181.539 16
181.548 16
181.555 16
181.563 16
181.572 16
181.578 16
181.585 16
181.592 16
181.6 16
181.607 16
181.615 16
181.622 16
181.63 17
181.638 17
181.645 17
181.685 17
181.697 17
181.707 17
181.715 17
181.722 17
181.732 17
181.738 17
181.744 17
181.751 17
181.759 17
181.766 17
181.774 17
181.781 17
181.789 17
181.795 17
181.801 18
181.808 18
181.839 18
181.85 18
181.86 18
181.867 18
181.874 18
181.884 18
181.89 18
181.897 18
181.904 18
181.911 18
181.919 18
181.927 18
181.935 18
181.943 18
181.95 18
181.957 18
181.964 19
181.971 19
181.998 19
182.009 19
182.02 19
182.028 19
182.035 19
182.046 19
182.052 19
182.058 19
182.065 19
182.071 19
182.077 19
182.084 19
182.09 19
182.096 19
182.102 19
182.109 19
182.115 19
182.121 19
182.128 20
182.144 20
182.155 20
182.166 20
182.173 20
182.18 20
182.19 20
182.197 20
182.203 20
182.209 20
182.216 20
182.222 20
182.228 20
182.235 20
182.241 20
182.247 20
182.254 20
182.261 20
182.267 20
182.273 20
182.28 20
182.289 21
182.301 21
182.311 21
182.317 21
182.325 21
182.333 21
182.339 21
182.345 21
182.352 21
182.358 21
182.365 21
182.371 21
182.378 21
182.385 21
182.393 21
182.401 21
182.41 21
182.417 21
182.424 21
182.431 21
182.44 21
182.447 22
182.453 22
182.463 22
182.47 22
182.479 22
182.485 22
182.492 22
182.499 22
182.505 22
182.512 22
182.52 22
182.526 22
182.532 22
182.539 22
182.547 22
182.555 22
182.563 22
182.57 22
182.576 22
182.583 22
182.592 22
182.599 22
182.605 22
182.611 23
182.617 23
182.624 23
182.63 23
182.638 23
182.645 23
182.653 23
182.661 23
182.669 23
182.678 23
182.684 23
182.691 23
182.699 23
182.707 23
182.717 23
182.725 23
182.734 23
182.741 23
182.749 23
182.759 23
182.766 23
182.774 23
182.781 23
182.787 24
182.794 24
182.8 24
182.806 24
182.813 24
182.819 24
182.825 24
182.832 24
182.838 24
182.845 24
182.852 24
182.858 24
182.864 24
182.873 24
182.882 24
182.891 24
182.902 24
182.911 24
182.92 24
182.931 24
182.938 24
182.946 24
182.954 24
182.961 24
182.969 24
182.976 25
182.983 25
182.99 25
182.996 25
183.003 25
183.01 25
183.017 25
183.024 25
183.031 25
183.037 25
183.043 25
183.049 25
183.056 25
183.063 25
183.072 25
183.083 25
183.094 25
183.103 25
183.114 25
183.121 25
183.128 25
183.136 25
183.144 25
183.152 25
183.158 25
183.165 25
183.171 26
183.178 26
183.185 26
183.191 26
183.198 26
183.204 26
183.211 26
183.218 26
183.225 26
183.231 26
183.238 26
183.244 26
183.251 26
183.26 26
183.272 26
183.284 26
183.294 26
183.305 26
183.312 26
183.321 26
183.33 26
183.338 26
183.347 26
183.353 26
183.359 26
183.366 26
183.373 26
183.379 27
183.385 27
183.392 27
183.399 27
183.405 27
183.412 27
183.418 27
183.425 27
183.432 27
183.438 27
183.444 27
183.451 27
183.457 27
183.469 27
183.481 27
183.491 27
183.502 27
183.509 27
183.518 27
183.527 27
183.536 27
183.545 27
183.552 27
183.559 27
183.566 27
183.574 27
183.581 27
183.589 28
183.596 28
183.603 28
183.61 28
183.617 28
183.624 28
183.63 28
183.636 28
183.643 28
183.649 28
183.655 28
183.662 28
183.668 28
183.674 28
183.688 28
183.698 28
183.71 28
183.716 28
183.727 28
183.735 28
183.746 28
183.755 28
183.762 28
183.77 28
183.778 28
183.785 28
183.791 28
183.799 28
183.805 28
183.811 29
183.817 29
183.824 29
183.83 29
183.836 29
183.843 29
183.85 29
183.856 29
183.863 29
183.87 29
183.877 29
183.883 29
183.89 29
183.901 29
183.913 29
183.925 29
183.932 29
183.943 29
183.95 29
183.963 29
183.972 29
183.981 29
183.989 29
183.997 29
184.004 29
184.01 29
184.017 29
184.024 29
184.031 29
184.037 29
184.044 30
184.051 30
184.057 30
184.064 30
184.07 30
184.076 30
184.083 30
184.089 30
184.095 30
184.101 30
184.108 30
184.114 30
184.12 30
184.133 30
184.145 30
184.153 30
184.164 30
184.172 30
184.184 30
184.195 30
184.203 30
184.212 30
184.219 30
184.226 30
184.233 30
184.24 30
184.247 30
184.254 30
184.262 30
184.27 30
184.277 30
184.284 31
184.291 31
184.298 31
184.305 31
184.312 31
184.319 31
184.325 31
184.331 31
184.338 31
184.344 31
184.35 31
184.356 31
184.363 31
184.373 31
184.382 31
184.393 31
184.401 31
184.414 31
184.424 31
184.434 31
184.442 31
184.45 31
184.456 31
184.462 31
184.469 31
184.476 31
184.483 31
184.49 31
184.499 31
184.506 31
184.516 31
184.523 32
184.529 32
184.536 32
184.543 32
184.551 32
184.557 32
184.563 32
184.57 32
184.576 32
184.582 32
184.588 32
184.595 32
184.601 32
184.607 32
184.617 32
184.628 32
184.636 32
184.65 32
184.661 32
184.67 32
184.679 32
184.686 32
184.692 32
184.698 32
184.705 32
184.711 32
184.719 32
184.726 32
184.735 32
184.742 32
184.752 32
184.76 32
184.767 32
184.773 33
184.78 33
184.786 33
184.794 33
184.802 33
184.809 33
184.815 33
184.822 33
184.828 33
184.835 33
184.841 33
184.848 33
184.854 33
184.861 33
184.871 33
184.879 33
184.892 33
184.902 33
184.911 33
184.919 33
184.926 33
184.932 33
184.938 33
184.945 33
184.951 33
184.958 33
184.966 33
184.975 33
184.982 33
184.993 33
185.001 33
185.008 33
185.014 33
185.021 33
185.028 34
185.034 34
185.04 34
185.047 34
185.053 34
185.06 34
185.068 34
185.075 34
185.082 34
185.089 34
185.097 34
185.103 34
185.109 34
185.121 34
185.129 34
185.143 34
185.154 34
185.165 34
185.174 34
185.182 34
185.189 34
185.195 34
185.201 34
185.238 16
185.582 16
185.588 16
185.595 16
185.601 16
185.607 16
185.613 16
185.62 16
185.626 16
185.632 16
185.639 16
185.645 16
185.651 16
185.658 16
185.664 16
185.671 16
185.678 16
185.755 17
185.761 17
185.767 17
185.774 17
185.78 17
185.786 17
185.792 17
185.799 17
185.805 17
185.811 17
185.818 17
185.824 17
185.83 17
185.837 17
185.843 17
185.849 17
185.904 17
185.91 17
185.917 18
185.924 18
185.93 18
185.937 18
185.943 18
185.95 18
185.956 18
185.963 18
185.969 18
185.975 18
185.982 18
185.988 18
185.994 18
186 18
186.007 18
186.04 18
186.047 18
186.053 18
186.059 19
186.066 19
186.072 19
186.078 19
186.084 19
186.091 19
186.097 19
186.103 19
186.11 19
186.116 19
186.122 19
186.129 19
186.136 19
186.143 19
186.15 19
186.181 19
186.189 19
186.196 19
186.203 19
186.211 19
186.218 20
186.225 20
186.232 20
186.238 20
186.245 20
186.252 20
186.258 20
186.265 20
186.271 20
186.278 20
186.284 20
186.29 20
186.297 20
186.303 20
186.32 20
186.327 20
186.333 20
186.339 20
186.346 20
186.352 20
186.358 21
186.365 21
186.371 21
186.377 21
186.383 21
186.39 21
186.396 21
186.402 21
186.409 21
186.415 21
186.421 21
186.428 21
186.434 21
186.44 21
186.457 21
186.464 21
186.472 21
186.481 21
186.488 21
186.496 21
186.503 21
186.51 21
186.516 22
186.522 22
186.529 22
186.535 22
186.541 22
186.548 22
186.554 22
186.56 22
186.567 22
186.573 22
186.579 22
186.585 22
186.592 22
186.601 22
186.609 22
186.618 22
186.627 22
186.635 22
186.643 22
186.649 22
186.656 22
186.662 22
186.669 22
186.675 23
186.681 23
186.687 23
186.694 23
186.7 23
186.706 23
186.713 23
186.719 23
186.725 23
186.732 23
186.738 23
186.744 23
186.751 23
186.757 23
186.763 23
186.769 23
186.776 23
186.783 23
186.789 23
186.796 23
186.804 23
186.811 23
186.817 23
186.823 24
186.829 24
186.836 24
186.842 24
186.848 24
186.855 24
186.861 24
186.867 24
186.875 24
186.883 24
186.889 24
186.897 24
186.904 24
186.912 24
186.92 24
186.928 24
186.934 24
186.941 24
186.949 24
186.955 24
186.961 24
186.968 24
186.974 24
186.98 24
186.987 24
186.994 25
187 25
187.007 25
187.013 25
187.019 25
187.026 25
187.032 25
187.038 25
187.044 25
187.051 25
187.057 25
187.063 25
187.07 25
187.076 25
187.082 25
187.089 25
187.095 25
187.101 25
187.107 25
187.114 25
187.12 25
187.126 25
187.133 25
187.139 25
187.145 25
187.152 25
187.158 26
187.164 26
187.171 26
187.177 26
187.183 26
187.189 26
187.196 26
187.202 26
187.208 26
187.215 26
187.221 26
187.227 26
187.234 26
187.24 26
187.246 26
187.252 26
187.259 26
187.266 26
187.273 26
187.281 26
187.288 26
187.295 26
187.301 26
187.308 26
187.314 26
187.32 26
187.327 27
187.333 27
187.34 27
187.346 27
187.353 27
187.359 27
187.365 27
187.372 27
187.378 27
187.384 27
187.391 27
187.397 27
187.403 27
187.409 27
187.416 27
187.422 27
187.428 27
187.435 27
187.441 27
187.447 27
187.454 27
187.46 27
187.466 27
187.472 27
187.479 27
187.485 27
187.491 27
187.498 27
187.504 28
187.51 28
187.517 28
187.523 28
187.529 28
187.536 28
187.542 28
187.548 28
187.554 28
187.561 28
187.567 28
187.573 28
187.58 28
187.586 28
187.592 28
187.599 28
187.605 28
187.611 28
187.617 28
187.624 28
187.63 28
187.636 28
187.643 28
187.649 28
187.655 28
187.662 28
187.668 28
187.674 28
187.681 28
187.687 29
187.693 29
187.699 29
187.706 29
187.712 29
187.718 29
187.725 29
187.731 29
187.737 29
187.744 29
187.75 29
187.756 29
187.762 29
187.769 29
187.775 29
187.781 29
187.788 29
187.794 29
187.8 29
187.807 29
187.813 29
187.819 29
187.826 29
187.832 29
187.838 29
187.844 29
187.851 29
187.857 29
187.863 29
187.87 29
187.876 30
187.882 30
187.889 30
187.895 30
187.901 30
187.907 30
187.914 30
187.92 30
187.926 30
187.933 30
187.939 30
187.945 30
187.952 30
187.958 30
187.964 30
187.97 30
187.977 30
187.983 30
187.989 30
187.996 30
188.002 30
188.008 30
188.015 30
188.021 30
188.027 30
188.034 30
188.04 30
188.046 30
188.052 30
188.059 30
188.065 30
188.071 31
188.078 31
188.084 31
188.09 31
188.097 31
188.103 31
188.109 31
188.115 31
188.122 31
188.128 31
188.134 31
188.141 31
188.147 31
188.153 31
188.16 31
188.166 31
188.172 31
188.179 31
188.185 31
188.193 31
188.2 31
188.208 31
188.215 31
188.223 31
188.23 31
188.238 31
188.245 31
188.251 31
188.257 31
188.264 31
188.27 31
188.276 32
188.283 32
188.289 32
188.296 32
188.302 32
188.308 32
188.315 32
188.321 32
188.327 32
188.333 32
188.341 32
188.348 32
188.355 32
188.362 32
188.369 32
188.375 32
188.381 32
188.388 32
188.394 32
188.4 32
188.407 32
188.413 32
188.419 32
188.425 32
188.432 32
188.438 32
188.444 32
188.451 32
188.457 32
188.463 32
188.47 32
188.476 32
188.482 32
188.489 33
188.495 33
188.502 33
188.509 33
188.516 33
188.523 33
188.53 33
188.537 33
188.544 33
188.552 33
188.559 33
188.566 33
188.572 33
188.579 33
188.587 33
188.594 33
188.6 33
188.608 33
188.615 33
188.622 33
188.628 33
188.634 33
188.641 33
188.648 33
188.656 33
188.663 33
188.671 33
188.679 33
188.686 33
188.693 33
188.699 33
188.705 33
188.712 33
188.718 33
188.724 34
188.731 34
188.737 34
188.743 34
188.75 34
188.756 34
188.762 34
188.768 34
188.775 34
188.781 34
188.787 34
188.794 34
188.8 34
188.806 34
188.813 34
188.819 34
188.825 34
188.831 34
188.838 34
188.844 34
188.85 34
188.857 34
188.863 34
188.869 34
188.876 34
188.884 34
188.891 34
188.897 34
188.904 34
188.91 34
188.917 34
188.924 34
188.931 34
188.938 34
188.946 34
188.953 35
188.96 35
188.966 35
188.974 35
188.98 35
188.987 35
188.993 35
188.999 35
189.005 35
189.012 35
189.018 35
189.024 35
189.031 35
189.037 35
189.043 35
189.05 35
189.056 35
189.062 35
189.068 35
189.075 35
189.082 35
189.088 35
189.095 35
189.101 35
189.108 35
189.114 35
189.12 35
189.127 35
189.134 35
189.14 35
189.147 35
189.153 35
189.16 35
189.166 35
189.172 35
189.179 35
189.185 36
189.191 36
189.198 36
189.204 36
189.212 36
189.218 36
189.224 36
189.231 36
189.237 36
189.244 36
189.251 36
189.259 36
189.265 36
189.271 36
189.278 36
189.285 36
189.292 36
189.299 36
189.305 36
189.312 36
189.319 36
189.326 36
189.333 36
189.339 36
189.345 36
189.352 36
189.358 36
189.364 36
189.371 36
189.377 36
189.383 36
189.39 36
189.396 36
189.403 36
189.409 36
189.416 36
189.423 36
189.429 37
189.436 37
189.443 37
189.45 37
189.458 37
189.465 37
189.472 37
189.478 37
189.485 37
189.491 37
189.497 37
189.504 37
189.51 37
189.517 37
189.523 37
189.529 37
189.535 37
189.542 37
189.548 37
189.554 37
189.561 37
189.567 37
189.573 37
189.58 37
189.586 37
189.592 37
189.598 37
189.605 37
189.611 37
189.617 37
189.624 37
189.63 37
189.636 37
189.643 37
189.649 37
189.655 37
189.662 37
189.668 37
189.674 38
189.681 38
189.688 38
189.695 38
189.701 38
189.708 38
189.714 38
189.721 38
189.727 38
189.734 38
189.741 38
189.748 38
189.754 38
189.76 38
189.767 38
189.773 38
189.78 38
189.787 38
189.793 38
189.799 38
189.806 38
189.813 38
189.82 38
189.826 38
189.833 38
189.839 38
189.846 38
189.855 38
189.862 38
189.868 38
189.874 38
189.881 38
189.887 38
189.893 38
189.9 38
189.907 38
189.913 38
189.919 38
189.926 38
189.932 39
189.938 39
189.945 39
189.951 39
189.958 39
189.964 39
189.97 39
189.977 39
189.983 39
189.99 39
189.996 39
190.002 39
190.009 39
190.015 39
190.021 39
190.027 39
190.034 39
190.04 39
190.046 39
190.053 39
190.059 39
190.065 39
190.072 39
190.078 39
190.084 39
190.091 39
190.097 39
190.103 39
190.109 39
190.116 39
190.122 39
190.128 39
190.135 39
190.141 39
190.149 39
190.156 39
190.163 39
190.17 39
190.176 39
190.183 39
190.189 40
190.195 40
190.201 40
190.208 40
190.214 40
190.22 40
190.227 40
190.233 40
190.24 40
190.246 40
190.253 40
190.26 40
190.268 40
190.275 40
190.282 40
190.289 40
190.295 40
190.301 40
190.308 40
190.314 40
190.321 40
190.328 40
190.335 40
190.341 40
190.348 40
190.354 40
190.361 40
190.368 40
190.374 40
190.381 40
190.388 40
190.394 40
190.401 40
190.407 40
190.413 40
190.42 40
190.426 40
190.432 40
190.438 40
190.445 40
190.451 40
190.457 41
190.464 41
190.47 41
190.476 41
190.483 41
190.489 41
190.495 41
190.502 41
190.508 41
190.514 41
190.52 41
190.527 41
190.533 41
190.539 41
190.546 41
190.552 41
190.558 41
190.565 41
190.571 41
190.577 41
190.583 41
190.59 41
190.596 41
190.602 41
190.609 41
190.615 41
190.621 41
190.628 41
190.634 41
190.64 41
190.647 41
190.653 41
190.66 41
190.668 41
190.675 41
190.682 41
190.688 41
190.695 41
190.702 41
190.709 41
190.715 41
190.723 41
190.73 42
190.737 42
190.743 42
190.75 42
190.756 42
190.762 42
190.769 42
190.775 42
190.781 42
190.788 42
190.794 42
190.8 42
190.806 42
190.813 42
190.819 42
190.825 42
190.832 42
190.838 42
190.844 42
190.851 42
190.857 42
190.863 42
190.869 42
190.876 42
190.882 42
190.888 42
190.895 42
190.901 42
190.907 42
190.914 42
190.92 42
190.926 42
190.933 42
190.939 42
190.945 42
190.951 42
190.958 42
190.964 42
190.97 42
190.977 42
190.983 42
190.989 42
190.996 42
191.002 43
191.008 43
191.014 43
191.021 43
191.027 43
191.033 43
191.04 43
191.046 43
191.052 43
191.059 43
191.065 43
191.071 43
191.078 43
191.084 43
191.09 43
191.096 43
191.103 43
191.109 43
191.115 43
191.122 43
191.128 43
191.134 43
191.141 43
191.147 43
191.153 43
191.159 43
191.166 43
191.172 43
191.178 43
191.185 43
191.191 43
191.197 43
191.204 43
191.21 43
191.216 43
191.222 43
191.229 43
191.235 43
191.241 43
191.248 43
191.254 43
191.26 43
191.267 43
191.273 43
191.279 44
191.286 44
191.292 44
191.298 44
191.304 44
191.311 44
191.317 44
191.323 44
191.33 44
191.336 44
191.342 44
191.349 44
191.355 44
191.361 44
191.367 44
191.374 44
191.38 44
191.386 44
191.393 44
191.399 44
191.405 44
191.412 44
191.418 44
191.424 44
191.431 44
191.437 44
191.443 44
191.449 44
191.456 44
191.462 44
191.468 44
191.475 44
191.481 44
191.487 44
191.494 44
191.5 44
191.506 44
191.512 44
191.519 44
191.525 44
191.531 44
191.538 44
191.544 44
191.55 44
191.557 44
191.563 45
191.569 45
191.576 45
191.582 45
191.588 45
191.594 45
191.601 45
191.607 45
191.613 45
191.62 45
191.626 45
191.632 45
191.639 45
191.645 45
191.651 45
191.657 45
191.664 45
191.67 45
191.676 45
191.683 45
191.689 45
191.695 45
191.702 45
191.708 45
191.714 45
191.721 45
191.727 45
191.733 45
191.739 45
191.746 45
191.752 45
191.758 45
191.765 45
191.771 45
191.777 45
191.784 45
191.79 45
191.796 45
191.802 45
191.809 45
191.815 45
191.821 45
191.828 45
191.834 45
191.84 45
191.847 45
191.853 45
191.859 46
191.866 46
191.872 46
191.878 46
191.884 46
191.891 46
191.897 46
191.903 46
191.91 46
191.916 46
191.922 46
191.929 46
191.935 46
191.941 46
191.947 46
191.954 46
191.96 46
191.966 46
191.973 46
191.979 46
191.985 46
191.992 46
191.998 46
192.004 46
192.01 46
192.017 46
192.023 46
192.029 46
192.036 46
192.042 46
192.048 46
192.055 46
192.061 46
192.067 46
192.074 46
192.08 46
192.086 46
192.092 46
192.099 46
192.105 46
192.111 46
192.118 46
192.124 46
192.13 46
192.137 46
192.143 46
192.149 46
192.155 47
192.162 47
192.168 47
192.174 47
192.181 47
192.187 47
192.193 47
192.2 47
192.206 47
192.212 47
192.219 47
192.225 47
192.231 47
192.237 47
192.244 47
192.25 47
192.256 47
192.263 47
192.269 47
192.275 47
192.282 47
192.288 47
192.294 47
192.3 47
192.307 47
192.313 47
192.319 47
192.326 47
192.332 47
192.338 47
192.345 47
192.351 47
192.357 47
192.364 47
192.37 47
192.376 47
192.382 47
192.389 47
192.395 47
192.401 47
192.408 47
192.414 47
192.42 47
192.427 47
192.433 47
192.439 47
192.445 47
192.452 47
192.458 48
192.464 48
192.471 48
192.477 48
192.483 48
192.49 48
192.496 48
192.502 48
192.509 48
192.515 48
192.521 48
192.527 48
192.534 48
192.54 48
192.546 48
192.553 48
192.559 48
192.565 48
192.572 48
192.578 48
192.584 48
192.59 48
192.597 48
192.603 48
192.609 48
192.616 48
192.622 48
192.628 48
192.635 48
192.641 48
192.647 48
192.654 48
192.66 48
192.666 48
192.672 48
192.679 48
192.685 48
192.691 48
192.698 48
192.704 48
192.71 48
192.717 48
192.723 48
192.729 48
192.735 48
192.742 48
192.748 48
192.754 48
192.761 48
192.767 49
192.773 49
192.78 49
192.786 49
192.792 49
192.798 49
192.805 49
192.811 49
192.817 49
192.824 49
192.83 49
192.836 49
192.843 49
192.849 49
192.855 49
192.862 49
192.868 49
192.874 49
192.88 49
192.887 49
192.893 49
192.899 49
192.906 49
192.912 49
192.918 49
192.925 49
192.931 49
192.937 49
192.943 49
192.95 49
192.956 49
192.962 49
192.969 49
192.975 49
192.981 49
192.988 49
192.994 49
193 49
193.007 49
193.013 49
193.019 49
193.025 49
193.032 49
193.038 49
193.044 49
193.051 49
193.057 49
193.063 49
193.07 49
193.076 49
193.082 50
193.088 50
193.095 50
193.101 50
193.107 50
193.114 50
193.12 50
193.126 50
193.133 50
193.139 50
193.145 50
193.152 50
193.158 50
193.164 50
193.17 50
193.177 50
193.183 50
193.189 50
193.196 50
193.202 50
193.208 50
193.215 50
193.221 50
193.227 50
193.233 50
193.24 50
193.246 50
193.252 50
193.259 50
193.265 50
193.271 50
193.278 50
193.284 50
193.29 50
193.297 50
193.303 50
193.309 50
193.315 50
193.322 50
193.328 50
193.334 50
193.341 50
193.347 50
193.353 50
193.36 50
193.366 50
193.372 50
193.378 50
193.385 50
193.391 50
193.397 50
193.404 50
193.41 51
193.416 51
193.423 51
193.429 51
193.435 51
193.442 51
193.448 51
193.454 51
193.46 51
193.467 51
193.473 51
193.479 51
193.486 51
193.492 51
193.498 51
193.505 51
193.511 51
193.517 51
193.523 51
193.53 51
193.536 51
193.542 51
193.549 51
193.555 51
193.561 51
193.568 51
193.574 51
193.58 51
193.586 51
193.593 51
193.599 51
193.605 51
193.612 51
193.618 51
193.624 51
193.631 51
193.637 51
193.643 51
193.65 51
193.656 51
193.662 51
193.668 51
193.675 51
193.681 51
193.687 51
193.694 51
193.7 51
193.706 51
193.713 51
193.719 51
193.725 51
193.731 51
193.738 52
193.744 52
193.75 52
193.757 52
193.763 52
193.769 52
193.776 52
193.782 52
193.788 52
193.795 52
193.801 52
193.807 52
193.813 52
193.82 52
193.826 52
193.832 52
193.839 52
193.845 52
193.851 52
193.858 52
193.864 52
193.87 52
193.876 52
193.883 52
193.889 52
193.895 52
193.902 52
193.908 52
193.914 52
193.921 52
193.927 52
193.933 52
193.94 52
193.946 52
193.952 52
193.958 52
193.965 52
193.971 52
193.977 52
193.984 52
193.99 52
193.996 52
194.003 52
194.009 52
194.015 52
194.021 52
194.028 52
194.034 52
194.04 52
194.047 52
194.053 52
194.059 52
194.066 52
194.072 52
194.078 53
194.085 53
194.091 53
194.097 53
194.103 53
194.11 53
194.116 53
194.122 53
194.129 53
194.135 53
194.141 53
194.148 53
194.154 53
194.16 53
194.166 53
194.173 53
194.179 53
194.185 53
194.192 53
194.198 53
194.204 53
194.211 53
194.217 53
194.223 53
194.23 53
194.236 53
194.242 53
194.248 53
194.255 53
194.261 53
194.267 53
194.274 53
194.28 53
194.286 53
194.293 53
194.299 53
194.305 53
194.311 53
194.318 53
194.324 53
194.33 53
194.337 53
194.343 53
194.349 53
194.356 53
194.362 53
194.368 53
194.374 53
194.381 53
194.387 53
194.393 53
194.4 53
194.406 53
194.412 53
194.419 54
194.425 54
194.431 54
194.438 54
194.444 54
194.45 54
194.456 54
194.463 54
194.469 54
194.475 54
194.482 54
194.488 54
194.494 54
194.501 54
194.507 54
194.513 54
194.519 54
194.526 54
194.532 54
194.538 54
194.545 54
194.551 54
194.557 54
194.564 54
194.57 54
194.576 54
194.583 54
194.589 54
194.595 54
194.601 54
194.608 54
194.614 54
194.62 54
194.627 54
194.633 54
194.639 54
194.646 54
194.652 54
194.658 54
194.664 54
194.671 54
194.677 54
194.683 54
194.69 54
194.696 54
194.702 54
194.709 54
194.715 54
194.721 54
194.728 54
194.734 54
194.74 54
194.746 54
194.753 54
194.759 54
194.765 54
194.772 55
194.778 55
194.784 55
194.791 55
194.797 55
194.803 55
194.809 55
194.816 55
194.822 55
194.828 55
194.835 55
194.841 55
194.847 55
194.854 55
194.86 55
194.866 55
194.873 55
194.879 55
194.885 55
194.891 55
194.898 55
194.904 55
194.91 55
194.917 55
194.923 55
194.929 55
194.936 55
194.942 55
194.948 55
194.954 55
194.961 55
194.967 55
194.973 55
194.98 55
194.986 55
194.992 55
194.999 55
195.005 55
195.011 55
195.018 55
195.024 55
195.03 55
195.036 55
195.043 55
195.049 55
195.055 55
195.062 55
195.068 55
195.074 55
195.081 55
195.087 55
195.093 55
195.099 55
195.106 55
195.112 55
195.118 55
195.125 56
195.131 56
195.137 56
195.144 56
195.15 56
195.156 56
195.162 56
195.169 56
195.175 56
195.181 56
195.188 56
195.194 56
195.2 56
195.207 56
195.213 56
195.219 56
195.226 56
195.232 56
195.238 56
195.244 56
195.251 56
195.257 56
195.263 56
195.27 56
195.276 56
195.282 56
195.289 56
195.295 56
195.301 56
195.307 56
195.314 56
195.32 56
195.326 56
195.333 56
195.339 56
195.345 56
195.352 56
195.358 56
195.364 56
195.371 56
195.377 56
195.383 56
195.389 56
195.396 56
195.402 56
195.408 56
195.415 56
195.421 56
195.427 56
195.434 56
195.44 56
195.446 56
195.452 56
195.459 56
195.465 56
195.471 56
195.478 56
195.484 56
195.49 57
195.497 57
195.503 57
195.509 57
195.516 57
195.522 57
195.528 57
195.534 57
195.541 57
195.547 57
195.553 57
195.56 57
195.566 57
195.572 57
195.579 57
195.585 57
195.591 57
195.597 57
195.604 57
195.61 57
195.616 57
195.623 57
195.629 57
195.635 57
195.642 57
195.648 57
195.654 57
195.661 57
195.667 57
195.673 57
195.679 57
195.686 57
195.692 57
195.698 57
195.705 57
195.711 57
195.717 57
195.724 57
195.73 57
195.736 57
195.742 57
195.749 57
195.755 57
195.761 57
195.768 57
195.774 57
195.78 57
195.787 57
195.793 57
195.799 57
195.806 57
195.812 57
195.818 57
195.824 57
195.831 57
195.837 57
195.843 57
195.85 57
195.856 58
195.862 58
195.869 58
195.875 58
195.881 58
195.887 58
195.894 58
195.9 58
195.906 58
195.913 58
195.919 58
195.925 58
195.932 58
195.938 58
195.944 58
195.95 58
195.957 58
195.963 58
195.969 58
195.976 58
195.982 58
195.988 58
195.995 58
196.001 58
196.007 58
196.014 58
196.02 58
196.026 58
196.032 58
196.039 58
196.045 58
196.051 58
196.058 58
196.064 58
196.07 58
196.077 58
196.083 58
196.089 58
196.095 58
196.102 58
196.108 58
196.114 58
196.121 58
196.127 58
196.133 58
196.14 58
196.146 58
196.152 58
196.159 58
196.165 58
196.171 58
196.177 58
196.184 58
196.19 58
196.196 58
196.203 58
196.209 58
196.215 58
196.222 58
196.228 58
196.234 59
196.24 59
196.247 59
196.253 59
196.259 59
196.266 59
196.272 59
196.278 59
196.285 59
196.291 59
196.297 59
196.304 59
196.31 59
196.316 59
196.322 59
196.329 59
196.335 59
196.341 59
196.348 59
196.354 59
196.36 59
196.367 59
196.373 59
196.379 59
196.385 59
196.392 59
196.398 59
196.404 59
196.411 59
196.417 59
196.423 59
196.43 59
196.436 59
196.442 59
196.449 59
196.455 59
196.461 59
196.467 59
196.474 59
196.48 59
196.486 59
196.493 59
196.499 59
196.505 59
196.512 59
196.518 59
196.524 59
196.53 59
196.537 59
196.543 59
196.549 59
196.556 59
196.562 59
196.568 59
196.575 59
196.581 59
196.587 59
196.594 59
196.6 59
196.606 59
196.612 60
196.619 60
196.625 60
196.631 60
196.638 60
196.644 60
196.65 60
196.657 60
196.663 60
196.669 60
196.675 60
196.682 60
196.688 60
196.694 60
196.701 60
196.707 60
196.713 60
196.72 60
196.726 60
196.732 60
196.738 60
196.745 60
196.751 60
196.757 60
196.764 60
196.77 60
196.776 60
196.783 60
196.789 60
196.795 60
196.802 60
196.808 60
196.814 60
196.82 60
196.827 60
196.833 60
196.839 60
196.846 60
196.852 60
196.858 60
196.865 60
196.871 60
196.877 60
196.883 60
196.89 60
196.896 60
196.902 60
196.909 60
196.915 60
196.921 60
196.928 60
196.934 60
196.94 60
196.947 60
196.953 60
196.959 60
196.965 60
196.972 60
196.978 60
196.984 60
196.991 60
196.997 60
197.003 60
197.01 61
197.016 61
197.022 61
197.028 61
197.035 61
197.041 61
197.047 61
197.054 61
197.06 61
197.066 61
197.073 61
197.079 61
197.085 61
197.092 61
197.098 61
197.104 61
197.11 61
197.117 61
197.123 61
197.129 61
197.136 61
197.142 61
197.148 61
197.155 61
197.161 61
197.167 61
197.173 61
197.18 61
197.186 61
197.192 61
197.199 61
197.205 61
197.211 61
197.218 61
197.224 61
197.23 61
197.237 61
197.243 61
197.249 61
197.255 61
197.262 61
197.268 61
197.274 61
197.281 61
197.287 61
197.293 61
197.3 61
197.306 61
197.312 61
197.319 61
197.325 61
197.331 61
197.337 61
197.344 61
197.35 61
197.356 61
197.363 61
197.369 61
197.375 61
197.382 61
197.388 61
197.394 61
197.4 62
197.407 62
197.413 62
197.419 62
197.426 62
197.432 62
197.438 62
197.445 62
197.451 62
197.457 62
197.464 62
197.47 62
197.476 62
197.482 62
197.489 62
197.495 62
197.501 62
197.508 62
197.514 62
197.52 62
197.527 62
197.533 62
197.539 62
197.545 62
197.552 62
197.558 62
197.564 62
197.571 62
197.577 62
197.583 62
197.59 62
197.596 62
197.602 62
197.609 62
197.615 62
197.621 62
197.627 62
197.634 62
197.64 62
197.646 62
197.653 62
197.659 62
197.665 62
197.672 62
197.678 62
197.684 62
197.69 62
197.697 62
197.703 62
197.709 62
197.716 62
197.722 62
197.728 62
197.735 62
197.741 62
197.747 62
197.753 62
197.76 62
197.766 62
197.772 62
197.779 62
197.785 62
197.791 62
197.798 62
197.804 63
197.81 63
197.817 63
197.823 63
197.829 63
197.835 63
197.842 63
197.848 63
197.854 63
197.861 63
197.867 63
197.873 63
197.88 63
197.886 63
197.892 63
197.898 63
197.905 63
197.911 63
197.917 63
197.924 63
197.93 63
197.936 63
197.943 63
197.949 63
197.955 63
197.962 63
197.968 63
197.974 63
197.98 63
197.987 63
197.993 63
197.999 63
198.006 63
198.012 63
198.018 63
198.025 63
198.031 63
198.037 63
198.043 63
198.05 63
198.056 63
198.062 63
198.069 63
198.075 63
198.081 63
198.088 63
198.094 63
198.1 63
198.107 63
198.113 63
198.119 63
198.125 63
198.132 63
198.138 63
198.144 63
198.151 63
198.157 63
198.163 63
198.17 63
198.176 63
198.182 63
198.188 63
198.195 63
198.201 63
198.207 63
198.214 64
198.22 64
198.226 64
198.233 64
198.239 64
198.245 64
198.252 64
198.258 64
198.264 64
198.27 64
198.277 64
198.283 64
198.289 64
198.296 64
198.302 64
198.308 64
198.315 64
198.321 64
198.327 64
198.333 64
198.34 64
198.346 64
198.352 64
198.359 64
198.365 64
198.371 64
198.378 64
198.384 64
198.39 64
198.397 64
198.403 64
198.409 64
198.415 64
198.422 64
198.428 64
198.434 64
198.441 64
198.447 64
198.453 64
198.46 64
198.466 64
198.472 64
198.478 64
198.485 64
198.491 64
198.497 64
198.504 64
198.51 64
198.516 64
198.523 64
198.529 64
198.535 64
198.541 64
198.548 64
198.554 64
198.56 64
198.567 64
198.573 64
198.579 64
198.586 64
198.592 64
198.598 64
198.605 64
198.611 64
198.617 64
198.623 64
198.63 65
198.636 65
198.642 65
198.649 65
198.655 65
198.661 65
198.668 65
198.674 65
198.68 65
198.686 65
198.693 65
198.699 65
198.705 65
198.712 65
198.718 65
198.724 65
198.731 65
198.737 65
198.743 65
198.75 65
198.756 65
198.762 65
198.768 65
198.775 65
198.781 65
198.787 65
198.794 65
198.8 65
198.806 65
198.813 65
198.819 65
198.825 65
198.831 65
198.838 65
198.844 65
198.85 65
198.857 65
198.863 65
198.869 65
198.876 65
198.882 65
198.888 65
198.895 65
198.901 65
198.907 65
198.913 65
198.92 65
198.926 65
198.932 65
198.939 65
198.945 65
198.951 65
198.958 65
198.964 65
198.97 65
198.976 65
198.983 65
198.989 65
198.995 65
199.002 65
199.008 65
199.014 65
199.021 65
199.027 65
199.033 65
199.04 65
199.046 65
199.052 66
199.058 66
199.065 66
199.071 66
199.077 66
199.084 66
199.09 66
199.096 66
199.103 66
199.109 66
199.115 66
199.121 66
199.128 66
199.134 66
199.14 66
199.147 66
199.153 66
199.159 66
199.166 66
199.172 66
199.178 66
199.185 66
199.191 66
199.197 66
199.203 66
199.21 66
199.216 66
199.222 66
199.229 66
199.235 66
199.241 66
199.248 66
199.254 66
199.26 66
199.266 66
199.273 66
199.279 66
199.285 66
199.292 66
199.298 66
199.304 66
199.311 66
199.317 66
199.323 66
199.329 66
199.336 66
199.342 66
199.348 66
199.355 66
199.361 66
199.367 66
199.374 66
199.38 66
199.386 66
199.393 66
199.399 66
199.405 66
199.411 66
199.418 66
199.424 66
199.43 66
199.437 66
199.443 66
199.449 66
199.456 66
199.462 66
199.468 66
199.474 66
199.481 67
199.487 67
199.493 67
199.5 67
199.506 67
199.512 67
199.519 67
199.525 67
199.531 67
199.538 67
199.544 67
199.55 67
199.556 67
199.563 67
199.569 67
199.575 67
199.582 67
199.588 67
199.594 67
199.601 67
199.607 67
199.613 67
199.619 67
199.626 67
199.632 67
199.638 67
199.645 67
199.651 67
199.657 67
199.664 67
199.67 67
199.676 67
199.683 67
199.689 67
199.695 67
199.701 67
199.708 67
199.714 67
199.72 67
199.727 67
199.733 67
199.739 67
199.746 67
199.752 67
199.758 67
199.764 67
199.771 67
199.777 67
199.783 67
199.79 67
199.796 67
199.802 67
199.809 67
199.815 67
199.821 67
199.828 67
199.834 67
199.84 67
199.846 67
199.853 67
199.859 67
199.865 67
199.872 67
199.878 67
199.884 67
199.891 67
199.897 67
199.903 67
199.909 68
199.916 68
199.922 68
199.928 68
199.935 68
199.941 68
199.947 68
199.954 68
199.96 68
199.966 68
199.973 68
199.979 68
199.985 68
199.991 68
199.998 68
