175.004 36
175.011 36
175.017 36
175.023 36
175.03 36
175.036 36
175.042 36
175.049 36
175.055 36
175.062 36
175.069 36
175.075 36
175.082 36
175.089 36
175.096 37
175.102 37
175.108 37
175.115 37
175.121 37
175.128 37
175.134 37
175.141 37
175.147 37
175.153 37
175.16 37
175.166 37
175.172 37
175.179 37
175.186 37
175.193 37
175.2 37
175.207 37
175.214 37
175.221 37
175.227 37
175.234 37
175.241 37
175.247 37
175.254 37
175.26 37
175.266 37
175.273 37
175.279 37
175.285 37
175.292 37
175.298 37
175.304 37
175.311 37
175.317 37
175.323 37
175.329 37
175.336 37
175.342 38
175.348 38
175.355 38
175.362 38
175.368 38
175.374 38
175.38 38
175.387 38
175.393 38
175.399 38
175.406 38
175.412 38
175.419 38
175.425 38
175.432 38
175.439 38
175.446 38
175.453 38
175.46 38
175.467 38
175.475 38
175.482 38
175.489 38
175.495 38
175.502 38
175.508 38
175.514 38
175.521 38
175.527 38
175.534 38
175.541 38
175.547 38
175.554 38
175.56 38
175.567 38
175.573 38
175.579 38
175.586 38
175.592 38
175.598 39
175.605 39
175.611 39
175.617 39
175.624 39
175.63 39
175.636 39
175.642 39
175.649 39
175.655 39
175.661 39
175.668 39
175.674 39
175.68 39
175.687 39
175.693 39
175.7 39
175.706 39
175.712 39
175.719 39
175.725 39
175.731 39
175.737 39
175.744 39
175.75 39
175.756 39
175.763 39
175.769 39
175.776 39
175.783 39
175.789 39
175.797 39
175.804 39
175.811 39
175.818 39
175.824 39
175.83 39
175.837 39
175.843 39
175.85 39
175.856 40
175.863 40
175.869 40
175.875 40
175.882 40
175.888 40
175.894 40
175.9 40
175.907 40
175.913 40
175.92 40
175.926 40
175.933 40
175.939 40
175.945 40
175.953 40
175.959 40
175.966 40
175.973 40
175.979 40
175.986 40
175.992 40
175.999 40
176.005 40
176.011 40
176.017 40
176.024 40
176.03 40
176.037 40
176.043 40
176.049 40
176.056 40
176.062 40
176.068 40
176.075 40
176.081 40
176.087 40
176.094 40
176.1 40
176.106 40
176.113 40
176.119 41
176.125 41
176.132 41
176.138 41
176.144 41
176.15 41
176.157 41
176.163 41
176.169 41
176.176 41
176.182 41
176.188 41
176.195 41
176.201 41
176.207 41
176.213 41
176.22 41
176.226 41
176.232 41
176.239 41
176.245 41
176.251 41
176.258 41
176.264 41
176.27 41
176.276 41
176.283 41
176.289 41
176.295 41
176.302 41
176.308 41
176.314 41
176.321 41
176.327 41
176.333 41
176.34 41
176.346 41
176.352 41
176.358 41
176.365 41
176.371 41
176.377 41
176.384 42
176.39 42
176.396 42
176.403 42
176.409 42
176.415 42
176.421 42
176.428 42
176.434 42
176.44 42
176.447 42
176.453 42
176.459 42
176.466 42
176.472 42
176.478 42
176.485 42
176.491 42
176.497 42
176.503 42
176.51 42
176.516 42
176.522 42
176.529 42
176.535 42
176.541 42
176.548 42
176.554 42
176.56 42
176.566 42
176.573 42
176.579 42
176.585 42
176.592 42
176.598 42
176.604 42
176.611 42
176.617 42
176.623 42
176.63 42
176.636 42
176.642 42
176.648 42
176.655 43
176.661 43
176.667 43
176.674 43
176.68 43
176.686 43
176.693 43
176.699 43
176.705 43
176.711 43
176.718 43
176.724 43
176.73 43
176.737 43
176.743 43
176.749 43
176.756 43
176.762 43
176.768 43
176.775 43
176.781 43
176.787 43
176.793 43
176.8 43
176.806 43
176.812 43
176.819 43
176.825 43
176.831 43
176.838 43
176.844 43
176.85 43
176.856 43
176.863 43
176.869 43
176.875 43
176.882 43
176.888 43
176.894 43
176.901 43
176.907 43
176.913 43
176.92 43
176.926 43
176.932 44
176.938 44
176.945 44
176.951 44
176.957 44
176.964 44
176.97 44
176.976 44
176.983 44
176.989 44
176.995 44
177.001 44
177.008 44
177.014 44
177.02 44
177.027 44
177.033 44
177.039 44
177.046 44
177.052 44
177.058 44
177.064 44
177.071 44
177.077 44
177.083 44
177.09 44
177.096 44
177.102 44
177.109 44
177.115 44
177.121 44
177.128 44
177.134 44
177.14 44
177.146 44
177.153 44
177.159 44
177.165 44
177.172 44
177.178 44
177.184 44
177.191 44
177.197 44
177.203 44
177.209 44
177.216 45
177.222 45
177.228 45
177.235 45
177.241 45
177.247 45
177.254 45
177.26 45
177.266 45
177.273 45
177.279 45
177.285 45
177.291 45
177.298 45
177.304 45
177.31 45
177.317 45
177.323 45
177.329 45
177.336 45
177.342 45
177.348 45
177.354 45
177.361 45
177.367 45
177.373 45
177.38 45
177.386 45
177.392 45
177.399 45
177.405 45
177.411 45
177.418 45
177.424 45
177.43 45
177.436 45
177.443 45
177.449 45
177.455 45
177.462 45
177.468 45
177.474 45
177.481 45
177.487 45
177.493 45
177.499 45
177.506 46
177.512 46
177.518 46
177.525 46
177.531 46
177.537 46
177.544 46
177.55 46
177.556 46
177.563 46
177.569 46
177.575 46
177.581 46
177.588 46
177.594 46
177.6 46
177.607 46
177.613 46
177.619 46
177.626 46
177.632 46
177.638 46
177.644 46
177.651 46
177.657 46
177.663 46
177.67 46
177.676 46
177.682 46
177.689 46
177.695 46
177.701 46
177.708 46
177.714 46
177.72 46
177.726 46
177.733 46
177.739 46
177.745 46
177.752 46
177.758 46
177.764 46
177.771 46
177.777 46
177.783 46
177.789 46
177.796 46
177.802 47
177.808 47
177.815 47
177.821 47
177.827 47
177.834 47
177.84 47
177.846 47
177.852 47
177.859 47
177.865 47
177.871 47
177.878 47
177.884 47
177.89 47
177.897 47
177.903 47
177.909 47
177.916 47
177.922 47
177.928 47
177.934 47
177.941 47
177.947 47
177.953 47
177.96 47
177.966 47
177.972 47
177.979 47
177.985 47
177.991 47
177.997 47
178.004 47
178.01 47
178.016 47
178.023 47
178.029 47
178.035 47
178.042 47
178.048 47
178.054 47
178.061 47
178.067 47
178.073 47
178.079 47
178.086 47
178.092 47
178.098 47
178.105 47
178.111 48
178.117 48
178.124 48
178.13 48
178.136 48
178.142 48
178.149 48
178.155 48
178.161 48
178.168 48
178.174 48
178.18 48
178.187 48
178.193 48
178.199 48
178.206 48
178.212 48
178.218 48
178.224 48
178.231 48
178.237 48
178.243 48
178.25 48
178.256 48
178.262 48
178.269 48
178.275 48
178.281 48
178.287 48
178.294 48
178.3 48
178.306 48
178.313 48
178.319 48
178.325 48
178.332 48
178.338 48
178.344 48
178.351 48
178.357 48
178.363 48
178.369 48
178.376 48
178.382 48
178.388 48
178.395 48
178.401 48
178.407 48
178.414 48
178.42 49
178.426 49
178.432 49
178.439 49
178.445 49
178.451 49
178.458 49
178.464 49
178.47 49
178.477 49
178.483 49
178.489 49
178.496 49
178.502 49
178.508 49
178.514 49
178.521 49
178.527 49
178.533 49
178.54 49
178.546 49
178.552 49
178.559 49
178.565 49
178.571 49
178.577 49
178.584 49
178.59 49
178.596 49
178.603 49
178.609 49
178.615 49
178.622 49
178.628 49
178.634 49
178.64 49
178.647 49
178.653 49
178.659 49
178.666 49
178.672 49
178.678 49
178.685 49
178.691 49
178.697 49
178.704 49
178.71 49
178.716 49
178.722 49
178.729 49
178.735 50
178.741 50
178.748 50
178.754 50
178.76 50
178.767 50
178.773 50
178.779 50
178.785 50
178.792 50
178.798 50
178.804 50
178.811 50
178.817 50
178.823 50
178.83 50
178.836 50
178.842 50
178.849 50
178.855 50
178.861 50
178.867 50
178.874 50
178.88 50
178.886 50
178.893 50
178.899 50
178.905 50
178.912 50
178.918 50
178.924 50
178.93 50
178.937 50
178.943 50
178.949 50
178.956 50
178.962 50
178.968 50
178.975 50
178.981 50
178.987 50
178.994 50
179 50
179.006 50
179.012 50
179.019 50
179.025 50
179.031 50
179.038 50
179.044 50
179.05 50
179.057 50
179.063 51
179.069 51
179.075 51
179.082 51
179.088 51
179.094 51
179.101 51
179.107 51
179.113 51
179.12 51
179.126 51
179.133 51
179.139 51
179.145 51
179.152 51
179.159 51
179.165 51
179.171 51
179.178 51
179.185 51
179.191 51
179.197 51
179.204 51
179.21 51
179.216 51
179.222 51
179.229 51
179.235 51
179.241 51
179.248 51
179.255 51
179.261 51
179.268 51
179.275 51
179.281 51
179.288 51
179.295 51
179.302 51
179.309 51
179.316 51
179.322 51
179.329 51
179.336 51
179.342 51
179.348 51
179.355 51
179.362 51
179.368 51
179.375 51
179.381 51
179.388 51
179.395 51
179.401 52
179.407 52
179.414 52
179.421 52
179.427 52
179.434 52
179.44 52
179.447 52
179.453 52
179.459 52
179.466 52
179.472 52
179.478 52
179.485 52
179.491 52
179.497 52
179.504 52
179.51 52
179.516 52
179.523 52
179.529 52
179.535 52
179.541 52
179.548 52
179.554 52
179.56 52
179.567 52
179.573 52
179.579 52
179.586 52
179.593 52
179.599 52
179.605 52
179.612 52
179.619 52
179.626 52
179.632 52
179.638 52
179.645 52
179.651 52
179.658 52
179.664 52
179.671 52
179.678 52
179.684 52
179.691 52
179.698 52
179.704 52
179.711 52
179.718 52
179.725 52
179.732 52
179.739 52
179.746 52
179.753 53
179.76 53
179.766 53
179.772 53
179.779 53
179.786 53
179.792 53
179.799 53
179.805 53
179.811 53
179.818 53
179.824 53
179.83 53
179.837 53
179.843 53
179.849 53
179.856 53
179.862 53
179.868 53
179.874 53
179.881 53
179.887 53
179.893 53
179.9 53
179.906 53
179.912 53
179.919 53
179.925 53
179.931 53
179.938 53
179.945 53
179.952 53
179.958 53
179.965 53
179.971 53
179.977 53
179.984 53
179.99 53
179.996 53
180.003 53
180.009 53
180.015 53
180.022 53
180.028 53
180.034 53
180.04 53
180.047 53
180.053 53
180.06 53
180.067 53
180.073 53
180.08 53
180.086 53
180.093 53
180.1 54
180.107 54
180.114 54
180.12 54
180.126 54
180.133 54
180.14 54
180.146 54
180.153 54
180.16 54
180.167 54
180.174 54
180.18 54
180.187 54
180.194 54
180.2 54
180.206 54
180.213 54
180.219 54
180.226 54
180.232 54
180.239 54
180.245 54
180.252 54
180.258 54
180.264 54
180.271 54
180.277 54
180.283 54
180.29 54
180.296 54
180.302 54
180.309 54
180.315 54
180.321 54
180.328 54
180.335 54
180.341 54
180.348 54
180.354 54
180.36 54
180.366 54
180.373 54
180.379 54
180.386 54
180.392 54
180.398 54
180.404 54
180.411 54
180.417 54
180.423 54
180.43 54
180.436 54
180.442 54
180.449 54
180.455 54
180.461 55
180.467 55
180.474 55
180.48 55
180.486 55
180.493 55
180.499 55
180.506 55
180.512 55
180.518 55
180.525 55
180.531 55
180.538 55
180.544 55
180.551 55
180.557 55
180.563 55
180.57 55
180.576 55
180.583 55
180.59 55
180.597 55
180.603 55
180.609 55
180.616 55
180.622 55
180.629 55
180.635 55
180.641 55
180.648 55
180.654 55
180.66 55
180.667 55
180.673 55
180.679 55
180.686 55
180.692 55
180.698 55
180.704 55
180.711 55
180.717 55
180.723 55
180.73 55
180.736 55
180.742 55
180.749 55
180.755 55
180.761 55
180.767 55
180.774 55
180.78 55
180.786 55
180.793 55
180.799 55
180.805 55
180.812 55
180.818 56
180.824 56
180.83 56
180.837 56
180.843 56
180.849 56
180.856 56
180.862 56
180.868 56
180.875 56
180.881 56
180.887 56
180.894 56
180.9 56
180.906 56
180.912 56
180.919 56
180.925 56
180.931 56
180.938 56
180.944 56
180.95 56
180.957 56
180.963 56
180.969 56
180.975 56
180.982 56
180.988 56
180.994 56
181.001 56
181.007 56
181.013 56
181.02 56
181.026 56
181.032 56
181.039 56
181.045 56
181.051 56
181.057 56
181.064 56
181.07 56
181.076 56
181.083 56
181.089 56
181.095 56
181.102 56
181.108 56
181.114 56
181.12 56
181.127 56
181.133 56
181.139 56
181.146 56
181.152 56
181.158 56
181.165 56
181.171 56
181.177 56
181.184 57
181.19 57
181.196 57
181.202 57
181.209 57
181.215 57
181.221 57
181.228 57
181.234 57
181.24 57
181.247 57
181.253 57
181.259 57
181.265 57
181.272 57
181.278 57
181.284 57
181.291 57
181.297 57
181.303 57
181.31 57
181.316 57
181.322 57
181.329 57
181.335 57
181.341 57
181.347 57
181.354 57
181.36 57
181.366 57
181.373 57
181.379 57
181.385 57
181.392 57
181.398 57
181.404 57
181.41 57
181.417 57
181.423 57
181.429 57
181.436 57
181.442 57
181.448 57
181.455 57
181.461 57
181.467 57
181.474 57
181.48 57
181.486 57
181.492 57
181.499 57
181.505 57
181.511 57
181.518 57
181.524 57
181.53 57
181.537 57
181.543 57
181.549 58
181.555 58
181.562 58
181.568 58
181.574 58
181.581 58
181.587 58
181.593 58
181.6 58
181.606 58
181.612 58
181.618 58
181.625 58
181.631 58
181.637 58
181.644 58
181.65 58
181.656 58
181.663 58
181.669 58
181.675 58
181.682 58
181.688 58
181.694 58
181.7 58
181.707 58
181.713 58
181.719 58
181.726 58
181.732 58
181.738 58
181.745 58
181.751 58
181.757 58
181.763 58
181.77 58
181.776 58
181.782 58
181.789 58
181.795 58
181.801 58
181.808 58
181.814 58
181.82 58
181.827 58
181.833 58
181.839 58
181.845 58
181.852 58
181.858 58
181.864 58
181.871 58
181.877 58
181.883 58
181.89 58
181.896 58
181.902 58
181.908 58
181.915 58
181.921 58
181.927 59
181.934 59
181.94 59
181.946 59
181.953 59
181.959 59
181.965 59
181.972 59
181.978 59
181.984 59
181.99 59
181.997 59
182.003 59
182.009 59
182.016 59
182.022 59
182.028 59
182.035 59
182.041 59
182.047 59
182.053 59
182.06 59
182.066 59
182.072 59
182.079 59
182.085 59
182.091 59
182.098 59
182.104 59
182.11 59
182.117 59
182.123 59
182.129 59
182.135 59
182.142 59
182.148 59
182.154 59
182.161 59
182.167 59
182.173 59
182.18 59
182.186 59
182.192 59
182.198 59
182.205 59
182.211 59
182.217 59
182.224 59
182.23 59
182.236 59
182.243 59
182.249 59
182.255 59
182.262 59
182.268 59
182.274 59
182.28 59
182.287 59
182.293 59
182.299 59
182.306 60
182.312 60
182.318 60
182.325 60
182.331 60
182.337 60
182.343 60
182.35 60
182.356 60
182.362 60
182.369 60
182.375 60
182.381 60
182.388 60
182.394 60
182.4 60
182.406 60
182.413 60
182.419 60
182.425 60
182.432 60
182.438 60
182.444 60
182.451 60
182.457 60
182.463 60
182.47 60
182.476 60
182.482 60
182.488 60
182.495 60
182.501 60
182.507 60
182.514 60
182.52 60
182.526 60
182.533 60
182.539 60
182.545 60
182.551 60
182.558 60
182.564 60
182.57 60
182.577 60
182.583 60
182.589 60
182.596 60
182.602 60
182.608 60
182.615 60
182.621 60
182.627 60
182.633 60
182.64 60
182.646 60
182.652 60
182.659 60
182.665 60
182.671 60
182.678 60
182.684 60
182.69 60
182.696 60
182.703 61
182.709 61
182.715 61
182.722 61
182.728 61
182.734 61
182.741 61
182.747 61
182.753 61
182.76 61
182.766 61
182.772 61
182.778 61
182.785 61
182.791 61
182.797 61
182.804 61
182.81 61
182.816 61
182.823 61
182.829 61
182.835 61
182.841 61
182.848 61
182.854 61
182.86 61
182.867 61
182.873 61
182.879 61
182.886 61
182.892 61
182.898 61
182.905 61
182.911 61
182.917 61
182.923 61
182.93 61
182.936 61
182.942 61
182.949 61
182.955 61
182.961 61
182.968 61
182.974 61
182.98 61
182.986 61
182.993 61
182.999 61
183.005 61
183.012 61
183.018 61
183.024 61
183.031 61
183.037 61
183.043 61
183.05 61
183.056 61
183.062 61
183.068 61
183.075 61
183.081 61
183.087 61
183.094 62
183.1 62
183.106 62
183.113 62
183.119 62
183.125 62
183.131 62
183.138 62
183.144 62
183.15 62
183.157 62
183.163 62
183.169 62
183.176 62
183.182 62
183.188 62
183.194 62
183.201 62
183.207 62
183.213 62
183.22 62
183.226 62
183.232 62
183.239 62
183.245 62
183.251 62
183.258 62
183.264 62
183.27 62
183.276 62
183.283 62
183.289 62
183.295 62
183.302 62
183.308 62
183.314 62
183.321 62
183.327 62
183.333 62
183.339 62
183.346 62
183.352 62
183.358 62
183.365 62
183.371 62
183.377 62
183.384 62
183.39 62
183.396 62
183.403 62
183.409 62
183.415 62
183.421 62
183.428 62
183.434 62
183.44 62
183.447 62
183.453 62
183.459 62
183.466 62
183.472 62
183.478 62
183.484 62
183.491 62
183.497 63
183.503 63
183.51 63
183.516 63
183.522 63
183.529 63
183.535 63
183.541 63
183.548 63
183.554 63
183.56 63
183.566 63
183.573 63
183.579 63
183.585 63
183.592 63
183.598 63
183.604 63
183.611 63
183.617 63
183.623 63
183.629 63
183.636 63
183.642 63
183.648 63
183.655 63
183.661 63
183.667 63
183.674 63
183.68 63
183.686 63
183.693 63
183.699 63
183.705 63
183.711 63
183.718 63
183.724 63
183.73 63
183.737 63
183.743 63
183.749 63
183.756 63
183.762 63
183.768 63
183.774 63
183.781 63
183.787 63
183.793 63
183.8 63
183.806 63
183.812 63
183.819 63
183.825 63
183.831 63
183.838 63
183.844 63
183.85 63
183.856 63
183.863 63
183.869 63
183.875 63
183.882 63
183.888 63
183.894 63
183.901 63
183.907 64
183.913 64
183.919 64
183.926 64
183.932 64
183.938 64
183.945 64
183.951 64
183.957 64
183.964 64
183.97 64
183.976 64
183.982 64
183.989 64
183.995 64
184.001 64
184.008 64
184.014 64
184.02 64
184.027 64
184.033 64
184.039 64
184.046 64
184.052 64
184.058 64
184.064 64
184.071 64
184.077 64
184.083 64
184.09 64
184.096 64
184.102 64
184.109 64
184.115 64
184.121 64
184.127 64
184.134 64
184.14 64
184.146 64
184.153 64
184.159 64
184.165 64
184.172 64
184.178 64
184.184 64
184.191 64
184.197 64
184.203 64
184.209 64
184.216 64
184.222 64
184.228 64
184.235 64
184.241 64
184.247 64
184.254 64
184.26 64
184.266 64
184.272 64
184.279 64
184.285 64
184.291 64
184.298 64
184.304 64
184.31 64
184.317 65
184.323 65
184.329 65
184.336 65
184.342 65
184.348 65
184.354 65
184.361 65
184.367 65
184.373 65
184.38 65
184.386 65
184.392 65
184.399 65
184.405 65
184.411 65
184.417 65
184.424 65
184.43 65
184.436 65
184.443 65
184.449 65
184.455 65
184.462 65
184.468 65
184.474 65
184.481 65
184.487 65
184.493 65
184.499 65
184.506 65
184.512 65
184.518 65
184.525 65
184.531 65
184.537 65
184.544 65
184.55 65
184.556 65
184.562 65
184.569 65
184.575 65
184.581 65
184.588 65
184.594 65
184.6 65
184.607 65
184.613 65
184.619 65
184.626 65
184.632 65
184.638 65
184.644 65
184.651 65
184.657 65
184.663 65
184.67 65
184.676 65
184.682 65
184.689 65
184.695 65
184.701 65
184.707 65
184.714 65
184.72 65
184.726 65
184.733 65
184.739 65
184.745 66
184.752 66
184.758 66
184.764 66
184.77 66
184.777 66
184.783 66
184.789 66
184.796 66
184.802 66
184.808 66
184.815 66
184.821 66
184.827 66
184.834 66
184.84 66
184.846 66
184.852 66
184.859 66
184.865 66
184.871 66
184.878 66
184.884 66
184.89 66
184.897 66
184.903 66
184.909 66
184.915 66
184.922 66
184.928 66
184.934 66
184.941 66
184.947 66
184.953 66
184.96 66
184.966 66
184.972 66
184.979 66
184.985 66
184.991 66
184.997 66
185.004 66
185.01 66
185.016 66
185.023 66
185.029 66
185.035 66
185.042 66
185.048 66
185.054 66
185.06 66
185.067 66
185.073 66
185.079 66
185.086 66
185.092 66
185.098 66
185.105 66
185.111 66
185.117 66
185.124 66
185.13 66
185.136 66
185.142 66
185.149 66
185.155 66
185.161 66
185.168 66
185.174 67
185.18 67
185.187 67
185.193 67
185.199 67
185.205 67
185.212 67
185.218 67
185.224 67
185.231 67
185.237 67
185.243 67
185.25 67
185.256 67
185.262 67
185.269 67
185.275 67
185.281 67
185.287 67
185.294 67
185.3 67
185.306 67
185.313 67
185.319 67
185.325 67
185.332 67
185.338 67
185.344 67
185.35 67
185.357 67
185.363 67
185.369 67
185.376 67
185.382 67
185.388 67
185.395 67
185.401 67
185.407 67
185.414 67
185.42 67
185.426 67
185.432 67
185.439 67
185.445 67
185.451 67
185.458 67
185.464 67
185.47 67
185.477 67
185.483 67
185.489 67
185.495 67
185.502 67
185.508 67
185.514 67
185.521 67
185.527 67
185.533 67
185.54 67
185.546 67
185.552 67
185.558 67
185.565 67
185.571 67
185.577 67
185.584 67
185.59 67
185.596 67
185.603 68
185.609 68
185.615 68
185.622 68
185.628 68
185.634 68
185.64 68
185.647 68
185.653 68
185.659 68
185.666 68
185.672 68
185.678 68
185.685 68
185.691 68
185.697 68
185.703 68
185.71 68
185.716 68
185.722 68
185.729 68
185.735 68
185.741 68
185.748 68
185.754 68
185.76 68
185.767 68
185.773 68
185.779 68
185.785 68
185.792 68
185.798 68
185.804 68
185.811 68
185.817 68
185.823 68
185.83 68
185.836 68
185.842 68
185.848 68
185.855 68
185.861 68
185.867 68
185.874 68
185.88 68
185.886 68
185.893 68
185.899 68
185.905 68
185.912 68
185.918 68
185.924 68
185.93 68
185.937 68
185.943 68
185.949 68
185.956 68
185.962 68
185.968 68
185.975 68
185.981 68
185.987 68
185.993 68
186 68
186.006 68
186.012 68
186.019 68
186.025 68
186.031 68
186.038 68
186.044 68
186.05 69
186.057 69
186.063 69
186.069 69
186.075 69
186.082 69
186.088 69
186.094 69
186.101 69
186.107 69
186.113 69
186.12 69
186.126 69
186.132 69
186.138 69
186.145 69
186.151 69
186.157 69
186.164 69
186.17 69
186.176 69
186.183 69
186.189 69
186.195 69
186.202 69
186.208 69
186.214 69
186.22 69
186.227 69
186.233 69
186.239 69
186.246 69
186.252 69
186.258 69
186.265 69
186.271 69
186.277 69
186.283 69
186.29 69
186.296 69
186.302 69
186.309 69
186.315 69
186.321 69
186.328 69
186.334 69
186.34 69
186.346 69
186.353 69
186.359 69
186.365 69
186.372 69
186.378 69
186.384 69
186.391 69
186.397 69
186.403 69
186.41 69
186.416 69
186.422 69
186.428 69
186.435 69
186.441 69
186.447 69
186.454 69
186.46 69
186.466 69
186.473 69
186.479 69
186.485 69
186.491 69
186.498 69
186.504 70
186.51 70
186.517 70
186.523 70
186.529 70
186.536 70
186.542 70
186.548 70
186.555 70
186.561 70
186.567 70
186.573 70
186.58 70
186.586 70
186.592 70
186.599 70
186.605 70
186.611 70
186.618 70
186.624 70
186.63 70
186.636 70
186.643 70
186.649 70
186.655 70
186.662 70
186.668 70
186.674 70
186.681 70
186.687 70
186.693 70
186.7 70
186.706 70
186.712 70
186.718 70
186.725 70
186.731 70
186.737 70
186.744 70
186.75 70
186.756 70
186.763 70
186.769 70
186.775 70
186.781 70
186.788 70
186.794 70
186.8 70
186.807 70
186.813 70
186.819 70
186.826 70
186.832 70
186.838 70
186.845 70
186.851 70
186.857 70
186.863 70
186.87 70
186.876 70
186.882 70
186.889 70
186.895 70
186.901 70
186.908 70
186.914 70
186.92 70
186.926 70
186.933 70
186.939 70
186.945 70
186.952 71
186.958 71
186.964 71
186.971 71
186.977 71
186.983 71
186.99 71
186.996 71
187.002 71
187.008 71
187.015 71
187.021 71
187.027 71
187.034 71
187.04 71
187.046 71
187.053 71
187.059 71
187.065 71
187.071 71
187.078 71
187.084 71
187.09 71
187.097 71
187.103 71
187.109 71
187.116 71
187.122 71
187.128 71
187.134 71
187.141 71
187.147 71
187.153 71
187.16 71
187.166 71
187.172 71
187.179 71
187.185 71
187.191 71
187.198 71
187.204 71
187.21 71
187.216 71
187.223 71
187.229 71
187.235 71
187.242 71
187.248 71
187.254 71
187.261 71
187.267 71
187.273 71
187.279 71
187.286 71
187.292 71
187.298 71
187.305 71
187.311 71
187.317 71
187.324 71
187.331 71
187.337 71
187.343 71
187.349 71
187.356 71
187.362 71
187.368 71
187.375 71
187.381 71
187.387 71
187.394 71
187.4 71
187.406 71
187.413 72
187.419 72
187.425 72
187.431 72
187.438 72
187.444 72
187.45 72
187.457 72
187.463 72
187.469 72
187.476 72
187.482 72
187.488 72
187.494 72
187.501 72
187.507 72
187.513 72
187.52 72
187.526 72
187.532 72
187.539 72
187.545 72
187.551 72
187.558 72
187.564 72
187.57 72
187.576 72
187.583 72
187.589 72
187.595 72
187.602 72
187.608 72
187.614 72
187.621 72
187.627 72
187.633 72
187.639 72
187.646 72
187.652 72
187.658 72
187.665 72
187.671 72
187.677 72
187.684 72
187.69 72
187.696 72
187.703 72
187.709 72
187.715 72
187.721 72
187.728 72
187.734 72
187.74 72
187.747 72
187.753 72
187.759 72
187.766 72
187.772 72
187.778 72
187.784 72
187.791 72
187.797 72
187.803 72
187.81 72
187.816 72
187.822 72
187.829 72
187.835 72
187.841 72
187.848 72
187.854 72
187.86 72
187.866 72
187.873 72
187.879 72
187.885 73
187.892 73
187.898 73
187.904 73
187.911 73
187.917 73
187.923 73
187.929 73
187.936 73
187.942 73
187.948 73
187.955 73
187.961 73
187.967 73
187.974 73
187.98 73
187.986 73
187.992 73
187.999 73
188.005 73
188.011 73
188.018 73
188.024 73
188.03 73
188.037 73
188.043 73
188.049 73
188.056 73
188.062 73
188.068 73
188.074 73
188.081 73
188.087 73
188.093 73
188.1 73
188.106 73
188.112 73
188.119 73
188.125 73
188.131 73
188.137 73
188.144 73
188.15 73
188.156 73
188.163 73
188.169 73
188.175 73
188.182 73
188.188 73
188.194 73
188.201 73
188.207 73
188.213 73
188.219 73
188.226 73
188.232 73
188.238 73
188.245 73
188.251 73
188.257 73
188.264 73
188.27 73
188.276 73
188.282 73
188.289 73
188.295 73
188.301 73
188.308 73
188.314 73
188.32 73
188.327 73
188.333 73
188.339 73
188.346 73
188.352 73
188.358 74
188.364 74
188.371 74
188.377 74
188.383 74
188.39 74
188.396 74
188.402 74
188.409 74
188.415 74
188.421 74
188.427 74
188.434 74
188.44 74
188.446 74
188.453 74
188.459 74
188.465 74
188.472 74
188.478 74
188.484 74
188.491 74
188.497 74
188.503 74
188.509 74
188.516 74
188.522 74
188.528 74
188.535 74
188.541 74
188.547 74
188.554 74
188.56 74
188.566 74
188.572 74
188.579 74
188.585 74
188.591 74
188.598 74
188.604 74
188.61 74
188.617 74
188.623 74
188.629 74
188.636 74
188.642 74
188.648 74
188.654 74
188.661 74
188.667 74
188.673 74
188.68 74
188.686 74
188.692 74
188.699 74
188.705 74
188.711 74
188.717 74
188.724 74
188.73 74
188.736 74
188.743 74
188.749 74
188.755 74
188.762 74
188.768 74
188.774 74
188.78 74
188.787 74
188.793 74
188.799 74
188.806 74
188.812 74
188.818 74
188.825 74
188.831 75
188.837 75
188.844 75
188.85 75
188.856 75
188.862 75
188.869 75
188.875 75
188.881 75
188.888 75
188.894 75
188.9 75
188.907 75
188.913 75
188.919 75
188.925 75
188.932 75
188.938 75
188.944 75
188.951 75
188.957 75
188.963 75
188.97 75
188.976 75
188.982 75
188.989 75
188.995 75
189.001 75
189.007 75
189.014 75
189.02 75
189.026 75
189.033 75
189.039 75
189.045 75
189.052 75
189.058 75
189.064 75
189.07 75
189.077 75
189.083 75
189.089 75
189.096 75
189.102 75
189.108 75
189.115 75
189.121 75
189.127 75
189.134 75
189.14 75
189.146 75
189.152 75
189.159 75
189.165 75
189.171 75
189.178 75
189.184 75
189.19 75
189.197 75
189.203 75
189.209 75
189.215 75
189.222 75
189.228 75
189.234 75
189.241 75
189.247 75
189.253 75
189.26 75
189.266 75
189.272 75
189.279 75
189.285 75
189.291 75
189.297 75
189.304 75
189.31 75
189.316 75
189.323 75
189.329 76
189.335 76
189.342 76
189.348 76
189.354 76
189.36 76
189.367 76
189.373 76
189.379 76
189.386 76
189.392 76
189.398 76
189.405 76
189.411 76
189.417 76
189.424 76
189.43 76
189.436 76
189.442 76
189.449 76
189.455 76
189.461 76
189.468 76
189.474 76
189.48 76
189.487 76
189.493 76
189.499 76
189.505 76
189.512 76
189.518 76
189.524 76
189.531 76
189.537 76
189.543 76
189.55 76
189.556 76
189.562 76
189.568 76
189.575 76
189.581 76
189.587 76
189.594 76
189.6 76
189.606 76
189.613 76
189.619 76
189.625 76
189.632 76
189.638 76
189.644 76
189.65 76
189.657 76
189.663 76
189.669 76
189.676 76
189.682 76
189.688 76
189.695 76
189.701 76
189.707 76
189.713 76
189.72 76
189.726 76
189.732 76
189.739 76
189.745 76
189.751 76
189.758 76
189.764 76
189.77 76
189.777 76
189.783 76
189.789 76
189.795 76
189.802 76
189.808 76
189.814 76
189.821 76
189.827 77
189.833 77
189.84 77
189.846 77
189.852 77
189.858 77
189.865 77
189.871 77
189.877 77
189.884 77
189.89 77
189.896 77
189.903 77
189.909 77
189.915 77
189.922 77
189.928 77
189.934 77
189.94 77
189.947 77
189.953 77
189.959 77
189.966 77
189.972 77
189.978 77
189.985 77
189.991 77
189.997 77
190.003 77
190.01 77
190.016 77
190.022 77
190.029 77
190.035 77
190.041 77
190.048 77
190.054 77
190.06 77
190.067 77
190.073 77
190.079 77
190.085 77
190.092 77
190.098 77
190.104 77
190.111 77
190.117 77
190.123 77
190.13 77
190.136 77
190.142 77
190.148 77
190.155 77
190.161 77
190.167 77
190.174 77
190.18 77
190.186 77
190.193 77
190.199 77
190.205 77
190.212 77
190.218 77
190.224 77
190.23 77
190.237 77
190.243 77
190.249 77
190.256 77
190.262 77
190.268 77
190.275 77
190.281 77
190.287 77
190.293 77
190.3 77
190.306 77
190.312 77
190.319 77
190.325 78
190.331 78
190.338 78
190.344 78
190.35 78
190.356 78
190.363 78
190.369 78
190.375 78
190.382 78
190.388 78
190.394 78
190.401 78
190.407 78
190.413 78
190.42 78
190.426 78
190.432 78
190.438 78
190.445 78
190.451 78
190.457 78
190.464 78
190.47 78
190.476 78
190.483 78
190.489 78
190.495 78
190.501 78
190.508 78
190.514 78
190.52 78
190.527 78
190.533 78
190.539 78
190.546 78
190.552 78
190.558 78
190.565 78
190.571 78
190.577 78
190.583 78
190.59 78
190.596 78
190.602 78
190.609 78
190.615 78
190.621 78
190.628 78
190.634 78
190.64 78
190.646 78
190.653 78
190.659 78
190.665 78
190.672 78
190.678 78
190.684 78
190.691 78
190.697 78
190.703 78
190.71 78
190.716 78
190.722 78
190.728 78
190.735 78
190.741 78
190.747 78
190.754 78
190.76 78
190.766 78
190.773 78
190.779 78
190.785 78
190.791 78
190.798 78
190.804 78
190.81 78
190.817 78
190.823 79
190.829 79
190.836 79
190.842 79
190.848 79
190.855 79
190.861 79
190.867 79
190.873 79
190.88 79
190.886 79
190.892 79
190.899 79
190.905 79
190.911 79
190.918 79
190.924 79
190.93 79
190.936 79
190.943 79
190.949 79
190.955 79
190.962 79
190.968 79
190.974 79
190.981 79
190.987 79
190.993 79
191 79
191.006 79
191.012 79
191.018 79
191.025 79
191.031 79
191.037 79
191.044 79
191.05 79
191.056 79
191.063 79
191.069 79
191.075 79
191.081 79
191.088 79
191.094 79
191.1 79
191.107 79
191.113 79
191.119 79
191.126 79
191.132 79
191.138 79
191.144 79
191.151 79
191.157 79
191.163 79
191.17 79
191.176 79
191.182 79
191.189 79
191.195 79
191.201 79
191.208 79
191.214 79
191.22 79
191.226 79
191.233 79
191.239 79
191.245 79
191.252 79
191.258 79
191.264 79
191.271 79
191.277 79
191.283 79
191.289 79
191.296 79
191.302 79
191.308 79
191.315 79
191.321 79
191.327 79
191.334 79
191.34 79
191.346 79
191.353 80
191.359 80
191.365 80
191.371 80
191.378 80
191.384 80
191.39 80
191.397 80
191.403 80
191.409 80
191.416 80
191.422 80
191.428 80
191.434 80
191.441 80
191.447 80
191.453 80
191.46 80
191.466 80
191.472 80
191.479 80
191.485 80
191.491 80
191.498 80
191.504 80
191.51 80
191.516 80
191.523 80
191.529 80
191.535 80
191.542 80
191.548 80
191.554 80
191.561 80
191.567 80
191.573 80
191.579 80
191.586 80
191.592 80
191.598 80
191.605 80
191.611 80
191.617 80
191.624 80
191.63 80
191.636 80
191.643 80
191.649 80
191.655 80
191.661 80
191.668 80
191.674 80
191.68 80
191.687 80
191.693 80
191.699 80
191.706 80
191.712 80
191.718 80
191.724 80
191.731 80
191.737 80
191.743 80
191.75 80
191.756 80
191.762 80
191.769 80
191.775 80
191.781 80
191.788 80
191.794 80
191.8 80
191.806 80
191.813 80
191.819 80
191.825 80
191.832 80
191.838 80
191.844 80
191.851 80
191.857 80
191.863 80
191.869 80
191.876 81
191.882 81
191.888 81
191.895 81
191.901 81
191.907 81
191.914 81
191.92 81
191.926 81
191.932 81
191.939 81
191.945 81
191.951 81
191.958 81
191.964 81
191.97 81
191.977 81
191.983 81
191.989 81
191.996 81
192.002 81
192.008 81
192.014 81
192.021 81
192.027 81
192.033 81
192.04 81
192.046 81
192.052 81
192.059 81
192.065 81
192.071 81
192.077 81
192.084 81
192.09 81
192.096 81
192.103 81
192.109 81
192.115 81
192.122 81
192.128 81
192.134 81
192.141 81
192.147 81
192.153 81
192.159 81
192.166 81
192.172 81
192.178 81
192.185 81
192.191 81
192.197 81
192.204 81
192.21 81
192.216 81
192.222 81
192.229 81
192.235 81
192.241 81
192.248 81
192.254 81
192.26 81
192.267 81
192.273 81
192.279 81
192.286 81
192.292 81
192.298 81
192.304 81
192.311 81
192.317 81
192.323 81
192.33 81
192.336 81
192.342 81
192.349 81
192.355 81
192.361 81
192.367 81
192.374 81
192.38 81
192.386 81
192.393 81
192.399 82
192.405 82
192.412 82
192.418 82
192.424 82
192.431 82
192.437 82
192.443 82
192.449 82
192.456 82
192.462 82
192.468 82
192.475 82
192.481 82
192.487 82
192.494 82
192.5 82
192.506 82
192.512 82
192.519 82
192.525 82
192.531 82
192.538 82
192.544 82
192.55 82
192.557 82
192.563 82
192.569 82
192.576 82
192.582 82
192.588 82
192.594 82
192.601 82
192.607 82
192.613 82
192.62 82
192.626 82
192.632 82
192.639 82
192.645 82
192.651 82
192.657 82
192.664 82
192.67 82
192.676 82
192.683 82
192.689 82
192.695 82
192.702 82
192.708 82
192.714 82
192.72 82
192.727 82
192.733 82
192.739 82
192.746 82
192.752 82
192.758 82
192.765 82
192.771 82
192.777 82
192.784 82
192.79 82
192.796 82
192.802 82
192.809 82
192.815 82
192.821 82
192.828 82
192.834 82
192.84 82
192.847 82
192.853 82
192.859 82
192.865 82
192.872 82
192.878 82
192.884 82
192.891 82
192.897 82
192.903 82
192.91 82
192.916 82
192.922 82
192.929 83
192.935 83
192.941 83
192.947 83
192.954 83
192.96 83
192.966 83
192.973 83
192.979 83
192.985 83
192.992 83
192.998 83
193.004 83
193.01 83
193.017 83
193.023 83
193.029 83
193.036 83
193.042 83
193.048 83
193.055 83
193.061 83
193.067 83
193.074 83
193.08 83
193.086 83
193.092 83
193.099 83
193.105 83
193.111 83
193.118 83
193.124 83
193.13 83
193.137 83
193.143 83
193.149 83
193.155 83
193.162 83
193.168 83
193.174 83
193.181 83
193.187 83
193.193 83
193.2 83
193.206 83
193.212 83
193.219 83
193.225 83
193.231 83
193.237 83
193.244 83
193.25 83
193.256 83
193.263 83
193.269 83
193.275 83
193.282 83
193.288 83
193.294 83
193.3 83
193.307 83
193.313 83
193.319 83
193.326 83
193.332 83
193.338 83
193.345 83
193.351 83
193.357 83
193.364 83
193.37 83
193.376 83
193.382 83
193.389 83
193.395 83
193.401 83
193.408 83
193.414 83
193.42 83
193.427 83
193.433 83
193.439 83
193.445 83
193.452 83
193.458 83
193.464 83
193.471 84
193.477 84
193.483 84
193.49 84
193.496 84
193.502 84
193.508 84
193.515 84
193.521 84
193.527 84
193.534 84
193.54 84
193.546 84
193.553 84
193.559 84
193.565 84
193.572 84
193.578 84
193.584 84
193.59 84
193.597 84
193.603 84
193.609 84
193.616 84
193.622 84
193.628 84
193.635 84
193.641 84
193.647 84
193.653 84
193.66 84
193.666 84
193.672 84
193.679 84
193.685 84
193.691 84
193.698 84
193.704 84
193.71 84
193.717 84
193.723 84
193.729 84
193.735 84
193.742 84
193.748 84
193.754 84
193.761 84
193.767 84
193.773 84
193.78 84
193.786 84
193.792 84
193.798 84
193.805 84
193.811 84
193.817 84
193.824 84
193.83 84
193.836 84
193.843 84
193.849 84
193.855 84
193.862 84
193.868 84
193.874 84
193.88 84
193.887 84
193.893 84
193.899 84
193.906 84
193.912 84
193.918 84
193.925 84
193.931 84
193.937 84
193.943 84
193.95 84
193.956 84
193.962 84
193.969 84
193.975 84
193.981 84
193.988 84
193.994 84
194 84
194.007 84
194.013 84
194.019 84
194.025 85
194.032 85
194.038 85
194.044 85
194.051 85
194.057 85
194.063 85
194.07 85
194.076 85
194.082 85
194.088 85
194.095 85
194.101 85
194.107 85
194.114 85
194.12 85
194.126 85
194.133 85
194.139 85
194.145 85
194.152 85
194.158 85
194.164 85
194.17 85
194.177 85
194.183 85
194.189 85
194.196 85
194.202 85
194.208 85
194.215 85
194.221 85
194.227 85
194.233 85
194.24 85
194.246 85
194.252 85
194.259 85
194.265 85
194.271 85
194.278 85
194.284 85
194.29 85
194.296 85
194.303 85
194.309 85
194.315 85
194.322 85
194.328 85
194.334 85
194.341 85
194.347 85
194.353 85
194.36 85
194.366 85
194.372 85
194.378 85
194.385 85
194.391 85
194.397 85
194.404 85
194.41 85
194.416 85
194.423 85
194.429 85
194.435 85
194.441 85
194.448 85
194.454 85
194.46 85
194.467 85
194.473 85
194.479 85
194.486 85
194.492 85
194.498 85
194.505 85
194.511 85
194.517 85
194.523 85
194.53 85
194.536 85
194.542 85
194.549 85
194.555 85
194.561 85
194.568 85
194.574 85
194.58 85
194.586 86
194.593 86
194.599 86
194.605 86
194.612 86
194.618 86
194.624 86
194.631 86
194.637 86
194.643 86
194.65 86
194.656 86
194.662 86
194.668 86
194.675 86
194.681 86
194.687 86
194.694 86
194.7 86
194.706 86
194.713 86
194.719 86
194.725 86
194.731 86
194.738 86
194.744 86
194.75 86
194.757 86
194.763 86
194.769 86
194.776 86
194.782 86
194.788 86
194.795 86
194.801 86
194.807 86
194.813 86
194.82 86
194.826 86
194.832 86
194.839 86
194.845 86
194.851 86
194.858 86
194.864 86
194.87 86
194.876 86
194.883 86
194.889 86
194.895 86
194.902 86
194.908 86
194.914 86
194.921 86
194.927 86
194.933 86
194.94 86
194.946 86
194.952 86
194.958 86
194.965 86
194.971 86
194.977 86
194.984 86
194.99 86
194.996 86
195.003 86
195.009 86
195.015 86
195.021 86
195.028 86
195.034 86
195.04 86
195.047 86
195.053 86
195.059 86
195.066 86
195.072 86
195.078 86
195.084 86
195.091 86
195.097 86
195.103 86
195.11 86
195.116 86
195.122 86
195.129 86
195.135 86
195.141 87
195.148 87
195.154 87
195.16 87
195.166 87
195.173 87
195.179 87
195.185 87
195.192 87
195.198 87
195.204 87
195.211 87
195.217 87
195.223 87
195.229 87
195.236 87
195.242 87
195.248 87
195.255 87
195.261 87
195.267 87
195.274 87
195.28 87
195.286 87
195.293 87
195.299 87
195.305 87
195.311 87
195.318 87
195.324 87
195.33 87
195.337 87
195.343 87
195.349 87
195.356 87
195.362 87
195.368 87
195.374 87
195.381 87
195.387 87
195.393 87
195.4 87
195.406 87
195.412 87
195.419 87
195.425 87
195.431 87
195.438 87
195.444 87
195.45 87
195.456 87
195.463 87
195.469 87
195.475 87
195.482 87
195.488 87
195.494 87
195.501 87
195.507 87
195.513 87
195.519 87
195.526 87
195.532 87
195.538 87
195.545 87
195.551 87
195.557 87
195.564 87
195.57 87
195.576 87
195.583 87
195.589 87
195.595 87
195.601 87
195.608 87
195.614 87
195.62 87
195.627 87
195.633 87
195.639 87
195.646 87
195.652 87
195.658 87
195.664 87
195.671 87
195.677 87
195.683 87
195.69 87
195.696 88
195.702 88
195.709 88
195.715 88
195.721 88
195.728 88
195.734 88
195.74 88
195.746 88
195.753 88
195.759 88
195.765 88
195.772 88
195.778 88
195.784 88
195.791 88
195.797 88
195.803 88
195.809 88
195.816 88
195.822 88
195.828 88
195.835 88
195.841 88
195.847 88
195.854 88
195.86 88
195.866 88
195.872 88
195.879 88
195.885 88
195.891 88
195.898 88
195.904 88
195.91 88
195.917 88
195.923 88
195.929 88
195.936 88
195.942 88
195.948 88
195.954 88
195.961 88
195.967 88
195.973 88
195.98 88
195.986 88
195.992 88
195.999 88
196.005 88
196.011 88
196.017 88
196.024 88
196.03 88
196.036 88
196.043 88
196.049 88
196.055 88
196.062 88
196.068 88
196.074 88
196.081 88
196.087 88
196.093 88
196.099 88
196.106 88
196.112 88
196.118 88
196.125 88
196.131 88
196.137 88
196.144 88
196.15 88
196.156 88
196.162 88
196.169 88
196.175 88
196.181 88
196.188 88
196.194 88
196.2 88
196.207 88
196.213 88
196.219 88
196.226 88
196.232 88
196.238 88
196.244 88
196.251 88
196.257 88
196.263 88
196.27 88
196.276 88
196.282 89
196.289 89
196.295 89
196.301 89
196.307 89
196.314 89
196.32 89
196.326 89
196.333 89
196.339 89
196.345 89
196.352 89
196.358 89
196.364 89
196.371 89
196.377 89
196.383 89
196.389 89
196.396 89
196.402 89
196.408 89
196.415 89
196.421 89
196.427 89
196.434 89
196.44 89
196.446 89
196.452 89
196.459 89
196.465 89
196.471 89
196.478 89
196.484 89
196.49 89
196.497 89
196.503 89
196.509 89
196.516 89
196.522 89
196.528 89
196.534 89
196.541 89
196.547 89
196.553 89
196.56 89
196.566 89
196.572 89
196.579 89
196.585 89
196.591 89
196.597 89
196.604 89
196.61 89
196.616 89
196.623 89
196.629 89
196.635 89
196.642 89
196.648 89
196.654 89
196.66 89
196.667 89
196.673 89
196.679 89
196.686 89
196.692 89
196.698 89
196.705 89
196.711 89
196.717 89
196.724 89
196.73 89
196.736 89
196.742 89
196.749 89
196.755 89
196.761 89
196.768 89
196.774 89
196.78 89
196.787 89
196.793 89
196.799 89
196.805 89
196.812 89
196.818 89
196.824 89
196.831 89
196.837 89
196.843 89
196.85 89
196.856 89
196.862 89
196.869 90
196.875 90
196.881 90
196.887 90
196.894 90
196.9 90
196.906 90
196.913 90
196.919 90
196.925 90
196.932 90
196.938 90
196.944 90
196.95 90
196.957 90
196.963 90
196.969 90
196.976 90
196.982 90
196.988 90
196.995 90
197.001 90
197.007 90
197.014 90
197.02 90
197.026 90
197.032 90
197.039 90
197.045 90
197.051 90
197.058 90
197.064 90
197.07 90
197.077 90
197.083 90
197.089 90
197.095 90
197.102 90
197.108 90
197.114 90
197.121 90
197.127 90
197.133 90
197.14 90
197.146 90
197.152 90
197.159 90
197.165 90
197.171 90
197.177 90
197.184 90
197.19 90
197.196 90
197.203 90
197.209 90
197.215 90
197.222 90
197.228 90
197.234 90
197.24 90
197.247 90
197.253 90
197.259 90
197.266 90
197.272 90
197.278 90
197.285 90
197.291 90
197.297 90
197.304 90
197.31 90
197.316 90
197.322 90
197.329 90
197.335 90
197.341 90
197.348 90
197.354 90
197.36 90
197.367 90
197.373 90
197.379 90
197.385 90
197.392 90
197.398 90
197.404 90
197.411 90
197.417 90
197.423 90
197.43 90
197.436 90
197.442 90
197.448 90
197.455 90
197.461 91
197.467 91
197.474 91
197.48 91
197.486 91
197.493 91
197.499 91
197.505 91
197.512 91
197.518 91
197.524 91
197.53 91
197.537 91
197.544 91
197.55 91
197.557 91
197.564 91
197.571 91
197.578 91
197.585 91
197.591 91
197.597 91
197.604 91
197.611 91
197.617 91
197.623 91
197.63 91
197.636 91
197.642 91
197.649 91
197.655 91
197.661 91
197.668 91
197.674 91
197.681 91
197.688 91
197.694 91
197.701 91
197.707 91
197.714 91
197.72 91
197.727 91
197.733 91
197.739 91
197.746 91
197.752 91
197.758 91
197.765 91
197.771 91
197.777 91
197.784 91
197.79 91
197.796 91
197.803 91
197.809 91
197.816 91
197.822 91
197.828 91
197.835 91
197.841 91
197.847 91
197.854 91
197.86 91
197.866 91
197.873 91
197.879 91
197.885 91
197.892 91
197.898 91
197.905 91
197.911 91
197.917 91
197.924 91
197.93 91
197.937 91
197.943 91
197.949 91
197.956 91
197.962 91
197.968 91
197.975 91
197.981 91
197.987 91
197.995 91
198.001 91
198.008 91
198.015 91
198.021 91
198.028 91
198.035 91
198.042 91
198.049 91
198.055 91
198.061 91
198.068 92
198.075 92
198.081 92
198.087 92
198.094 92
198.1 92
198.107 92
198.113 92
198.12 92
198.126 92
198.133 92
198.139 92
198.145 92
198.152 92
198.158 92
198.164 92
198.171 92
198.177 92
198.183 92
198.19 92
198.196 92
198.202 92
198.209 92
198.215 92
198.221 92
198.227 92
198.234 92
198.241 92
198.247 92
198.254 92
198.26 92
198.267 92
198.273 92
198.28 92
198.287 92
198.293 92
198.299 92
198.306 92
198.312 92
198.318 92
198.325 92
198.331 92
198.337 92
198.344 92
198.35 92
198.356 92
198.362 92
198.369 92
198.375 92
198.381 92
198.388 92
198.394 92
198.4 92
198.407 92
198.413 92
198.419 92
198.426 92
198.432 92
198.439 92
198.445 92
198.451 92
198.458 92
198.465 92
198.472 92
198.478 92
198.485 92
198.491 92
198.517 45
199.105 45
199.111 45
199.117 45
199.124 45
199.13 45
199.136 45
199.142 45
199.149 45
199.155 45
199.161 45
199.168 45
199.174 45
199.18 45
199.187 45
199.193 45
199.199 45
199.206 45
199.212 45
199.218 45
199.224 45
199.231 45
199.237 45
199.243 45
199.25 45
199.256 45
199.262 45
199.269 45
199.275 45
199.281 45
199.287 45
199.294 45
199.3 45
199.306 45
199.313 45
199.319 45
199.325 45
199.332 45
199.338 45
199.344 45
199.351 45
199.357 45
199.363 45
199.369 45
199.376 45
199.382 45
199.388 45
199.395 46
199.401 46
199.407 46
199.414 46
199.42 46
199.426 46
199.432 46
199.439 46
199.445 46
199.451 46
199.458 46
199.464 46
199.47 46
199.477 46
199.483 46
199.489 46
199.496 46
199.502 46
199.508 46
199.514 46
199.521 46
199.527 46
199.533 46
199.54 46
199.546 46
199.552 46
199.559 46
199.565 46
199.571 46
199.577 46
199.584 46
199.59 46
199.596 46
199.603 46
199.609 46
199.615 46
199.622 46
199.628 46
199.634 46
199.641 46
199.647 46
199.653 46
199.659 46
199.666 46
199.672 46
199.678 46
199.685 46
199.691 47
199.697 47
199.704 47
199.71 47
199.716 47
199.722 47
199.729 47
199.735 47
199.741 47
199.748 47
199.754 47
199.76 47
199.767 47
199.773 47
199.779 47
199.786 47
199.792 47
199.798 47
199.804 47
199.811 47
199.817 47
199.823 47
199.83 47
199.836 47
199.842 47
199.849 47
199.855 47
199.861 47
199.867 47
199.874 47
199.88 47
199.886 47
199.893 47
199.899 47
199.905 47
199.912 47
199.918 47
199.924 47
199.93 47
199.937 47
199.943 47
199.949 47
199.956 47
199.962 47
199.968 47
199.975 47
199.981 47
199.987 47
199.994 48
200 48
