175.309 37
175.318 37
175.326 37
175.334 37
175.34 37
175.348 37
175.356 37
175.363 37
175.369 37
175.375 37
175.382 37
175.388 37
175.397 37
175.403 37
175.496 37
175.505 37
175.512 37
175.519 37
175.526 37
175.535 37
175.545 37
175.559 37
175.57 37
175.579 37
175.586 37
175.596 37
175.603 37
175.609 37
175.618 37
175.626 37
175.634 37
175.641 37
175.647 37
175.654 37
175.667 37
175.674 37
175.681 38
178.178 38
178.186 38
178.193 38
178.201 38
178.207 38
178.214 38
178.222 38
178.228 38
178.234 38
178.241 38
178.248 38
178.255 38
178.264 38
178.271 38
178.37 38
178.38 38
178.388 38
178.396 38
178.405 38
178.415 38
178.427 38
178.443 38
178.454 38
178.463 38
178.47 38
178.479 38
178.486 38
178.492 38
178.501 38
178.508 38
178.515 38
178.523 38
178.529 38
178.537 38
178.55 38
178.558 38
178.566 38
178.573 38
181.132 39
181.14 39
181.148 39
181.156 39
181.162 39
181.169 39
181.177 39
181.184 39
181.191 39
181.198 39
181.206 39
181.215 39
181.225 39
181.232 39
181.325 39
181.334 39
181.34 39
181.347 39
181.353 39
181.361 39
181.371 39
181.383 39
181.389 39
181.395 39
181.401 39
181.408 39
181.414 39
181.42 39
181.427 39
181.433 39
181.439 39
181.446 39
181.452 39
181.458 39
181.465 39
181.471 39
181.477 39
181.483 39
183.993 39
183.999 39
184.006 40
184.013 40
184.02 40
184.027 40
184.034 40
184.041 40
184.048 40
184.055 40
184.063 40
184.071 40
184.08 40
184.089 40
184.096 40
184.175 40
184.185 40
184.191 40
184.198 40
184.204 40
184.21 40
184.219 40
184.231 40
184.238 40
184.244 40
184.25 40
184.257 40
184.263 40
184.269 40
184.276 40
184.283 40
184.289 40
184.295 40
184.302 40
184.308 40
184.314 40
184.321 40
184.327 40
184.333 40
186.938 40
186.944 40
186.951 40
186.957 40
186.963 40
186.97 41
186.976 41
186.982 41
186.989 41
186.995 41
187.001 41
187.008 41
187.016 41
187.024 41
187.035 41
187.041 41
187.126 41
187.137 41
187.144 41
187.151 41
187.157 41
187.164 41
187.175 41
187.188 41
187.196 41
187.204 41
187.211 41
187.217 41
187.224 41
187.256 19
192.83 19
192.838 19
192.844 19
192.927 19
192.941 19
192.949 19
192.957 19
192.966 19
192.974 19
192.987 19
193.002 19
193.01 19
193.018 19
193.028 19
193.034 19
193.041 19
193.058 19
193.064 19
195.673 8
196.034 1
198.624 2
198.816 3
198.822 4
198.828 4
198.847 4
