175.004 30
175.01 30
175.016 30
175.023 30
175.029 30
175.035 30
175.041 30
175.048 30
175.055 30
175.062 30
175.068 30
175.075 30
175.083 30
175.09 30
175.097 30
175.104 30
175.11 30
175.117 30
175.124 30
175.13 30
175.137 30
175.143 30
175.15 30
175.156 31
175.163 31
175.169 31
175.176 31
175.183 31
175.19 31
175.196 31
175.203 31
175.209 31
175.216 31
175.223 31
175.23 31
175.236 31
175.242 31
175.249 31
175.255 31
175.261 31
175.267 31
175.274 31
175.28 31
175.286 31
175.293 31
175.299 31
175.305 31
175.312 31
175.318 31
175.324 31
175.33 31
175.337 31
175.343 31
175.35 31
175.357 31
175.363 32
175.37 32
175.376 32
175.384 32
175.39 32
175.396 32
175.403 32
175.41 32
175.417 32
175.423 32
175.429 32
175.436 32
175.442 32
175.449 32
175.456 32
175.462 32
175.468 32
175.475 32
175.482 32
175.488 32
175.495 32
175.502 32
175.509 32
175.516 32
175.523 32
175.53 32
175.536 32
175.543 32
175.549 32
175.556 32
175.563 32
175.569 32
175.575 32
175.582 33
175.588 33
175.594 33
175.601 33
175.607 33
175.614 33
175.62 33
175.626 33
175.633 33
175.639 33
175.646 33
175.652 33
175.658 33
175.664 33
175.671 33
175.677 33
175.684 33
175.69 33
175.696 33
175.703 33
175.71 33
175.716 33
175.722 33
175.729 33
175.735 33
175.742 33
175.748 33
175.754 33
175.761 33
175.767 33
175.774 33
175.781 33
175.788 33
175.795 34
175.802 34
175.808 34
175.815 34
175.822 34
175.829 34
175.835 34
175.842 34
175.849 34
175.855 34
175.862 34
175.869 34
175.875 34
175.882 34
175.889 34
175.895 34
175.902 34
175.909 34
175.915 34
175.922 34
175.929 34
175.936 34
175.943 34
175.949 34
175.955 34
175.962 34
175.968 34
175.975 34
175.981 34
175.987 34
175.994 34
176.001 34
176.007 34
176.013 34
176.02 34
176.026 35
176.032 35
176.038 35
176.045 35
176.051 35
176.057 35
176.064 35
176.07 35
176.076 35
176.083 35
176.089 35
176.095 35
176.101 35
176.108 35
176.114 35
176.12 35
176.127 35
176.133 35
176.14 35
176.148 35
176.156 35
176.162 35
176.169 35
176.175 35
176.182 35
176.189 35
176.196 35
176.202 35
176.209 35
176.215 35
176.222 35
176.229 35
176.235 35
176.261 16
176.562 16
176.568 16
176.575 16
176.581 16
176.587 16
176.594 16
176.6 16
176.606 16
176.613 17
176.619 17
176.625 17
176.631 17
176.638 17
176.644 17
176.65 17
176.657 17
176.671 17
176.677 17
176.683 17
176.69 17
176.696 17
176.702 17
176.709 17
176.715 17
176.721 17
176.728 18
176.734 18
176.74 18
176.747 18
176.753 18
176.759 18
176.765 18
176.772 18
176.778 18
176.784 18
176.791 18
176.797 18
176.803 18
176.81 18
176.816 18
176.822 18
176.828 18
176.835 18
176.841 18
176.847 19
176.854 19
176.86 19
176.866 19
176.873 19
176.879 19
176.885 19
176.891 19
176.898 19
176.904 19
176.91 19
176.917 19
176.923 19
176.929 19
176.936 19
176.942 19
176.948 19
176.955 19
176.961 19
176.967 19
176.973 20
176.98 20
176.986 20
176.992 20
176.999 20
177.005 20
177.011 20
177.018 20
177.024 20
177.03 20
177.036 20
177.043 20
177.049 20
177.055 20
177.062 20
177.068 20
177.074 20
177.081 20
177.087 20
177.093 20
177.1 21
177.106 21
177.112 21
177.118 21
177.125 21
177.131 21
177.137 21
177.144 21
177.15 21
177.156 21
177.163 21
177.169 21
177.175 21
177.181 21
177.188 21
177.194 21
177.201 21
177.209 21
177.216 21
177.223 21
177.23 21
177.237 21
177.243 22
177.25 22
177.256 22
177.262 22
177.269 22
177.275 22
177.282 22
177.288 22
177.295 22
177.301 22
177.308 22
177.314 22
177.321 22
177.327 22
177.335 22
177.342 22
177.348 22
177.355 22
177.363 22
177.37 22
177.377 22
177.385 22
177.392 22
177.398 23
177.405 23
177.413 23
177.419 23
177.426 23
177.433 23
177.439 23
177.445 23
177.451 23
177.458 23
177.464 23
177.47 23
177.477 23
177.483 23
177.489 23
177.496 23
177.502 23
177.508 23
177.514 23
177.521 23
177.527 23
177.533 23
177.54 23
177.547 24
177.554 24
177.561 24
177.568 24
177.575 24
177.582 24
177.589 24
177.596 24
177.603 24
177.61 24
177.617 24
177.624 24
177.631 24
177.638 24
177.644 24
177.651 24
177.657 24
177.663 24
177.67 24
177.676 24
177.682 24
177.688 24
177.695 24
177.701 24
177.707 24
177.714 25
177.72 25
177.726 25
177.733 25
177.739 25
177.745 25
177.752 25
177.758 25
177.764 25
177.77 25
177.777 25
177.784 25
177.791 25
177.797 25
177.804 25
177.811 25
177.818 25
177.824 25
177.831 25
177.838 25
177.844 25
177.851 25
177.857 25
177.864 25
177.871 25
177.877 25
177.883 26
177.89 26
177.896 26
177.903 26
177.909 26
177.915 26
177.922 26
177.929 26
177.936 26
177.943 26
177.949 26
177.957 26
177.963 26
177.97 26
177.976 26
177.983 26
177.989 26
177.995 26
178.002 26
178.008 26
178.014 26
178.021 26
178.027 26
178.034 26
178.04 26
178.047 26
178.053 27
178.059 27
178.066 27
178.072 27
178.079 27
178.085 27
178.092 27
178.098 27
178.104 27
178.111 27
178.118 27
178.125 27
178.132 27
178.138 27
178.145 27
178.152 27
178.159 27
178.167 27
178.174 27
178.181 27
178.188 27
178.195 27
178.202 27
178.21 27
178.216 27
178.223 27
178.229 27
178.235 27
178.242 28
178.248 28
178.254 28
178.26 28
178.267 28
178.273 28
178.279 28
178.286 28
178.292 28
178.298 28
178.305 28
178.311 28
178.317 28
178.323 28
178.33 28
178.336 28
178.342 28
178.349 28
178.355 28
178.361 28
178.368 28
178.374 28
178.381 28
178.388 28
178.395 28
178.401 28
178.409 28
178.416 28
178.423 28
178.43 29
178.437 29
178.445 29
178.451 29
178.458 29
178.465 29
178.472 29
178.478 29
178.485 29
178.491 29
178.497 29
178.504 29
178.51 29
178.516 29
178.523 29
178.529 29
178.535 29
178.541 29
178.548 29
178.554 29
178.56 29
178.567 29
178.574 29
178.58 29
178.586 29
178.593 29
178.599 29
178.605 29
178.612 29
178.618 29
178.625 30
178.632 30
178.638 30
178.645 30
178.652 30
178.66 30
178.666 30
178.672 30
178.679 30
178.685 30
178.692 30
178.698 30
178.705 30
178.711 30
178.718 30
178.725 30
178.732 30
178.739 30
178.746 30
178.753 30
178.76 30
178.766 30
178.774 30
178.78 30
178.786 30
178.793 30
178.8 30
178.806 30
178.812 30
178.818 30
178.825 31
178.831 31
178.838 31
178.845 31
178.851 31
178.858 31
178.864 31
178.87 31
178.877 31
178.884 31
178.89 31
178.896 31
178.902 31
178.909 31
178.915 31
178.922 31
178.929 31
178.935 31
178.942 31
178.948 31
178.955 31
178.961 31
178.967 31
178.974 31
178.98 31
178.986 31
178.993 31
178.999 31
179.007 31
179.013 31
179.02 31
179.027 31
179.034 32
179.04 32
179.047 32
179.054 32
179.061 32
179.068 32
179.075 32
179.082 32
179.088 32
179.095 32
179.101 32
179.108 32
179.114 32
179.121 32
179.128 32
179.134 32
179.141 32
179.147 32
179.154 32
179.16 32
179.166 32
179.173 32
179.179 32
179.186 32
179.192 32
179.198 32
179.204 32
179.211 32
179.217 32
179.224 32
179.23 32
179.236 32
179.242 32
179.249 33
179.256 33
179.263 33
179.269 33
179.275 33
179.282 33
179.288 33
179.295 33
179.302 33
179.308 33
179.315 33
179.322 33
179.328 33
179.335 33
179.341 33
179.348 33
179.355 33
179.362 33
179.369 33
179.376 33
179.382 33
179.389 33
179.395 33
179.402 33
179.409 33
179.416 33
179.423 33
179.429 33
179.436 33
179.442 33
179.449 33
179.455 33
179.461 33
179.468 33
179.474 34
179.48 34
179.487 34
179.493 34
179.499 34
179.506 34
179.512 34
179.519 34
179.525 34
179.532 34
179.539 34
179.545 34
179.553 34
179.559 34
179.565 34
179.572 34
179.578 34
179.585 34
179.592 34
179.598 34
179.604 34
179.611 34
179.617 34
179.623 34
179.63 34
179.636 34
179.642 34
179.649 34
179.656 34
179.662 34
179.669 34
179.676 34
179.682 34
179.69 34
179.696 34
179.703 35
179.71 35
179.716 35
179.722 35
179.729 35
179.735 35
179.741 35
179.748 35
179.754 35
179.76 35
179.766 35
179.773 35
179.779 35
179.786 35
179.793 35
179.8 35
179.807 35
179.814 35
179.821 35
179.828 35
179.834 35
179.841 35
179.848 35
179.855 35
179.861 35
179.867 35
179.873 35
179.88 35
179.886 35
179.892 35
179.899 35
179.905 35
179.911 35
179.918 35
179.924 35
179.93 35
179.937 36
179.943 36
179.949 36
179.956 36
179.962 36
179.969 36
179.975 36
179.981 36
179.988 36
179.994 36
180 36
180.007 36
180.013 36
180.019 36
180.026 36
180.032 36
180.038 36
180.045 36
180.051 36
180.057 36
180.064 36
180.07 36
180.076 36
180.082 36
180.089 36
180.095 36
180.101 36
180.108 36
180.114 36
180.121 36
180.127 36
180.133 36
180.14 36
180.146 36
180.152 36
180.159 36
180.165 36
180.171 37
180.178 37
180.184 37
180.19 37
180.197 37
180.203 37
180.209 37
180.215 37
180.222 37
180.228 37
180.234 37
180.241 37
180.247 37
180.253 37
180.26 37
180.266 37
180.272 37
180.279 37
180.285 37
180.291 37
180.297 37
180.304 37
180.31 37
180.316 37
180.323 37
180.329 37
180.335 37
180.342 37
180.348 37
180.354 37
180.36 37
180.367 37
180.373 37
180.379 37
180.386 37
180.392 37
180.398 37
180.405 37
180.411 38
180.417 38
180.424 38
180.43 38
180.436 38
180.442 38
180.449 38
180.455 38
180.461 38
180.468 38
180.474 38
180.48 38
180.487 38
180.493 38
180.499 38
180.505 38
180.512 38
180.518 38
180.524 38
180.531 38
180.537 38
180.543 38
180.55 38
180.556 38
180.562 38
180.569 38
180.575 38
180.581 38
180.587 38
180.594 38
180.6 38
180.606 38
180.613 38
180.619 38
180.625 38
180.632 38
180.638 38
180.644 38
180.65 38
180.657 39
180.663 39
180.669 39
180.676 39
180.682 39
180.688 39
180.695 39
180.701 39
180.707 39
180.714 39
180.72 39
180.726 39
180.732 39
180.739 39
180.745 39
180.751 39
180.758 39
180.764 39
180.77 39
180.777 39
180.783 39
180.789 39
180.795 39
180.802 39
180.808 39
180.814 39
180.821 39
180.827 39
180.833 39
180.84 39
180.846 39
180.852 39
180.859 39
180.865 39
180.871 39
180.877 39
180.884 39
180.89 39
180.896 39
180.903 39
180.909 40
180.915 40
180.922 40
180.928 40
180.934 40
180.94 40
180.947 40
180.953 40
180.959 40
180.966 40
180.972 40
180.978 40
180.985 40
180.991 40
180.997 40
181.003 40
181.01 40
181.016 40
181.022 40
181.029 40
181.035 40
181.041 40
181.048 40
181.054 40
181.06 40
181.067 40
181.073 40
181.079 40
181.085 40
181.092 40
181.098 40
181.104 40
181.111 40
181.117 40
181.123 40
181.13 40
181.136 40
181.142 40
181.148 40
181.155 40
181.161 40
181.167 41
181.174 41
181.18 41
181.186 41
181.193 41
181.199 41
181.205 41
181.212 41
181.218 41
181.224 41
181.23 41
181.237 41
181.243 41
181.249 41
181.256 41
181.262 41
181.268 41
181.275 41
181.281 41
181.287 41
181.293 41
181.3 41
181.306 41
181.312 41
181.319 41
181.325 41
181.331 41
181.338 41
181.344 41
181.35 41
181.357 41
181.363 41
181.369 41
181.375 41
181.382 41
181.388 41
181.394 41
181.401 41
181.407 41
181.413 41
181.42 41
181.426 41
181.432 42
181.438 42
181.445 42
181.451 42
181.457 42
181.464 42
181.47 42
181.476 42
181.483 42
181.489 42
181.495 42
181.502 42
181.508 42
181.514 42
181.52 42
181.527 42
181.533 42
181.539 42
181.546 42
181.552 42
181.558 42
181.565 42
181.571 42
181.577 42
181.583 42
181.59 42
181.596 42
181.602 42
181.609 42
181.615 42
181.621 42
181.628 42
181.634 42
181.64 42
181.647 42
181.653 42
181.659 42
181.665 42
181.672 42
181.678 42
181.684 42
181.691 42
181.697 42
181.703 43
181.71 43
181.716 43
181.722 43
181.728 43
181.735 43
181.741 43
181.747 43
181.754 43
181.76 43
181.766 43
181.773 43
181.779 43
181.785 43
181.791 43
181.798 43
181.804 43
181.81 43
181.817 43
181.823 43
181.829 43
181.836 43
181.842 43
181.848 43
181.855 43
181.861 43
181.867 43
181.873 43
181.88 43
181.886 43
181.892 43
181.899 43
181.905 43
181.911 43
181.918 43
181.924 43
181.93 43
181.936 43
181.943 43
181.949 43
181.955 43
181.962 43
181.968 43
181.974 43
181.981 44
181.987 44
181.993 44
182 44
182.006 44
182.012 44
182.018 44
182.025 44
182.031 44
182.037 44
182.044 44
182.05 44
182.056 44
182.063 44
182.069 44
182.075 44
182.081 44
182.088 44
182.094 44
182.1 44
182.107 44
182.113 44
182.119 44
182.126 44
182.132 44
182.138 44
182.145 44
182.151 44
182.157 44
182.163 44
182.17 44
182.176 44
182.182 44
182.189 44
182.195 44
182.201 44
182.208 44
182.214 44
182.22 44
182.226 44
182.233 44
182.239 44
182.245 44
182.252 44
182.258 44
182.264 45
182.271 45
182.277 45
182.283 45
182.29 45
182.296 45
182.302 45
182.308 45
182.315 45
182.321 45
182.327 45
182.334 45
182.34 45
182.346 45
182.353 45
182.359 45
182.365 45
182.371 45
182.378 45
182.384 45
182.39 45
182.397 45
182.403 45
182.409 45
182.416 45
182.422 45
182.428 45
182.435 45
182.441 45
182.447 45
182.453 45
182.46 45
182.466 45
182.472 45
182.479 45
182.485 45
182.491 45
182.498 45
182.504 45
182.51 45
182.516 45
182.523 45
182.529 45
182.535 45
182.542 45
182.548 45
182.554 46
182.561 46
182.567 46
182.573 46
182.579 46
182.586 46
182.592 46
182.598 46
182.605 46
182.611 46
182.617 46
182.624 46
182.63 46
182.636 46
182.643 46
182.649 46
182.655 46
182.661 46
182.668 46
182.674 46
182.68 46
182.687 46
182.693 46
182.699 46
182.706 46
182.712 46
182.718 46
182.724 46
182.731 46
182.737 46
182.743 46
182.75 46
182.756 46
182.762 46
182.769 46
182.775 46
182.781 46
182.788 46
182.794 46
182.8 46
182.806 46
182.813 46
182.819 46
182.825 46
182.832 46
182.838 46
182.844 46
182.851 47
182.857 47
182.863 47
182.869 47
182.876 47
182.882 47
182.888 47
182.895 47
182.901 47
182.907 47
182.914 47
182.92 47
182.926 47
182.933 47
182.939 47
182.945 47
182.951 47
182.958 47
182.964 47
182.97 47
182.977 47
182.983 47
182.989 47
182.996 47
183.002 47
183.008 47
183.014 47
183.021 47
183.027 47
183.033 47
183.04 47
183.046 47
183.052 47
183.059 47
183.065 47
183.071 47
183.078 47
183.084 47
183.09 47
183.096 47
183.103 47
183.109 47
183.115 47
183.122 47
183.128 47
183.134 47
183.141 47
183.147 47
183.153 47
183.159 48
183.166 48
183.172 48
183.178 48
183.185 48
183.191 48
183.197 48
183.204 48
183.21 48
183.216 48
183.223 48
183.229 48
183.235 48
183.241 48
183.248 48
183.254 48
183.26 48
183.267 48
183.273 48
183.279 48
183.286 48
183.292 48
183.298 48
183.304 48
183.311 48
183.317 48
183.323 48
183.33 48
183.336 48
183.342 48
183.349 48
183.355 48
183.361 48
183.367 48
183.374 48
183.38 48
183.386 48
183.393 48
183.399 48
183.405 48
183.412 48
183.418 48
183.424 48
183.431 48
183.437 48
183.462 23
183.759 23
183.81 23
183.816 23
183.822 23
183.829 23
183.835 23
183.841 23
183.848 23
183.854 23
183.86 23
183.866 23
183.873 23
183.879 23
183.885 23
183.892 23
183.898 23
183.904 23
183.911 23
183.917 23
183.923 23
183.93 23
183.936 23
183.942 23
183.948 24
183.955 24
183.961 24
183.967 24
183.974 24
183.98 24
183.986 24
183.993 24
183.999 24
184.005 24
184.011 24
184.018 24
184.024 24
184.03 24
184.037 24
184.043 24
184.049 24
184.056 24
184.062 24
184.068 24
184.075 24
184.081 24
184.087 24
184.093 24
184.1 24
184.106 25
184.112 25
184.119 25
184.125 25
184.131 25
184.138 25
184.144 25
184.15 25
184.156 25
184.163 25
184.169 25
184.175 25
184.182 25
184.188 25
184.194 25
184.201 25
184.207 25
184.213 25
184.219 25
184.226 25
184.232 25
184.238 25
184.245 25
184.251 25
184.257 25
184.264 25
184.27 26
184.276 26
184.283 26
184.289 26
184.295 26
184.301 26
184.308 26
184.314 26
184.32 26
184.327 26
184.333 26
184.339 26
184.346 26
184.352 26
184.358 26
184.364 26
184.371 26
184.377 26
184.383 26
184.39 26
184.396 26
184.402 26
184.409 26
184.415 26
184.421 26
184.428 26
184.434 27
184.44 27
184.446 27
184.453 27
184.459 27
184.465 27
184.472 27
184.478 27
184.484 27
184.491 27
184.497 27
184.503 27
184.509 27
184.516 27
184.522 27
184.528 27
184.535 27
184.541 27
184.547 27
184.554 27
184.56 27
184.566 27
184.573 27
184.579 27
184.585 27
184.591 27
184.598 27
184.604 27
184.61 28
184.617 28
184.623 28
184.629 28
184.636 28
184.642 28
184.648 28
184.654 28
184.661 28
184.667 28
184.673 28
184.68 28
184.686 28
184.692 28
184.699 28
184.705 28
184.711 28
184.718 28
184.724 28
184.73 28
184.736 28
184.743 28
184.749 28
184.755 28
184.762 28
184.768 28
184.774 28
184.781 28
184.787 28
184.793 29
184.799 29
184.806 29
184.812 29
184.818 29
184.825 29
184.831 29
184.837 29
184.844 29
184.85 29
184.856 29
184.863 29
184.869 29
184.875 29
184.881 29
184.888 29
184.894 29
184.9 29
184.907 29
184.913 29
184.919 29
184.926 29
184.932 29
184.938 29
184.944 29
184.951 29
184.957 29
184.963 29
184.97 29
184.976 30
184.983 30
184.989 30
184.996 30
185.002 30
185.009 30
185.015 30
185.022 30
185.028 30
185.034 30
185.04 30
185.047 30
185.053 30
185.059 30
185.066 30
185.072 30
185.078 30
185.085 30
185.091 30
185.097 30
185.103 30
185.11 30
185.116 30
185.123 30
185.129 30
185.135 30
185.142 30
185.149 30
185.156 30
185.163 30
185.17 30
185.177 31
185.184 31
185.191 31
185.197 31
185.204 31
185.211 31
185.218 31
185.224 31
185.231 31
185.238 31
185.244 31
185.251 31
185.257 31
185.264 31
185.271 31
185.278 31
185.285 31
185.291 31
185.298 31
185.305 31
185.312 31
185.318 31
185.325 31
185.331 31
185.338 31
185.344 31
185.35 31
185.357 31
185.363 31
185.369 31
185.375 31
185.382 31
185.388 32
185.394 32
185.401 32
185.407 32
185.414 32
185.421 32
185.427 32
185.434 32
185.441 32
185.447 32
185.453 32
185.46 32
185.467 32
185.473 32
185.48 32
185.487 32
185.494 32
185.5 32
185.507 32
185.514 32
185.52 32
185.527 32
185.534 32
185.541 32
185.548 32
185.555 32
185.563 32
185.569 32
185.577 32
185.583 32
185.59 32
185.596 32
185.603 32
185.609 33
185.615 33
185.621 33
185.628 33
185.634 33
185.64 33
185.647 33
185.653 33
185.659 33
185.666 33
185.672 33
185.678 33
185.685 33
185.691 33
185.697 33
185.704 33
185.712 33
185.72 33
185.727 33
185.734 33
185.741 33
185.748 33
185.754 33
185.761 33
185.767 33
185.773 33
185.779 33
185.786 33
185.792 33
185.798 33
185.805 33
185.811 33
185.817 33
185.824 33
185.83 34
185.836 34
185.842 34
185.849 34
185.855 34
185.861 34
185.868 34
185.874 34
185.88 34
185.887 34
185.893 34
185.9 34
185.907 34
185.914 34
185.921 34
185.928 34
185.934 34
185.941 34
185.947 34
185.955 34
185.962 34
185.969 34
185.976 34
185.983 34
185.989 34
185.996 34
186.003 34
186.01 34
186.016 34
186.023 34
186.029 34
186.036 34
186.042 34
186.049 34
186.056 34
186.063 35
186.069 35
186.076 35
186.082 35
186.088 35
186.095 35
186.101 35
186.107 35
186.114 35
186.12 35
186.126 35
186.133 35
186.139 35
186.145 35
186.151 35
186.158 35
186.164 35
186.17 35
186.177 35
186.183 35
186.189 35
186.196 35
186.202 35
186.208 35
186.215 35
186.222 35
186.229 35
186.236 35
186.243 35
186.25 35
186.257 35
186.264 35
186.271 35
186.278 35
186.284 35
186.291 35
186.298 36
186.304 36
186.311 36
186.318 36
186.325 36
186.331 36
186.337 36
186.344 36
186.35 36
186.356 36
186.363 36
186.369 36
186.376 36
186.382 36
186.388 36
186.395 36
186.401 36
186.408 36
186.414 36
186.421 36
186.428 36
186.434 36
186.441 36
186.447 36
186.454 36
186.46 36
186.466 36
186.473 36
186.479 36
186.485 36
186.492 36
186.499 36
186.505 36
186.512 36
186.519 36
186.526 36
186.533 36
186.539 37
186.546 37
186.553 37
186.56 37
186.567 37
186.574 37
186.581 37
186.587 37
186.594 37
186.6 37
186.607 37
186.613 37
186.62 37
186.627 37
186.633 37
186.64 37
186.647 37
186.653 37
186.659 37
186.666 37
186.672 37
186.678 37
186.685 37
186.692 37
186.698 37
186.704 37
186.711 37
186.718 37
186.724 37
186.73 37
186.737 37
186.743 37
186.749 37
186.756 37
186.762 37
186.769 37
186.775 37
186.781 37
186.788 38
186.794 38
186.801 38
186.807 38
186.813 38
186.819 38
186.826 38
186.832 38
186.838 38
186.845 38
186.852 38
186.858 38
186.865 38
186.871 38
186.877 38
186.884 38
186.89 38
186.897 38
186.903 38
186.91 38
186.917 38
186.923 38
186.929 38
186.936 38
186.942 38
186.948 38
186.955 38
186.962 38
186.968 38
186.975 38
186.981 38
186.988 38
186.994 38
187 38
187.007 38
187.014 38
187.02 38
187.026 38
187.033 38
187.039 39
187.046 39
187.052 39
187.058 39
187.065 39
187.071 39
187.078 39
187.084 39
187.09 39
187.097 39
187.103 39
187.109 39
187.115 39
187.122 39
187.128 39
187.134 39
187.141 39
187.147 39
187.153 39
187.16 39
187.166 39
187.172 39
187.179 39
187.185 39
187.191 39
187.198 39
187.204 39
187.21 39
187.216 39
187.223 39
187.229 39
187.235 39
187.242 39
187.248 39
187.254 39
187.261 39
187.267 39
187.273 39
187.279 39
187.286 39
187.292 40
187.298 40
187.305 40
187.311 40
187.317 40
187.324 40
187.33 40
187.336 40
187.343 40
187.349 40
187.355 40
187.361 40
187.368 40
187.374 40
187.38 40
187.387 40
187.393 40
187.399 40
187.406 40
187.412 40
187.418 40
187.424 40
187.431 40
187.437 40
187.443 40
187.45 40
187.456 40
187.462 40
187.469 40
187.475 40
187.481 40
187.488 40
187.494 40
187.5 40
187.506 40
187.513 40
187.519 40
187.525 40
187.532 40
187.538 40
187.544 40
187.551 41
187.557 41
187.563 41
187.569 41
187.576 41
187.582 41
187.588 41
187.595 41
187.601 41
187.607 41
187.614 41
187.62 41
187.626 41
187.632 41
187.639 41
187.645 41
187.651 41
187.658 41
187.664 41
187.67 41
187.677 41
187.683 41
187.689 41
187.696 41
187.702 41
187.708 41
187.714 41
187.721 41
187.727 41
187.733 41
187.74 41
187.746 41
187.752 41
187.759 41
187.765 41
187.771 41
187.777 41
187.784 41
187.79 41
187.796 41
187.803 41
187.809 41
187.815 42
187.822 42
187.828 42
187.834 42
187.841 42
187.847 42
187.853 42
187.859 42
187.866 42
187.872 42
187.878 42
187.885 42
187.891 42
187.897 42
187.904 42
187.91 42
187.916 42
187.922 42
187.929 42
187.935 42
187.941 42
187.948 42
187.954 42
187.96 42
187.967 42
187.973 42
187.979 42
187.986 42
187.992 42
187.998 42
188.004 42
188.011 42
188.017 42
188.023 42
188.03 42
188.036 42
188.042 42
188.049 42
188.055 42
188.061 42
188.067 42
188.074 42
188.08 42
188.086 43
188.093 43
188.099 43
188.105 43
188.112 43
188.118 43
188.124 43
188.131 43
188.137 43
188.143 43
188.149 43
188.156 43
188.162 43
188.168 43
188.175 43
188.181 43
188.187 43
188.194 43
188.2 43
188.206 43
188.212 43
188.219 43
188.225 43
188.231 43
188.238 43
188.244 43
188.25 43
188.257 43
188.263 43
188.269 43
188.276 43
188.282 43
188.288 43
188.294 43
188.301 43
188.307 43
188.313 43
188.32 43
188.326 43
188.332 43
188.339 43
188.345 43
188.351 43
188.357 43
188.364 44
188.37 44
188.376 44
188.383 44
188.389 44
188.395 44
188.402 44
188.408 44
188.414 44
188.42 44
188.427 44
188.433 44
188.439 44
188.446 44
188.452 44
188.458 44
188.465 44
188.471 44
188.477 44
188.484 44
188.49 44
188.496 44
188.502 44
188.509 44
188.515 44
188.521 44
188.528 44
188.534 44
188.54 44
188.547 44
188.553 44
188.559 44
188.565 44
188.572 44
188.578 44
188.584 44
188.591 44
188.597 44
188.603 44
188.61 44
188.616 44
188.622 44
188.629 44
188.635 44
188.641 44
188.647 45
188.654 45
188.66 45
188.666 45
188.673 45
188.679 45
188.685 45
188.692 45
188.698 45
188.704 45
188.71 45
188.717 45
188.723 45
188.729 45
188.736 45
188.742 45
188.748 45
188.755 45
188.761 45
188.767 45
188.774 45
188.78 45
188.786 45
188.792 45
188.799 45
188.805 45
188.811 45
188.818 45
188.824 45
188.83 45
188.837 45
188.843 45
188.849 45
188.855 45
188.862 45
188.868 45
188.874 45
188.881 45
188.887 45
188.893 45
188.9 45
188.906 45
188.912 45
188.919 45
188.925 45
188.931 45
188.937 46
188.944 46
188.95 46
188.956 46
188.963 46
188.969 46
188.975 46
188.982 46
188.988 46
188.994 46
189 46
189.007 46
189.013 46
189.019 46
189.026 46
189.032 46
189.038 46
189.045 46
189.051 46
189.057 46
189.064 46
189.07 46
189.076 46
189.082 46
189.089 46
189.095 46
189.101 46
189.108 46
189.114 46
189.12 46
189.127 46
189.133 46
189.139 46
189.145 46
189.152 46
189.158 46
189.164 46
189.171 46
189.177 46
189.183 46
189.19 46
189.196 46
189.202 46
189.208 46
189.215 46
189.221 46
189.227 46
189.234 47
189.24 47
189.246 47
189.253 47
189.259 47
189.265 47
189.272 47
189.278 47
189.284 47
189.29 47
189.297 47
189.303 47
189.309 47
189.316 47
189.322 47
189.328 47
189.335 47
189.341 47
189.347 47
189.353 47
189.36 47
189.366 47
189.372 47
189.379 47
189.385 47
189.391 47
189.398 47
189.404 47
189.41 47
189.417 47
189.423 47
189.429 47
189.435 47
189.442 47
189.448 47
189.454 47
189.461 47
189.467 47
189.473 47
189.48 47
189.486 47
189.492 47
189.498 47
189.505 47
189.511 47
189.517 47
189.524 47
189.53 47
189.536 47
189.543 48
189.549 48
189.555 48
189.562 48
189.568 48
189.574 48
189.58 48
189.587 48
189.593 48
189.599 48
189.606 48
189.612 48
189.618 48
189.625 48
189.631 48
189.637 48
189.643 48
189.65 48
189.656 48
189.662 48
189.669 48
189.675 48
189.681 48
189.688 48
189.694 48
189.7 48
189.707 48
189.713 48
189.719 48
189.725 48
189.732 48
189.738 48
189.744 48
189.751 48
189.757 48
189.763 48
189.77 48
189.776 48
189.782 48
189.788 48
189.795 48
189.801 48
189.807 48
189.814 48
189.82 48
189.826 48
189.833 48
189.839 48
189.845 48
189.852 49
189.858 49
189.864 49
189.87 49
189.877 49
189.883 49
189.889 49
189.896 49
189.902 49
189.908 49
189.915 49
189.921 49
189.927 49
189.933 49
189.94 49
189.946 49
189.952 49
189.959 49
189.965 49
189.971 49
189.978 49
189.984 49
189.99 49
189.996 49
190.003 49
190.009 49
190.015 49
190.022 49
190.028 49
190.034 49
190.041 49
190.047 49
190.053 49
190.06 49
190.066 49
190.072 49
190.078 49
190.085 49
190.091 49
190.097 49
190.104 49
190.11 49
190.116 49
190.123 49
190.129 49
190.135 49
190.141 49
190.148 49
190.154 49
190.16 49
190.167 50
190.173 50
190.179 50
190.186 50
190.192 50
190.198 50
190.205 50
190.211 50
190.217 50
190.223 50
190.23 50
190.236 50
190.242 50
190.249 50
190.255 50
190.261 50
190.268 50
190.274 50
190.28 50
190.286 50
190.293 50
190.299 50
190.305 50
190.312 50
190.318 50
190.324 50
190.331 50
190.337 50
190.343 50
190.35 50
190.356 50
190.362 50
190.368 50
190.375 50
190.381 50
190.387 50
190.394 50
190.4 50
190.406 50
190.413 50
190.419 50
190.425 50
190.431 50
190.438 50
190.444 50
190.45 50
190.457 50
190.463 50
190.469 50
190.476 50
190.482 50
190.488 50
190.495 51
190.501 51
190.507 51
190.513 51
190.52 51
190.526 51
190.532 51
190.539 51
190.545 51
190.551 51
190.558 51
190.564 51
190.57 51
190.576 51
190.583 51
190.589 51
190.595 51
190.602 51
190.608 51
190.614 51
190.621 51
190.627 51
190.633 51
190.64 51
190.646 51
190.652 51
190.658 51
190.665 51
190.671 51
190.677 51
190.684 51
190.707 24
191.029 24
191.035 24
191.041 24
191.048 24
191.054 24
191.06 24
191.067 24
191.073 24
191.079 24
191.086 24
191.092 24
191.098 24
191.104 25
191.111 25
191.117 25
191.123 25
191.13 25
191.136 25
191.142 25
191.149 25
191.155 25
191.161 25
191.168 25
191.174 25
191.18 25
191.186 25
191.193 25
191.199 25
191.205 25
191.212 25
191.218 25
191.224 25
191.231 25
191.237 25
191.243 25
191.249 25
191.256 25
191.262 25
191.268 26
191.275 26
191.281 26
191.287 26
191.294 26
191.3 26
191.306 26
191.313 26
191.319 26
191.325 26
191.331 26
191.338 26
191.344 26
191.35 26
191.357 26
191.363 26
191.369 26
191.376 26
191.382 26
191.388 26
191.394 26
191.401 26
191.407 26
191.413 26
191.42 26
191.426 26
191.432 27
191.439 27
191.445 27
191.451 27
191.458 27
191.464 27
191.47 27
191.476 27
191.483 27
191.489 27
191.495 27
191.502 27
191.508 27
191.514 27
191.521 27
191.527 27
191.533 27
191.539 27
191.546 27
191.552 27
191.558 27
191.565 27
191.571 27
191.577 27
191.584 27
191.59 27
191.596 27
191.603 27
191.609 28
191.615 28
191.621 28
191.628 28
191.634 28
191.64 28
191.647 28
191.653 28
191.659 28
191.666 28
191.672 28
191.678 28
191.684 28
191.691 28
191.697 28
191.703 28
191.71 28
191.716 28
191.722 28
191.729 28
191.735 28
191.741 28
191.748 28
191.754 28
191.76 28
191.766 28
191.773 28
191.779 28
191.785 28
191.792 29
191.798 29
191.804 29
191.811 29
191.817 29
191.823 29
191.829 29
191.836 29
191.842 29
191.848 29
191.855 29
191.861 29
191.867 29
191.874 29
191.88 29
191.886 29
191.892 29
191.899 29
191.905 29
191.911 29
191.918 29
191.924 29
191.93 29
191.937 29
191.943 29
191.949 29
191.956 29
191.962 29
191.968 29
191.974 29
191.981 30
191.987 30
191.993 30
192 30
192.006 30
192.012 30
192.019 30
192.025 30
192.031 30
192.037 30
192.044 30
192.05 30
192.056 30
192.063 30
192.069 30
192.075 30
192.082 30
192.088 30
192.094 30
192.101 30
192.107 30
192.113 30
192.119 30
192.126 30
192.132 30
192.138 30
192.145 30
192.151 30
192.157 30
192.164 30
192.17 31
192.176 31
192.182 31
192.189 31
192.195 31
192.201 31
192.208 31
192.214 31
192.22 31
192.227 31
192.233 31
192.239 31
192.246 31
192.252 31
192.258 31
192.264 31
192.271 31
192.277 31
192.283 31
192.29 31
192.296 31
192.302 31
192.309 31
192.315 31
192.321 31
192.327 31
192.334 31
192.34 31
192.346 31
192.353 31
192.359 31
192.365 31
192.372 32
192.378 32
192.384 32
192.391 32
192.397 32
192.403 32
192.409 32
192.416 32
192.422 32
192.428 32
192.435 32
192.441 32
192.447 32
192.454 32
192.46 32
192.466 32
192.472 32
192.479 32
192.485 32
192.491 32
192.498 32
192.504 32
192.51 32
192.517 32
192.523 32
192.529 32
192.536 32
192.542 32
192.548 32
192.554 32
192.561 32
192.567 32
192.573 32
192.58 33
192.586 33
192.592 33
192.599 33
192.605 33
192.611 33
192.617 33
192.624 33
192.63 33
192.636 33
192.643 33
192.649 33
192.655 33
192.662 33
192.669 33
192.676 33
192.683 33
192.689 33
192.696 33
192.703 33
192.71 33
192.716 33
192.723 33
192.73 33
192.736 33
192.744 33
192.75 33
192.757 33
192.764 33
192.77 33
192.777 33
192.783 33
192.789 33
192.796 33
192.802 34
192.808 34
192.814 34
192.821 34
192.827 34
192.834 34
192.841 34
192.847 34
192.854 34
192.86 34
192.867 34
192.873 34
192.88 34
192.886 34
192.892 34
192.898 34
192.905 34
192.911 34
192.917 34
192.924 34
192.93 34
192.936 34
192.943 34
192.949 34
192.956 34
192.963 34
192.97 34
192.977 34
192.984 34
192.991 34
192.998 34
193.004 34
193.011 34
193.018 34
193.025 34
193.031 35
193.038 35
193.044 35
193.051 35
193.058 35
193.065 35
193.071 35
193.078 35
193.084 35
193.091 35
193.097 35
193.104 35
193.11 35
193.116 35
193.123 35
193.13 35
193.136 35
193.143 35
193.149 35
193.155 35
193.162 35
193.168 35
193.174 35
193.181 35
193.187 35
193.193 35
193.2 35
193.206 35
193.213 35
193.219 35
193.226 35
193.232 35
193.238 35
193.245 35
193.252 35
193.259 35
193.266 36
193.273 36
193.28 36
193.286 36
193.293 36
193.299 36
193.306 36
193.313 36
193.319 36
193.326 36
193.333 36
193.34 36
193.347 36
193.354 36
193.36 36
193.366 36
193.373 36
193.379 36
193.385 36
193.392 36
193.398 36
193.405 36
193.411 36
193.417 36
193.424 36
193.43 36
193.437 36
193.443 36
193.449 36
193.456 36
193.462 36
193.468 36
193.475 36
193.481 36
193.488 36
193.495 36
193.502 36
193.508 37
193.515 37
193.521 37
193.528 37
193.535 37
193.542 37
193.548 37
193.556 37
193.562 37
193.569 37
193.576 37
193.582 37
193.589 37
193.595 37
193.602 37
193.608 37
193.615 37
193.622 37
193.628 37
193.634 37
193.641 37
193.647 37
193.653 37
193.66 37
193.666 37
193.672 37
193.678 37
193.685 37
193.691 37
193.698 37
193.705 37
193.711 37
193.718 37
193.725 37
193.732 37
193.739 37
193.746 37
193.752 37
193.759 38
193.765 38
193.772 38
193.778 38
193.784 38
193.791 38
193.797 38
193.803 38
193.809 38
193.816 38
193.823 38
193.83 38
193.837 38
193.843 38
193.851 38
193.857 38
193.864 38
193.871 38
193.878 38
193.885 38
193.891 38
193.898 38
193.904 38
193.91 38
193.917 38
193.923 38
193.929 38
193.936 38
193.942 38
193.948 38
193.954 38
193.961 38
193.967 38
193.973 38
193.98 38
193.986 38
193.992 38
193.999 38
194.005 38
194.011 39
194.017 39
194.024 39
194.031 39
194.038 39
194.045 39
194.052 39
194.059 39
194.066 39
194.072 39
194.079 39
194.086 39
194.092 39
194.099 39
194.106 39
194.113 39
194.119 39
194.126 39
194.132 39
194.139 39
194.146 39
194.152 39
194.159 39
194.166 39
194.173 39
194.179 39
194.186 39
194.193 39
194.199 39
194.206 39
194.213 39
194.219 39
194.226 39
194.233 39
194.239 39
194.245 39
194.252 39
194.258 39
194.266 39
194.272 39
194.278 40
194.284 40
194.291 40
194.297 40
194.303 40
194.31 40
194.316 40
194.322 40
194.329 40
194.335 40
194.341 40
194.347 40
194.354 40
194.36 40
194.366 40
194.373 40
194.379 40
194.385 40
194.392 40
194.398 40
194.404 40
194.411 40
194.418 40
194.426 40
194.433 40
194.439 40
194.446 40
194.452 40
194.459 40
194.465 40
194.471 40
194.478 40
194.484 40
194.49 40
194.497 40
194.503 40
194.509 40
194.516 40
194.522 40
194.528 40
194.535 40
194.541 41
194.548 41
194.573 19
194.885 19
194.891 19
194.898 19
194.904 19
194.91 19
194.917 19
194.923 19
194.929 19
194.935 19
194.942 20
194.948 20
194.954 20
194.961 20
194.967 20
194.973 20
194.98 20
194.986 20
194.992 20
194.998 20
195.005 20
195.011 20
195.017 20
195.024 20
195.03 20
195.036 20
195.043 20
195.049 20
195.055 20
195.062 20
195.068 20
195.074 21
195.08 21
195.087 21
195.093 21
195.099 21
195.106 21
195.112 21
195.118 21
195.125 21
195.131 21
195.137 21
195.143 21
195.15 21
195.156 21
195.162 21
195.169 21
195.175 21
195.181 21
195.188 21
195.194 21
195.2 21
195.207 21
195.213 22
195.219 22
195.225 22
195.232 22
195.238 22
195.244 22
195.251 22
195.257 22
195.263 22
195.27 22
195.276 22
195.282 22
195.288 22
195.295 22
195.301 22
195.307 22
195.314 22
195.32 22
195.327 22
195.334 22
195.342 22
195.348 22
195.355 23
195.361 23
195.368 23
195.374 23
195.381 23
195.387 23
195.394 23
195.4 23
195.407 23
195.413 23
195.419 23
195.426 23
195.432 23
195.438 23
195.445 23
195.452 23
195.459 23
195.465 23
195.472 23
195.478 23
195.484 23
195.491 23
195.497 23
195.504 23
195.51 24
195.516 24
195.523 24
195.53 24
195.537 24
195.544 24
195.551 24
195.558 24
195.566 24
195.573 24
195.58 24
195.587 24
195.594 24
195.601 24
195.608 24
195.615 24
195.622 24
195.628 24
195.635 24
195.641 24
195.647 24
195.653 24
195.66 24
195.666 24
195.673 24
195.679 25
195.685 25
195.692 25
195.698 25
195.705 25
195.711 25
195.717 25
195.724 25
195.731 25
195.738 25
195.744 25
195.751 25
195.758 25
195.765 25
195.772 25
195.779 25
195.785 25
195.791 25
195.798 25
195.804 25
195.81 25
195.817 25
195.823 25
195.83 25
195.837 25
195.844 26
195.851 26
195.857 26
195.863 26
195.87 26
195.876 26
195.882 26
195.888 26
195.895 26
195.901 26
195.907 26
195.914 26
195.92 26
195.927 26
195.933 26
195.94 26
195.946 26
195.953 26
195.96 26
195.967 26
195.974 26
195.981 26
195.988 26
195.995 26
196.002 26
196.009 26
196.016 26
196.023 27
196.03 27
196.037 27
196.044 27
196.05 27
196.057 27
196.064 27
196.07 27
196.077 27
196.083 27
196.089 27
196.096 27
196.102 27
196.108 27
196.114 27
196.121 27
196.127 27
196.133 27
196.14 27
196.146 27
196.152 27
196.159 27
196.165 27
196.171 27
196.177 27
196.184 27
196.19 27
196.197 27
196.204 28
196.211 28
196.219 28
196.225 28
196.232 28
196.239 28
196.246 28
196.252 28
196.26 28
196.266 28
196.273 28
196.279 28
196.286 28
196.292 28
196.299 28
196.305 28
196.312 28
196.318 28
196.325 28
196.331 28
196.338 28
196.344 28
196.351 28
196.357 28
196.364 28
196.37 28
196.377 28
196.383 28
196.389 28
196.396 29
196.403 29
196.409 29
196.416 29
196.422 29
196.429 29
196.436 29
196.442 29
196.449 29
196.455 29
196.461 29
196.468 29
196.475 29
196.482 29
196.488 29
196.494 29
196.501 29
196.507 29
196.513 29
196.52 29
196.526 29
196.533 29
196.54 29
196.547 29
196.554 29
196.561 29
196.568 29
196.575 29
196.581 29
196.588 30
196.595 30
196.601 30
196.608 30
196.614 30
196.62 30
196.627 30
196.633 30
196.64 30
196.646 30
196.653 30
196.659 30
196.666 30
196.672 30
196.679 30
196.685 30
196.692 30
196.699 30
196.706 30
196.713 30
196.72 30
196.727 30
196.733 30
196.74 30
196.747 30
196.753 30
196.759 30
196.765 30
196.772 30
196.778 30
196.784 30
196.791 31
196.797 31
196.803 31
196.81 31
196.816 31
196.822 31
196.829 31
196.835 31
196.841 31
196.848 31
196.855 31
196.862 31
196.87 31
196.877 31
196.883 31
196.89 31
196.896 31
196.903 31
196.909 31
196.916 31
196.922 31
196.929 31
196.935 31
196.942 31
196.948 31
196.955 31
196.961 31
196.968 31
196.974 31
196.981 31
196.987 31
196.994 31
197.001 32
197.007 32
197.014 32
197.02 32
197.026 32
197.034 32
197.041 32
197.047 32
197.054 32
197.06 32
197.066 32
197.073 32
197.079 32
197.085 32
197.092 32
197.098 32
197.104 32
197.111 32
197.117 32
197.124 32
197.131 32
197.137 32
197.144 32
197.15 32
197.157 32
197.164 32
197.17 32
197.177 32
197.184 32
197.19 32
197.197 32
197.204 32
197.211 32
197.218 33
197.225 33
197.231 33
197.238 33
197.244 33
197.251 33
197.258 33
197.264 33
197.27 33
197.276 33
197.283 33
197.289 33
197.296 33
197.302 33
197.308 33
197.315 33
197.321 33
197.327 33
197.333 33
197.34 33
197.346 33
197.352 33
197.359 33
197.365 33
197.372 33
197.379 33
197.386 33
197.393 33
197.4 33
197.406 33
197.413 33
197.42 33
197.427 33
197.433 33
197.44 34
197.447 34
197.453 34
197.46 34
197.466 34
197.473 34
197.479 34
197.486 34
197.492 34
197.498 34
197.506 34
197.512 34
197.519 34
197.526 34
197.533 34
197.54 34
197.546 34
197.553 34
197.56 34
197.566 34
197.573 34
197.58 34
197.586 34
197.592 34
197.599 34
197.605 34
197.611 34
197.617 34
197.624 34
197.63 34
197.636 34
197.643 34
197.649 34
197.655 34
197.662 34
197.668 35
197.675 35
197.683 35
197.689 35
197.695 35
197.702 35
197.708 35
197.715 35
197.722 35
197.729 35
197.736 35
197.742 35
197.749 35
197.755 35
197.761 35
197.768 35
197.774 35
197.78 35
197.787 35
197.794 35
197.801 35
197.839 15
198.171 15
198.178 15
198.184 15
198.19 15
198.197 15
198.203 15
198.209 15
198.216 16
198.222 16
198.249 16
198.255 16
198.261 16
198.268 16
198.274 16
198.28 16
198.286 16
198.293 16
198.299 16
198.305 16
198.312 16
198.318 16
198.324 16
198.331 16
198.337 16
198.343 17
198.35 17
198.356 17
198.362 17
198.368 17
198.375 17
198.381 17
198.387 17
198.394 17
198.4 17
198.406 17
198.413 17
198.419 17
198.425 17
198.431 17
198.438 17
198.444 17
198.45 17
198.457 18
198.463 18
198.469 18
198.476 18
198.482 18
198.488 18
198.495 18
198.501 18
198.507 18
198.513 18
198.52 18
198.526 18
198.532 18
198.539 18
198.545 18
198.551 18
198.558 18
198.564 18
198.57 19
198.576 19
198.583 19
198.589 19
198.595 19
198.602 19
198.608 19
198.614 19
198.621 19
198.627 19
198.634 19
198.641 19
198.648 19
198.655 19
198.662 19
198.668 19
198.674 19
198.681 19
198.687 19
198.693 19
198.7 20
198.706 20
198.712 20
198.719 20
198.725 20
198.731 20
198.738 20
198.744 20
198.75 20
198.756 20
198.763 20
198.769 20
198.775 20
198.782 20
198.788 20
198.795 20
198.802 20
198.809 20
198.815 20
198.822 20
198.828 21
198.834 21
198.841 21
198.848 21
198.856 21
198.863 21
198.87 21
198.876 21
198.883 21
198.89 21
198.896 21
198.902 21
198.909 21
198.915 21
198.922 21
198.929 21
198.936 21
198.943 21
198.95 21
198.956 21
198.963 21
198.97 21
198.976 22
198.982 22
198.989 22
198.995 22
199.002 22
199.009 22
199.016 22
199.022 22
199.028 22
199.035 22
199.041 22
199.047 22
199.054 22
199.06 22
199.066 22
199.073 22
199.08 22
199.086 22
199.093 22
199.099 22
199.105 22
199.112 22
199.118 22
199.124 23
199.131 23
199.138 23
199.144 23
199.152 23
199.159 23
199.166 23
199.174 23
199.181 23
199.188 23
199.195 23
199.202 23
199.21 23
199.216 23
199.223 23
199.23 23
199.237 23
199.243 23
199.25 23
199.256 23
199.262 23
199.269 23
199.275 23
199.281 24
199.288 24
199.294 24
199.3 24
199.307 24
199.313 24
199.319 24
199.326 24
199.332 24
199.338 24
199.345 24
199.351 24
199.357 24
199.364 24
199.37 24
199.376 24
199.382 24
199.389 24
199.396 24
199.403 24
199.41 24
199.417 24
199.424 24
199.432 24
199.439 24
199.446 25
199.453 25
199.46 25
199.467 25
199.474 25
199.482 25
199.488 25
199.495 25
199.502 25
199.508 25
199.515 25
199.521 25
199.528 25
199.534 25
199.54 25
199.546 25
199.553 25
199.559 25
199.565 25
199.572 25
199.578 25
199.585 25
199.591 25
199.597 25
199.604 25
199.61 25
199.616 26
199.623 26
199.629 26
199.635 26
199.642 26
199.648 26
199.654 26
199.661 26
199.667 26
199.674 26
199.681 26
199.688 26
199.695 26
199.703 26
199.71 26
199.717 26
199.723 26
199.73 26
199.737 26
199.744 26
199.751 26
199.757 26
199.764 26
199.771 26
199.778 26
199.785 26
199.792 27
199.798 27
199.804 27
199.811 27
199.818 27
199.824 27
199.831 27
199.837 27
199.844 27
199.85 27
199.856 27
199.863 27
199.869 27
199.877 27
199.883 27
199.89 27
199.896 27
199.902 27
199.908 27
199.915 27
199.921 27
199.927 27
199.934 27
199.94 27
199.946 27
199.953 27
199.959 27
199.965 27
199.972 28
199.978 28
199.986 28
199.993 28
199.999 28
