175.007 27
175.017 27
175.139 27
175.148 27
175.156 27
175.163 27
175.172 27
175.18 27
175.187 27
175.194 27
175.202 28
175.209 28
175.216 28
175.222 28
175.229 28
175.235 28
175.241 28
175.248 28
175.254 28
175.261 28
175.269 28
175.28 28
175.289 28
175.297 28
175.306 28
175.317 28
175.324 28
175.334 28
175.343 28
175.467 28
175.476 28
175.484 28
175.492 28
175.501 28
175.51 28
175.518 28
175.525 28
175.533 28
175.539 28
175.546 29
175.552 29
175.559 29
175.565 29
175.572 29
175.578 29
175.585 29
175.592 29
175.598 29
175.606 29
175.616 29
175.625 29
175.634 29
175.644 29
175.655 29
175.662 29
175.672 29
175.682 29
175.808 29
175.817 29
175.825 29
175.833 29
175.842 29
175.85 29
175.859 29
175.867 29
175.874 29
175.881 29
175.888 29
175.895 29
175.901 30
175.909 30
175.916 30
175.923 30
175.929 30
175.936 30
175.943 30
175.949 30
175.956 30
175.963 30
175.973 30
175.982 30
175.992 30
176.004 30
176.012 30
176.022 30
176.034 30
176.16 30
176.17 30
176.177 30
176.186 30
176.195 30
176.203 30
176.212 30
176.22 30
176.228 30
176.235 30
176.242 30
176.25 30
176.257 30
176.263 30
176.27 31
176.276 31
176.283 31
176.29 31
176.296 31
176.303 31
176.309 31
176.316 31
176.322 31
176.331 31
176.34 31
176.35 31
176.362 31
176.371 31
176.381 31
176.393 31
176.517 31
176.527 31
176.534 31
176.543 31
176.551 31
176.559 31
176.568 31
176.575 31
176.583 31
176.589 31
176.595 31
176.602 31
176.608 31
176.614 31
176.62 31
176.627 32
176.633 32
176.639 32
176.646 32
176.652 32
176.658 32
176.665 32
176.671 32
176.677 32
176.684 32
176.69 32
176.696 32
176.702 32
176.709 32
176.715 32
176.721 32
176.764 32
176.772 32
176.778 32
176.787 32
176.794 32
176.801 32
176.808 32
176.815 32
176.822 32
176.828 32
176.835 32
176.841 32
176.847 32
176.854 32
176.86 32
176.866 32
176.872 32
176.879 33
176.885 33
176.891 33
176.898 33
176.904 33
176.91 33
176.917 33
176.923 33
176.929 33
176.935 33
176.942 33
176.948 33
176.954 33
176.961 33
176.967 33
176.996 33
177.004 33
177.011 33
177.02 33
177.026 33
177.032 33
177.04 33
177.048 33
177.055 33
177.062 33
177.069 33
177.076 33
177.083 33
177.089 33
177.095 33
177.102 33
177.108 33
177.114 33
177.121 33
177.127 34
177.134 34
177.141 34
177.147 34
177.154 34
177.161 34
177.168 34
177.175 34
177.181 34
177.187 34
177.194 34
177.2 34
177.206 34
177.213 34
177.235 34
177.244 34
177.251 34
177.26 34
177.266 34
177.274 34
177.282 34
177.292 34
177.299 34
177.307 34
177.315 34
177.322 34
177.33 34
177.337 34
177.344 34
177.351 34
177.357 34
177.363 34
177.37 34
177.376 34
177.383 34
177.389 35
177.396 35
177.402 35
177.409 35
177.415 35
177.422 35
177.428 35
177.435 35
177.442 35
177.449 35
177.456 35
177.464 35
177.471 35
177.493 35
177.503 35
177.51 35
177.52 35
177.527 35
177.535 35
177.543 35
177.551 35
177.558 35
177.565 35
177.573 35
177.581 35
177.588 35
177.595 35
177.602 35
177.609 35
177.615 35
177.622 35
177.629 35
177.637 35
177.644 35
177.651 35
177.658 35
177.665 36
177.672 36
177.679 36
177.686 36
177.693 36
177.7 36
177.707 36
177.714 36
177.721 36
177.728 36
177.735 36
177.742 36
177.764 36
177.773 36
177.78 36
177.788 36
177.794 36
177.803 36
177.811 36
177.819 36
177.826 36
177.834 36
177.843 36
177.85 36
177.858 36
177.864 36
177.872 36
177.88 36
177.886 36
177.894 36
177.902 36
177.91 36
177.918 36
177.925 36
177.933 36
177.94 36
177.947 36
177.953 37
177.96 37
177.966 37
177.973 37
177.979 37
177.986 37
177.992 37
177.999 37
178.006 37
178.012 37
178.02 37
178.044 37
178.053 37
178.061 37
178.07 37
178.076 37
178.084 37
178.092 37
178.101 37
178.108 37
178.116 37
178.124 37
178.132 37
178.14 37
178.147 37
178.154 37
178.162 37
178.17 37
178.178 37
178.186 37
178.193 37
178.202 37
178.209 37
178.217 37
178.225 37
178.233 37
178.239 37
178.246 37
178.253 38
178.26 38
178.267 38
178.275 38
178.282 38
178.289 38
178.296 38
178.303 38
178.31 38
178.317 38
178.338 38
178.347 38
178.354 38
178.363 38
178.369 38
178.377 38
178.385 38
178.393 38
178.401 38
178.409 38
178.417 38
178.426 38
178.434 38
178.441 38
178.449 38
178.456 38
178.464 38
178.473 38
178.481 38
178.489 38
178.499 38
178.506 38
178.516 38
178.524 38
178.533 38
178.541 38
178.549 38
178.555 38
178.563 38
178.57 39
178.576 39
178.583 39
178.589 39
178.595 39
178.602 39
178.608 39
178.614 39
178.621 39
178.642 39
178.651 39
178.658 39
178.668 39
178.674 39
178.682 39
178.69 39
178.698 39
178.706 39
178.714 39
178.723 39
178.732 39
178.741 39
178.748 39
178.757 39
178.765 39
178.773 39
178.782 39
178.792 39
178.799 39
178.809 39
178.818 39
178.828 39
178.837 39
178.847 39
178.855 39
178.863 39
178.871 39
178.879 39
178.886 39
178.892 39
178.899 40
178.905 40
178.911 40
178.918 40
178.924 40
178.931 40
178.938 40
178.944 40
178.959 40
178.969 40
178.977 40
178.986 40
178.993 40
179 40
179.009 40
179.017 40
179.025 40
179.034 40
179.043 40
179.052 40
179.062 40
179.068 40
179.076 40
179.085 40
179.094 40
179.104 40
179.114 40
179.123 40
179.133 40
179.142 40
179.154 40
179.163 40
179.174 40
179.183 40
179.192 40
179.2 40
179.208 40
179.215 40
179.222 40
179.229 40
179.235 40
179.242 41
179.248 41
179.254 41
179.261 41
179.267 41
179.274 41
179.28 41
179.29 41
179.3 41
179.307 41
179.317 41
179.324 41
179.331 41
179.34 41
179.349 41
179.357 41
179.366 41
179.376 41
179.385 41
179.395 41
179.402 41
179.41 41
179.418 41
179.429 41
179.439 41
179.45 41
179.459 41
179.471 41
179.48 41
179.493 41
179.503 41
179.515 41
179.524 41
179.533 41
179.542 41
179.55 41
179.557 41
179.564 41
179.57 41
179.577 41
179.583 41
179.589 41
179.596 42
179.602 42
179.608 42
179.615 42
179.622 42
179.629 42
179.635 42
179.643 42
179.652 42
179.662 42
179.669 42
179.677 42
179.686 42
179.695 42
179.703 42
179.712 42
179.721 42
179.73 42
179.742 42
179.748 42
179.757 42
179.766 42
179.777 42
179.788 42
179.801 42
179.81 42
179.821 42
179.83 42
179.843 42
179.852 42
179.864 42
179.874 42
179.884 42
179.893 42
179.902 42
179.91 42
179.918 42
179.925 42
179.932 42
179.939 42
179.945 42
179.952 42
179.959 42
179.965 43
179.971 43
179.978 43
179.984 43
179.991 43
179.997 43
180.003 43
180.01 43
180.019 43
180.025 43
180.033 43
180.043 43
180.052 43
180.06 43
180.07 43
180.079 43
180.088 43
180.099 43
180.106 43
180.114 43
180.123 43
180.134 43
180.145 43
180.157 43
180.166 43
180.178 43
180.187 43
180.2 43
180.209 43
180.222 43
180.26 20
180.548 20
180.659 20
180.666 20
180.672 20
180.678 20
180.685 20
180.691 20
180.698 20
180.704 20
180.71 20
180.717 21
180.723 21
180.729 21
180.735 21
180.742 21
180.752 21
180.761 21
180.77 21
180.785 21
180.792 21
180.799 21
180.908 21
180.916 21
180.923 21
180.93 21
180.937 21
180.944 21
180.951 21
180.957 21
180.964 21
180.971 21
180.977 21
180.984 22
180.99 22
180.997 22
181.004 22
181.01 22
181.016 22
181.025 22
181.039 22
181.046 22
181.053 22
181.167 22
181.175 22
181.181 22
181.188 22
181.196 22
181.203 22
181.21 22
181.216 22
181.223 22
181.23 22
181.236 22
181.244 22
181.251 23
181.258 23
181.265 23
181.272 23
181.279 23
181.286 23
181.292 23
181.303 23
181.311 23
181.318 23
181.436 23
181.444 23
181.451 23
181.459 23
181.467 23
181.475 23
181.482 23
181.489 23
181.496 23
181.503 23
181.51 23
181.517 23
181.524 23
181.531 23
181.538 24
181.544 24
181.55 24
181.557 24
181.563 24
181.57 24
181.579 24
181.588 24
181.596 24
181.716 24
181.726 24
181.733 24
181.741 24
181.75 24
181.759 24
181.766 24
181.773 24
181.781 24
181.788 24
181.795 24
181.803 24
181.811 24
181.818 24
181.825 24
181.831 24
181.838 25
181.845 25
181.852 25
181.859 25
181.866 25
181.872 25
181.879 25
181.887 25
182.01 25
182.022 25
182.03 25
182.039 25
182.049 25
182.058 25
182.066 25
182.073 25
182.081 25
182.089 25
182.097 25
182.105 25
182.113 25
182.119 25
182.126 25
182.132 25
182.138 25
182.145 26
182.151 26
182.157 26
182.163 26
182.17 26
182.176 26
182.183 26
182.189 26
182.321 26
182.333 26
182.342 26
182.351 26
182.362 26
182.371 26
182.378 26
182.386 26
182.392 26
182.4 26
182.407 26
182.414 26
182.421 26
182.428 26
182.434 26
182.441 26
182.448 26
182.454 26
182.461 26
182.468 27
182.475 27
182.482 27
182.49 27
182.496 27
182.503 27
182.51 27
182.644 27
182.656 27
182.664 27
182.673 27
182.683 27
182.692 27
182.699 27
182.707 27
182.713 27
182.721 27
182.729 27
182.737 27
182.744 27
182.751 27
182.758 27
182.765 27
182.771 27
182.779 27
182.785 27
182.793 27
182.8 27
182.807 28
182.813 28
182.821 28
182.828 28
182.834 28
182.841 28
182.977 28
182.99 28
182.999 28
183.008 28
183.018 28
183.027 28
183.034 28
183.042 28
183.049 28
183.056 28
183.064 28
183.073 28
183.08 28
183.088 28
183.094 28
183.102 28
183.109 28
183.116 28
183.124 28
183.132 28
183.138 28
183.145 28
183.152 29
183.159 29
183.165 29
183.172 29
183.178 29
183.185 29
183.324 29
183.336 29
183.346 29
183.355 29
183.367 29
183.376 29
183.384 29
183.392 29
183.399 29
183.406 29
183.414 29
183.423 29
183.43 29
183.438 29
183.445 29
183.452 29
183.46 29
183.469 29
183.476 29
183.485 29
183.491 29
183.499 29
183.506 29
183.513 29
183.52 30
183.527 30
183.534 30
183.541 30
183.547 30
183.682 30
183.695 30
183.706 30
183.714 30
183.725 30
183.734 30
183.764 14
184.034 14
184.125 14
184.131 14
184.137 14
184.144 14
184.15 14
184.224 14
184.232 14
184.239 14
184.245 14
184.252 14
184.259 14
184.269 14
184.276 14
184.283 15
184.373 15
184.379 15
184.385 15
184.392 15
184.398 15
184.475 15
184.483 15
184.491 15
184.498 15
184.505 15
184.513 15
184.523 15
184.531 15
184.539 15
184.546 15
184.628 16
184.634 16
184.64 16
184.647 16
184.654 16
184.737 16
184.746 16
184.754 16
184.761 16
184.769 16
184.778 16
184.788 16
184.796 16
184.804 16
184.811 16
184.899 16
184.905 17
184.911 17
184.918 17
184.924 17
184.93 17
185.009 17
185.02 17
185.029 17
185.038 17
185.046 17
185.057 17
185.067 17
185.076 17
185.086 17
185.092 17
185.179 17
185.185 17
185.192 17
185.199 18
185.206 18
185.212 18
185.219 18
185.298 18
185.309 18
185.319 18
185.328 18
185.337 18
185.347 18
185.358 18
185.367 18
185.379 18
185.386 18
185.474 18
185.481 18
185.487 18
185.495 18
185.502 19
185.508 19
185.515 19
185.522 19
185.598 19
185.61 19
185.621 19
185.631 19
185.64 19
185.652 19
185.665 19
185.675 19
185.687 19
185.694 19
185.781 19
185.788 19
185.796 19
185.804 19
185.812 19
185.819 19
185.827 20
185.834 20
185.841 20
185.912 20
185.923 20
185.935 20
185.944 20
185.954 20
185.966 20
185.98 20
185.991 20
186.004 20
186.012 20
186.105 20
186.113 20
186.12 20
186.129 20
186.138 20
186.146 20
186.154 20
186.161 21
186.167 21
186.173 21
186.235 21
186.247 21
186.258 21
186.269 21
186.279 21
186.292 21
186.307 21
186.32 21
186.334 21
186.343 21
186.442 21
186.45 21
186.458 21
186.467 21
186.476 21
186.483 21
186.492 21
186.499 21
186.505 21
186.512 22
186.519 22
186.575 22
186.587 22
186.599 22
186.611 22
186.621 22
186.636 22
186.652 22
186.666 22
186.682 22
186.691 22
186.792 22
186.802 22
186.809 22
186.819 22
186.828 22
186.835 22
186.844 22
186.851 22
186.858 22
186.864 22
186.87 22
186.877 23
186.928 23
186.94 23
186.953 23
186.965 23
186.975 23
186.99 23
187.007 23
187.021 23
187.036 23
187.047 23
187.151 23
187.16 23
187.167 23
187.178 23
187.187 23
187.194 23
187.203 23
187.209 23
187.217 23
187.223 23
187.229 23
187.236 23
187.242 24
187.286 24
187.298 24
187.31 24
187.321 24
187.33 24
187.344 24
187.36 24
187.373 24
187.386 24
187.395 24
187.463 24
187.469 24
187.475 24
187.482 24
187.488 24
187.494 24
187.501 24
187.507 24
187.513 24
187.52 24
187.526 24
187.532 24
187.538 24
187.545 24
187.556 25
187.564 25
187.574 25
187.582 25
187.589 25
187.601 25
187.613 25
187.624 25
187.636 25
187.644 25
187.705 25
187.711 25
187.718 25
187.724 25
187.73 25
187.737 25
187.743 25
187.749 25
187.756 25
187.762 25
187.768 25
187.775 25
187.781 25
187.787 25
187.796 25
187.802 25
187.809 26
187.816 26
187.824 26
187.831 26
187.844 26
187.857 26
187.868 26
187.879 26
187.887 26
187.948 26
187.954 26
187.961 26
187.968 26
187.974 26
187.982 26
187.989 26
187.996 26
188.003 26
188.01 26
188.017 26
188.024 26
188.031 26
188.038 26
188.046 26
188.053 26
188.06 26
188.068 26
188.075 27
188.082 27
188.089 27
188.099 27
188.112 27
188.122 27
188.133 27
188.141 27
188.204 27
188.211 27
188.218 27
188.225 27
188.233 27
188.241 27
188.249 27
188.255 27
188.262 27
188.268 27
188.276 27
188.284 27
188.292 27
188.3 27
188.308 27
188.316 27
188.324 27
188.332 27
188.341 27
188.348 28
188.355 28
188.362 28
188.369 28
188.381 28
188.392 28
188.403 28
188.41 28
188.471 28
188.478 28
188.485 28
188.493 28
188.501 28
188.51 28
188.519 28
188.525 28
188.533 28
188.541 28
188.549 28
188.559 28
188.567 28
188.577 28
188.585 28
188.593 28
188.602 28
188.611 28
188.62 28
188.628 28
188.635 28
188.641 29
188.648 29
188.655 29
188.663 29
188.674 29
188.685 29
188.692 29
188.751 29
188.759 29
188.767 29
188.775 29
188.785 29
188.794 29
188.805 29
188.812 29
188.82 29
188.828 29
188.837 29
188.847 29
188.856 29
188.865 29
188.874 29
188.883 29
188.892 29
188.901 29
188.91 29
188.919 29
188.927 29
188.934 29
188.94 29
188.947 30
188.955 30
188.962 30
188.969 30
188.981 30
188.988 30
189.046 30
189.055 30
189.063 30
189.071 30
189.081 30
189.092 30
189.102 30
189.11 30
189.118 30
189.125 30
189.135 30
189.146 30
189.155 30
189.165 30
189.174 30
189.184 30
189.195 30
189.205 30
189.216 30
189.225 30
189.234 30
189.241 30
189.248 30
189.255 30
189.262 30
189.268 31
189.275 31
189.281 31
189.29 31
189.297 31
189.354 31
189.362 31
189.371 31
189.378 31
189.39 31
189.402 31
189.412 31
189.421 31
189.428 31
189.436 31
189.447 31
189.458 31
189.467 31
189.479 31
189.49 31
189.499 31
189.51 31
189.52 31
189.531 31
189.54 31
189.55 31
189.557 31
189.565 31
189.573 31
189.58 31
189.587 31
189.594 32
189.6 32
189.606 32
189.613 32
189.62 32
189.678 32
189.686 32
189.695 32
189.703 32
189.715 32
189.727 32
189.737 32
189.746 32
189.753 32
189.761 32
189.771 32
189.783 32
189.794 32
189.806 32
189.817 32
189.827 32
189.839 32
189.85 32
189.861 32
189.87 32
189.881 32
189.889 32
189.896 32
189.905 32
189.913 32
189.919 32
189.927 32
189.933 32
189.941 33
189.947 33
189.953 33
189.961 33
190.012 33
190.02 33
190.028 33
190.036 33
190.048 33
190.061 33
190.073 33
190.082 33
190.09 33
190.099 33
190.109 33
190.121 33
190.132 33
190.145 33
190.157 33
190.167 33
190.179 33
190.191 33
190.203 33
190.213 33
190.224 33
190.232 33
190.239 33
190.248 33
190.256 33
190.263 33
190.27 33
190.277 33
190.284 33
190.29 33
190.296 34
190.303 34
190.309 34
190.357 34
190.366 34
190.376 34
190.384 34
190.397 34
190.411 34
190.422 34
190.432 34
190.44 34
190.45 34
190.459 34
190.47 34
190.482 34
190.494 34
190.507 34
190.518 34
190.531 34
190.543 34
190.555 34
190.566 34
190.577 34
190.586 34
190.593 34
190.602 34
190.611 34
190.618 34
190.626 34
190.634 34
190.64 34
190.647 34
190.653 34
190.66 34
190.666 35
190.672 35
190.715 35
190.723 35
190.732 35
190.741 35
190.754 35
190.768 35
190.78 35
190.79 35
190.797 35
190.806 35
190.816 35
190.827 35
190.875 16
191.255 16
191.268 16
191.275 16
191.281 16
191.287 16
191.294 16
191.3 16
191.306 16
191.312 17
191.319 17
191.325 17
191.331 17
191.338 17
191.347 17
191.356 17
191.364 17
191.481 17
191.493 17
191.5 17
191.506 17
191.512 17
191.519 17
191.526 17
191.533 17
191.54 17
191.547 18
191.554 18
191.56 18
191.566 18
191.573 18
191.579 18
191.585 18
191.593 18
191.715 18
191.728 18
191.735 18
191.742 18
191.749 18
191.756 18
191.763 18
191.771 18
191.778 18
191.785 18
191.792 18
191.798 19
191.805 19
191.811 19
191.818 19
191.824 19
191.831 19
191.838 19
191.962 19
191.976 19
191.984 19
191.99 19
191.998 19
192.005 19
192.013 19
192.021 19
192.029 19
192.036 19
192.043 19
192.05 19
192.057 19
192.063 20
192.07 20
192.077 20
192.083 20
192.09 20
192.097 20
192.221 20
192.236 20
192.244 20
192.251 20
192.259 20
192.268 20
192.275 20
192.284 20
192.293 20
192.301 20
192.308 20
192.315 20
192.322 20
192.329 20
192.335 21
192.342 21
192.349 21
192.356 21
192.363 21
192.37 21
192.492 21
192.509 21
192.517 21
192.525 21
192.534 21
192.543 21
192.551 21
192.56 21
192.57 21
192.579 21
192.587 21
192.595 21
192.603 21
192.611 21
192.617 21
192.624 21
192.631 22
192.637 22
192.644 22
192.65 22
192.657 22
192.781 22
192.799 22
192.807 22
192.816 22
192.825 22
192.834 22
192.844 22
192.854 22
192.865 22
192.874 22
192.882 22
192.889 22
192.897 22
192.905 22
192.911 22
192.918 22
192.926 22
192.932 22
192.939 23
192.946 23
192.952 23
192.959 23
193.08 23
193.101 23
193.109 23
193.118 23
193.128 23
193.138 23
193.148 23
193.159 23
193.17 23
193.18 23
193.187 23
193.195 23
193.203 23
193.211 23
193.219 23
193.226 23
193.233 23
193.24 23
193.246 23
193.253 24
193.259 24
193.266 24
193.272 24
193.393 24
193.415 24
193.423 24
193.434 24
193.444 24
193.455 24
193.465 24
193.476 24
193.488 24
193.497 24
193.505 24
193.513 24
193.521 24
193.529 24
193.537 24
193.544 24
193.551 24
193.558 24
193.565 24
193.571 24
193.578 24
193.585 25
193.592 25
193.598 25
193.719 25
193.741 25
193.75 25
193.759 25
193.77 25
193.781 25
193.792 25
193.804 25
193.816 25
193.827 25
193.836 25
193.843 25
193.851 25
193.86 25
193.868 25
193.874 25
193.882 25
193.888 25
193.896 25
193.902 25
193.91 25
193.917 25
193.924 25
193.931 26
193.938 26
194.057 26
194.078 26
194.086 26
194.096 26
194.108 26
194.119 26
194.131 26
194.143 26
194.157 26
194.169 26
194.178 26
194.186 26
194.195 26
194.204 26
194.212 26
194.218 26
194.227 26
194.234 26
194.242 26
194.249 26
194.257 26
194.265 26
194.272 26
194.279 26
194.286 27
194.293 27
194.407 27
194.428 27
194.437 27
194.446 27
194.459 27
194.47 27
194.483 27
194.495 27
194.51 27
194.524 27
194.533 27
194.542 27
194.552 27
194.561 27
194.568 27
194.575 27
194.584 27
194.591 27
194.598 27
194.605 27
194.613 27
194.621 27
194.629 27
194.637 27
194.644 27
194.65 27
194.657 28
194.764 28
194.785 28
194.794 28
194.804 28
194.815 28
194.824 28
194.836 28
194.848 28
194.861 28
194.872 28
194.88 28
194.887 28
194.894 28
194.9 28
194.907 28
194.913 28
194.919 28
194.926 28
194.932 28
194.938 28
194.945 28
194.951 28
194.957 28
194.964 28
194.97 28
194.976 28
194.982 28
194.989 28
195.035 29
195.05 29
195.056 29
195.064 29
195.073 29
195.081 29
195.091 29
195.102 29
195.113 29
195.123 29
195.131 29
195.138 29
195.144 29
195.15 29
195.157 29
195.163 29
195.17 29
195.177 29
195.184 29
195.19 29
195.197 29
195.203 29
195.21 29
195.216 29
195.223 29
195.229 29
195.235 29
195.242 29
195.287 29
195.293 29
195.3 30
195.307 30
195.313 30
195.323 30
195.331 30
195.342 30
195.353 30
195.364 30
195.374 30
195.383 30
195.391 30
195.398 30
195.405 30
195.412 30
195.419 30
195.427 30
195.434 30
195.442 30
195.449 30
195.456 30
195.463 30
195.469 30
195.475 30
195.482 30
195.488 30
195.495 30
195.502 30
195.548 30
195.555 30
195.562 30
195.569 31
195.575 31
195.581 31
195.588 31
195.594 31
195.605 31
195.616 31
195.627 31
195.639 31
195.648 31
195.657 31
195.665 31
195.674 31
195.682 31
195.691 31
195.699 31
195.707 31
195.716 31
195.723 31
195.729 31
195.737 31
195.743 31
195.749 31
195.756 31
195.762 31
195.77 31
195.776 31
195.824 31
195.831 31
195.839 31
195.845 31
195.852 31
195.859 32
195.866 32
195.873 32
195.879 32
195.886 32
195.895 32
195.907 32
195.918 32
195.928 32
195.939 32
195.947 32
195.956 32
195.963 32
195.973 32
195.981 32
195.989 32
195.998 32
196.005 32
196.012 32
196.019 32
196.026 32
196.033 32
196.039 32
196.045 32
196.053 32
196.06 32
196.113 32
196.121 32
196.129 32
196.137 32
196.144 32
196.152 32
196.159 32
196.165 33
196.171 33
196.178 33
196.184 33
196.191 33
196.199 33
196.209 33
196.219 33
196.23 33
196.239 33
196.247 33
196.255 33
196.265 33
196.273 33
196.282 33
196.291 33
196.3 33
196.307 33
196.315 33
196.322 33
196.33 33
196.337 33
196.344 33
196.352 33
196.361 33
196.415 33
196.423 33
196.432 33
196.44 33
196.447 33
196.455 33
196.462 33
196.469 33
196.475 33
196.482 34
196.488 34
196.495 34
196.501 34
196.508 34
196.515 34
196.525 34
196.535 34
196.545 34
196.554 34
196.562 34
196.572 34
196.581 34
196.59 34
196.6 34
196.607 34
196.614 34
196.623 34
196.631 34
196.639 34
196.647 34
196.655 34
196.664 34
196.673 34
196.729 34
196.737 34
196.747 34
196.755 34
196.762 34
196.771 34
196.777 34
196.784 34
196.792 34
196.799 34
196.806 34
196.812 35
196.82 35
196.827 35
196.833 35
196.84 35
196.847 35
196.856 35
196.865 35
196.874 35
196.881 35
196.892 35
196.901 35
196.909 35
196.92 35
196.927 35
196.934 35
196.944 35
196.953 35
196.962 35
196.97 35
196.98 35
196.989 35
196.998 35
197.056 35
197.065 35
197.074 35
197.082 35
197.09 35
197.099 35
197.106 35
197.113 35
197.121 35
197.129 35
197.136 35
197.144 35
197.151 35
197.157 36
197.164 36
197.17 36
197.176 36
197.183 36
197.189 36
197.196 36
197.206 36
197.213 36
197.225 36
197.234 36
197.242 36
197.253 36
197.261 36
197.269 36
197.279 36
197.289 36
197.298 36
197.307 36
197.317 36
197.328 36
197.337 36
197.396 36
197.405 36
197.414 36
197.422 36
197.43 36
197.438 36
197.445 36
197.453 36
197.461 36
197.47 36
197.478 36
197.486 36
197.493 36
197.5 36
197.507 36
197.514 37
197.521 37
197.527 37
197.534 37
197.54 37
197.547 37
197.554 37
197.56 37
197.572 37
197.581 37
197.59 37
197.6 37
197.609 37
197.618 37
197.629 37
197.639 37
197.65 37
197.659 37
197.669 37
197.681 37
197.689 37
197.747 37
197.757 37
197.766 37
197.775 37
197.783 37
197.792 37
197.799 37
197.807 37
197.816 37
197.825 37
197.834 37
197.841 37
197.849 37
197.856 37
197.864 37
197.871 37
197.877 37
197.883 38
197.89 38
197.896 38
197.903 38
197.909 38
197.916 38
197.948 18
198.283 18
198.405 18
198.411 18
198.417 18
198.424 18
198.43 18
198.437 18
198.443 18
198.45 18
198.456 18
198.462 18
198.469 18
198.475 18
198.481 18
198.487 18
198.494 18
198.5 18
198.506 18
198.513 19
198.632 19
198.638 19
198.645 19
198.652 19
198.659 19
198.667 19
198.674 19
198.681 19
198.688 19
198.695 19
198.702 19
198.709 19
198.716 19
198.724 19
198.731 19
198.738 19
198.745 19
198.752 19
198.759 19
198.871 20
198.878 20
198.885 20
198.893 20
198.901 20
198.909 20
198.916 20
198.923 20
198.93 20
198.937 20
198.945 20
198.953 20
198.961 20
198.97 20
198.978 20
198.985 20
198.992 20
198.999 20
199.006 20
199.125 20
199.132 21
199.138 21
199.144 21
199.151 21
199.157 21
199.163 21
199.17 21
199.177 21
199.185 21
199.193 21
199.2 21
199.208 21
199.216 21
199.225 21
199.233 21
199.241 21
199.249 21
199.257 21
199.264 21
199.392 21
199.399 21
199.405 21
199.412 22
199.418 22
199.425 22
199.431 22
199.437 22
199.444 22
199.45 22
199.456 22
199.462 22
199.469 22
199.475 22
199.483 22
199.494 22
199.501 22
199.511 22
199.519 22
199.529 22
199.538 22
199.673 22
199.679 22
199.686 22
199.692 22
199.698 22
199.705 23
199.711 23
199.718 23
199.724 23
199.731 23
199.737 23
199.743 23
199.749 23
199.756 23
199.762 23
199.769 23
199.776 23
199.784 23
199.795 23
199.805 23
199.815 23
199.825 23
199.967 23
199.974 23
199.981 23
199.988 23
199.994 23
