175.005 89
175.012 89
175.018 89
175.024 89
175.031 89
175.037 89
175.043 89
175.05 89
175.056 89
175.062 89
175.068 89
175.075 89
175.081 89
175.087 89
175.094 89
175.1 89
175.106 89
175.113 89
175.119 89
175.125 89
175.132 89
175.138 89
175.144 89
175.15 89
175.157 89
175.163 89
175.169 89
175.176 89
175.182 89
175.188 89
175.195 89
175.201 89
175.207 89
175.213 89
175.22 89
175.226 89
175.232 89
175.239 89
175.245 89
175.251 89
175.258 89
175.264 89
175.27 89
175.277 89
175.283 89
175.289 89
175.295 89
175.302 89
175.308 89
175.314 89
175.321 89
175.327 89
175.333 89
175.34 89
175.346 89
175.352 89
175.358 89
175.365 89
175.371 89
175.377 89
175.384 89
175.39 89
175.396 89
175.403 89
175.409 89
175.415 89
175.422 89
175.428 89
175.434 89
175.44 89
175.447 89
175.453 90
175.459 90
175.466 90
175.472 90
175.478 90
175.485 90
175.491 90
175.497 90
175.503 90
175.51 90
175.516 90
175.522 90
175.529 90
175.535 90
175.541 90
175.548 90
175.554 90
175.56 90
175.567 90
175.573 90
175.579 90
175.585 90
175.592 90
175.598 90
175.604 90
175.611 90
175.617 90
175.623 90
175.63 90
175.636 90
175.642 90
175.648 90
175.655 90
175.661 90
175.667 90
175.674 90
175.68 90
175.686 90
175.693 90
175.699 90
175.705 90
175.711 90
175.718 90
175.724 90
175.73 90
175.737 90
175.743 90
175.749 90
175.756 90
175.762 90
175.768 90
175.775 90
175.781 90
175.787 90
175.793 90
175.8 90
175.806 90
175.812 90
175.819 90
175.825 90
175.831 90
175.838 90
175.844 90
175.85 90
175.856 90
175.863 90
175.869 90
175.875 90
175.882 90
175.888 90
175.894 90
175.901 90
175.907 90
175.913 90
175.92 90
175.926 90
175.932 90
175.938 90
175.945 90
175.951 90
175.976 44
176.591 44
176.598 44
176.604 44
176.61 44
176.617 44
176.623 44
176.629 44
176.635 44
176.642 44
176.648 44
176.654 44
176.661 44
176.667 44
176.673 44
176.68 44
176.686 44
176.692 44
176.698 44
176.705 44
176.711 44
176.717 44
176.724 44
176.73 44
176.736 44
176.743 44
176.749 44
176.755 44
176.762 44
176.768 44
176.774 44
176.78 44
176.787 44
176.793 44
176.799 44
176.806 44
176.812 44
176.818 44
176.825 44
176.831 44
176.837 44
176.843 44
176.85 44
176.856 44
176.882 44
176.888 44
176.895 45
176.901 45
176.907 45
176.913 45
176.92 45
176.926 45
176.932 45
176.939 45
176.945 45
176.951 45
176.958 45
176.964 45
176.97 45
176.976 45
176.983 45
176.989 45
176.995 45
177.002 45
177.008 45
177.014 45
177.021 45
177.027 45
177.033 45
177.04 45
177.046 45
177.052 45
177.058 45
177.065 45
177.071 45
177.077 45
177.084 45
177.09 45
177.096 45
177.103 45
177.109 45
177.115 45
177.121 45
177.128 45
177.134 45
177.14 45
177.147 45
177.153 45
177.173 45
177.179 45
177.185 45
177.192 45
177.198 46
177.204 46
177.21 46
177.217 46
177.223 46
177.229 46
177.236 46
177.242 46
177.248 46
177.255 46
177.261 46
177.267 46
177.274 46
177.28 46
177.286 46
177.292 46
177.299 46
177.305 46
177.311 46
177.318 46
177.324 46
177.33 46
177.337 46
177.343 46
177.349 46
177.355 46
177.362 46
177.368 46
177.374 46
177.381 46
177.387 46
177.393 46
177.4 46
177.406 46
177.412 46
177.419 46
177.425 46
177.431 46
177.437 46
177.444 46
177.45 46
177.461 46
177.468 46
177.474 46
177.48 46
177.486 46
177.493 46
177.499 47
177.505 47
177.512 47
177.518 47
177.524 47
177.531 47
177.537 47
177.543 47
177.549 47
177.556 47
177.562 47
177.568 47
177.575 47
177.581 47
177.588 47
177.595 47
177.601 47
177.608 47
177.614 47
177.621 47
177.627 47
177.634 47
177.64 47
177.647 47
177.653 47
177.66 47
177.666 47
177.673 47
177.679 47
177.685 47
177.692 47
177.698 47
177.705 47
177.711 47
177.717 47
177.723 47
177.73 47
177.736 47
177.742 47
177.749 47
177.755 47
177.762 47
177.768 47
177.775 47
177.781 47
177.788 47
177.794 47
177.801 47
177.807 48
177.814 48
177.82 48
177.827 48
177.833 48
177.839 48
177.846 48
177.852 48
177.859 48
177.865 48
177.871 48
177.878 48
177.884 48
177.891 48
177.897 48
177.903 48
177.909 48
177.916 48
177.922 48
177.928 48
177.935 48
177.941 48
177.947 48
177.954 48
177.96 48
177.966 48
177.972 48
177.979 48
177.985 48
177.991 48
177.998 48
178.004 48
178.01 48
178.017 48
178.023 48
178.029 48
178.036 48
178.042 48
178.048 48
178.054 48
178.061 48
178.067 48
178.073 48
178.08 48
178.086 48
178.092 48
178.099 48
178.105 48
178.112 48
178.118 48
178.125 49
178.131 49
178.138 49
178.144 49
178.15 49
178.157 49
178.163 49
178.169 49
178.175 49
178.182 49
178.188 49
178.194 49
178.201 49
178.207 49
178.213 49
178.22 49
178.226 49
178.232 49
178.239 49
178.245 49
178.251 49
178.257 49
178.264 49
178.27 49
178.277 49
178.283 49
178.29 49
178.296 49
178.302 49
178.308 49
178.315 49
178.321 49
178.328 49
178.334 49
178.341 49
178.347 49
178.353 49
178.36 49
178.366 49
178.372 49
178.379 49
178.385 49
178.391 49
178.398 49
178.404 49
178.41 49
178.417 49
178.423 49
178.429 49
178.436 49
178.442 50
178.448 50
178.455 50
178.461 50
178.467 50
178.474 50
178.48 50
178.486 50
178.493 50
178.499 50
178.505 50
178.512 50
178.518 50
178.524 50
178.531 50
178.537 50
178.544 50
178.551 50
178.557 50
178.564 50
178.57 50
178.577 50
178.583 50
178.59 50
178.596 50
178.603 50
178.609 50
178.616 50
178.622 50
178.629 50
178.635 50
178.642 50
178.648 50
178.654 50
178.661 50
178.667 50
178.674 50
178.68 50
178.686 50
178.693 50
178.699 50
178.705 50
178.712 50
178.718 50
178.724 50
178.73 50
178.737 50
178.743 50
178.749 50
178.756 50
178.762 50
178.768 51
178.775 51
178.781 51
178.787 51
178.794 51
178.8 51
178.806 51
178.813 51
178.819 51
178.825 51
178.832 51
178.838 51
178.845 51
178.851 51
178.857 51
178.864 51
178.87 51
178.876 51
178.883 51
178.889 51
178.895 51
178.902 51
178.908 51
178.915 51
178.921 51
178.927 51
178.934 51
178.94 51
178.947 51
178.953 51
178.959 51
178.966 51
178.973 51
178.979 51
178.985 51
178.992 51
178.998 51
179.004 51
179.011 51
179.017 51
179.024 51
179.03 51
179.036 51
179.042 51
179.049 51
179.055 51
179.061 51
179.068 51
179.074 51
179.08 51
179.087 51
179.093 51
179.099 51
179.105 52
179.112 52
179.118 52
179.124 52
179.131 52
179.137 52
179.144 52
179.15 52
179.157 52
179.163 52
179.169 52
179.176 52
179.182 52
179.189 52
179.195 52
179.201 52
179.208 52
179.214 52
179.22 52
179.227 52
179.233 52
179.239 52
179.246 52
179.252 52
179.258 52
179.265 52
179.271 52
179.277 52
179.284 52
179.29 52
179.296 52
179.303 52
179.309 52
179.316 52
179.322 52
179.328 52
179.334 52
179.341 52
179.347 52
179.353 52
179.36 52
179.366 52
179.372 52
179.379 52
179.385 52
179.392 52
179.398 52
179.405 52
179.411 52
179.417 52
179.424 52
179.43 52
179.437 52
179.443 53
179.45 53
179.456 53
179.462 53
179.469 53
179.475 53
179.482 53
179.488 53
179.495 53
179.501 53
179.507 53
179.514 53
179.52 53
179.526 53
179.533 53
179.539 53
179.545 53
179.552 53
179.558 53
179.565 53
179.571 53
179.578 53
179.584 53
179.59 53
179.597 53
179.603 53
179.609 53
179.615 53
179.622 53
179.628 53
179.634 53
179.641 53
179.647 53
179.653 53
179.66 53
179.666 53
179.672 53
179.678 53
179.685 53
179.691 53
179.697 53
179.704 53
179.71 53
179.716 53
179.723 53
179.729 53
179.735 53
179.742 53
179.748 53
179.755 53
179.761 53
179.767 53
179.774 53
179.78 53
179.786 53
179.793 54
179.799 54
179.805 54
179.812 54
179.818 54
179.825 54
179.831 54
179.838 54
179.844 54
179.851 54
179.857 54
179.864 54
179.87 54
179.877 54
179.884 54
179.89 54
179.897 54
179.903 54
179.909 54
179.916 54
179.922 54
179.928 54
179.934 54
179.941 54
179.947 54
179.953 54
179.96 54
179.966 54
179.972 54
179.979 54
179.985 54
179.991 54
179.997 54
180.004 54
180.01 54
180.016 54
180.023 54
180.029 54
180.035 54
180.042 54
180.048 54
180.054 54
180.061 54
180.067 54
180.073 54
180.08 54
180.086 54
180.093 54
180.099 54
180.105 54
180.112 54
180.118 54
180.124 54
180.13 54
180.137 54
180.143 55
180.149 55
180.156 55
180.162 55
180.168 55
180.175 55
180.181 55
180.187 55
180.194 55
180.2 55
180.207 55
180.213 55
180.219 55
180.226 55
180.232 55
180.239 55
180.245 55
180.252 55
180.258 55
180.265 55
180.271 55
180.277 55
180.284 55
180.29 55
180.297 55
180.303 55
180.31 55
180.316 55
180.323 55
180.329 55
180.335 55
180.341 55
180.348 55
180.354 55
180.361 55
180.367 55
180.373 55
180.38 55
180.386 55
180.392 55
180.399 55
180.405 55
180.411 55
180.418 55
180.424 55
180.43 55
180.437 55
180.443 55
180.449 55
180.456 55
180.462 55
180.468 55
180.474 55
180.481 55
180.487 55
180.493 55
180.5 55
180.506 56
180.512 56
180.519 56
180.525 56
180.531 56
180.537 56
180.544 56
180.55 56
180.556 56
180.563 56
180.569 56
180.575 56
180.582 56
180.588 56
180.594 56
180.601 56
180.607 56
180.613 56
180.62 56
180.626 56
180.632 56
180.639 56
180.645 56
180.651 56
180.658 56
180.664 56
180.671 56
180.677 56
180.683 56
180.69 56
180.696 56
180.703 56
180.709 56
180.716 56
180.722 56
180.729 56
180.735 56
180.742 56
180.748 56
180.754 56
180.761 56
180.767 56
180.774 56
180.78 56
180.786 56
180.793 56
180.799 56
180.805 56
180.812 56
180.819 56
180.825 56
180.832 56
180.838 56
180.845 56
180.851 56
180.857 56
180.864 56
180.87 57
180.877 57
180.883 57
180.889 57
180.896 57
180.902 57
180.908 57
180.915 57
180.921 57
180.927 57
180.934 57
180.94 57
180.946 57
180.953 57
180.959 57
180.965 57
180.971 57
180.978 57
180.984 57
180.99 57
180.997 57
181.003 57
181.009 57
181.016 57
181.022 57
181.028 57
181.035 57
181.041 57
181.047 57
181.053 57
181.06 57
181.066 57
181.072 57
181.079 57
181.085 57
181.091 57
181.098 57
181.104 57
181.11 57
181.116 57
181.123 57
181.129 57
181.135 57
181.142 57
181.148 57
181.154 57
181.161 57
181.167 57
181.173 57
181.18 57
181.186 57
181.192 57
181.198 57
181.205 57
181.211 57
181.217 57
181.224 57
181.23 57
181.236 57
181.243 58
181.249 58
181.255 58
181.261 58
181.268 58
181.274 58
181.28 58
181.287 58
181.293 58
181.299 58
181.306 58
181.312 58
181.318 58
181.324 58
181.331 58
181.337 58
181.343 58
181.35 58
181.356 58
181.362 58
181.369 58
181.375 58
181.381 58
181.388 58
181.394 58
181.4 58
181.406 58
181.413 58
181.419 58
181.425 58
181.432 58
181.438 58
181.444 58
181.451 58
181.457 58
181.463 58
181.469 58
181.476 58
181.482 58
181.488 58
181.495 58
181.501 58
181.507 58
181.514 58
181.52 58
181.526 58
181.533 58
181.539 58
181.545 58
181.551 58
181.558 58
181.564 58
181.57 58
181.577 58
181.583 58
181.589 58
181.596 58
181.602 58
181.608 58
181.614 58
181.621 59
181.627 59
181.633 59
181.64 59
181.646 59
181.652 59
181.659 59
181.665 59
181.671 59
181.678 59
181.684 59
181.69 59
181.696 59
181.703 59
181.709 59
181.715 59
181.722 59
181.728 59
181.734 59
181.741 59
181.747 59
181.753 59
181.759 59
181.766 59
181.772 59
181.778 59
181.785 59
181.791 59
181.797 59
181.804 59
181.81 59
181.816 59
181.823 59
181.829 59
181.835 59
181.841 59
181.848 59
181.854 59
181.86 59
181.867 59
181.873 59
181.879 59
181.886 59
181.892 59
181.898 59
181.904 59
181.911 59
181.917 59
181.923 59
181.93 59
181.936 59
181.942 59
181.949 59
181.955 59
181.961 59
181.968 59
181.974 59
181.98 59
181.986 59
181.993 59
181.999 60
182.005 60
182.012 60
182.018 60
182.024 60
182.031 60
182.037 60
182.043 60
182.049 60
182.056 60
182.062 60
182.068 60
182.075 60
182.081 60
182.087 60
182.094 60
182.1 60
182.106 60
182.112 60
182.119 60
182.125 60
182.131 60
182.138 60
182.144 60
182.15 60
182.157 60
182.163 60
182.169 60
182.176 60
182.182 60
182.188 60
182.194 60
182.201 60
182.207 60
182.213 60
182.22 60
182.226 60
182.232 60
182.239 60
182.245 60
182.251 60
182.257 60
182.264 60
182.27 60
182.276 60
182.283 60
182.289 60
182.295 60
182.302 60
182.308 60
182.314 60
182.321 60
182.327 60
182.333 60
182.339 60
182.346 60
182.352 60
182.358 60
182.365 60
182.371 60
182.377 60
182.384 60
182.39 61
182.396 61
182.402 61
182.409 61
182.415 61
182.421 61
182.428 61
182.434 61
182.44 61
182.447 61
182.453 61
182.459 61
182.466 61
182.472 61
182.478 61
182.484 61
182.491 61
182.497 61
182.503 61
182.51 61
182.516 61
182.522 61
182.529 61
182.535 61
182.541 61
182.547 61
182.554 61
182.56 61
182.566 61
182.573 61
182.579 61
182.585 61
182.592 61
182.598 61
182.604 61
182.611 61
182.617 61
182.623 61
182.629 61
182.636 61
182.642 61
182.648 61
182.655 61
182.661 61
182.667 61
182.674 61
182.68 61
182.686 61
182.692 61
182.699 61
182.705 61
182.711 61
182.718 61
182.724 61
182.73 61
182.737 61
182.743 61
182.749 61
182.756 61
182.762 61
182.768 61
182.774 61
182.781 61
182.787 62
182.793 62
182.8 62
182.806 62
182.812 62
182.819 62
182.825 62
182.831 62
182.837 62
182.844 62
182.85 62
182.856 62
182.863 62
182.869 62
182.875 62
182.882 62
182.888 62
182.894 62
182.9 62
182.907 62
182.913 62
182.919 62
182.926 62
182.932 62
182.938 62
182.945 62
182.951 62
182.957 62
182.964 62
182.97 62
182.976 62
182.982 62
182.989 62
182.995 62
183.001 62
183.008 62
183.014 62
183.02 62
183.027 62
183.033 62
183.039 62
183.045 62
183.052 62
183.058 62
183.064 62
183.071 62
183.077 62
183.083 62
183.09 62
183.096 62
183.102 62
183.109 62
183.115 62
183.121 62
183.127 62
183.134 62
183.14 62
183.146 62
183.153 62
183.159 62
183.165 62
183.172 62
183.178 62
183.184 62
183.19 63
183.197 63
183.203 63
183.209 63
183.216 63
183.222 63
183.228 63
183.235 63
183.241 63
183.247 63
183.254 63
183.26 63
183.266 63
183.272 63
183.279 63
183.285 63
183.291 63
183.298 63
183.304 63
183.31 63
183.317 63
183.323 63
183.329 63
183.335 63
183.342 63
183.348 63
183.354 63
183.361 63
183.367 63
183.373 63
183.38 63
183.386 63
183.392 63
183.399 63
183.405 63
183.411 63
183.417 63
183.424 63
183.43 63
183.436 63
183.443 63
183.449 63
183.455 63
183.462 63
183.468 63
183.474 63
183.48 63
183.487 63
183.493 63
183.499 63
183.506 63
183.512 63
183.518 63
183.525 63
183.531 63
183.537 63
183.544 63
183.55 63
183.556 63
183.562 63
183.569 63
183.575 63
183.581 63
183.588 63
183.594 63
183.6 64
183.607 64
183.613 64
183.619 64
183.625 64
183.632 64
183.638 64
183.644 64
183.651 64
183.657 64
183.663 64
183.67 64
183.676 64
183.682 64
183.688 64
183.695 64
183.701 64
183.707 64
183.714 64
183.72 64
183.726 64
183.733 64
183.739 64
183.745 64
183.752 64
183.758 64
183.764 64
183.77 64
183.777 64
183.783 64
183.789 64
183.796 64
183.802 64
183.808 64
183.815 64
183.821 64
183.827 64
183.833 64
183.84 64
183.846 64
183.852 64
183.859 64
183.865 64
183.871 64
183.878 64
183.884 64
183.89 64
183.897 64
183.903 64
183.909 64
183.915 64
183.922 64
183.928 64
183.934 64
183.941 64
183.947 64
183.953 64
183.96 64
183.966 64
183.972 64
183.978 64
183.985 64
183.991 64
183.997 64
184.004 64
184.01 65
184.016 65
184.023 65
184.029 65
184.035 65
184.042 65
184.048 65
184.054 65
184.06 65
184.067 65
184.073 65
184.079 65
184.086 65
184.092 65
184.098 65
184.105 65
184.111 65
184.117 65
184.123 65
184.13 65
184.136 65
184.142 65
184.149 65
184.155 65
184.161 65
184.168 65
184.174 65
184.18 65
184.187 65
184.193 65
184.199 65
184.205 65
184.212 65
184.218 65
184.224 65
184.231 65
184.237 65
184.243 65
184.25 65
184.256 65
184.262 65
184.268 65
184.275 65
184.281 65
184.287 65
184.294 65
184.3 65
184.306 65
184.313 65
184.319 65
184.325 65
184.332 65
184.338 65
184.344 65
184.35 65
184.357 65
184.363 65
184.369 65
184.376 65
184.382 65
184.388 65
184.395 65
184.401 65
184.407 65
184.413 65
184.42 65
184.426 65
184.432 65
184.439 66
184.445 66
184.451 66
184.458 66
184.464 66
184.47 66
184.476 66
184.483 66
184.489 66
184.495 66
184.502 66
184.508 66
184.514 66
184.521 66
184.527 66
184.533 66
184.54 66
184.546 66
184.552 66
184.558 66
184.565 66
184.571 66
184.577 66
184.584 66
184.59 66
184.596 66
184.603 66
184.609 66
184.615 66
184.621 66
184.628 66
184.634 66
184.64 66
184.647 66
184.653 66
184.66 66
184.667 66
184.673 66
184.68 66
184.686 66
184.692 66
184.699 66
184.705 66
184.711 66
184.718 66
184.724 66
184.73 66
184.737 66
184.743 66
184.749 66
184.756 66
184.762 66
184.768 66
184.775 66
184.781 66
184.787 66
184.794 66
184.8 66
184.806 66
184.812 66
184.819 66
184.825 66
184.831 66
184.838 66
184.844 66
184.85 66
184.857 66
184.863 66
184.869 67
184.875 67
184.882 67
184.888 67
184.894 67
184.901 67
184.907 67
184.913 67
184.92 67
184.926 67
184.933 67
184.939 67
184.945 67
184.952 67
184.958 67
184.965 67
184.972 67
184.978 67
184.985 67
184.991 67
184.997 67
185.004 67
185.01 67
185.016 67
185.023 67
185.029 67
185.035 67
185.042 67
185.048 67
185.054 67
185.061 67
185.067 67
185.073 67
185.08 67
185.086 67
185.093 67
185.1 67
185.106 67
185.112 67
185.118 67
185.125 67
185.131 67
185.137 67
185.144 67
185.15 67
185.156 67
185.163 67
185.169 67
185.175 67
185.182 67
185.188 67
185.194 67
185.201 67
185.207 67
185.213 67
185.219 67
185.226 67
185.232 67
185.238 67
185.245 67
185.251 67
185.257 67
185.264 67
185.27 67
185.276 67
185.282 67
185.289 67
185.295 67
185.302 68
185.308 68
185.315 68
185.321 68
185.327 68
185.334 68
185.34 68
185.347 68
185.353 68
185.359 68
185.365 68
185.372 68
185.378 68
185.384 68
185.391 68
185.397 68
185.403 68
185.41 68
185.416 68
185.422 68
185.428 68
185.435 68
185.441 68
185.448 68
185.454 68
185.461 68
185.467 68
185.474 68
185.48 68
185.487 68
185.493 68
185.5 68
185.506 68
185.513 68
185.519 68
185.525 68
185.531 68
185.538 68
185.544 68
185.55 68
185.557 68
185.563 68
185.569 68
185.576 68
185.582 68
185.588 68
185.595 68
185.601 68
185.607 68
185.613 68
185.62 68
185.626 68
185.633 68
185.639 68
185.645 68
185.652 68
185.658 68
185.664 68
185.671 68
185.677 68
185.683 68
185.69 68
185.696 68
185.702 68
185.708 68
185.715 68
185.721 68
185.727 68
185.734 68
185.74 68
185.746 68
185.753 69
185.759 69
185.765 69
185.772 69
185.778 69
185.785 69
185.791 69
185.798 69
185.804 69
185.81 69
185.817 69
185.823 69
185.83 69
185.836 69
185.843 69
185.849 69
185.855 69
185.862 69
185.868 69
185.874 69
185.881 69
185.887 69
185.893 69
185.9 69
185.906 69
185.912 69
185.918 69
185.925 69
185.931 69
185.937 69
185.944 69
185.95 69
185.957 69
185.964 69
185.97 69
185.977 69
185.983 69
185.989 69
185.996 69
186.002 69
186.008 69
186.014 69
186.021 69
186.027 69
186.034 69
186.04 69
186.046 69
186.052 69
186.059 69
186.065 69
186.071 69
186.078 69
186.084 69
186.09 69
186.097 69
186.103 69
186.109 69
186.116 69
186.122 69
186.129 69
186.135 69
186.141 69
186.148 69
186.154 69
186.16 69
186.167 69
186.173 69
186.179 69
186.186 69
186.192 69
186.198 69
186.205 70
186.211 70
186.217 70
186.224 70
186.23 70
186.236 70
186.242 70
186.249 70
186.255 70
186.261 70
186.268 70
186.274 70
186.28 70
186.287 70
186.293 70
186.299 70
186.305 70
186.312 70
186.318 70
186.325 70
186.331 70
186.338 70
186.345 70
186.351 70
186.358 70
186.364 70
186.37 70
186.377 70
186.383 70
186.39 70
186.396 70
186.402 70
186.409 70
186.415 70
186.421 70
186.428 70
186.434 70
186.44 70
186.447 70
186.453 70
186.459 70
186.465 70
186.472 70
186.478 70
186.484 70
186.491 70
186.497 70
186.503 70
186.51 70
186.516 70
186.522 70
186.529 70
186.535 70
186.541 70
186.548 70
186.554 70
186.56 70
186.567 70
186.573 70
186.58 70
186.586 70
186.592 70
186.599 70
186.605 70
186.611 70
186.618 70
186.624 70
186.63 70
186.637 70
186.643 70
186.649 70
186.656 70
186.662 71
186.668 71
186.675 71
186.681 71
186.687 71
186.694 71
186.7 71
186.706 71
186.712 71
186.719 71
186.725 71
186.732 71
186.738 71
186.745 71
186.751 71
186.758 71
186.764 71
186.771 71
186.777 71
186.784 71
186.79 71
186.796 71
186.803 71
186.809 71
186.816 71
186.822 71
186.828 71
186.835 71
186.841 71
186.847 71
186.853 71
186.86 71
186.866 71
186.872 71
186.879 71
186.885 71
186.891 71
186.898 71
186.904 71
186.91 71
186.916 71
186.923 71
186.929 71
186.936 71
186.942 71
186.948 71
186.955 71
186.961 71
186.967 71
186.974 71
186.98 71
186.987 71
186.993 71
187 71
187.006 71
187.012 71
187.019 71
187.025 71
187.031 71
187.038 71
187.044 71
187.05 71
187.057 71
187.063 71
187.07 71
187.076 71
187.082 71
187.089 71
187.095 71
187.101 71
187.107 71
187.114 71
187.12 71
187.126 72
187.133 72
187.139 72
187.145 72
187.152 72
187.158 72
187.164 72
187.17 72
187.177 72
187.183 72
187.189 72
187.196 72
187.202 72
187.208 72
187.215 72
187.221 72
187.227 72
187.234 72
187.24 72
187.246 72
187.253 72
187.259 72
187.265 72
187.29 35
187.739 35
187.842 35
187.848 35
187.854 35
187.861 35
187.867 35
187.873 35
187.879 35
187.886 35
187.892 35
187.898 35
187.905 35
187.911 35
187.917 35
187.924 35
187.93 35
187.936 35
187.942 35
187.949 35
187.955 35
187.961 35
187.968 35
187.974 35
187.98 35
187.987 35
187.993 35
187.999 35
188.005 35
188.012 35
188.018 35
188.024 35
188.031 35
188.037 35
188.043 35
188.05 35
188.056 36
188.129 36
188.136 36
188.142 36
188.148 36
188.155 36
188.161 36
188.167 36
188.174 36
188.18 36
188.186 36
188.192 36
188.199 36
188.205 36
188.211 36
188.218 36
188.224 36
188.23 36
188.237 36
188.243 36
188.249 36
188.256 36
188.262 36
188.268 36
188.274 36
188.281 36
188.287 36
188.293 36
188.3 36
188.306 36
188.312 36
188.319 36
188.325 36
188.331 36
188.337 36
188.344 36
188.35 36
188.405 37
188.411 37
188.418 37
188.424 37
188.43 37
188.437 37
188.443 37
188.449 37
188.455 37
188.462 37
188.468 37
188.474 37
188.481 37
188.487 37
188.493 37
188.5 37
188.506 37
188.512 37
188.519 37
188.525 37
188.531 37
188.537 37
188.544 37
188.55 37
188.556 37
188.563 37
188.569 37
188.575 37
188.582 37
188.588 37
188.594 37
188.6 37
188.607 37
188.613 37
188.619 37
188.626 37
188.677 37
188.683 37
188.689 38
188.696 38
188.702 38
188.708 38
188.715 38
188.721 38
188.727 38
188.734 38
188.74 38
188.746 38
188.753 38
188.759 38
188.765 38
188.771 38
188.778 38
188.784 38
188.79 38
188.797 38
188.803 38
188.809 38
188.816 38
188.822 38
188.828 38
188.834 38
188.841 38
188.847 38
188.853 38
188.86 38
188.866 38
188.872 38
188.879 38
188.885 38
188.891 38
188.898 38
188.904 38
188.946 38
188.953 38
188.959 38
188.966 38
188.972 39
188.979 39
188.985 39
188.991 39
188.998 39
189.004 39
189.01 39
189.016 39
189.023 39
189.029 39
189.036 39
189.042 39
189.048 39
189.055 39
189.061 39
189.068 39
189.075 39
189.081 39
189.088 39
189.094 39
189.101 39
189.107 39
189.113 39
189.119 39
189.126 39
189.132 39
189.138 39
189.145 39
189.151 39
189.157 39
189.164 39
189.17 39
189.176 39
189.182 39
189.217 39
189.223 39
189.23 39
189.237 39
189.243 39
189.249 39
189.256 40
189.262 40
189.269 40
189.276 40
189.282 40
189.288 40
189.295 40
189.301 40
189.307 40
189.314 40
189.32 40
189.326 40
189.333 40
189.339 40
189.345 40
189.352 40
189.358 40
189.364 40
189.371 40
189.377 40
189.383 40
189.39 40
189.396 40
189.402 40
189.409 40
189.415 40
189.422 40
189.428 40
189.435 40
189.441 40
189.448 40
189.454 40
189.46 40
189.49 40
189.497 40
189.503 40
189.51 40
189.517 40
189.524 40
189.53 40
189.537 40
189.543 41
189.549 41
189.556 41
189.562 41
189.568 41
189.575 41
189.581 41
189.587 41
189.594 41
189.6 41
189.606 41
189.613 41
189.619 41
189.625 41
189.631 41
189.638 41
189.644 41
189.65 41
189.657 41
189.663 41
189.67 41
189.676 41
189.683 41
189.689 41
189.696 41
189.702 41
189.708 41
189.715 41
189.721 41
189.727 41
189.734 41
189.74 41
189.766 41
189.773 41
189.779 41
189.786 41
189.793 41
189.799 41
189.806 41
189.812 41
189.819 41
189.825 41
189.832 42
189.839 42
189.845 42
189.851 42
189.858 42
189.864 42
189.871 42
189.877 42
189.883 42
189.89 42
189.896 42
189.902 42
189.908 42
189.915 42
189.921 42
189.927 42
189.934 42
189.94 42
189.946 42
189.953 42
189.959 42
189.966 42
189.972 42
189.979 42
189.985 42
189.992 42
189.998 42
190.005 42
190.011 42
190.017 42
190.024 42
190.044 42
190.051 42
190.058 42
190.065 42
190.071 42
190.078 42
190.085 42
190.091 42
190.098 42
190.104 42
190.111 42
190.117 42
190.124 42
190.13 43
190.136 43
190.143 43
190.15 43
190.156 43
190.163 43
190.169 43
190.176 43
190.182 43
190.189 43
190.195 43
190.201 43
190.208 43
190.214 43
190.22 43
190.227 43
190.233 43
190.239 43
190.246 43
190.252 43
190.258 43
190.265 43
190.271 43
190.277 43
190.284 43
190.29 43
190.296 43
190.302 43
190.309 43
190.325 43
190.332 43
190.339 43
190.346 43
190.353 43
190.359 43
190.366 43
190.373 43
190.38 43
190.386 43
190.393 43
190.4 43
190.406 43
190.413 43
190.419 43
190.425 44
190.432 44
190.438 44
190.445 44
190.451 44
190.458 44
190.464 44
190.471 44
190.477 44
190.483 44
190.49 44
190.496 44
190.503 44
190.509 44
190.515 44
190.522 44
190.528 44
190.534 44
190.541 44
190.547 44
190.553 44
190.56 44
190.566 44
190.572 44
190.579 44
190.585 44
190.591 44
190.598 44
190.61 44
190.617 44
190.624 44
190.63 44
190.637 44
190.644 44
190.651 44
190.658 44
190.664 44
190.671 44
190.678 44
190.684 44
190.691 44
190.698 44
190.705 44
190.712 44
190.718 44
190.725 45
190.731 45
190.738 45
190.744 45
190.751 45
190.757 45
190.764 45
190.77 45
190.776 45
190.783 45
190.789 45
190.796 45
190.802 45
190.808 45
190.815 45
190.821 45
190.828 45
190.834 45
190.84 45
190.847 45
190.853 45
190.859 45
190.865 45
190.872 45
190.878 45
190.885 45
190.891 45
190.9 45
190.907 45
190.915 45
190.922 45
190.929 45
190.936 45
190.942 45
190.949 45
190.956 45
190.963 45
190.97 45
190.977 45
190.984 45
190.991 45
190.999 45
191.005 45
191.012 45
191.019 45
191.025 45
191.032 46
191.038 46
191.044 46
191.051 46
191.057 46
191.063 46
191.07 46
191.076 46
191.082 46
191.089 46
191.095 46
191.102 46
191.108 46
191.115 46
191.121 46
191.127 46
191.134 46
191.14 46
191.147 46
191.153 46
191.159 46
191.166 46
191.172 46
191.178 46
191.185 46
191.191 46
191.197 46
191.204 46
191.211 46
191.218 46
191.224 46
191.231 46
191.238 46
191.245 46
191.252 46
191.259 46
191.266 46
191.273 46
191.281 46
191.288 46
191.295 46
191.302 46
191.309 46
191.315 46
191.322 46
191.328 46
191.335 46
191.341 47
191.347 47
191.354 47
191.36 47
191.367 47
191.373 47
191.38 47
191.386 47
191.393 47
191.399 47
191.405 47
191.412 47
191.418 47
191.424 47
191.43 47
191.437 47
191.443 47
191.449 47
191.456 47
191.462 47
191.468 47
191.475 47
191.481 47
191.487 47
191.493 47
191.5 47
191.506 47
191.512 47
191.519 47
191.525 47
191.532 47
191.538 47
191.544 47
191.55 47
191.557 47
191.565 47
191.573 47
191.58 47
191.586 47
191.594 47
191.601 47
191.608 47
191.614 47
191.621 47
191.628 47
191.634 47
191.641 47
191.647 47
191.654 47
191.66 48
191.666 48
191.672 48
191.679 48
191.685 48
191.691 48
191.698 48
191.704 48
191.71 48
191.717 48
191.723 48
191.729 48
191.735 48
191.742 48
191.748 48
191.754 48
191.761 48
191.767 48
191.774 48
191.781 48
191.787 48
191.793 48
191.8 48
191.806 48
191.813 48
191.819 48
191.826 48
191.832 48
191.838 48
191.845 48
191.851 48
191.857 48
191.863 48
191.87 48
191.876 48
191.882 48
191.889 48
191.895 48
191.902 48
191.909 48
191.915 48
191.922 48
191.928 48
191.935 48
191.941 48
191.948 48
191.954 48
191.961 48
191.967 48
191.973 49
191.98 49
191.987 49
191.993 49
192 49
192.006 49
192.012 49
192.019 49
192.026 49
192.032 49
192.038 49
192.044 49
192.051 49
192.057 49
192.063 49
192.07 49
192.076 49
192.082 49
192.089 49
192.095 49
192.101 49
192.108 49
192.114 49
192.12 49
192.126 49
192.133 49
192.139 49
192.145 49
192.152 49
192.158 49
192.165 49
192.171 49
192.177 49
192.184 49
192.19 49
192.197 49
192.203 49
192.21 49
192.216 49
192.223 49
192.229 49
192.235 49
192.242 49
192.248 49
192.254 49
192.261 49
192.267 49
192.273 49
192.28 49
192.286 49
192.292 50
192.299 50
192.305 50
192.311 50
192.317 50
192.324 50
192.33 50
192.336 50
192.343 50
192.349 50
192.355 50
192.362 50
192.368 50
192.374 50
192.381 50
192.388 50
192.394 50
192.4 50
192.407 50
192.413 50
192.42 50
192.426 50
192.432 50
192.438 50
192.445 50
192.451 50
192.457 50
192.464 50
192.47 50
192.477 50
192.483 50
192.489 50
192.496 50
192.502 50
192.509 50
192.515 50
192.521 50
192.528 50
192.534 50
192.541 50
192.547 50
192.553 50
192.56 50
192.566 50
192.572 50
192.579 50
192.585 50
192.591 50
192.598 50
192.604 50
192.61 50
192.617 50
192.623 51
192.629 51
192.635 51
192.642 51
192.648 51
192.654 51
192.661 51
192.667 51
192.673 51
192.68 51
192.686 51
192.692 51
192.698 51
192.705 51
192.711 51
192.717 51
192.724 51
192.73 51
192.736 51
192.743 51
192.749 51
192.755 51
192.762 51
192.768 51
192.774 51
192.78 51
192.787 51
192.793 51
192.799 51
192.806 51
192.812 51
192.818 51
192.825 51
192.831 51
192.837 51
192.843 51
192.85 51
192.856 51
192.862 51
192.869 51
192.875 51
192.881 51
192.888 51
192.894 51
192.9 51
192.907 51
192.913 51
192.919 51
192.925 51
192.932 51
192.938 51
192.944 51
192.951 52
192.957 52
192.963 52
192.97 52
192.976 52
192.982 52
192.988 52
192.995 52
193.001 52
193.007 52
193.014 52
193.02 52
193.026 52
193.033 52
193.039 52
193.045 52
193.052 52
193.058 52
193.064 52
193.07 52
193.077 52
193.083 52
193.089 52
193.096 52
193.102 52
193.108 52
193.115 52
193.121 52
193.127 52
193.133 52
193.14 52
193.146 52
193.152 52
193.159 52
193.165 52
193.171 52
193.178 52
193.184 52
193.19 52
193.196 52
193.203 52
193.209 52
193.215 52
193.222 52
193.228 52
193.234 52
193.241 52
193.247 52
193.253 52
193.26 52
193.266 52
193.272 52
193.278 52
193.285 53
193.291 53
193.297 53
193.304 53
193.31 53
193.316 53
193.323 53
193.329 53
193.335 53
193.341 53
193.348 53
193.354 53
193.36 53
193.367 53
193.373 53
193.379 53
193.386 53
193.392 53
193.398 53
193.405 53
193.411 53
193.417 53
193.423 53
193.43 53
193.436 53
193.442 53
193.449 53
193.455 53
193.461 53
193.468 53
193.474 53
193.48 53
193.486 53
193.493 53
193.499 53
193.505 53
193.512 53
193.518 53
193.524 53
193.531 53
193.537 53
193.543 53
193.55 53
193.556 53
193.562 53
193.568 53
193.575 53
193.581 53
193.587 53
193.594 53
193.6 53
193.606 53
193.613 53
193.619 53
193.625 53
193.631 54
193.638 54
193.644 54
193.65 54
193.657 54
193.663 54
193.669 54
193.676 54
193.682 54
193.688 54
193.695 54
193.701 54
193.707 54
193.713 54
193.72 54
193.726 54
193.732 54
193.739 54
193.745 54
193.751 54
193.758 54
193.764 54
193.77 54
193.776 54
193.783 54
193.789 54
193.795 54
193.802 54
193.808 54
193.814 54
193.821 54
193.827 54
193.833 54
193.84 54
193.846 54
193.852 54
193.858 54
193.865 54
193.871 54
193.877 54
193.884 54
193.89 54
193.896 54
193.903 54
193.909 54
193.915 54
193.921 54
193.928 54
193.934 54
193.94 54
193.947 54
193.953 54
193.959 54
193.966 54
193.972 54
193.978 55
193.984 55
193.991 55
193.997 55
194.003 55
194.01 55
194.016 55
194.022 55
194.029 55
194.035 55
194.041 55
194.048 55
194.054 55
194.06 55
194.066 55
194.073 55
194.079 55
194.085 55
194.092 55
194.098 55
194.104 55
194.111 55
194.117 55
194.123 55
194.129 55
194.136 55
194.142 55
194.148 55
194.155 55
194.161 55
194.167 55
194.174 55
194.18 55
194.186 55
194.193 55
194.199 55
194.205 55
194.211 55
194.218 55
194.224 55
194.23 55
194.237 55
194.243 55
194.249 55
194.256 55
194.262 55
194.268 55
194.274 55
194.281 55
194.287 55
194.293 55
194.3 55
194.306 55
194.312 55
194.319 55
194.325 55
194.331 55
194.338 56
194.344 56
194.35 56
194.356 56
194.363 56
194.369 56
194.375 56
194.382 56
194.388 56
194.394 56
194.401 56
194.407 56
194.413 56
194.419 56
194.426 56
194.432 56
194.438 56
194.445 56
194.451 56
194.457 56
194.464 56
194.47 56
194.476 56
194.483 56
194.489 56
194.495 56
194.501 56
194.508 56
194.514 56
194.52 56
194.527 56
194.533 56
194.539 56
194.546 56
194.552 56
194.558 56
194.564 56
194.571 56
194.577 56
194.583 56
194.59 56
194.596 56
194.602 56
194.609 56
194.615 56
194.621 56
194.628 56
194.634 56
194.64 56
194.646 56
194.653 56
194.659 56
194.665 56
194.672 56
194.678 56
194.684 56
194.691 56
194.697 56
194.703 57
194.709 57
194.716 57
194.722 57
194.728 57
194.735 57
194.741 57
194.747 57
194.754 57
194.76 57
194.766 57
194.772 57
194.779 57
194.785 57
194.791 57
194.798 57
194.804 57
194.81 57
194.817 57
194.823 57
194.829 57
194.836 57
194.842 57
194.848 57
194.854 57
194.861 57
194.867 57
194.873 57
194.88 57
194.886 57
194.892 57
194.899 57
194.905 57
194.911 57
194.917 57
194.924 57
194.93 57
194.936 57
194.943 57
194.949 57
194.955 57
194.962 57
194.968 57
194.974 57
194.981 57
194.987 57
194.993 57
194.999 57
195.006 57
195.012 57
195.018 57
195.025 57
195.031 57
195.037 57
195.044 57
195.05 57
195.056 57
195.062 57
195.069 58
195.075 58
195.081 58
195.088 58
195.094 58
195.1 58
195.107 58
195.113 58
195.119 58
195.126 58
195.132 58
195.138 58
195.144 58
195.151 58
195.157 58
195.163 58
195.17 58
195.176 58
195.182 58
195.189 58
195.195 58
195.201 58
195.207 58
195.214 58
195.22 58
195.226 58
195.233 58
195.239 58
195.245 58
195.252 58
195.258 58
195.264 58
195.271 58
195.277 58
195.283 58
195.29 58
195.296 58
195.303 58
195.309 58
195.315 58
195.322 58
195.328 58
195.334 58
195.341 58
195.347 58
195.354 58
195.36 58
195.367 58
195.373 58
195.379 58
195.386 58
195.392 58
195.398 58
195.405 58
195.411 58
195.418 58
195.424 58
195.43 58
195.437 58
195.443 58
195.45 59
195.456 59
195.462 59
195.469 59
195.475 59
195.481 59
195.488 59
195.494 59
195.5 59
195.507 59
195.513 59
195.519 59
195.526 59
195.532 59
195.538 59
195.545 59
195.551 59
195.558 59
195.564 59
195.571 59
195.577 59
195.583 59
195.589 59
195.596 59
195.602 59
195.609 59
195.615 59
195.622 59
195.628 59
195.634 59
195.641 59
195.647 59
195.653 59
195.66 59
195.666 59
195.672 59
195.679 59
195.685 59
195.691 59
195.698 59
195.704 59
195.711 59
195.717 59
195.724 59
195.73 59
195.736 59
195.743 59
195.749 59
195.756 59
195.762 59
195.769 59
195.775 59
195.782 59
195.788 59
195.795 59
195.801 59
195.807 59
195.814 59
195.82 59
195.826 59
195.833 60
195.839 60
195.845 60
195.851 60
195.858 60
195.864 60
195.87 60
195.877 60
195.883 60
195.889 60
195.896 60
195.902 60
195.908 60
195.915 60
195.921 60
195.927 60
195.934 60
195.94 60
195.947 60
195.953 60
195.96 60
195.966 60
195.973 60
195.979 60
195.985 60
195.992 60
195.998 60
196.004 60
196.011 60
196.017 60
196.023 60
196.03 60
196.036 60
196.043 60
196.049 60
196.055 60
196.062 60
196.068 60
196.075 60
196.081 60
196.088 60
196.094 60
196.101 60
196.107 60
196.113 60
196.12 60
196.126 60
196.132 60
196.139 60
196.145 60
196.152 60
196.158 60
196.165 60
196.171 60
196.178 60
196.184 60
196.191 60
196.197 60
196.203 60
196.21 60
196.216 60
196.222 60
196.228 61
196.235 61
196.241 61
196.247 61
196.254 61
196.26 61
196.266 61
196.273 61
196.279 61
196.285 61
196.291 61
196.298 61
196.304 61
196.31 61
196.317 61
196.323 61
196.329 61
196.336 61
196.342 61
196.349 61
196.355 61
196.362 61
196.368 61
196.374 61
196.381 61
196.387 61
196.394 61
196.4 61
196.407 61
196.413 61
196.419 61
196.426 61
196.432 61
196.439 61
196.445 61
196.452 61
196.458 61
196.465 61
196.471 61
196.477 61
196.484 61
196.49 61
196.496 61
196.503 61
196.509 61
196.516 61
196.522 61
196.529 61
196.535 61
196.541 61
196.548 61
196.554 61
196.56 61
196.566 61
196.573 61
196.579 61
196.585 61
196.592 61
196.598 61
196.604 61
196.611 61
196.617 61
196.623 61
196.63 62
196.636 62
196.642 62
196.649 62
196.655 62
196.661 62
196.668 62
196.674 62
196.68 62
196.686 62
196.693 62
196.699 62
196.705 62
196.712 62
196.718 62
196.724 62
196.731 62
196.737 62
196.744 62
196.75 62
196.757 62
196.763 62
196.77 62
196.777 62
196.783 62
196.789 62
196.796 62
196.802 62
196.808 62
196.815 62
196.821 62
196.828 62
196.834 62
196.841 62
196.847 62
196.854 62
196.86 62
196.867 62
196.873 62
196.879 62
196.886 62
196.892 62
196.899 62
196.905 62
196.911 62
196.918 62
196.924 62
196.93 62
196.937 62
196.943 62
196.949 62
196.955 62
196.962 62
196.968 62
196.974 62
196.981 62
196.987 62
196.993 62
197 62
197.007 62
197.013 62
197.02 62
197.026 62
197.033 62
197.039 63
197.046 63
197.052 63
197.058 63
197.065 63
197.071 63
197.077 63
197.083 63
197.09 63
197.096 63
197.102 63
197.109 63
197.115 63
197.121 63
197.128 63
197.134 63
197.14 63
197.147 63
197.153 63
197.16 63
197.166 63
197.173 63
197.179 63
197.186 63
197.192 63
197.199 63
197.206 63
197.212 63
197.219 63
197.225 63
197.232 63
197.238 63
197.245 63
197.251 63
197.258 63
197.264 63
197.27 63
197.277 63
197.283 63
197.289 63
197.296 63
197.302 63
197.308 63
197.315 63
197.321 63
197.327 63
197.334 63
197.34 63
197.347 63
197.353 63
197.359 63
197.366 63
197.372 63
197.378 63
197.384 63
197.391 63
197.397 63
197.403 63
197.41 63
197.416 63
197.423 63
197.429 63
197.435 63
197.442 63
197.448 63
197.454 64
197.461 64
197.467 64
197.473 64
197.48 64
197.486 64
197.492 64
197.499 64
197.505 64
197.511 64
197.518 64
197.524 64
197.53 64
197.537 64
197.543 64
197.55 64
197.556 64
197.562 64
197.569 64
197.575 64
197.582 64
197.588 64
197.595 64
197.601 64
197.608 64
197.614 64
197.621 64
197.627 64
197.634 64
197.64 64
197.647 64
197.653 64
197.659 64
197.666 64
197.672 64
197.679 64
197.685 64
197.692 64
197.699 64
197.705 64
197.711 64
197.717 64
197.724 64
197.73 64
197.736 64
197.743 64
197.749 64
197.755 64
197.762 64
197.768 64
197.774 64
197.78 64
197.787 64
197.793 64
197.799 64
197.806 64
197.812 64
197.818 64
197.825 64
197.831 64
197.837 64
197.844 64
197.85 64
197.857 64
197.863 64
197.869 65
197.876 65
197.882 65
197.888 65
197.894 65
197.901 65
197.907 65
197.913 65
197.92 65
197.926 65
197.933 65
197.939 65
197.945 65
197.952 65
197.958 65
197.965 65
197.971 65
197.977 65
197.983 65
197.99 65
197.996 65
198.002 65
198.009 65
198.015 65
198.022 65
198.028 65
198.034 65
198.041 65
198.047 65
198.053 65
198.06 65
198.066 65
198.072 65
198.079 65
198.085 65
198.091 65
198.097 65
198.104 65
198.11 65
198.116 65
198.123 65
198.13 65
198.136 65
198.143 65
198.149 65
198.156 65
198.162 65
198.168 65
198.175 65
198.181 65
198.187 65
198.194 65
198.2 65
198.207 65
198.213 65
198.219 65
198.226 65
198.232 65
198.238 65
198.245 65
198.251 65
198.258 65
198.264 65
198.271 65
198.277 65
198.283 65
198.289 65
198.296 65
198.302 66
198.308 66
198.315 66
198.321 66
198.327 66
198.334 66
198.34 66
198.346 66
198.352 66
198.359 66
198.365 66
198.372 66
198.378 66
198.384 66
198.391 66
198.397 66
198.404 66
198.41 66
198.416 66
198.423 66
198.429 66
198.435 66
198.442 66
198.448 66
198.454 66
198.461 66
198.467 66
198.473 66
198.48 66
198.486 66
198.492 66
198.499 66
198.505 66
198.511 66
198.517 66
198.524 66
198.53 66
198.536 66
198.543 66
198.549 66
198.556 66
198.562 66
198.569 66
198.575 66
198.581 66
198.588 66
198.594 66
198.6 66
198.606 66
198.613 66
198.619 66
198.626 66
198.632 66
198.638 66
198.645 66
198.651 66
198.657 66
198.664 66
198.67 66
198.677 66
198.683 66
198.689 66
198.696 66
198.702 66
198.709 66
198.715 66
198.721 66
198.727 66
198.734 67
198.74 67
198.746 67
198.753 67
198.759 67
198.765 67
198.772 67
198.778 67
198.784 67
198.79 67
198.797 67
198.803 67
198.809 67
198.816 67
198.822 67
198.828 67
198.835 67
198.841 67
198.847 67
198.854 67
198.86 67
198.866 67
198.872 67
198.879 67
198.885 67
198.891 67
198.898 67
198.904 67
198.91 67
198.917 67
198.923 67
198.929 67
198.935 67
198.942 67
198.948 67
198.954 67
198.961 67
198.967 67
198.973 67
198.98 67
198.986 67
198.992 67
198.999 67
199.005 67
199.011 67
199.017 67
199.024 67
199.03 67
199.036 67
199.043 67
199.049 67
199.055 67
199.062 67
199.068 67
199.074 67
199.08 67
199.087 67
199.093 67
199.099 67
199.106 67
199.112 67
199.118 67
199.125 67
199.131 67
199.137 67
199.144 67
199.15 67
199.156 67
199.162 68
199.169 68
199.175 68
199.181 68
199.188 68
199.194 68
199.2 68
199.207 68
199.213 68
199.219 68
199.225 68
199.232 68
199.238 68
199.244 68
199.251 68
199.257 68
199.263 68
199.27 68
199.276 68
199.282 68
199.289 68
199.295 68
199.301 68
199.307 68
199.314 68
199.32 68
199.326 68
199.333 68
199.339 68
199.345 68
199.352 68
199.358 68
199.364 68
199.37 68
199.377 68
199.383 68
199.389 68
199.396 68
199.402 68
199.408 68
199.415 68
199.421 68
199.427 68
199.434 68
199.44 68
199.446 68
199.452 68
199.459 68
199.465 68
199.471 68
199.478 68
199.484 68
199.49 68
199.497 68
199.503 68
199.509 68
199.515 68
199.522 68
199.528 68
199.534 68
199.541 68
199.547 68
199.553 68
199.56 68
199.566 68
199.572 68
199.578 68
199.585 68
199.591 68
199.597 68
199.604 68
199.61 69
199.616 69
199.623 69
199.629 69
199.635 69
199.642 69
199.648 69
199.654 69
199.66 69
199.667 69
199.673 69
199.679 69
199.686 69
199.692 69
199.698 69
199.705 69
199.711 69
199.717 69
199.723 69
199.73 69
199.736 69
199.742 69
199.749 69
199.755 69
199.761 69
199.768 69
199.774 69
199.78 69
199.787 69
199.793 69
199.799 69
199.805 69
199.812 69
199.818 69
199.824 69
199.831 69
199.837 69
199.843 69
199.85 69
199.856 69
199.862 69
199.868 69
199.875 69
199.881 69
199.887 69
199.894 69
199.9 69
199.906 69
199.913 69
199.919 69
199.925 69
199.932 69
199.938 69
199.944 69
199.95 69
199.957 69
199.963 69
199.969 69
199.976 69
199.982 69
199.988 69
199.995 69
