175.001 61
175.008 61
175.014 61
175.02 61
175.027 61
175.033 61
175.039 61
175.046 61
175.052 61
175.058 61
175.065 61
175.071 61
175.077 61
175.083 62
175.09 62
175.096 62
175.102 62
175.109 62
175.115 62
175.121 62
175.128 62
175.134 62
175.14 62
175.146 62
175.153 62
175.159 62
175.165 62
175.172 62
175.178 62
175.184 62
175.191 62
175.197 62
175.203 62
175.21 62
175.216 62
175.223 62
175.229 62
175.235 62
175.242 62
175.248 62
175.254 62
175.261 62
175.286 30
175.672 30
175.708 30
175.714 30
175.721 30
175.727 30
175.733 30
175.74 30
175.746 30
175.752 30
175.759 30
175.765 30
175.771 30
175.777 30
175.784 30
175.79 30
175.796 30
175.803 30
175.809 30
175.815 30
175.822 30
175.828 30
175.834 30
175.841 30
175.847 30
175.853 30
175.859 30
175.866 30
175.872 30
175.878 30
175.885 30
175.891 31
175.897 31
175.904 31
175.91 31
175.916 31
175.922 31
175.929 31
175.935 31
175.941 31
175.948 31
175.954 31
175.96 31
175.967 31
175.973 31
175.979 31
175.986 31
175.992 31
175.998 31
176.004 31
176.011 31
176.017 31
176.023 31
176.03 31
176.036 31
176.042 31
176.049 31
176.055 31
176.061 31
176.067 31
176.074 31
176.08 31
176.086 31
176.093 32
176.099 32
176.105 32
176.112 32
176.118 32
176.124 32
176.131 32
176.137 32
176.143 32
176.149 32
176.156 32
176.162 32
176.168 32
176.175 32
176.181 32
176.187 32
176.194 32
176.2 32
176.206 32
176.212 32
176.219 32
176.225 32
176.231 32
176.238 32
176.244 32
176.25 32
176.257 32
176.263 32
176.269 32
176.276 32
176.282 32
176.288 32
176.294 32
176.301 33
176.307 33
176.313 33
176.32 33
176.326 33
176.332 33
176.339 33
176.345 33
176.351 33
176.357 33
176.364 33
176.37 33
176.376 33
176.383 33
176.389 33
176.395 33
176.402 33
176.408 33
176.414 33
176.421 33
176.427 33
176.433 33
176.439 33
176.446 33
176.452 33
176.458 33
176.465 33
176.471 33
176.477 33
176.484 33
176.49 33
176.496 33
176.502 33
176.509 33
176.515 34
176.521 34
176.528 34
176.534 34
176.54 34
176.547 34
176.553 34
176.559 34
176.565 34
176.572 34
176.578 34
176.584 34
176.591 34
176.597 34
176.603 34
176.61 34
176.616 34
176.622 34
176.629 34
176.635 34
176.641 34
176.647 34
176.654 34
176.66 34
176.666 34
176.673 34
176.679 34
176.685 34
176.692 34
176.698 34
176.704 34
176.71 34
176.717 34
176.723 34
176.729 34
176.736 35
176.742 35
176.748 35
176.755 35
176.761 35
176.767 35
176.774 35
176.78 35
176.786 35
176.792 35
176.799 35
176.805 35
176.811 35
176.818 35
176.824 35
176.83 35
176.837 35
176.843 35
176.849 35
176.855 35
176.862 35
176.868 35
176.874 35
176.881 35
176.887 35
176.893 35
176.9 35
176.906 35
176.912 35
176.919 35
176.925 35
176.931 35
176.937 35
176.944 35
176.95 35
176.956 35
176.963 36
176.969 36
176.975 36
176.982 36
176.988 36
176.994 36
177 36
177.007 36
177.013 36
177.019 36
177.026 36
177.032 36
177.038 36
177.045 36
177.051 36
177.057 36
177.064 36
177.07 36
177.076 36
177.082 36
177.089 36
177.095 36
177.101 36
177.108 36
177.114 36
177.12 36
177.127 36
177.133 36
177.139 36
177.145 36
177.152 36
177.158 36
177.164 36
177.171 36
177.177 36
177.183 36
177.19 36
177.196 37
177.202 37
177.209 37
177.215 37
177.221 37
177.227 37
177.234 37
177.24 37
177.246 37
177.253 37
177.259 37
177.265 37
177.272 37
177.278 37
177.284 37
177.29 37
177.297 37
177.303 37
177.309 37
177.316 37
177.322 37
177.328 37
177.335 37
177.341 37
177.347 37
177.353 37
177.36 37
177.366 37
177.372 37
177.379 37
177.385 37
177.391 37
177.398 37
177.404 37
177.41 37
177.417 37
177.423 37
177.429 37
177.435 38
177.442 38
177.448 38
177.454 38
177.461 38
177.467 38
177.473 38
177.48 38
177.486 38
177.492 38
177.498 38
177.505 38
177.511 38
177.517 38
177.524 38
177.53 38
177.536 38
177.543 38
177.549 38
177.555 38
177.562 38
177.568 38
177.574 38
177.58 38
177.587 38
177.593 38
177.599 38
177.606 38
177.612 38
177.618 38
177.625 38
177.631 38
177.637 38
177.643 38
177.65 38
177.656 38
177.662 38
177.669 38
177.675 38
177.681 39
177.688 39
177.694 39
177.7 39
177.707 39
177.713 39
177.719 39
177.725 39
177.732 39
177.738 39
177.744 39
177.751 39
177.757 39
177.763 39
177.77 39
177.776 39
177.782 39
177.788 39
177.795 39
177.801 39
177.807 39
177.814 39
177.82 39
177.826 39
177.833 39
177.839 39
177.845 39
177.852 39
177.858 39
177.864 39
177.87 39
177.877 39
177.883 39
177.889 39
177.896 39
177.902 39
177.908 39
177.915 39
177.921 39
177.927 39
177.933 40
177.94 40
177.946 40
177.952 40
177.959 40
177.965 40
177.971 40
177.978 40
177.984 40
177.99 40
177.997 40
178.003 40
178.009 40
178.015 40
178.022 40
178.028 40
178.034 40
178.041 40
178.047 40
178.053 40
178.06 40
178.066 40
178.072 40
178.078 40
178.085 40
178.091 40
178.097 40
178.104 40
178.11 40
178.116 40
178.123 40
178.129 40
178.135 40
178.141 40
178.148 40
178.154 40
178.16 40
178.167 40
178.173 40
178.179 40
178.186 40
178.192 41
178.198 41
178.205 41
178.211 41
178.217 41
178.223 41
178.23 41
178.236 41
178.242 41
178.249 41
178.255 41
178.261 41
178.268 41
178.274 41
178.28 41
178.286 41
178.293 41
178.299 41
178.305 41
178.312 41
178.318 41
178.324 41
178.331 41
178.337 41
178.343 41
178.35 41
178.356 41
178.362 41
178.368 41
178.375 41
178.381 41
178.387 41
178.394 41
178.4 41
178.406 41
178.413 41
178.419 41
178.425 41
178.431 41
178.438 41
178.444 41
178.45 41
178.457 42
178.463 42
178.469 42
178.476 42
178.482 42
178.488 42
178.495 42
178.501 42
178.507 42
178.513 42
178.52 42
178.526 42
178.532 42
178.539 42
178.545 42
178.551 42
178.558 42
178.564 42
178.57 42
178.576 42
178.583 42
178.589 42
178.595 42
178.602 42
178.608 42
178.614 42
178.621 42
178.627 42
178.634 42
178.64 42
178.646 42
178.652 42
178.659 42
178.665 42
178.671 42
178.678 42
178.684 42
178.69 42
178.697 42
178.703 42
178.71 42
178.717 42
178.724 42
178.731 43
178.738 43
178.744 43
178.751 43
178.757 43
178.763 43
178.77 43
178.776 43
178.782 43
178.788 43
178.795 43
178.801 43
178.807 43
178.814 43
178.82 43
178.826 43
178.833 43
178.839 43
178.845 43
178.851 43
178.858 43
178.864 43
178.87 43
178.877 43
178.883 43
178.889 43
178.896 43
178.902 43
178.908 43
178.915 43
178.921 43
178.927 43
178.933 43
178.94 43
178.946 43
178.952 43
178.959 43
178.965 43
178.972 43
178.979 43
178.986 43
178.992 43
178.999 43
179.006 43
179.013 44
179.019 44
179.026 44
179.033 44
179.039 44
179.046 44
179.052 44
179.059 44
179.065 44
179.072 44
179.079 44
179.086 44
179.093 44
179.099 44
179.105 44
179.112 44
179.118 44
179.124 44
179.131 44
179.137 44
179.143 44
179.15 44
179.156 44
179.162 44
179.168 44
179.175 44
179.181 44
179.187 44
179.194 44
179.2 44
179.206 44
179.213 44
179.219 44
179.225 44
179.232 44
179.238 44
179.244 44
179.25 44
179.257 44
179.263 44
179.269 44
179.276 44
179.282 44
179.288 44
179.295 44
179.301 45
179.307 45
179.313 45
179.32 45
179.326 45
179.332 45
179.339 45
179.345 45
179.351 45
179.358 45
179.364 45
179.37 45
179.377 45
179.383 45
179.389 45
179.396 45
179.402 45
179.409 45
179.416 45
179.422 45
179.429 45
179.436 45
179.443 45
179.45 45
179.457 45
179.464 45
179.471 45
179.477 45
179.483 45
179.489 45
179.496 45
179.502 45
179.508 45
179.515 45
179.521 45
179.527 45
179.534 45
179.54 45
179.546 45
179.553 45
179.559 45
179.565 45
179.571 45
179.578 45
179.584 45
179.59 45
179.597 46
179.603 46
179.609 46
179.616 46
179.622 46
179.628 46
179.634 46
179.641 46
179.647 46
179.653 46
179.66 46
179.666 46
179.672 46
179.679 46
179.685 46
179.691 46
179.698 46
179.704 46
179.71 46
179.716 46
179.723 46
179.729 46
179.735 46
179.742 46
179.748 46
179.754 46
179.761 46
179.767 46
179.773 46
179.779 46
179.786 46
179.792 46
179.798 46
179.805 46
179.811 46
179.817 46
179.824 46
179.83 46
179.836 46
179.843 46
179.849 46
179.855 46
179.861 46
179.868 46
179.874 46
179.88 46
179.887 46
179.893 47
179.899 47
179.906 47
179.912 47
179.918 47
179.924 47
179.931 47
179.937 47
179.943 47
179.95 47
179.956 47
179.963 47
179.97 47
179.976 47
179.983 47
179.99 47
179.997 47
180.004 47
180.011 47
180.018 47
180.025 47
180.031 47
180.038 47
180.044 47
180.05 47
180.057 47
180.063 47
180.069 47
180.076 47
180.082 47
180.088 47
180.095 47
180.101 47
180.107 47
180.114 47
180.121 47
180.127 47
180.134 47
180.141 47
180.148 47
180.154 47
180.161 47
180.167 47
180.173 47
180.18 47
180.186 47
180.192 47
180.199 47
180.205 47
180.211 48
180.218 48
180.224 48
180.23 48
180.237 48
180.243 48
180.251 48
180.257 48
180.264 48
180.27 48
180.276 48
180.284 48
180.291 48
180.298 48
180.304 48
180.311 48
180.318 48
180.324 48
180.331 48
180.338 48
180.344 48
180.352 48
180.359 48
180.366 48
180.373 48
180.379 48
180.385 48
180.391 48
180.398 48
180.404 48
180.41 48
180.417 48
180.423 48
180.43 48
180.437 48
180.443 48
180.45 48
180.457 48
180.463 48
180.47 48
180.476 48
180.482 48
180.489 48
180.495 48
180.501 48
180.507 48
180.514 48
180.52 48
180.526 48
180.533 49
180.54 49
180.547 49
180.554 49
180.56 49
180.567 49
180.574 49
180.58 49
180.587 49
180.594 49
180.601 49
180.607 49
180.614 49
180.62 49
180.626 49
180.633 49
180.639 49
180.645 49
180.651 49
180.658 49
180.666 49
180.672 49
180.679 49
180.686 49
180.692 49
180.699 49
180.706 49
180.712 49
180.719 49
180.725 49
180.732 49
180.739 49
180.745 49
180.752 49
180.758 49
180.764 49
180.771 49
180.777 49
180.783 49
180.79 49
180.796 49
180.802 49
180.809 49
180.815 49
180.822 49
180.828 49
180.834 49
180.841 49
180.847 49
180.854 49
180.861 50
180.868 50
180.875 50
180.882 50
180.889 50
180.896 50
180.903 50
180.909 50
180.916 50
180.922 50
180.928 50
180.935 50
180.941 50
180.947 50
180.954 50
180.96 50
180.966 50
180.973 50
180.979 50
180.985 50
180.991 50
180.998 50
181.004 50
181.01 50
181.017 50
181.023 50
181.029 50
181.036 50
181.043 50
181.049 50
181.056 50
181.063 50
181.069 50
181.077 50
181.083 50
181.09 50
181.097 50
181.103 50
181.11 50
181.116 50
181.123 50
181.129 50
181.137 50
181.144 50
181.15 50
181.157 50
181.163 50
181.169 50
181.176 50
181.182 50
181.188 50
181.195 50
181.201 51
181.208 51
181.215 51
181.222 51
181.228 51
181.235 51
181.242 51
181.249 51
181.255 51
181.261 51
181.268 51
181.274 51
181.28 51
181.287 51
181.293 51
181.299 51
181.306 51
181.312 51
181.318 51
181.325 51
181.331 51
181.337 51
181.344 51
181.35 51
181.356 51
181.362 51
181.369 51
181.375 51
181.382 51
181.388 51
181.395 51
181.402 51
181.409 51
181.415 51
181.422 51
181.428 51
181.434 51
181.441 51
181.447 51
181.453 51
181.459 51
181.466 51
181.472 51
181.479 51
181.486 51
181.492 51
181.499 51
181.506 51
181.513 51
181.519 51
181.526 51
181.533 51
181.539 52
181.546 52
181.552 52
181.559 52
181.565 52
181.571 52
181.578 52
181.584 52
181.591 52
181.597 52
181.604 52
181.61 52
181.616 52
181.623 52
181.63 52
181.636 52
181.642 52
181.649 52
181.655 52
181.661 52
181.668 52
181.674 52
181.68 52
181.687 52
181.693 52
181.699 52
181.706 52
181.712 52
181.718 52
181.724 52
181.731 52
181.737 52
181.743 52
181.75 52
181.756 52
181.762 52
181.769 52
181.775 52
181.781 52
181.787 52
181.794 52
181.8 52
181.806 52
181.813 52
181.82 52
181.826 52
181.833 52
181.84 52
181.846 52
181.853 52
181.859 52
181.865 52
181.871 52
181.878 52
181.884 53
181.89 53
181.897 53
181.903 53
181.909 53
181.916 53
181.922 53
181.929 53
181.935 53
181.941 53
181.947 53
181.954 53
181.96 53
181.966 53
181.973 53
181.979 53
181.985 53
181.992 53
181.998 53
182.004 53
182.011 53
182.017 53
182.023 53
182.029 53
182.036 53
182.042 53
182.048 53
182.055 53
182.061 53
182.067 53
182.074 53
182.08 53
182.086 53
182.092 53
182.099 53
182.105 53
182.111 53
182.118 53
182.124 53
182.13 53
182.137 53
182.143 53
182.149 53
182.155 53
182.162 53
182.168 53
182.174 53
182.181 53
182.187 53
182.193 53
182.2 53
182.206 53
182.212 53
182.219 53
182.225 54
182.231 54
182.237 54
182.244 54
182.25 54
182.256 54
182.263 54
182.269 54
182.275 54
182.282 54
182.288 54
182.294 54
182.3 54
182.307 54
182.313 54
182.319 54
182.326 54
182.332 54
182.338 54
182.345 54
182.351 54
182.357 54
182.364 54
182.37 54
182.376 54
182.382 54
182.389 54
182.395 54
182.401 54
182.408 54
182.414 54
182.42 54
182.427 54
182.433 54
182.439 54
182.445 54
182.452 54
182.458 54
182.464 54
182.471 54
182.477 54
182.483 54
182.49 54
182.496 54
182.502 54
182.509 54
182.515 54
182.521 54
182.527 54
182.534 54
182.54 54
182.546 54
182.553 54
182.559 54
182.565 54
182.572 54
182.578 55
182.584 55
182.59 55
182.597 55
182.603 55
182.609 55
182.616 55
182.622 55
182.628 55
182.635 55
182.641 55
182.647 55
182.654 55
182.66 55
182.666 55
182.672 55
182.679 55
182.685 55
182.691 55
182.698 55
182.704 55
182.71 55
182.717 55
182.723 55
182.729 55
182.735 55
182.742 55
182.748 55
182.754 55
182.761 55
182.767 55
182.773 55
182.78 55
182.786 55
182.792 55
182.799 55
182.805 55
182.811 55
182.817 55
182.824 55
182.83 55
182.836 55
182.843 55
182.849 55
182.855 55
182.862 55
182.868 55
182.874 55
182.88 55
182.887 55
182.893 55
182.899 55
182.906 55
182.912 55
182.918 55
182.925 55
182.931 56
182.937 56
182.943 56
182.95 56
182.956 56
182.962 56
182.969 56
182.975 56
182.981 56
182.988 56
182.994 56
183 56
183.007 56
183.013 56
183.019 56
183.025 56
183.032 56
183.038 56
183.044 56
183.051 56
183.057 56
183.063 56
183.07 56
183.076 56
183.082 56
183.088 56
183.095 56
183.101 56
183.107 56
183.114 56
183.12 56
183.126 56
183.133 56
183.139 56
183.145 56
183.152 56
183.158 56
183.164 56
183.17 56
183.177 56
183.183 56
183.189 56
183.196 56
183.202 56
183.208 56
183.215 56
183.221 56
183.227 56
183.233 56
183.24 56
183.246 56
183.252 56
183.259 56
183.265 56
183.271 56
183.278 56
183.284 56
183.29 56
183.297 57
183.303 57
183.309 57
183.315 57
183.322 57
183.328 57
183.334 57
183.341 57
183.347 57
183.353 57
183.36 57
183.366 57
183.372 57
183.378 57
183.385 57
183.391 57
183.397 57
183.404 57
183.41 57
183.416 57
183.423 57
183.429 57
183.435 57
183.442 57
183.448 57
183.454 57
183.46 57
183.467 57
183.473 57
183.479 57
183.486 57
183.492 57
183.498 57
183.505 57
183.511 57
183.517 57
183.523 57
183.53 57
183.536 57
183.542 57
183.549 57
183.555 57
183.561 57
183.568 57
183.574 57
183.58 57
183.587 57
183.593 57
183.599 57
183.605 57
183.612 57
183.618 57
183.624 57
183.631 57
183.637 57
183.643 57
183.65 57
183.656 57
183.662 58
183.668 58
183.675 58
183.681 58
183.687 58
183.694 58
183.7 58
183.706 58
183.713 58
183.719 58
183.725 58
183.731 58
183.738 58
183.744 58
183.75 58
183.757 58
183.763 58
183.769 58
183.776 58
183.782 58
183.788 58
183.795 58
183.801 58
183.807 58
183.813 58
183.82 58
183.826 58
183.832 58
183.839 58
183.845 58
183.851 58
183.858 58
183.864 58
183.87 58
183.876 58
183.883 58
183.889 58
183.895 58
183.902 58
183.908 58
183.914 58
183.921 58
183.927 58
183.933 58
183.94 58
183.946 58
183.952 58
183.958 58
183.965 58
183.971 58
183.977 58
183.984 58
183.99 58
183.996 58
184.003 58
184.009 58
184.015 58
184.021 58
184.028 58
184.034 58
184.04 59
184.047 59
184.053 59
184.059 59
184.066 59
184.072 59
184.078 59
184.085 59
184.091 59
184.097 59
184.103 59
184.11 59
184.116 59
184.122 59
184.129 59
184.135 59
184.141 59
184.148 59
184.154 59
184.16 59
184.166 59
184.173 59
184.179 59
184.185 59
184.192 59
184.198 59
184.204 59
184.211 59
184.217 59
184.223 59
184.23 59
184.236 59
184.242 59
184.248 59
184.255 59
184.261 59
184.267 59
184.274 59
184.28 59
184.286 59
184.293 59
184.299 59
184.305 59
184.311 59
184.318 59
184.324 59
184.33 59
184.337 59
184.343 59
184.349 59
184.356 59
184.362 59
184.368 59
184.375 59
184.381 59
184.387 59
184.393 59
184.4 59
184.406 59
184.412 59
184.419 60
184.425 60
184.431 60
184.438 60
184.444 60
184.45 60
184.456 60
184.463 60
184.469 60
184.475 60
184.482 60
184.488 60
184.494 60
184.501 60
184.507 60
184.513 60
184.519 60
184.526 60
184.532 60
184.538 60
184.545 60
184.551 60
184.557 60
184.564 60
184.57 60
184.576 60
184.583 60
184.589 60
184.595 60
184.601 60
184.608 60
184.614 60
184.62 60
184.627 60
184.633 60
184.639 60
184.646 60
184.652 60
184.658 60
184.664 60
184.671 60
184.677 60
184.683 60
184.69 60
184.696 60
184.702 60
184.709 60
184.715 60
184.721 60
184.728 60
184.734 60
184.74 60
184.746 60
184.753 60
184.759 60
184.765 60
184.772 60
184.778 60
184.784 60
184.791 60
184.797 60
184.803 60
184.809 60
184.816 61
184.822 61
184.828 61
184.835 61
184.841 61
184.847 61
184.854 61
184.86 61
184.866 61
184.873 61
184.879 61
184.885 61
184.891 61
184.898 61
184.904 61
184.91 61
184.917 61
184.923 61
184.929 61
184.936 61
184.942 61
184.948 61
184.954 61
184.961 61
184.967 61
184.973 61
184.98 61
184.986 61
184.992 61
184.999 61
185.005 61
185.011 61
185.018 61
185.024 61
185.03 61
185.036 61
185.043 61
185.049 61
185.055 61
185.062 61
185.068 61
185.074 61
185.081 61
185.087 61
185.093 61
185.099 61
185.106 61
185.112 61
185.118 61
185.125 61
185.131 61
185.137 61
185.144 61
185.15 61
185.156 61
185.163 61
185.169 61
185.175 61
185.181 61
185.188 61
185.194 61
185.2 61
185.207 62
185.213 62
185.219 62
185.226 62
185.232 62
185.238 62
185.244 62
185.251 62
185.257 62
185.263 62
185.27 62
185.276 62
185.282 62
185.289 62
185.295 62
185.301 62
185.307 62
185.314 62
185.32 62
185.326 62
185.333 62
185.339 62
185.345 62
185.352 62
185.358 62
185.364 62
185.371 62
185.377 62
185.383 62
185.389 62
185.396 62
185.402 62
185.408 62
185.415 62
185.421 62
185.427 62
185.434 62
185.44 62
185.446 62
185.452 62
185.459 62
185.465 62
185.471 62
185.478 62
185.484 62
185.49 62
185.497 62
185.503 62
185.509 62
185.516 62
185.522 62
185.528 62
185.534 62
185.541 62
185.547 62
185.553 62
185.56 62
185.566 62
185.572 62
185.579 62
185.585 62
185.591 62
185.597 62
185.604 62
185.61 63
185.616 63
185.623 63
185.629 63
185.635 63
185.642 63
185.648 63
185.654 63
185.661 63
185.667 63
185.673 63
185.679 63
185.686 63
185.692 63
185.698 63
185.705 63
185.711 63
185.717 63
185.724 63
185.73 63
185.736 63
185.742 63
185.749 63
185.755 63
185.761 63
185.768 63
185.774 63
185.78 63
185.787 63
185.793 63
185.799 63
185.806 63
185.812 63
185.818 63
185.824 63
185.831 63
185.837 63
185.843 63
185.85 63
185.856 63
185.862 63
185.869 63
185.875 63
185.881 63
185.887 63
185.894 63
185.9 63
185.906 63
185.913 63
185.919 63
185.925 63
185.932 63
185.938 63
185.944 63
185.951 63
185.957 63
185.963 63
185.969 63
185.976 63
185.982 63
185.988 63
185.995 63
186.001 63
186.007 63
186.014 63
186.02 64
186.026 64
186.032 64
186.039 64
186.045 64
186.051 64
186.058 64
186.064 64
186.07 64
186.077 64
186.083 64
186.089 64
186.095 64
186.102 64
186.108 64
186.114 64
186.121 64
186.127 64
186.133 64
186.14 64
186.146 64
186.152 64
186.159 64
186.165 64
186.171 64
186.177 64
186.184 64
186.19 64
186.196 64
186.203 64
186.209 64
186.215 64
186.222 64
186.228 64
186.234 64
186.24 64
186.247 64
186.253 64
186.259 64
186.266 64
186.272 64
186.278 64
186.285 64
186.291 64
186.297 64
186.304 64
186.31 64
186.316 64
186.322 64
186.329 64
186.335 64
186.341 64
186.348 64
186.354 64
186.36 64
186.367 64
186.373 64
186.379 64
186.385 64
186.392 64
186.398 64
186.404 64
186.411 64
186.417 64
186.423 64
186.43 65
186.436 65
186.442 65
186.449 65
186.455 65
186.461 65
186.467 65
186.474 65
186.48 65
186.486 65
186.493 65
186.499 65
186.505 65
186.512 65
186.518 65
186.524 65
186.53 65
186.537 65
186.543 65
186.549 65
186.556 65
186.562 65
186.568 65
186.575 65
186.581 65
186.587 65
186.594 65
186.6 65
186.606 65
186.612 65
186.619 65
186.625 65
186.631 65
186.638 65
186.644 65
186.65 65
186.657 65
186.663 65
186.669 65
186.675 65
186.682 65
186.688 65
186.694 65
186.701 65
186.707 65
186.713 65
186.72 65
186.726 65
186.732 65
186.739 65
186.745 65
186.751 65
186.757 65
186.764 65
186.77 65
186.776 65
186.783 65
186.789 65
186.795 65
186.802 65
186.808 65
186.814 65
186.82 65
186.827 65
186.833 65
186.839 65
186.846 65
186.852 65
186.858 66
186.865 66
186.871 66
186.877 66
186.883 66
186.89 66
186.896 66
186.902 66
186.909 66
186.915 66
186.921 66
186.928 66
186.934 66
186.94 66
186.947 66
186.953 66
186.959 66
186.965 66
186.972 66
186.978 66
186.984 66
186.991 66
186.997 66
187.003 66
187.01 66
187.016 66
187.022 66
187.028 66
187.035 66
187.041 66
187.047 66
187.054 66
187.06 66
187.066 66
187.073 66
187.079 66
187.085 66
187.092 66
187.098 66
187.104 66
187.11 66
187.117 66
187.174 31
187.771 31
187.778 31
187.784 31
187.79 31
187.797 31
187.803 31
187.835 31
187.841 31
187.847 31
187.854 31
187.86 31
187.866 31
187.872 31
187.879 31
187.885 31
187.891 32
187.898 32
187.904 32
187.91 32
187.917 32
187.923 32
187.929 32
187.935 32
187.942 32
187.948 32
187.954 32
187.961 32
187.967 32
187.973 32
187.98 32
187.986 32
187.992 32
187.999 32
188.005 32
188.011 32
188.017 32
188.024 32
188.035 32
188.041 32
188.048 32
188.054 32
188.06 32
188.067 32
188.073 32
188.079 32
188.086 32
188.092 32
188.098 32
188.104 33
188.111 33
188.117 33
188.123 33
188.13 33
188.136 33
188.142 33
188.149 33
188.155 33
188.161 33
188.168 33
188.174 33
188.18 33
188.186 33
188.193 33
188.199 33
188.205 33
188.212 33
188.218 33
188.224 33
188.231 33
188.237 33
188.243 33
188.249 33
188.256 33
188.262 33
188.268 33
188.275 33
188.281 33
188.287 33
188.294 33
188.3 33
188.306 33
188.312 33
188.319 34
188.325 34
188.331 34
188.338 34
188.344 34
188.35 34
188.357 34
188.363 34
188.369 34
188.376 34
188.382 34
188.388 34
188.394 34
188.401 34
188.407 34
188.413 34
188.42 34
188.426 34
188.432 34
188.439 34
188.445 34
188.451 34
188.457 34
188.464 34
188.47 34
188.476 34
188.483 34
188.489 34
188.495 34
188.502 34
188.508 34
188.514 34
188.521 34
188.527 34
188.533 34
188.539 35
188.546 35
188.552 35
188.558 35
188.565 35
188.571 35
188.577 35
188.584 35
188.59 35
188.596 35
188.602 35
188.609 35
188.615 35
188.621 35
188.628 35
188.634 35
188.64 35
188.647 35
188.653 35
188.659 35
188.666 35
188.672 35
188.678 35
188.684 35
188.691 35
188.697 35
188.703 35
188.71 35
188.716 35
188.722 35
188.729 35
188.735 35
188.741 35
188.747 35
188.754 35
188.76 35
188.766 36
188.773 36
188.779 36
188.785 36
188.792 36
188.798 36
188.804 36
188.811 36
188.817 36
188.823 36
188.829 36
188.836 36
188.842 36
188.848 36
188.855 36
188.861 36
188.867 36
188.874 36
188.88 36
188.886 36
188.892 36
188.899 36
188.905 36
188.911 36
188.918 36
188.924 36
188.93 36
188.937 36
188.943 36
188.949 36
188.956 36
188.962 36
188.968 36
188.974 36
188.981 36
188.987 36
188.993 36
189 37
189.006 37
189.012 37
189.019 37
189.025 37
189.031 37
189.037 37
189.044 37
189.05 37
189.056 37
189.063 37
189.069 37
189.075 37
189.082 37
189.088 37
189.094 37
189.1 37
189.107 37
189.113 37
189.119 37
189.126 37
189.132 37
189.138 37
189.145 37
189.151 37
189.157 37
189.164 37
189.17 37
189.176 37
189.182 37
189.189 37
189.195 37
189.201 37
189.208 37
189.214 37
189.22 37
189.227 37
189.233 37
189.239 38
189.245 38
189.252 38
189.258 38
189.264 38
189.271 38
189.277 38
189.283 38
189.29 38
189.296 38
189.302 38
189.309 38
189.315 38
189.321 38
189.327 38
189.334 38
189.34 38
189.346 38
189.353 38
189.359 38
189.365 38
189.372 38
189.378 38
189.384 38
189.39 38
189.397 38
189.403 38
189.409 38
189.416 38
189.422 38
189.428 38
189.435 38
189.441 38
189.447 38
189.454 38
189.46 38
189.466 38
189.472 38
189.479 38
189.485 39
189.491 39
189.498 39
189.504 39
189.51 39
189.517 39
189.523 39
189.529 39
189.535 39
189.542 39
189.548 39
189.554 39
189.561 39
189.567 39
189.573 39
189.58 39
189.586 39
189.592 39
189.599 39
189.605 39
189.611 39
189.617 39
189.624 39
189.63 39
189.636 39
189.643 39
189.649 39
189.655 39
189.662 39
189.668 39
189.674 39
189.68 39
189.687 39
189.693 39
189.699 39
189.706 39
189.712 39
189.718 39
189.725 39
189.731 39
189.737 40
189.744 40
189.75 40
189.756 40
189.762 40
189.769 40
189.775 40
189.781 40
189.788 40
189.794 40
189.8 40
189.807 40
189.813 40
189.819 40
189.825 40
189.832 40
189.838 40
189.844 40
189.851 40
189.857 40
189.863 40
189.87 40
189.876 40
189.882 40
189.888 40
189.895 40
189.901 40
189.907 40
189.914 40
189.92 40
189.926 40
189.933 40
189.939 40
189.945 40
189.952 40
189.958 40
189.964 40
189.97 40
189.977 40
189.983 40
189.989 40
189.996 41
190.002 41
190.008 41
190.015 41
190.021 41
190.027 41
190.034 41
190.04 41
190.046 41
190.053 41
190.059 41
190.065 41
190.072 41
190.078 41
190.084 41
190.091 41
190.097 41
190.103 41
190.109 41
190.116 41
190.122 41
190.128 41
190.135 41
190.141 41
190.147 41
190.154 41
190.16 41
190.166 41
190.172 41
190.179 41
190.185 41
190.191 41
190.198 41
190.204 41
190.21 41
190.217 41
190.223 41
190.229 41
190.236 41
190.242 41
190.248 41
190.254 41
190.261 42
190.267 42
190.274 42
190.281 42
190.288 42
190.294 42
190.3 42
190.307 42
190.313 42
190.319 42
190.326 42
190.332 42
190.338 42
190.344 42
190.351 42
190.357 42
190.364 42
190.37 42
190.377 42
190.384 42
190.391 42
190.398 42
190.405 42
190.411 42
190.418 42
190.424 42
190.43 42
190.437 42
190.443 42
190.45 42
190.456 42
190.463 42
190.47 42
190.476 42
190.483 42
190.489 42
190.496 42
190.502 42
190.508 42
190.515 42
190.521 42
190.528 42
190.534 42
190.54 43
190.546 43
190.553 43
190.559 43
190.565 43
190.572 43
190.578 43
190.584 43
190.591 43
190.597 43
190.603 43
190.609 43
190.616 43
190.622 43
190.628 43
190.635 43
190.641 43
190.647 43
190.654 43
190.66 43
190.666 43
190.673 43
190.679 43
190.685 43
190.691 43
190.698 43
190.704 43
190.71 43
190.717 43
190.723 43
190.729 43
190.736 43
190.742 43
190.748 43
190.754 43
190.761 43
190.768 43
190.774 43
190.781 43
190.788 43
190.795 43
190.801 43
190.808 43
190.815 43
190.822 44
190.828 44
190.835 44
190.841 44
190.848 44
190.855 44
190.862 44
190.868 44
190.874 44
190.881 44
190.887 44
190.893 44
190.9 44
190.906 44
190.912 44
190.919 44
190.925 44
190.931 44
190.937 44
190.944 44
190.95 44
190.956 44
190.963 44
190.969 44
190.975 44
190.982 44
190.988 44
190.994 44
191 44
191.007 44
191.013 44
191.019 44
191.026 44
191.032 44
191.038 44
191.045 44
191.051 44
191.057 44
191.064 44
191.07 44
191.076 44
191.082 44
191.089 44
191.095 44
191.101 44
191.108 45
191.115 45
191.121 45
191.128 45
191.134 45
191.141 45
191.147 45
191.153 45
191.159 45
191.166 45
191.172 45
191.179 45
191.186 45
191.192 45
191.199 45
191.206 45
191.213 45
191.219 45
191.226 45
191.233 45
191.239 45
191.246 45
191.253 45
191.26 45
191.266 45
191.273 45
191.28 45
191.286 45
191.292 45
191.299 45
191.305 45
191.311 45
191.317 45
191.324 45
191.33 45
191.336 45
191.343 45
191.349 45
191.355 45
191.362 45
191.368 45
191.374 45
191.38 45
191.387 45
191.393 45
191.399 45
191.406 45
191.412 46
191.418 46
191.425 46
191.431 46
191.437 46
191.443 46
191.45 46
191.456 46
191.462 46
191.469 46
191.475 46
191.483 46
191.49 46
191.496 46
191.502 46
191.509 46
191.515 46
191.521 46
191.528 46
191.534 46
191.54 46
191.547 46
191.553 46
191.559 46
191.565 46
191.572 46
191.578 46
191.586 46
191.593 46
191.599 46
191.606 46
191.613 46
191.619 46
191.626 46
191.633 46
191.639 46
191.646 46
191.652 46
191.658 46
191.665 46
191.671 46
191.677 46
191.684 46
191.69 46
191.696 46
191.702 46
191.709 46
191.715 47
191.721 47
191.728 47
191.734 47
191.74 47
191.747 47
191.753 47
191.759 47
191.765 47
191.772 47
191.778 47
191.784 47
191.791 47
191.798 47
191.805 47
191.812 47
191.819 47
191.826 47
191.833 47
191.84 47
191.846 47
191.853 47
191.86 47
191.866 47
191.873 47
191.879 47
191.885 47
191.892 47
191.898 47
191.904 47
191.91 47
191.917 47
191.923 47
191.929 47
191.936 47
191.942 47
191.948 47
191.955 47
191.961 47
191.967 47
191.974 47
191.98 47
191.986 47
191.992 47
191.999 47
192.005 47
192.011 47
192.018 47
192.024 48
192.032 48
192.039 48
192.046 48
192.052 48
192.06 48
192.067 48
192.074 48
192.081 48
192.088 48
192.095 48
192.102 48
192.109 48
192.116 48
192.123 48
192.129 48
192.135 48
192.142 48
192.148 48
192.154 48
192.161 48
192.167 48
192.173 48
192.179 48
192.186 48
192.192 48
192.198 48
192.205 48
192.211 48
192.217 48
192.224 48
192.23 48
192.236 48
192.243 48
192.249 48
192.255 48
192.261 48
192.268 48
192.274 48
192.28 48
192.287 48
192.293 48
192.299 48
192.306 48
192.312 48
192.319 48
192.326 48
192.334 48
192.341 48
192.348 49
192.355 49
192.362 49
192.368 49
192.374 49
192.381 49
192.387 49
192.393 49
192.4 49
192.406 49
192.412 49
192.419 49
192.425 49
192.431 49
192.438 49
192.444 49
192.45 49
192.457 49
192.463 49
192.469 49
192.476 49
192.482 49
192.488 49
192.495 49
192.501 49
192.508 49
192.515 49
192.521 49
192.529 49
192.536 49
192.542 49
192.549 49
192.555 49
192.562 49
192.569 49
192.575 49
192.582 49
192.588 49
192.595 49
192.601 49
192.608 49
192.614 49
192.62 49
192.626 49
192.633 49
192.639 49
192.645 49
192.652 49
192.658 49
192.664 49
192.671 50
192.677 50
192.683 50
192.689 50
192.696 50
192.702 50
192.708 50
192.715 50
192.721 50
192.727 50
192.734 50
192.74 50
192.746 50
192.753 50
192.759 50
192.766 50
192.773 50
192.78 50
192.787 50
192.793 50
192.8 50
192.807 50
192.814 50
192.82 50
192.827 50
192.833 50
192.84 50
192.847 50
192.853 50
192.86 50
192.867 50
192.874 50
192.881 50
192.887 50
192.893 50
192.9 50
192.906 50
192.913 50
192.919 50
192.926 50
192.932 50
192.938 50
192.945 50
192.951 50
192.957 50
192.964 50
192.97 50
192.976 50
192.982 50
192.989 50
192.995 50
193.001 50
193.008 51
193.014 51
193.02 51
193.027 51
193.033 51
193.039 51
193.046 51
193.052 51
193.058 51
193.064 51
193.071 51
193.077 51
193.083 51
193.09 51
193.096 51
193.102 51
193.109 51
193.115 51
193.141 24
193.458 24
193.549 24
193.555 24
193.561 24
193.568 24
193.574 24
193.58 24
193.586 24
193.593 24
193.599 24
193.605 24
193.612 24
193.618 25
193.624 25
193.631 25
193.637 25
193.643 25
193.649 25
193.656 25
193.662 25
193.668 25
193.675 25
193.681 25
193.687 25
193.694 25
193.731 25
193.738 25
193.744 25
193.75 25
193.756 25
193.763 25
193.769 25
193.775 25
193.782 25
193.788 25
193.794 25
193.801 25
193.807 25
193.813 26
193.82 26
193.826 26
193.832 26
193.838 26
193.845 26
193.851 26
193.857 26
193.864 26
193.87 26
193.876 26
193.883 26
193.899 26
193.905 26
193.911 26
193.918 26
193.924 26
193.93 26
193.937 26
193.943 26
193.949 26
193.956 26
193.962 26
193.968 26
193.974 26
193.981 26
193.988 27
193.996 27
194.003 27
194.009 27
194.016 27
194.022 27
194.028 27
194.035 27
194.041 27
194.047 27
194.054 27
194.06 27
194.071 27
194.078 27
194.084 27
194.09 27
194.096 27
194.103 27
194.109 27
194.115 27
194.122 27
194.128 27
194.134 27
194.141 27
194.147 27
194.153 27
194.159 27
194.166 27
194.172 28
194.178 28
194.185 28
194.191 28
194.197 28
194.204 28
194.21 28
194.216 28
194.223 28
194.229 28
194.235 28
194.241 28
194.248 28
194.254 28
194.26 28
194.267 28
194.273 28
194.279 28
194.286 28
194.292 28
194.298 28
194.304 28
194.311 28
194.317 28
194.323 28
194.33 28
194.336 28
194.342 28
194.349 28
194.356 29
194.362 29
194.368 29
194.375 29
194.381 29
194.387 29
194.394 29
194.4 29
194.406 29
194.413 29
194.419 29
194.425 29
194.431 29
194.438 29
194.444 29
194.45 29
194.457 29
194.463 29
194.47 29
194.477 29
194.483 29
194.489 29
194.496 29
194.503 29
194.509 29
194.515 29
194.522 29
194.528 29
194.536 29
194.543 29
194.55 30
194.556 30
194.562 30
194.568 30
194.575 30
194.581 30
194.587 30
194.594 30
194.6 30
194.606 30
194.613 30
194.619 30
194.625 30
194.631 30
194.638 30
194.644 30
194.65 30
194.657 30
194.663 30
194.669 30
194.676 30
194.682 30
194.688 30
194.695 30
194.701 30
194.707 30
194.713 30
194.72 30
194.726 30
194.732 30
194.739 31
194.745 31
194.751 31
194.758 31
194.764 31
194.77 31
194.776 31
194.783 31
194.79 31
194.797 31
194.803 31
194.809 31
194.816 31
194.822 31
194.828 31
194.834 31
194.841 31
194.847 31
194.853 31
194.86 31
194.866 31
194.872 31
194.879 31
194.885 31
194.891 31
194.898 31
194.904 31
194.91 31
194.916 31
194.923 31
194.929 31
194.935 31
194.942 32
194.948 32
194.954 32
194.961 32
194.967 32
194.973 32
194.979 32
194.986 32
194.992 32
194.998 32
195.005 32
195.011 32
195.017 32
195.024 32
195.03 32
195.036 32
195.043 32
195.049 32
195.055 32
195.061 32
195.068 32
195.074 32
195.08 32
195.087 32
195.093 32
195.099 32
195.106 32
195.113 32
195.119 32
195.126 32
195.132 32
195.139 32
195.145 32
195.151 33
195.158 33
195.164 33
195.17 33
195.176 33
195.183 33
195.189 33
195.195 33
195.202 33
195.208 33
195.214 33
195.221 33
195.227 33
195.233 33
195.239 33
195.246 33
195.252 33
195.258 33
195.265 33
195.271 33
195.277 33
195.284 33
195.29 33
195.296 33
195.303 33
195.309 33
195.315 33
195.322 33
195.329 33
195.335 33
195.341 33
195.348 33
195.355 33
195.361 33
195.368 34
195.374 34
195.38 34
195.387 34
195.393 34
195.399 34
195.406 34
195.412 34
195.418 34
195.425 34
195.431 34
195.437 34
195.443 34
195.45 34
195.456 34
195.462 34
195.469 34
195.475 34
195.481 34
195.488 34
195.494 34
195.5 34
195.506 34
195.513 34
195.519 34
195.525 34
195.532 34
195.538 34
195.544 34
195.551 34
195.557 34
195.563 34
195.57 34
195.576 34
195.582 34
195.588 35
195.595 35
195.601 35
195.607 35
195.615 35
195.622 35
195.629 35
195.636 35
195.643 35
195.649 35
195.655 35
195.662 35
195.668 35
195.674 35
195.68 35
195.687 35
195.693 35
195.699 35
195.706 35
195.712 35
195.718 35
195.725 35
195.731 35
195.737 35
195.744 35
195.75 35
195.756 35
195.762 35
195.769 35
195.775 35
195.781 35
195.788 35
195.794 35
195.8 35
195.807 35
195.813 35
195.82 36
195.826 36
195.833 36
195.84 36
195.846 36
195.853 36
195.86 36
195.866 36
195.872 36
195.879 36
195.885 36
195.891 36
195.898 36
195.904 36
195.91 36
195.917 36
195.923 36
195.929 36
195.935 36
195.942 36
195.948 36
195.954 36
195.961 36
195.967 36
195.973 36
195.98 36
195.986 36
195.992 36
195.999 36
196.005 36
196.011 36
196.017 36
196.024 36
196.03 36
196.036 36
196.043 36
196.049 36
196.055 37
196.062 37
196.068 37
196.075 37
196.083 37
196.089 37
196.096 37
196.103 37
196.109 37
196.115 37
196.122 37
196.129 37
196.135 37
196.141 37
196.148 37
196.154 37
196.16 37
196.167 37
196.173 37
196.179 37
196.186 37
196.193 37
196.2 37
196.206 37
196.212 37
196.219 37
196.225 37
196.231 37
196.237 37
196.244 37
196.25 37
196.256 37
196.263 37
196.269 37
196.275 37
196.282 37
196.288 37
196.294 37
196.3 38
196.307 38
196.313 38
196.319 38
196.326 38
196.332 38
196.338 38
196.345 38
196.351 38
196.357 38
196.364 38
196.37 38
196.376 38
196.382 38
196.389 38
196.395 38
196.401 38
196.408 38
196.414 38
196.42 38
196.427 38
196.433 38
196.44 38
196.447 38
196.454 38
196.461 38
196.468 38
196.474 38
196.481 38
196.487 38
196.494 38
196.5 38
196.506 38
196.513 38
196.519 38
196.525 38
196.532 38
196.538 38
196.544 38
196.55 39
196.557 39
196.563 39
196.569 39
196.576 39
196.582 39
196.588 39
196.595 39
196.601 39
196.607 39
196.613 39
196.62 39
196.626 39
196.632 39
196.639 39
196.645 39
196.651 39
196.658 39
196.664 39
196.67 39
196.677 39
196.684 39
196.691 39
196.697 39
196.704 39
196.71 39
196.717 39
196.723 39
196.729 39
196.736 39
196.742 39
196.749 39
196.755 39
196.761 39
196.767 39
196.774 39
196.78 39
196.786 39
196.793 39
196.799 39
196.805 40
196.812 40
196.818 40
196.824 40
196.83 40
196.837 40
196.843 40
196.849 40
196.856 40
196.862 40
196.869 40
196.875 40
196.882 40
196.888 40
196.894 40
196.9 40
196.907 40
196.913 40
196.919 40
196.926 40
196.932 40
196.938 40
196.945 40
196.951 40
196.957 40
196.963 40
196.97 40
196.977 40
196.984 40
196.99 40
196.997 40
197.004 40
197.011 40
197.018 40
197.024 40
197.031 40
197.038 40
197.044 40
197.051 40
197.058 40
197.065 40
197.071 41
197.078 41
197.084 41
197.09 41
197.097 41
197.103 41
197.109 41
197.116 41
197.122 41
197.128 41
197.134 41
197.141 41
197.147 41
197.153 41
197.16 41
197.166 41
197.172 41
197.179 41
197.185 41
197.191 41
197.198 41
197.204 41
197.21 41
197.216 41
197.223 41
197.229 41
197.235 41
197.242 41
197.248 41
197.254 41
197.261 41
197.267 41
197.273 41
197.279 41
197.286 41
197.292 41
197.298 41
197.305 41
197.311 41
197.317 41
197.324 41
197.33 41
197.337 42
197.343 42
197.35 42
197.356 42
197.363 42
197.37 42
197.376 42
197.383 42
197.39 42
197.397 42
197.403 42
197.409 42
197.415 42
197.422 42
197.428 42
197.435 42
197.442 42
197.449 42
197.455 42
197.462 42
197.469 42
197.476 42
197.483 42
197.489 42
197.496 42
197.502 42
197.508 42
197.515 42
197.521 42
197.527 42
197.534 42
197.54 42
197.546 42
197.553 42
197.559 42
197.565 42
197.571 42
197.578 42
197.584 42
197.59 42
197.597 42
197.603 42
197.609 42
197.616 43
197.623 43
197.629 43
197.636 43
197.642 43
197.649 43
197.655 43
197.662 43
197.669 43
197.677 43
197.683 43
197.689 43
197.696 43
197.702 43
197.708 43
197.715 43
197.722 43
197.73 43
197.736 43
197.743 43
197.75 43
197.756 43
197.763 43
197.77 43
197.776 43
197.784 43
197.791 43
197.798 43
197.805 43
197.813 43
197.819 43
197.826 43
197.832 43
197.839 43
197.845 43
197.851 43
197.858 43
197.865 43
197.871 43
197.878 43
197.884 43
197.89 43
197.897 43
197.903 43
197.909 44
197.916 44
197.922 44
197.929 44
197.935 44
197.942 44
197.948 44
197.954 44
197.961 44
197.967 44
197.973 44
197.98 44
197.986 44
197.992 44
197.999 44
198.005 44
198.011 44
198.017 44
198.024 44
198.03 44
198.036 44
198.043 44
198.049 44
198.055 44
198.062 44
198.068 44
198.075 44
198.081 44
198.087 44
198.094 44
198.1 44
198.106 44
198.113 44
198.121 44
198.127 44
198.135 44
198.142 44
198.148 44
198.154 44
198.161 44
198.168 44
198.174 44
198.181 44
198.187 44
198.194 44
198.201 45
198.208 45
198.216 45
198.223 45
198.23 45
198.236 45
198.243 45
198.249 45
198.256 45
198.262 45
198.269 45
198.275 45
198.281 45
198.287 45
198.294 45
198.3 45
198.307 45
198.313 45
198.319 45
198.326 45
198.332 45
198.338 45
198.345 45
198.351 45
198.357 45
198.363 45
198.37 45
198.376 45
198.382 45
198.389 45
198.395 45
198.401 45
198.408 45
198.414 45
198.42 45
198.426 45
198.433 45
198.439 45
198.445 45
198.452 45
198.458 45
198.464 45
198.471 45
198.477 45
198.484 45
198.49 45
198.498 46
198.505 46
198.512 46
198.519 46
198.526 46
198.533 46
198.54 46
198.547 46
198.554 46
198.562 46
198.568 46
198.575 46
198.582 46
198.588 46
198.595 46
198.602 46
198.608 46
198.615 46
198.621 46
198.628 46
198.635 46
198.641 46
198.647 46
198.654 46
198.66 46
198.666 46
198.672 46
198.679 46
198.685 46
198.691 46
198.698 46
198.704 46
198.71 46
198.717 46
198.723 46
198.729 46
198.736 46
198.742 46
198.748 46
198.754 46
198.761 46
198.767 46
198.773 46
198.78 46
198.786 46
198.792 46
198.799 46
198.805 47
198.811 47
198.817 47
198.824 47
198.831 47
198.838 47
198.845 47
198.851 47
198.857 47
198.864 47
198.87 47
198.876 47
198.883 47
198.889 47
198.896 47
198.902 47
198.909 47
198.916 47
198.923 47
198.93 47
198.937 47
198.943 47
198.95 47
198.956 47
198.963 47
198.969 47
198.975 47
198.982 47
198.988 47
198.995 47
199.001 47
199.007 47
199.014 47
199.02 47
199.026 47
199.033 47
199.039 47
199.046 47
199.052 47
199.059 47
199.066 47
199.072 47
199.079 47
199.085 47
199.091 47
199.098 47
199.104 47
199.11 47
199.117 47
199.123 48
199.129 48
199.136 48
199.142 48
199.149 48
199.156 48
199.162 48
199.169 48
199.175 48
199.181 48
199.188 48
199.194 48
199.2 48
199.206 48
199.213 48
199.219 48
199.225 48
199.232 48
199.238 48
199.244 48
199.251 48
199.257 48
199.263 48
199.269 48
199.276 48
199.282 48
199.288 48
199.295 48
199.301 48
199.307 48
199.314 48
199.32 48
199.326 48
199.333 48
199.339 48
199.345 48
199.352 48
199.358 48
199.365 48
199.371 48
199.377 48
199.384 48
199.39 48
199.397 48
199.403 48
199.41 48
199.416 48
199.422 48
199.429 48
199.435 49
199.442 49
199.449 49
199.455 49
199.461 49
199.468 49
199.474 49
199.48 49
199.487 49
199.493 49
199.499 49
199.506 49
199.512 49
199.518 49
199.524 49
199.531 49
199.537 49
199.543 49
199.55 49
199.556 49
199.562 49
199.569 49
199.575 49
199.581 49
199.587 49
199.594 49
199.6 49
199.606 49
199.613 49
199.619 49
199.625 49
199.632 49
199.638 49
199.644 49
199.651 49
199.657 49
199.663 49
199.669 49
199.676 49
199.682 49
199.688 49
199.695 49
199.701 49
199.707 49
199.714 49
199.72 49
199.726 49
199.732 49
199.739 49
199.745 49
199.751 50
199.758 50
199.764 50
199.77 50
199.777 50
199.783 50
199.789 50
199.796 50
199.802 50
199.808 50
199.814 50
199.821 50
199.827 50
199.833 50
199.84 50
199.846 50
199.852 50
199.859 50
199.865 50
199.871 50
199.877 50
199.884 50
199.89 50
199.896 50
199.903 50
199.909 50
199.915 50
199.922 50
199.928 50
199.934 50
199.941 50
199.947 50
199.953 50
199.959 50
199.966 50
199.972 50
199.978 50
199.985 50
199.991 50
199.997 50
