175.039 29
175.134 30
175.222 31
175.31 32
175.386 33
175.462 34
175.537 35
175.607 36
175.676 37
175.739 38
175.802 39
175.859 40
175.922 41
175.979 42
176.029 43
176.086 44
176.123 30
176.394 31
176.451 32
176.533 33
176.621 34
176.716 35
176.817 36
176.924 37
177.044 38
177.176 39
177.321 40
177.485 41
177.68 42
177.932 43
178.279 44
179.351 30
179.741 31
179.798 32
179.88 33
179.968 34
180.063 35
180.164 36
180.271 37
180.391 38
180.523 39
180.668 40
180.832 41
180.888 28
181.141 29
181.26 30
181.424 31
181.589 21
181.816 22
181.954 23
182.156 24
182.269 16
183.238 1
183.333 2
183.362 3
183.368 4
183.391 5
183.397 6
183.404 7
183.41 8
183.42 9
183.426 10
183.432 11
183.439 12
183.445 13
183.451 14
183.458 15
183.464 16
183.47 17
183.477 18
183.483 19
183.489 20
183.496 21
183.502 22
183.508 23
183.59 24
183.718 25
183.845 26
183.972 27
184.1 28
184.226 29
184.353 30
184.479 31
184.605 32
184.731 33
184.857 34
184.983 35
185.11 36
185.236 37
185.362 38
185.488 39
185.614 40
185.74 41
185.866 42
185.992 43
186.119 44
186.245 45
186.371 46
186.497 47
186.623 48
186.749 49
186.875 50
186.976 35
187.303 36
187.41 37
187.492 38
187.581 39
187.694 40
187.82 41
187.947 42
188.079 43
188.211 44
188.35 45
188.489 46
188.64 47
188.886 48
189.081 49
189.39 50
191.956 51
192.309 52
192.555 53
192.75 54
192.921 55
193.066 56
193.198 57
193.286 39
193.859 40
193.872 41
193.948 42
194.017 43
194.093 44
194.174 45
194.256 46
194.345 47
194.54 48
194.647 49
194.767 50
194.899 51
195.044 52
195.208 53
195.41 54
195.656 55
195.864 56
196.021 39
196.582 40
196.702 41
196.922 42
197.093 43
197.231 44
197.509 45
197.792 46
198.082 47
198.202 32
198.492 33
198.517 34
198.681 35
198.769 36
198.864 37
198.965 38
199.072 39
199.192 40
199.324 41
199.469 42
199.633 43
199.828 44
199.91 30
