15.0573 20
15.0641 20
15.0713 20
15.0785 20
15.0848 20
15.0916 20
15.0994 20
15.1066 21
15.1133 21
15.1198 21
15.1266 21
15.1332 21
15.1395 21
15.1458 21
15.1521 21
15.1588 21
15.1659 21
15.1741 21
15.1844 21
15.1944 21
15.2723 21
15.28 21
15.2879 21
15.295 21
15.3016 21
15.3084 21
15.3174 21
15.3256 21
15.3323 21
15.3389 22
15.3457 22
15.3522 22
15.359 22
15.3654 22
15.3717 22
15.378 22
15.3843 22
15.3911 22
15.3975 22
15.4053 22
15.417 22
15.4971 22
15.5055 22
15.5129 22
15.5208 22
15.5281 22
15.5352 22
15.5444 22
15.5527 22
15.5594 22
15.5678 22
15.5754 22
15.5819 23
15.5888 23
15.5954 23
15.602 23
15.6083 23
15.6148 23
15.6214 23
15.6281 23
15.635 23
15.6417 23
15.6497 23
15.732 23
15.7404 23
15.7482 23
15.7559 23
15.7639 23
15.7718 23
15.7812 23
15.7886 23
15.7962 23
15.8058 23
15.8137 23
15.8204 23
15.8273 24
15.8346 24
15.8412 24
15.8475 24
15.854 24
15.8603 24
15.8671 24
15.8734 24
15.8799 24
15.8877 24
15.8941 24
15.9777 24
15.9862 24
15.9935 24
16.0024 24
16.0102 24
16.0179 24
16.0276 24
16.0357 24
16.043 24
16.0535 24
16.0624 24
16.0699 24
16.0767 24
16.0833 24
16.0899 25
16.0965 25
16.1028 25
16.1091 25
16.116 25
16.1223 25
16.1289 25
16.1355 25
16.1425 25
16.1488 25
16.235 25
16.243 25
16.25 25
16.2606 25
16.2677 25
16.2749 25
16.2861 25
16.2936 25
16.3006 25
16.3116 25
16.3205 25
16.3275 25
16.3369 25
16.3436 25
16.3513 25
16.3576 25
16.3639 26
16.3702 26
16.3765 26
16.3829 26
16.3898 26
16.3962 26
16.4027 26
16.4096 26
16.4161 26
16.5017 26
16.51 26
16.5175 26
16.5283 26
16.5355 26
16.5431 26
16.5545 26
16.562 26
16.569 26
16.5809 26
16.5893 26
16.5968 26
16.6077 26
16.6144 26
16.6224 26
16.6287 26
16.635 26
16.6413 26
16.6476 27
16.6539 27
16.6602 27
16.6665 27
16.6732 27
16.6795 27
16.6858 27
16.6932 27
16.7774 27
16.7864 27
16.7938 27
16.8048 27
16.812 27
16.82 27
16.8314 27
16.8403 27
16.8483 27
16.8595 27
16.8683 27
16.8755 27
16.888 27
16.8951 27
16.9029 27
16.9094 27
16.9157 27
16.9223 27
16.9286 27
16.9349 28
16.9413 28
16.9476 28
16.9542 28
16.9605 28
16.9668 28
16.9734 28
16.9797 28
17.0597 28
17.0683 28
17.0757 28
17.087 28
17.0943 28
17.1022 28
17.1133 28
17.1238 28
17.1316 28
17.1428 28
17.1519 28
17.1884 13
17.4277 13
17.5444 13
17.5507 13
17.557 13
17.5633 13
17.5696 13
17.5759 13
17.5822 13
17.5885 13
17.5948 13
17.6011 13
17.6171 13
17.6235 13
17.6312 14
17.7365 14
17.7432 14
17.7495 14
17.7558 14
17.7621 14
17.7684 14
17.7747 14
17.7817 14
17.7884 14
17.7957 14
17.8125 14
17.8203 14
17.8285 14
17.8352 14
17.927 15
17.9339 15
17.9405 15
17.9471 15
17.9536 15
17.96 15
17.9667 15
17.974 15
17.9819 15
17.9914 15
18.0088 15
18.0181 15
18.0263 15
18.0334 15
18.1224 15
18.1294 16
18.1362 16
18.1434 16
18.1504 16
18.1571 16
18.1637 16
18.1701 16
18.1766 16
18.1832 16
18.1916 16
18.2106 16
18.2217 16
18.2305 16
18.2378 16
18.326 16
18.3344 16
18.3414 16
18.3487 17
18.3555 17
18.3622 17
18.3688 17
18.3755 17
18.3818 17
18.3881 17
18.3946 17
18.4013 17
18.4207 17
18.4332 17
18.4416 17
18.4506 17
18.5396 17
18.5481 17
18.5556 17
18.5638 17
18.5706 18
18.5774 18
18.5844 18
18.5909 18
18.5975 18
18.6043 18
18.6107 18
18.618 18
18.6243 18
18.6403 18
18.6534 18
18.6641 18
18.6719 18
18.7629 18
18.772 18
18.78 18
18.7891 18
18.7963 18
18.8026 18
18.8089 19
18.8155 19
18.8223 19
18.8289 19
18.8354 19
18.8422 19
18.8489 19
18.8554 19
18.8689 19
18.8827 19
18.8944 19
18.9022 19
18.9959 19
19.0056 19
19.015 19
19.0235 19
19.0311 19
19.0374 19
19.0447 19
19.051 20
19.0574 20
19.0637 20
19.0704 20
19.0767 20
19.0832 20
19.0899 20
19.097 20
19.1068 20
19.1222 20
19.1329 20
19.1425 20
19.2392 20
19.2492 20
19.2593 20
19.2686 20
19.2769 20
19.2832 20
19.2903 20
19.2966 20
19.3033 20
19.3098 21
19.3161 21
19.3224 21
19.329 21
19.3357 21
19.3423 21
19.3488 21
19.3552 21
19.3712 21
19.3817 21
19.3925 21
19.4912 21
19.502 21
19.5127 21
19.5224 21
19.5322 21
19.5387 21
19.5462 21
19.5525 21
19.5593 21
19.5658 21
19.5721 21
19.5787 22
19.5851 22
19.5916 22
19.5982 22
19.6047 22
19.611 22
19.6177 22
19.6293 22
19.6408 22
19.6505 22
19.7522 22
19.7641 22
19.7759 22
19.7857 22
19.7959 22
19.8023 22
19.8097 22
19.816 22
19.8231 22
19.8297 22
19.8363 22
19.844 22
19.8503 23
19.857 23
19.8634 23
19.8697 23
19.877 23
19.8834 23
19.8902 23
19.8971 23
19.9092 23
19.9189 23
20.0237 23
20.0354 23
20.0476 23
20.058 23
20.0691 23
20.076 23
20.0836 23
20.0899 23
20.0973 23
20.1038 23
20.1102 23
20.1187 23
20.125 23
20.1317 23
20.1384 24
20.1447 24
20.151 24
20.1574 24
20.1641 24
20.1707 24
20.1771 24
20.1848 24
20.1956 24
20.3031 24
20.3143 24
20.3265 24
20.3379 24
20.349 24
20.3556 24
20.3645 24
20.3708 24
20.3995 11
20.6546 11
20.8017 11
20.8105 11
20.8204 11
20.8279 11
20.8368 11
20.8431 11
20.8496 11
20.8559 11
20.8663 11
20.8726 11
20.8789 12
21.0129 12
21.0227 12
21.0319 12
21.0394 12
21.0492 12
21.0558 12
21.0629 12
21.0692 12
21.0797 12
21.086 12
21.0925 12
21.0989 13
21.2203 13
21.2319 13
21.241 13
21.2495 13
21.259 13
21.2668 13
21.2745 13
21.2811 13
21.2918 13
21.2982 13
21.3052 13
21.3121 13
21.3185 13
21.433 14
21.4453 14
21.455 14
21.4645 14
21.4739 14
21.4815 14
21.4904 14
21.4969 14
21.5086 14
21.5149 14
21.5226 14
21.5293 14
21.536 14
21.6518 14
21.6585 14
21.6655 15
21.6766 15
21.6855 15
21.6971 15
21.7049 15
21.7139 15
21.7202 15
21.7332 15
21.7396 15
21.7471 15
21.754 15
21.7606 15
21.8792 15
21.8864 15
21.8934 15
21.9002 16
21.9071 16
21.9149 16
21.9274 16
21.9349 16
21.9453 16
21.9517 16
21.9654 16
21.9721 16
21.9801 16
21.9881 16
21.9956 16
22.115 16
22.1225 16
22.1301 16
22.1368 16
22.1438 16
22.1508 17
22.1574 17
22.1669 17
22.1752 17
22.1847 17
22.1918 17
22.2072 17
22.2137 17
22.2221 17
22.2303 17
22.2383 17
22.3607 17
22.368 17
22.3777 17
22.385 17
22.392 17
22.3993 17
22.4059 18
22.4124 18
22.4191 18
22.4256 18
22.4329 18
22.4399 18
22.4576 18
22.4642 18
22.4724 18
22.4821 18
22.4898 18
22.6174 18
22.6251 18
22.6361 18
22.643 18
22.6499 18
22.6579 18
22.6644 18
22.6708 18
22.6772 19
22.6847 19
22.6915 19
22.6978 19
22.7041 19
22.7187 19
22.7256 19
22.7334 19
22.7432 19
22.7514 19
22.8845 19
22.892 19
22.9042 19
22.9112 19
22.9184 19
22.9264 19
22.9335 19
22.9407 19
22.9475 19
22.9545 20
22.9608 20
22.9673 20
22.9736 20
22.9801 20
22.9901 20
22.9974 20
23.006 20
23.0155 20
23.024 20
23.1605 20
23.1688 20
23.1807 20
23.1884 20
23.1968 20
23.2049 20
23.2121 20
23.2193 20
23.2267 20
23.2349 20
23.2412 20
23.2475 21
23.2546 21
23.261 21
23.2677 21
23.2744 21
23.2807 21
23.2889 21
23.2984 21
23.3074 21
23.4466 21
23.4546 21
23.4673 21
23.475 21
23.4845 21
23.4928 21
23.4994 21
23.5071 21
23.5156 21
23.5245 21
23.5308 21
23.5375 21
23.5442 21
23.5509 22
23.5572 22
23.5635 22
23.5699 22
23.5765 22
23.583 22
23.5895 22
23.5992 22
23.7399 22
23.7478 22
23.7599 22
23.7687 22
23.7777 22
23.7858 22
23.7926 22
23.8007 22
23.8089 22
23.8177 22
23.824 22
23.8303 22
23.8371 22
23.8444 22
23.8511 23
23.8574 23
23.8637 23
23.87 23
23.8763 23
23.8826 23
23.8889 23
23.8952 23
23.9933 23
23.9996 23
24.0059 23
24.0122 23
24.0185 23
24.0248 23
24.0311 23
24.0375 23
24.0438 23
24.0501 23
24.0564 23
24.0627 23
24.069 23
24.0753 23
24.0816 23
24.0879 23
24.0942 24
24.1005 24
24.1068 24
24.1131 24
24.1194 24
24.1257 24
24.132 24
24.1764 24
24.1827 24
24.189 24
24.1953 24
24.2016 24
24.2079 24
24.2142 24
24.2205 24
24.2268 24
24.2331 24
24.2394 24
24.2457 24
24.252 24
24.2583 24
24.2646 24
24.2709 24
24.2772 24
24.2835 24
24.2898 25
24.2961 25
24.3024 25
24.3088 25
24.3151 25
24.3214 25
24.3424 25
24.3491 25
24.3554 25
24.3617 25
24.368 25
24.3743 25
24.3806 25
24.3869 25
24.3932 25
24.3995 25
24.4058 25
24.4121 25
24.4184 25
24.4247 25
24.431 25
24.4373 25
24.4436 25
24.4499 25
24.4562 25
24.4625 26
24.4689 26
24.4752 26
24.4815 26
24.4878 26
24.4941 26
24.5072 26
24.5143 26
24.5213 26
24.5281 26
24.535 26
24.5413 26
24.5476 26
24.5539 26
24.5602 26
24.5665 26
24.5728 26
24.5792 26
24.586 26
24.5923 26
24.5986 26
24.6049 26
24.6113 26
24.6179 26
24.6244 26
24.6307 26
24.6372 26
24.6436 27
24.6503 27
24.6567 27
24.663 27
24.6693 27
24.6764 27
24.6845 27
24.6931 27
24.7011 27
24.7086 27
24.7149 27
24.7213 27
24.7276 27
24.7339 27
24.7402 27
24.7465 27
24.7528 27
24.7595 27
24.7658 27
24.7721 27
24.7784 27
24.7848 27
24.7916 27
24.7983 27
24.8046 27
24.8109 27
24.8172 27
24.8235 27
24.8298 28
24.8361 28
24.8424 28
24.8487 28
24.855 28
24.8613 28
24.8681 28
24.8767 28
24.8847 28
24.8912 28
24.8975 28
24.904 28
24.911 28
24.9176 28
24.924 28
24.9308 28
24.9384 28
24.9454 28
24.9519 28
24.9584 28
24.9653 28
24.9727 28
24.9797 28
24.986 28
24.9923 28
24.9986 28
