15.0043 65
15.0106 65
15.0169 65
15.0232 65
15.0295 65
15.0358 65
15.0421 65
15.0484 65
15.0547 65
15.061 65
15.0673 65
15.0736 65
15.0799 65
15.0862 65
15.0925 65
15.0988 65
15.1052 65
15.1115 65
15.1178 65
15.1241 65
15.1304 65
15.1367 65
15.143 65
15.1493 65
15.1556 65
15.1619 65
15.1682 65
15.1745 65
15.1808 65
15.1871 65
15.1934 65
15.1997 65
15.206 65
15.2123 65
15.2186 65
15.2249 66
15.2312 66
15.2375 66
15.2438 66
15.2501 66
15.2564 66
15.2628 66
15.2691 66
15.2754 66
15.2817 66
15.288 66
15.2943 66
15.3006 66
15.3069 66
15.3132 66
15.3195 66
15.3258 66
15.3321 66
15.3384 66
15.3447 66
15.351 66
15.3573 66
15.3636 66
15.3699 66
15.3762 66
15.3825 66
15.3888 66
15.3951 66
15.4014 66
15.4077 66
15.414 66
15.4204 66
15.4267 66
15.433 66
15.4393 66
15.4456 66
15.4519 66
15.4582 66
15.4645 66
15.4708 66
15.4771 66
15.4834 66
15.4897 66
15.496 66
15.5023 66
15.5086 66
15.5149 66
15.5212 66
15.5275 66
15.5338 66
15.5401 66
15.5464 66
15.5527 66
15.559 66
15.5653 66
15.5716 66
15.578 66
15.5843 66
15.5906 66
15.5969 66
15.6032 66
15.6095 66
15.6158 66
15.6221 66
15.6284 66
15.6347 66
15.641 66
15.6473 66
15.6536 67
15.6599 67
15.6662 67
15.6725 67
15.6788 67
15.6851 67
15.6914 67
15.6977 67
15.704 67
15.7103 67
15.7166 67
15.7229 67
15.7292 67
15.7356 67
15.7419 67
15.7482 67
15.7545 67
15.7608 67
15.7671 67
15.7734 67
15.7797 67
15.786 67
15.7923 67
15.7986 67
15.8049 67
15.8112 67
15.8175 67
15.8238 67
15.8301 67
15.8364 67
15.8427 67
15.849 67
15.8553 67
15.8616 67
15.8679 67
15.8742 67
15.8805 67
15.8868 67
15.8932 67
15.8995 67
15.9058 67
15.9121 67
15.9184 67
15.9247 67
15.931 67
15.9373 67
15.9436 67
15.9499 67
15.9562 67
15.9625 67
15.9688 67
15.9751 67
15.9814 67
15.9877 67
15.994 67
16.0003 67
16.0066 67
16.0129 67
16.0192 67
16.0255 67
16.0318 67
16.0381 67
16.0444 67
16.0508 67
16.0571 67
16.0634 67
16.0697 67
16.076 67
16.0823 68
16.0886 68
16.0949 68
16.1012 68
16.1075 68
16.1138 68
16.1201 68
16.1264 68
16.1327 68
16.139 68
16.1453 68
16.1516 68
16.1579 68
16.1642 68
16.1705 68
16.1768 68
16.1831 68
16.1894 68
16.1957 68
16.202 68
16.2084 68
16.2147 68
16.221 68
16.2273 68
16.2336 68
16.2399 68
16.2462 68
16.2525 68
16.2588 68
16.2651 68
16.2714 68
16.2777 68
16.284 68
16.2903 68
16.2966 68
16.3029 68
16.3092 68
16.3155 68
16.3218 68
16.3281 68
16.3344 68
16.3407 68
16.347 68
16.3533 68
16.3596 68
16.366 68
16.3723 68
16.3786 68
16.3849 68
16.3912 68
16.3975 68
16.4038 68
16.4101 68
16.4164 68
16.4227 68
16.429 68
16.4353 68
16.4416 68
16.4479 68
16.4542 68
16.4605 68
16.4668 68
16.4731 68
16.4794 68
16.4857 68
16.492 68
16.4983 68
16.5046 68
16.5109 68
16.5172 68
16.5236 68
16.5299 69
16.5362 69
16.5425 69
16.5488 69
16.5551 69
16.5614 69
16.5677 69
16.574 69
16.5803 69
16.5866 69
16.5929 69
16.5992 69
16.6055 69
16.6118 69
16.6181 69
16.6244 69
16.6307 69
16.637 69
16.6433 69
16.6496 69
16.6559 69
16.6622 69
16.6685 69
16.6748 69
16.6812 69
16.6875 69
16.6938 69
16.7001 69
16.7064 69
16.7127 69
16.719 69
16.7253 69
16.7316 69
16.7379 69
16.7442 69
16.7505 69
16.7568 69
16.7631 69
16.7694 69
16.7757 69
16.782 69
16.7883 69
16.7946 69
16.8009 69
16.8072 69
16.8135 69
16.8198 69
16.8261 69
16.8324 69
16.8388 69
16.8451 69
16.8514 69
16.8577 69
16.864 69
16.8703 69
16.8766 69
16.8829 69
16.8892 69
16.8955 69
16.9018 69
16.9081 69
16.9144 69
16.9207 69
16.927 69
16.9333 69
16.9396 69
16.9459 69
16.9522 69
16.9585 69
16.9648 69
16.9711 69
16.9774 70
16.9837 70
16.99 70
16.9964 70
17.0027 70
17.009 70
17.0153 70
17.0216 70
17.0279 70
17.0342 70
17.0405 70
17.0468 70
17.0531 70
17.0594 70
17.0657 70
17.072 70
17.0783 70
17.0846 70
17.0909 70
17.0972 70
17.1035 70
17.1098 70
17.1161 70
17.1224 70
17.1287 70
17.135 70
17.1413 70
17.1476 70
17.154 70
17.1603 70
17.1666 70
17.1729 70
17.1792 70
17.1855 70
17.1918 70
17.1981 70
17.2044 70
17.2107 70
17.217 70
17.2233 70
17.2296 70
17.2359 70
17.2422 70
17.2485 70
17.2548 70
17.2611 70
17.2674 70
17.2737 70
17.28 70
17.2863 70
17.2926 70
17.2989 70
17.3052 70
17.3116 70
17.3179 70
17.3242 70
17.3305 70
17.3368 70
17.3431 70
17.3494 70
17.3557 70
17.362 70
17.3683 70
17.3746 70
17.3809 70
17.3872 70
17.3935 70
17.3998 70
17.4061 70
17.4124 70
17.4187 70
17.425 70
17.4313 71
17.4376 71
17.4439 71
17.4502 71
17.4565 71
17.4628 71
17.4692 71
17.4755 71
17.4818 71
17.4881 71
17.4944 71
17.5007 71
17.507 71
17.5133 71
17.5196 71
17.5259 71
17.5322 71
17.5385 71
17.5448 71
17.5511 71
17.5574 71
17.5637 71
17.57 71
17.5763 71
17.5826 71
17.5889 71
17.5952 71
17.6015 71
17.6078 71
17.6141 71
17.6204 71
17.6268 71
17.6331 71
17.6394 71
17.6457 71
17.652 71
17.6583 71
17.6646 71
17.6709 71
17.6772 71
17.6835 71
17.6898 71
17.6961 71
17.7024 71
17.7087 71
17.715 71
17.7213 71
17.7276 71
17.7339 71
17.7402 71
17.7465 71
17.7528 71
17.7591 71
17.7654 71
17.7717 71
17.778 71
17.7844 71
17.7907 71
17.797 71
17.8033 71
17.8096 71
17.8159 71
17.8222 71
17.8285 71
17.8348 71
17.8411 71
17.8474 71
17.8537 71
17.86 71
17.8663 71
17.8726 71
17.8789 71
17.8852 71
17.8915 72
17.8978 72
17.9041 72
17.9104 72
17.9167 72
17.923 72
17.9293 72
17.9356 72
17.942 72
17.9483 72
17.9546 72
17.9609 72
17.9672 72
17.9735 72
17.9798 72
17.9861 72
17.9924 72
17.9987 72
18.005 72
18.0113 72
18.0176 72
18.0239 72
18.0302 72
18.0365 72
18.0428 72
18.0491 72
18.0554 72
18.0617 72
18.068 72
18.0743 72
18.0806 72
18.0869 72
18.0932 72
18.0996 72
18.1059 72
18.1122 72
18.1185 72
18.1248 72
18.1311 72
18.1374 72
18.1437 72
18.15 72
18.1563 72
18.1626 72
18.1689 72
18.1752 72
18.1815 72
18.1878 72
18.1941 72
18.2004 72
18.2067 72
18.213 72
18.2193 72
18.2256 72
18.2319 72
18.2382 72
18.2445 72
18.2508 72
18.2572 72
18.2635 72
18.2698 72
18.2761 72
18.2824 72
18.2887 72
18.295 72
18.3013 72
18.3076 72
18.3139 72
18.3202 72
18.3265 72
18.3328 72
18.3391 72
18.3454 72
18.3517 72
18.358 72
18.3643 73
18.3706 73
18.3769 73
18.3832 73
18.3895 73
18.3958 73
18.4021 73
18.4084 73
18.4148 73
18.4211 73
18.4274 73
18.4337 73
18.44 73
18.4463 73
18.4526 73
18.4589 73
18.4652 73
18.4715 73
18.4778 73
18.4841 73
18.4904 73
18.4967 73
18.503 73
18.5093 73
18.5156 73
18.5219 73
18.5282 73
18.5345 73
18.5408 73
18.5471 73
18.5534 73
18.5597 73
18.566 73
18.5724 73
18.5787 73
18.585 73
18.5913 73
18.5976 73
18.6039 73
18.6102 73
18.6165 73
18.6228 73
18.6291 73
18.6354 73
18.6417 73
18.648 73
18.6543 73
18.6606 73
18.6669 73
18.6732 73
18.6795 73
18.6858 73
18.6921 73
18.6984 73
18.7047 73
18.711 73
18.7173 73
18.7236 73
18.73 73
18.7363 73
18.7426 73
18.7489 73
18.7552 73
18.7615 73
18.7678 73
18.7741 73
18.7804 73
18.7867 73
18.793 73
18.7993 73
18.8056 73
18.8119 73
18.8182 73
18.8245 73
18.8308 73
18.8371 74
18.8434 74
18.8497 74
18.856 74
18.8623 74
18.8686 74
18.8749 74
18.8812 74
18.8876 74
18.8939 74
18.9002 74
18.9065 74
18.9128 74
18.9191 74
18.9254 74
18.9317 74
18.938 74
18.9443 74
18.9506 74
18.9569 74
18.9632 74
18.9695 74
18.9758 74
18.9821 74
18.9884 74
18.9947 74
19.001 74
19.0073 74
19.0136 74
19.0199 74
19.0262 74
19.0325 74
19.0388 74
19.0452 74
19.0515 74
19.0578 74
19.0641 74
19.0704 74
19.0767 74
19.083 74
19.0893 74
19.0956 74
19.1019 74
19.1082 74
19.1145 74
19.1208 74
19.1271 74
19.1334 74
19.1397 74
19.146 74
19.1523 74
19.1586 74
19.1649 74
19.1712 74
19.1775 74
19.1838 74
19.1901 74
19.1964 74
19.2028 74
19.2091 74
19.2154 74
19.2217 74
19.228 74
19.2343 74
19.2406 74
19.2469 74
19.2532 74
19.2595 74
19.2658 74
19.2721 74
19.2784 74
19.2847 74
19.291 74
19.2973 74
19.3036 74
19.3099 75
19.3162 75
19.3225 75
19.3288 75
19.3351 75
19.3414 75
19.3477 75
19.354 75
19.3604 75
19.3667 75
19.373 75
19.3793 75
19.3856 75
19.3919 75
19.3982 75
19.4045 75
19.4108 75
19.4171 75
19.4234 75
19.4297 75
19.436 75
19.4423 75
19.4486 75
19.4549 75
19.4612 75
19.4675 75
19.4738 75
19.4801 75
19.4864 75
19.4927 75
19.499 75
19.5053 75
19.5116 75
19.518 75
19.5243 75
19.5306 75
19.5369 75
19.5432 75
19.5495 75
19.5558 75
19.5621 75
19.5684 75
19.5747 75
19.581 75
19.5873 75
19.5936 75
19.5999 75
19.6062 75
19.6125 75
19.6188 75
19.6251 75
19.6314 75
19.6377 75
19.644 75
19.6503 75
19.6566 75
19.6629 75
19.6692 75
19.6756 75
19.6819 75
19.6882 75
19.6945 75
19.7008 75
19.7071 75
19.7134 75
19.7197 75
19.726 75
19.7323 75
19.7386 75
19.7449 75
19.7512 75
19.7575 75
19.7638 75
19.7701 75
19.7764 75
19.8014 36
20.3432 36
20.3495 36
20.3558 36
20.3621 36
20.3684 36
20.3747 36
20.381 36
20.3873 36
20.3936 36
20.3999 36
20.4062 36
20.4125 36
20.4188 36
20.4251 36
20.4314 36
20.4377 36
20.444 36
20.4504 36
20.4567 37
20.463 37
20.4693 37
20.4756 37
20.4819 37
20.4882 37
20.4945 37
20.5008 37
20.5071 37
20.5134 37
20.5197 37
20.526 37
20.5323 37
20.5386 37
20.5449 37
20.5512 37
20.5575 37
20.5638 37
20.5701 37
20.5764 37
20.5827 37
20.589 37
20.5953 37
20.6016 37
20.608 37
20.6143 37
20.6206 37
20.6269 37
20.6332 37
20.6395 37
20.6458 37
20.6521 37
20.6584 37
20.6647 37
20.671 37
20.6773 37
20.6836 37
20.6899 37
20.6962 38
20.7025 38
20.7088 38
20.7151 38
20.7214 38
20.7277 38
20.734 38
20.7403 38
20.7466 38
20.7529 38
20.7592 38
20.7656 38
20.7719 38
20.7782 38
20.7845 38
20.7908 38
20.7971 38
20.8034 38
20.8097 38
20.816 38
20.8223 38
20.8286 38
20.8349 38
20.8412 38
20.8475 38
20.8538 38
20.8601 38
20.8664 38
20.8727 38
20.879 38
20.8853 38
20.8916 38
20.8979 38
20.9042 38
20.9105 38
20.9168 38
20.9232 38
20.9295 38
20.9358 38
20.9421 39
20.9484 39
20.9547 39
20.961 39
20.9673 39
20.9736 39
20.9799 39
20.9862 39
20.9925 39
20.9988 39
21.0051 39
21.0114 39
21.0177 39
21.024 39
21.0303 39
21.0366 39
21.0429 39
21.0492 39
21.0555 39
21.0618 39
21.0681 39
21.0744 39
21.0808 39
21.0871 39
21.0934 39
21.0997 39
21.106 39
21.1123 39
21.1186 39
21.1249 39
21.1312 39
21.1375 39
21.1438 39
21.1501 39
21.1564 39
21.1627 39
21.169 39
21.1753 39
21.1816 39
21.1879 39
21.1942 40
21.2005 40
21.2068 40
21.2131 40
21.2194 40
21.2257 40
21.232 40
21.2384 40
21.2447 40
21.251 40
21.2573 40
21.2636 40
21.2699 40
21.2762 40
21.2825 40
21.2888 40
21.2951 40
21.3014 40
21.3077 40
21.314 40
21.3203 40
21.3266 40
21.3329 40
21.3392 40
21.3455 40
21.3518 40
21.3581 40
21.3644 40
21.3707 40
21.377 40
21.3833 40
21.3896 40
21.396 40
21.4023 40
21.4086 40
21.4149 40
21.4212 40
21.4275 40
21.4338 40
21.4401 40
21.4464 40
21.4527 41
21.459 41
21.4653 41
21.4716 41
21.4779 41
21.4842 41
21.4905 41
21.4968 41
21.5031 41
21.5094 41
21.5157 41
21.522 41
21.5283 41
21.5346 41
21.5409 41
21.5472 41
21.5536 41
21.5599 41
21.5662 41
21.5725 41
21.5788 41
21.5851 41
21.5914 41
21.5977 41
21.604 41
21.6103 41
21.6166 41
21.6229 41
21.6292 41
21.6355 41
21.6418 41
21.6481 41
21.6544 41
21.6607 41
21.667 41
21.6733 41
21.6796 41
21.6859 41
21.6922 41
21.6985 41
21.7048 41
21.7112 41
21.7175 42
21.7238 42
21.7301 42
21.7364 42
21.7427 42
21.749 42
21.7553 42
21.7616 42
21.7679 42
21.7742 42
21.7805 42
21.7868 42
21.7931 42
21.7994 42
21.8057 42
21.812 42
21.8183 42
21.8246 42
21.8309 42
21.8372 42
21.8435 42
21.8498 42
21.8561 42
21.8624 42
21.8688 42
21.8751 42
21.8814 42
21.8877 42
21.894 42
21.9003 42
21.9066 42
21.9129 42
21.9192 42
21.9255 42
21.9318 42
21.9381 42
21.9444 42
21.9507 42
21.957 42
21.9633 42
21.9696 42
21.9759 42
21.9822 42
21.9885 43
21.9948 43
22.0011 43
22.0074 43
22.0137 43
22.02 43
22.0264 43
22.0327 43
22.039 43
22.0453 43
22.0516 43
22.0579 43
22.0642 43
22.0705 43
22.0768 43
22.0831 43
22.0894 43
22.0957 43
22.102 43
22.1083 43
22.1146 43
22.1209 43
22.1272 43
22.1335 43
22.1398 43
22.1461 43
22.1524 43
22.1587 43
22.165 43
22.1713 43
22.1776 43
22.184 43
22.1903 43
22.1966 43
22.2029 43
22.2092 43
22.2155 43
22.2218 43
22.2281 43
22.2344 43
22.2407 43
22.247 43
22.2533 43
22.2596 43
22.2659 44
22.2722 44
22.2785 44
22.2848 44
22.2911 44
22.2974 44
22.3037 44
22.31 44
22.3163 44
22.3226 44
22.3289 44
22.3352 44
22.3416 44
22.3479 44
22.3542 44
22.3605 44
22.3668 44
22.3731 44
22.3794 44
22.3857 44
22.392 44
22.3983 44
22.4046 44
22.4109 44
22.4172 44
22.4235 44
22.4298 44
22.4361 44
22.4424 44
22.4487 44
22.455 44
22.4613 44
22.4676 44
22.4739 44
22.4802 44
22.4865 44
22.4928 44
22.4992 44
22.5055 44
22.5118 44
22.5181 44
22.5244 44
22.5307 44
22.537 44
22.5433 44
22.5496 44
22.5559 45
22.5622 45
22.5685 45
22.5748 45
22.5811 45
22.5874 45
22.5937 45
22.6 45
22.6063 45
22.6126 45
22.6189 45
22.6252 45
22.6315 45
22.6378 45
22.6441 45
22.6504 45
22.6568 45
22.6631 45
22.6694 45
22.6757 45
22.682 45
22.6883 45
22.6946 45
22.7009 45
22.7072 45
22.7135 45
22.7198 45
22.7261 45
22.7324 45
22.7387 45
22.745 45
22.7513 45
22.7576 45
22.7639 45
22.7702 45
22.7765 45
22.7828 45
22.7891 45
22.7954 45
22.8017 45
22.808 45
22.8144 45
22.8207 45
22.827 45
22.8333 45
22.8396 45
22.8459 46
22.8522 46
22.8585 46
22.8648 46
22.8711 46
22.8774 46
22.8837 46
22.89 46
22.8963 46
22.9026 46
22.9089 46
22.9152 46
22.9215 46
22.9278 46
22.9341 46
22.9404 46
22.9467 46
22.953 46
22.9593 46
22.9656 46
22.972 46
22.9783 46
22.9846 46
22.9909 46
22.9972 46
23.0035 46
23.0098 46
23.0161 46
23.0224 46
23.0287 46
23.035 46
23.0413 46
23.0476 46
23.0539 46
23.0602 46
23.0665 46
23.0728 46
23.0791 46
23.0854 46
23.0917 46
23.098 46
23.1043 46
23.1106 46
23.1169 46
23.1232 46
23.1296 46
23.1359 46
23.1422 47
23.1485 47
23.1548 47
23.1611 47
23.1674 47
23.1737 47
23.18 47
23.1863 47
23.1926 47
23.1989 47
23.2052 47
23.2115 47
23.2178 47
23.2241 47
23.2304 47
23.2367 47
23.243 47
23.2493 47
23.2556 47
23.2619 47
23.2682 47
23.2745 47
23.2808 47
23.2872 47
23.2935 47
23.2998 47
23.3061 47
23.3124 47
23.3187 47
23.325 47
23.3313 47
23.3376 47
23.3439 47
23.3502 47
23.3565 47
23.3628 47
23.3691 47
23.3754 47
23.3817 47
23.388 47
23.3943 47
23.4006 47
23.4069 47
23.4132 47
23.4195 47
23.4258 47
23.4321 47
23.4384 47
23.4448 48
23.4511 48
23.4574 48
23.4637 48
23.47 48
23.4763 48
23.4826 48
23.4889 48
23.4952 48
23.5015 48
23.5078 48
23.5141 48
23.5204 48
23.5267 48
23.533 48
23.5393 48
23.5456 48
23.5519 48
23.5582 48
23.5645 48
23.5708 48
23.5771 48
23.5834 48
23.5897 48
23.596 48
23.6024 48
23.6087 48
23.615 48
23.6213 48
23.6276 48
23.6339 48
23.6402 48
23.6465 48
23.6528 48
23.6591 48
23.6654 48
23.6717 48
23.678 48
23.6843 48
23.6906 48
23.6969 48
23.7032 48
23.7095 48
23.7158 48
23.7221 48
23.7284 48
23.7347 48
23.741 48
23.7473 48
23.7723 23
24.0686 23
24.0749 23
24.0812 23
24.0875 23
24.0938 23
24.1001 23
24.1064 23
24.1127 23
24.119 23
24.1253 23
24.1316 23
24.1379 23
24.1442 23
24.1505 23
24.1568 23
24.1631 23
24.1694 23
24.1757 23
24.182 23
24.1883 23
24.1946 23
24.2009 23
24.2072 23
24.2135 24
24.2198 24
24.2262 24
24.2325 24
24.2388 24
24.2451 24
24.2514 24
24.2577 24
24.264 24
24.2703 24
24.2766 24
24.2829 24
24.2892 24
24.2955 24
24.3018 24
24.3081 24
24.3144 24
24.3207 24
24.327 24
24.3333 24
24.3396 24
24.3459 24
24.3522 24
24.3585 24
24.3648 24
24.3711 25
24.3774 25
24.3838 25
24.3901 25
24.3964 25
24.4027 25
24.409 25
24.4153 25
24.4216 25
24.4279 25
24.4342 25
24.4405 25
24.4468 25
24.4531 25
24.4594 25
24.4657 25
24.472 25
24.4783 25
24.4846 25
24.4909 25
24.4972 25
24.5035 25
24.5098 25
24.5161 25
24.5224 25
24.5287 25
24.535 26
24.5414 26
24.5477 26
24.554 26
24.5603 26
24.5666 26
24.5729 26
24.5792 26
24.5855 26
24.5918 26
24.5981 26
24.6044 26
24.6107 26
24.617 26
24.6233 26
24.6296 26
24.6359 26
24.6422 26
24.6485 26
24.6548 26
24.6611 26
24.6674 26
24.6737 26
24.68 26
24.6863 26
24.6926 26
24.699 27
24.7053 27
24.7116 27
24.7179 27
24.7242 27
24.7305 27
24.7368 27
24.7431 27
24.7494 27
24.7557 27
24.762 27
24.7683 27
24.7746 27
24.7809 27
24.7872 27
24.7935 27
24.7998 27
24.8061 27
24.8124 27
24.8187 27
24.825 27
24.8313 27
24.8376 27
24.8439 27
24.8502 27
24.8566 27
24.8629 27
24.8692 27
24.8755 28
24.8818 28
24.8881 28
24.8944 28
24.9007 28
24.907 28
24.9133 28
24.9196 28
24.9259 28
24.9322 28
24.9385 28
24.9448 28
24.9511 28
24.9574 28
24.9637 28
24.97 28
24.9763 28
24.9826 28
24.9889 28
24.9952 28
