15.0055 54
15.0119 54
15.0182 54
15.0245 54
15.0308 54
15.0371 54
15.0434 54
15.0497 54
15.056 54
15.0623 54
15.0686 54
15.0749 54
15.0812 54
15.0875 54
15.0938 54
15.1001 54
15.1064 54
15.1127 54
15.119 54
15.1253 54
15.1316 54
15.1379 54
15.1442 54
15.1505 54
15.1568 54
15.1631 54
15.1695 54
15.1758 54
15.1821 54
15.1884 54
15.1947 54
15.201 54
15.2073 54
15.2136 54
15.2199 54
15.2262 54
15.2325 54
15.2388 54
15.2451 54
15.2514 54
15.2577 54
15.264 54
15.2703 54
15.2766 54
15.2829 54
15.2892 54
15.2955 55
15.3018 55
15.3081 55
15.3144 55
15.3207 55
15.3271 55
15.3334 55
15.3397 55
15.346 55
15.3523 55
15.3586 55
15.3649 55
15.3712 55
15.3775 55
15.3838 55
15.3901 55
15.3964 55
15.4027 55
15.409 55
15.4153 55
15.4216 55
15.4279 55
15.4342 55
15.4405 55
15.4468 55
15.4531 55
15.4594 55
15.4657 55
15.472 55
15.4783 55
15.4847 55
15.491 55
15.4973 55
15.5036 55
15.5099 55
15.5162 55
15.5225 55
15.5288 55
15.5351 55
15.5414 55
15.5477 55
15.554 55
15.5603 55
15.5666 55
15.5729 55
15.5792 55
15.5855 55
15.5918 55
15.5981 55
15.6044 55
15.6107 55
15.617 55
15.6233 55
15.6296 55
15.6359 55
15.6423 55
15.6486 56
15.6549 56
15.6612 56
15.6675 56
15.6738 56
15.6801 56
15.6864 56
15.6927 56
15.699 56
15.7053 56
15.7116 56
15.7179 56
15.7242 56
15.7305 56
15.7368 56
15.7431 56
15.7494 56
15.7557 56
15.762 56
15.7683 56
15.7746 56
15.7809 56
15.7872 56
15.7935 56
15.7999 56
15.8062 56
15.8125 56
15.8188 56
15.8251 56
15.8314 56
15.8377 56
15.844 56
15.8503 56
15.8566 56
15.8629 56
15.8692 56
15.8755 56
15.8818 56
15.8881 56
15.8944 56
15.9007 56
15.907 56
15.9133 56
15.9196 56
15.9259 56
15.9322 56
15.9385 56
15.9448 56
15.9511 56
15.9575 56
15.9638 56
15.9701 56
15.9764 56
15.9827 56
15.989 56
15.9953 56
16.0016 56
16.0079 56
16.0142 57
16.0205 57
16.0268 57
16.0331 57
16.0394 57
16.0457 57
16.052 57
16.0583 57
16.0646 57
16.0709 57
16.0772 57
16.0835 57
16.0898 57
16.0961 57
16.1024 57
16.1087 57
16.1151 57
16.1214 57
16.1277 57
16.134 57
16.1403 57
16.1466 57
16.1529 57
16.1592 57
16.1655 57
16.1718 57
16.1781 57
16.1844 57
16.1907 57
16.197 57
16.2033 57
16.2096 57
16.2159 57
16.2222 57
16.2285 57
16.2348 57
16.2411 57
16.2474 57
16.2537 57
16.26 57
16.2663 57
16.2727 57
16.279 57
16.2853 57
16.2916 57
16.2979 57
16.3042 57
16.3105 57
16.3168 57
16.3231 57
16.3294 57
16.3357 57
16.342 57
16.3483 57
16.3546 57
16.3609 57
16.3672 57
16.3735 57
16.3798 58
16.3861 58
16.3924 58
16.3987 58
16.405 58
16.4113 58
16.4176 58
16.4239 58
16.4303 58
16.4366 58
16.4429 58
16.4492 58
16.4555 58
16.4618 58
16.4681 58
16.4744 58
16.4807 58
16.487 58
16.4933 58
16.4996 58
16.5059 58
16.5122 58
16.5185 58
16.5248 58
16.5311 58
16.5374 58
16.5437 58
16.55 58
16.5563 58
16.5626 58
16.5689 58
16.5752 58
16.5815 58
16.5879 58
16.5942 58
16.6005 58
16.6068 58
16.6131 58
16.6194 58
16.6257 58
16.632 58
16.6383 58
16.6446 58
16.6509 58
16.6572 58
16.6635 58
16.6698 58
16.6761 58
16.6824 58
16.6887 58
16.695 58
16.7013 58
16.7076 58
16.7139 58
16.7202 58
16.7265 58
16.7328 58
16.7391 58
16.7455 58
16.7518 58
16.7581 59
16.7644 59
16.7707 59
16.777 59
16.7962 28
17.1621 28
17.1684 28
17.1747 28
17.181 28
17.1873 28
17.1936 28
17.1999 28
17.2062 28
17.2125 28
17.2188 28
17.2251 28
17.2315 28
17.2378 28
17.2441 28
17.2504 29
17.2567 29
17.263 29
17.2693 29
17.2756 29
17.2819 29
17.2882 29
17.2945 29
17.3008 29
17.3071 29
17.3134 29
17.3197 29
17.326 29
17.3323 29
17.3386 29
17.3449 29
17.3512 29
17.3575 29
17.3638 29
17.3701 29
17.3764 29
17.3827 29
17.3891 29
17.3954 29
17.4017 29
17.408 29
17.4143 29
17.4206 29
17.4269 29
17.4332 29
17.4395 30
17.4458 30
17.4521 30
17.4584 30
17.4647 30
17.471 30
17.4773 30
17.4836 30
17.4899 30
17.4962 30
17.5025 30
17.5088 30
17.5151 30
17.5214 30
17.5277 30
17.534 30
17.5403 30
17.5467 30
17.553 30
17.5593 30
17.5656 30
17.5719 30
17.5782 30
17.5845 30
17.5908 30
17.5971 30
17.6034 30
17.6097 30
17.616 30
17.6223 30
17.6286 30
17.6349 31
17.6412 31
17.6475 31
17.6538 31
17.6601 31
17.6664 31
17.6727 31
17.679 31
17.6853 31
17.6916 31
17.6979 31
17.7043 31
17.7106 31
17.7169 31
17.7232 31
17.7295 31
17.7358 31
17.7421 31
17.7484 31
17.7547 31
17.761 31
17.7673 31
17.7736 31
17.7799 31
17.7862 31
17.7925 31
17.7988 31
17.8051 31
17.8114 31
17.8177 31
17.824 31
17.8303 32
17.8366 32
17.8429 32
17.8492 32
17.8555 32
17.8619 32
17.8682 32
17.8745 32
17.8808 32
17.8871 32
17.8934 32
17.8997 32
17.906 32
17.9123 32
17.9186 32
17.9249 32
17.9312 32
17.9375 32
17.9438 32
17.9501 32
17.9564 32
17.9627 32
17.969 32
17.9753 32
17.9816 32
17.9879 32
17.9942 32
18.0005 32
18.0068 32
18.0131 32
18.0195 32
18.0258 32
18.0321 32
18.0384 33
18.0447 33
18.051 33
18.0573 33
18.0636 33
18.0699 33
18.0762 33
18.0825 33
18.0888 33
18.0951 33
18.1014 33
18.1077 33
18.114 33
18.1203 33
18.1266 33
18.1329 33
18.1392 33
18.1455 33
18.1518 33
18.1581 33
18.1644 33
18.1707 33
18.1771 33
18.1834 33
18.1897 33
18.196 33
18.2023 33
18.2086 33
18.2149 33
18.2212 33
18.2275 33
18.2338 33
18.2401 33
18.2464 33
18.2527 34
18.259 34
18.2653 34
18.2716 34
18.2779 34
18.2842 34
18.2905 34
18.2968 34
18.3031 34
18.3094 34
18.3157 34
18.322 34
18.3283 34
18.3347 34
18.341 34
18.3473 34
18.3536 34
18.3599 34
18.3662 34
18.3725 34
18.3788 34
18.3851 34
18.3914 34
18.3977 34
18.404 34
18.4103 34
18.4166 34
18.4229 34
18.4292 34
18.4355 34
18.4418 34
18.4481 34
18.4544 34
18.4607 34
18.467 34
18.4733 35
18.4796 35
18.4859 35
18.4923 35
18.4986 35
18.5049 35
18.5112 35
18.5175 35
18.5238 35
18.5301 35
18.5364 35
18.5427 35
18.549 35
18.5553 35
18.5616 35
18.5679 35
18.5742 35
18.5805 35
18.5868 35
18.5931 35
18.5994 35
18.6057 35
18.612 35
18.6183 35
18.6246 35
18.6309 35
18.6372 35
18.6435 35
18.6499 35
18.6562 35
18.6625 35
18.6688 35
18.6751 35
18.6814 35
18.6877 35
18.694 35
18.7003 36
18.7066 36
18.7129 36
18.7192 36
18.7255 36
18.7318 36
18.7381 36
18.7444 36
18.7507 36
18.757 36
18.7633 36
18.7696 36
18.7759 36
18.7822 36
18.7885 36
18.7948 36
18.8011 36
18.8075 36
18.8138 36
18.8201 36
18.8264 36
18.8327 36
18.839 36
18.8453 36
18.8516 36
18.8579 36
18.8642 36
18.8705 36
18.8768 36
18.8831 36
18.8894 36
18.8957 36
18.902 36
18.9083 36
18.9146 36
18.9209 36
18.9272 36
18.9335 37
18.9398 37
18.9461 37
18.9524 37
18.9587 37
18.9651 37
18.9714 37
18.9777 37
18.984 37
18.9903 37
18.9966 37
19.0029 37
19.0092 37
19.0155 37
19.0218 37
19.0281 37
19.0344 37
19.0407 37
19.047 37
19.0533 37
19.0596 37
19.0659 37
19.0722 37
19.0785 37
19.0848 37
19.0911 37
19.0974 37
19.1037 37
19.11 37
19.1163 37
19.1227 37
19.129 37
19.1353 37
19.1416 37
19.1479 37
19.1542 37
19.1605 37
19.1668 37
19.1731 38
19.1794 38
19.1857 38
19.192 38
19.1983 38
19.2046 38
19.2109 38
19.2172 38
19.2235 38
19.2298 38
19.2361 38
19.2424 38
19.2487 38
19.255 38
19.2613 38
19.2676 38
19.2739 38
19.2803 38
19.2866 38
19.2929 38
19.2992 38
19.3055 38
19.3118 38
19.3181 38
19.3244 38
19.3307 38
19.337 38
19.3433 38
19.3496 38
19.3559 38
19.3622 38
19.3685 38
19.3748 38
19.3811 38
19.3874 38
19.3937 38
19.4 38
19.4063 38
19.4126 38
19.4189 39
19.4252 39
19.4315 39
19.4379 39
19.4442 39
19.4505 39
19.4568 39
19.4631 39
19.4694 39
19.4757 39
19.482 39
19.4883 39
19.4946 39
19.5009 39
19.5072 39
19.5135 39
19.5198 39
19.5261 39
19.5324 39
19.5387 39
19.545 39
19.5513 39
19.5576 39
19.5639 39
19.5702 39
19.5765 39
19.5828 39
19.5891 39
19.5955 39
19.6018 39
19.6081 39
19.6144 39
19.6207 39
19.627 39
19.6333 39
19.6396 39
19.6459 39
19.6522 39
19.6585 39
19.6648 39
19.6711 40
19.6774 40
19.6837 40
19.69 40
19.6963 40
19.7026 40
19.7089 40
19.7152 40
19.7215 40
19.7278 40
19.7341 40
19.7404 40
19.7467 40
19.7531 40
19.7594 40
19.7657 40
19.772 40
19.7783 40
19.7846 40
19.7909 40
19.7972 40
19.8035 40
19.8098 40
19.8161 40
19.8224 40
19.8287 40
19.835 40
19.8413 40
19.8476 40
19.8539 40
19.8602 40
19.8665 40
19.8728 40
19.8791 40
19.8854 40
19.8917 40
19.898 40
19.9043 40
19.9107 40
19.917 40
19.9233 40
19.9296 41
19.9359 41
19.9422 41
19.9485 41
19.9548 41
19.9611 41
19.9674 41
19.9737 41
19.98 41
19.9863 41
19.9926 41
19.9989 41
20.0052 41
20.0115 41
20.0178 41
20.0241 41
20.0304 41
20.0367 41
20.043 41
20.0493 41
20.0556 41
20.0619 41
20.0683 41
20.0746 41
20.0809 41
20.0872 41
20.0935 41
20.0998 41
20.1061 41
20.1124 41
20.1187 41
20.125 41
20.1313 41
20.1376 41
20.1439 41
20.1502 41
20.1565 41
20.1628 41
20.1691 41
20.1754 41
20.1817 41
20.188 41
20.1943 42
20.2006 42
20.2069 42
20.2132 42
20.2195 42
20.2259 42
20.2322 42
20.2385 42
20.2448 42
20.2511 42
20.2574 42
20.2637 42
20.27 42
20.2763 42
20.2826 42
20.2889 42
20.2952 42
20.3015 42
20.3078 42
20.3141 42
20.3204 42
20.3267 42
20.333 42
20.3393 42
20.3456 42
20.3519 42
20.3582 42
20.3645 42
20.3708 42
20.3771 42
20.3835 42
20.3898 42
20.3961 42
20.4024 42
20.4087 42
20.415 42
20.4213 42
20.4276 42
20.4339 42
20.4402 42
20.4465 42
20.4528 42
20.4591 42
20.4654 43
20.4717 43
20.478 43
20.4843 43
20.4906 43
20.4969 43
20.5032 43
20.5095 43
20.5158 43
20.5221 43
20.5284 43
20.5347 43
20.5411 43
20.5474 43
20.5537 43
20.56 43
20.5663 43
20.5726 43
20.5789 43
20.5852 43
20.5915 43
20.5978 43
20.6041 43
20.6104 43
20.6167 43
20.623 43
20.6293 43
20.6356 43
20.6419 43
20.6482 43
20.6545 43
20.6608 43
20.6671 43
20.6734 43
20.6797 43
20.686 43
20.6923 43
20.6987 43
20.705 43
20.7113 43
20.7176 43
20.7239 43
20.7302 43
20.7365 43
20.7428 44
20.7491 44
20.7554 44
20.7617 44
20.768 44
20.7743 44
20.7806 44
20.7869 44
20.7932 44
20.7995 44
20.8058 44
20.8121 44
20.8184 44
20.8247 44
20.831 44
20.8373 44
20.8436 44
20.8499 44
20.8563 44
20.8626 44
20.8689 44
20.8752 44
20.8815 44
20.8878 44
20.8941 44
20.9004 44
20.9067 44
20.913 44
20.9193 44
20.9256 44
20.9319 44
20.9382 44
20.9445 44
20.9508 44
20.9571 44
20.9634 44
20.9697 44
20.976 44
20.9823 44
20.9886 44
20.9949 44
21.0012 44
21.0075 44
21.0139 44
21.0202 44
21.0265 45
21.0328 45
21.0391 45
21.0454 45
21.0517 45
21.058 45
21.0643 45
21.0706 45
21.0769 45
21.0832 45
21.0895 45
21.0958 45
21.1021 45
21.1084 45
21.1147 45
21.121 45
21.1273 45
21.1336 45
21.1399 45
21.1462 45
21.1525 45
21.1588 45
21.1651 45
21.1715 45
21.1778 45
21.1841 45
21.1904 45
21.1967 45
21.203 45
21.2093 45
21.2156 45
21.2219 45
21.2282 45
21.2345 45
21.2408 45
21.2471 45
21.2534 45
21.2597 45
21.266 45
21.2723 45
21.2786 45
21.2849 45
21.2912 45
21.2975 45
21.3038 45
21.3101 45
21.3164 45
21.3227 46
21.3291 46
21.3354 46
21.3417 46
21.348 46
21.3543 46
21.3606 46
21.3669 46
21.3732 46
21.3795 46
21.3858 46
21.3921 46
21.3984 46
21.4047 46
21.411 46
21.4173 46
21.4236 46
21.4299 46
21.4362 46
21.4425 46
21.4488 46
21.4551 46
21.4614 46
21.4677 46
21.474 46
21.4803 46
21.4867 46
21.493 46
21.4993 46
21.5056 46
21.5119 46
21.5182 46
21.5245 46
21.5308 46
21.5371 46
21.5434 46
21.5497 46
21.556 46
21.5623 46
21.5686 46
21.5749 46
21.5812 46
21.5875 46
21.5938 46
21.6001 46
21.6064 46
21.6127 46
21.619 47
21.6253 47
21.6316 47
21.6379 47
21.6443 47
21.6506 47
21.6569 47
21.6632 47
21.6695 47
21.6758 47
21.6821 47
21.6884 47
21.6947 47
21.701 47
21.7073 47
21.7136 47
21.7199 47
21.7262 47
21.7325 47
21.7388 47
21.7451 47
21.7514 47
21.7577 47
21.764 47
21.7703 47
21.7766 47
21.7829 47
21.7892 47
21.7955 47
21.8019 47
21.8082 47
21.8145 47
21.8208 47
21.8271 47
21.8334 47
21.8397 47
21.846 47
21.8523 47
21.8586 47
21.8649 47
21.8712 47
21.8775 47
21.8838 47
21.8901 47
21.8964 47
21.9027 47
21.909 47
21.9153 47
21.9216 48
21.9279 48
21.9342 48
21.9405 48
21.9468 48
21.9531 48
21.9595 48
21.9658 48
21.9721 48
21.9784 48
21.9847 48
21.991 48
21.9973 48
22.0036 48
22.0099 48
22.0162 48
22.0225 48
22.0288 48
22.0351 48
22.0414 48
22.0477 48
22.054 48
22.0603 48
22.0666 48
22.0729 48
22.0792 48
22.0855 48
22.0918 48
22.0981 48
22.1044 48
22.1107 48
22.1171 48
22.1234 48
22.1297 48
22.136 48
22.1423 48
22.1486 48
22.1549 48
22.1612 48
22.1675 48
22.1738 48
22.1801 48
22.1864 48
22.1927 48
22.199 48
22.2053 48
22.2116 48
22.2179 48
22.2242 48
22.2305 49
22.2368 49
22.2431 49
22.2494 49
22.2557 49
22.262 49
22.2683 49
22.2747 49
22.281 49
22.2873 49
22.2936 49
22.2999 49
22.3062 49
22.3125 49
22.3188 49
22.3251 49
22.3314 49
22.3377 49
22.344 49
22.3503 49
22.3566 49
22.3629 49
22.3692 49
22.3755 49
22.3818 49
22.3881 49
22.3944 49
22.4007 49
22.407 49
22.4133 49
22.4196 49
22.4259 49
22.4323 49
22.4386 49
22.4449 49
22.4512 49
22.4575 49
22.4638 49
22.4701 49
22.4764 49
22.4827 49
22.489 49
22.4953 49
22.5016 49
22.5079 49
22.5142 49
22.5205 49
22.5268 49
22.5331 49
22.5394 49
22.5457 50
22.552 50
22.5583 50
22.5646 50
22.5709 50
22.5772 50
22.5835 50
22.5899 50
22.5962 50
22.6025 50
22.6088 50
22.6151 50
22.6214 50
22.6277 50
22.634 50
22.6403 50
22.6466 50
22.6529 50
22.6592 50
22.6655 50
22.6718 50
22.6781 50
22.6844 50
22.6907 50
22.697 50
22.7033 50
22.7096 50
22.7159 50
22.7222 50
22.7285 50
22.7348 50
22.7411 50
22.7475 50
22.7538 50
22.7601 50
22.7664 50
22.7727 50
22.779 50
22.7853 50
22.7916 50
22.7979 50
22.8042 50
22.8105 50
22.8168 50
22.8231 50
22.8294 50
22.8357 50
22.842 50
22.8483 50
22.8546 50
22.8609 50
22.8672 50
22.8735 51
22.8798 51
22.8861 51
22.8924 51
22.8987 51
22.9051 51
22.9114 51
22.9177 51
22.924 51
22.9303 51
22.9366 51
22.9429 51
22.9492 51
22.9555 51
22.9618 51
22.9681 51
22.9744 51
22.9807 51
22.987 51
22.9933 51
22.9996 51
23.0059 51
23.0122 51
23.0185 51
23.0248 51
23.0311 51
23.0374 51
23.0437 51
23.05 51
23.0563 51
23.0627 51
23.069 51
23.0753 51
23.0816 51
23.0879 51
23.0942 51
23.1005 51
23.1068 51
23.1131 51
23.1194 51
23.1257 51
23.132 51
23.1383 51
23.1446 51
23.1509 51
23.1572 51
23.1635 51
23.1698 51
23.1761 51
23.1824 51
23.1887 51
23.195 51
23.2013 52
23.2076 52
23.2139 52
23.2203 52
23.2266 52
23.2329 52
23.2392 52
23.2455 52
23.2518 52
23.2581 52
23.2644 52
23.2707 52
23.277 52
23.2833 52
23.2896 52
23.2959 52
23.3022 52
23.3085 52
23.3148 52
23.3211 52
23.3274 52
23.3337 52
23.34 52
23.3463 52
23.3526 52
23.3589 52
23.3652 52
23.3715 52
23.3779 52
23.3842 52
23.3905 52
23.3968 52
23.4031 52
23.4094 52
23.4157 52
23.422 52
23.4283 52
23.4346 52
23.4409 52
23.4472 52
23.4535 52
23.4598 52
23.4661 52
23.4724 52
23.4787 52
23.485 52
23.4913 52
23.4976 52
23.5039 52
23.5102 52
23.5165 52
23.5228 52
23.5291 52
23.5355 52
23.5418 53
23.5481 53
23.5544 53
23.5607 53
23.567 53
23.5733 53
23.5796 53
23.5859 53
23.5922 53
23.5985 53
23.6048 53
23.6111 53
23.6174 53
23.6237 53
23.63 53
23.6363 53
23.6426 53
23.6489 53
23.6552 53
23.6615 53
23.6678 53
23.6741 53
23.6804 53
23.6867 53
23.6931 53
23.6994 53
23.7057 53
23.712 53
23.7183 53
23.7246 53
23.7309 53
23.7372 53
23.7435 53
23.7498 53
23.7561 53
23.7624 53
23.7687 53
23.775 53
23.7813 53
23.7876 53
23.7939 53
23.8002 53
23.8065 53
23.8128 53
23.8191 53
23.8254 53
23.8317 53
23.838 53
23.8444 53
23.8507 53
23.857 53
23.8633 53
23.8696 53
23.8759 53
23.8822 54
23.8885 54
23.8948 54
23.9011 54
23.9074 54
23.9137 54
23.92 54
23.9263 54
23.9326 54
23.9389 54
23.9452 54
23.9515 54
23.9578 54
23.9641 54
23.9704 54
23.9767 54
23.983 54
23.9893 54
23.9956 54
24.0019 54
24.0083 54
24.0146 54
24.0209 54
24.0272 54
24.0335 54
24.0398 54
24.0461 54
24.0524 54
24.0587 54
24.065 54
24.0713 54
24.0776 54
24.0839 54
24.0902 54
24.0965 54
24.1028 54
24.1091 54
24.1154 54
24.1217 54
24.128 54
24.1343 54
24.1406 54
24.1469 54
24.1532 54
24.1595 54
24.1659 54
24.1722 54
24.1785 54
24.1848 54
24.1911 54
24.1974 54
24.2037 54
24.21 54
24.2163 54
24.2226 54
24.2289 54
24.2352 55
24.2415 55
24.2478 55
24.2541 55
24.2604 55
24.2667 55
24.273 55
24.2793 55
24.2856 55
24.2919 55
24.2982 55
24.3045 55
24.3108 55
24.3171 55
24.3235 55
24.3298 55
24.3361 55
24.3424 55
24.3487 55
24.355 55
24.3613 55
24.3676 55
24.3739 55
24.3802 55
24.3865 55
24.3928 55
24.3991 55
24.4054 55
24.4117 55
24.418 55
24.4243 55
24.4306 55
24.4369 55
24.4432 55
24.4495 55
24.4558 55
24.4621 55
24.4684 55
24.4747 55
24.4811 55
24.4874 55
24.4937 55
24.5 55
24.5063 55
24.5126 55
24.5189 55
24.5252 55
24.5315 55
24.5378 55
24.5441 55
24.5504 55
24.5567 55
24.563 55
24.5693 55
24.5756 55
24.5819 55
24.5882 56
24.5945 56
24.6008 56
24.6071 56
24.6134 56
24.6197 56
24.626 56
24.6323 56
24.6387 56
24.645 56
24.6513 56
24.6576 56
24.6639 56
24.6702 56
24.6765 56
24.6828 56
24.6891 56
24.6954 56
24.7017 56
24.708 56
24.7143 56
24.7206 56
24.7269 56
24.7332 56
24.7395 56
24.7458 56
24.7521 56
24.7584 56
24.7647 56
24.771 56
24.7773 56
24.7836 56
24.7899 56
24.7963 56
24.8026 56
24.8089 56
24.8152 56
24.8215 56
24.8278 56
24.8341 56
24.8404 56
24.8467 56
24.853 56
24.8593 56
24.8656 56
24.8719 56
24.8782 56
24.8845 56
24.8908 56
24.8971 56
24.9034 56
24.9097 56
24.916 56
24.9223 56
24.9286 56
24.9349 56
24.9412 56
24.9475 56
24.9539 57
24.9602 57
24.9665 57
24.9728 57
24.9791 57
24.9854 57
24.9917 57
24.998 57
