15.0027 33
15.009 33
15.0153 33
15.0216 33
15.0279 33
15.0342 33
15.0405 33
15.0469 33
15.0532 33
15.0595 33
15.0658 33
15.0721 33
15.0784 33
15.0847 33
15.091 33
15.0973 33
15.1036 33
15.1099 33
15.1162 33
15.1225 33
15.1288 33
15.1351 33
15.1414 33
15.1477 33
15.154 33
15.1603 33
15.1666 33
15.1729 34
15.1792 34
15.1855 34
15.1918 34
15.1981 34
15.2045 34
15.2108 34
15.2171 34
15.2234 34
15.2297 34
15.236 34
15.2423 34
15.2486 34
15.2549 34
15.2612 34
15.2675 34
15.2738 34
15.2801 34
15.2864 34
15.2927 34
15.299 34
15.3053 34
15.3116 34
15.3179 34
15.3242 34
15.3305 34
15.3368 34
15.3431 34
15.3494 34
15.3557 34
15.3621 34
15.3684 34
15.3747 34
15.381 34
15.3873 34
15.3936 35
15.3999 35
15.4062 35
15.4125 35
15.4188 35
15.4251 35
15.4314 35
15.4377 35
15.444 35
15.4503 35
15.4566 35
15.4629 35
15.4692 35
15.4755 35
15.4818 35
15.4881 35
15.4944 35
15.5007 35
15.507 35
15.5133 35
15.5197 35
15.526 35
15.5323 35
15.5386 35
15.5449 35
15.5512 35
15.5575 35
15.5638 35
15.5701 35
15.5764 35
15.5827 35
15.589 35
15.5953 35
15.6016 35
15.6079 35
15.6142 35
15.6205 36
15.6268 36
15.6331 36
15.6394 36
15.6457 36
15.652 36
15.6583 36
15.6646 36
15.6709 36
15.6773 36
15.6836 36
15.6899 36
15.6962 36
15.7025 36
15.7088 36
15.7151 36
15.7214 36
15.7277 36
15.734 36
15.7403 36
15.7466 36
15.7529 36
15.7592 36
15.7655 36
15.7718 36
15.7781 36
15.7844 36
15.7907 36
15.797 36
15.8033 36
15.8096 36
15.8159 36
15.8222 36
15.8285 36
15.8349 36
15.8412 36
15.8475 36
15.8538 37
15.8601 37
15.8664 37
15.8727 37
15.879 37
15.8853 37
15.8916 37
15.8979 37
15.9042 37
15.9105 37
15.9168 37
15.9231 37
15.9294 37
15.9357 37
15.942 37
15.9483 37
15.9546 37
15.9609 37
15.9672 37
15.9735 37
15.9798 37
15.9861 37
15.9925 37
15.9988 37
16.0051 37
16.0114 37
16.0177 37
16.024 37
16.0303 37
16.0366 37
16.0429 37
16.0492 37
16.0555 37
16.0618 37
16.0681 37
16.0744 37
16.0807 37
16.087 37
16.0933 38
16.0996 38
16.1059 38
16.1122 38
16.1185 38
16.1248 38
16.1311 38
16.1374 38
16.1437 38
16.1501 38
16.1564 38
16.1627 38
16.169 38
16.1753 38
16.1816 38
16.1879 38
16.1942 38
16.2005 38
16.2068 38
16.2131 38
16.2194 38
16.2257 38
16.232 38
16.2383 38
16.2446 38
16.2509 38
16.2572 38
16.2635 38
16.2698 38
16.2761 38
16.2824 38
16.2887 38
16.295 38
16.3013 38
16.3077 38
16.314 38
16.3203 38
16.3266 38
16.3329 38
16.3392 39
16.3455 39
16.3518 39
16.3581 39
16.3644 39
16.3707 39
16.377 39
16.3833 39
16.3896 39
16.3959 39
16.4022 39
16.4085 39
16.4148 39
16.4211 39
16.4274 39
16.4337 39
16.44 39
16.4463 39
16.4526 39
16.4589 39
16.4653 39
16.4716 39
16.4779 39
16.4842 39
16.4905 39
16.4968 39
16.5031 39
16.5094 39
16.5157 39
16.522 39
16.5283 39
16.5346 39
16.5409 39
16.5472 39
16.5535 39
16.5598 39
16.5661 39
16.5724 39
16.5787 39
16.585 39
16.5913 40
16.5976 40
16.6039 40
16.6102 40
16.6166 40
16.6229 40
16.6292 40
16.6355 40
16.6418 40
16.6481 40
16.6544 40
16.6607 40
16.667 40
16.6733 40
16.6796 40
16.6859 40
16.6922 40
16.6985 40
16.7048 40
16.7111 40
16.7174 40
16.7237 40
16.73 40
16.7363 40
16.7426 40
16.7489 40
16.7552 40
16.7615 40
16.7678 40
16.8182 18
17.2725 18
17.2788 18
17.2851 18
17.2914 18
17.2977 18
17.304 18
17.3103 18
17.3167 18
17.323 18
17.3293 19
17.3356 19
17.3419 19
17.3482 19
17.3545 19
17.3608 19
17.3671 19
17.3734 19
17.3797 19
17.386 19
17.3923 19
17.3986 19
17.4049 19
17.4112 19
17.4175 19
17.4238 19
17.4301 19
17.4364 19
17.4427 19
17.449 19
17.4553 20
17.4616 20
17.4679 20
17.4743 20
17.4806 20
17.4869 20
17.4932 20
17.4995 20
17.5058 20
17.5121 20
17.5184 20
17.5247 20
17.531 20
17.5373 20
17.5436 20
17.5499 20
17.5562 20
17.5625 20
17.5688 20
17.5751 20
17.5814 21
17.5877 21
17.594 21
17.6003 21
17.6066 21
17.6129 21
17.6192 21
17.6255 21
17.6319 21
17.6382 21
17.6445 21
17.6508 21
17.6571 21
17.6634 21
17.6697 21
17.676 21
17.6823 21
17.6886 21
17.6949 21
17.7012 21
17.7075 21
17.7138 21
17.7201 22
17.7264 22
17.7327 22
17.739 22
17.7453 22
17.7516 22
17.7579 22
17.7642 22
17.7705 22
17.7768 22
17.7831 22
17.7895 22
17.7958 22
17.8021 22
17.8084 22
17.8147 22
17.821 22
17.8273 22
17.8336 22
17.8399 22
17.8462 22
17.8525 22
17.8588 23
17.8651 23
17.8714 23
17.8777 23
17.884 23
17.8903 23
17.8966 23
17.9029 23
17.9092 23
17.9155 23
17.9218 23
17.9281 23
17.9344 23
17.9407 23
17.9471 23
17.9534 23
17.9597 23
17.966 23
17.9723 23
17.9786 23
17.9849 23
17.9912 23
17.9975 23
18.0038 23
18.0101 24
18.0164 24
18.0227 24
18.029 24
18.0353 24
18.0416 24
18.0479 24
18.0542 24
18.0605 24
18.0668 24
18.0731 24
18.0794 24
18.0857 24
18.092 24
18.0983 24
18.1047 24
18.111 24
18.1173 24
18.1236 24
18.1299 24
18.1362 24
18.1425 24
18.1488 24
18.1551 24
18.1614 24
18.1677 25
18.174 25
18.1803 25
18.1866 25
18.1929 25
18.1992 25
18.2055 25
18.2118 25
18.2181 25
18.2244 25
18.2307 25
18.237 25
18.2433 25
18.2496 25
18.2559 25
18.2623 25
18.2686 25
18.2749 25
18.2812 25
18.2875 25
18.2938 25
18.3001 25
18.3064 25
18.3127 25
18.319 25
18.3253 26
18.3316 26
18.3379 26
18.3442 26
18.3505 26
18.3568 26
18.3631 26
18.3694 26
18.3757 26
18.382 26
18.3883 26
18.3946 26
18.4009 26
18.4072 26
18.4135 26
18.4199 26
18.4262 26
18.4325 26
18.4388 26
18.4451 26
18.4514 26
18.4577 26
18.464 26
18.4703 26
18.4766 26
18.4829 26
18.4892 26
18.4955 27
18.5018 27
18.5081 27
18.5144 27
18.5207 27
18.527 27
18.5333 27
18.5396 27
18.5459 27
18.5522 27
18.5585 27
18.5648 27
18.5711 27
18.5775 27
18.5838 27
18.5901 27
18.5964 27
18.6027 27
18.609 27
18.6153 27
18.6216 27
18.6279 27
18.6342 27
18.6405 27
18.6468 27
18.6531 27
18.6594 27
18.6657 27
18.672 28
18.6783 28
18.6846 28
18.6909 28
18.6972 28
18.7035 28
18.7098 28
18.7161 28
18.7224 28
18.7287 28
18.7351 28
18.7414 28
18.7477 28
18.754 28
18.7603 28
18.7666 28
18.7729 28
18.7792 28
18.7855 28
18.7918 28
18.7981 28
18.8044 28
18.8107 28
18.817 28
18.8233 28
18.8296 28
18.8359 28
18.8422 28
18.8485 28
18.8548 29
18.8611 29
18.8674 29
18.8737 29
18.88 29
18.8863 29
18.8927 29
18.899 29
18.9053 29
18.9116 29
18.9179 29
18.9242 29
18.9305 29
18.9368 29
18.9431 29
18.9494 29
18.9559 29
18.9625 29
18.969 29
18.9753 29
18.9818 29
18.9882 29
18.9949 29
19.0016 29
19.0079 29
19.0143 29
19.0207 29
19.0272 29
19.0337 29
19.0401 30
19.0467 30
19.053 30
19.0593 30
19.0657 30
19.072 30
19.0785 30
19.0849 30
19.0914 30
19.0979 30
19.1044 30
19.1111 30
19.1178 30
19.1242 30
19.1305 30
19.1376 30
19.144 30
19.1505 30
19.1568 30
19.1631 30
19.1694 30
19.1757 30
19.1822 30
19.1885 30
19.195 30
19.2014 30
19.2078 30
19.2144 30
19.2209 30
19.2275 30
19.2339 30
19.2406 31
19.2471 31
19.2534 31
19.2598 31
19.2662 31
19.2727 31
19.2791 31
19.2857 31
19.2922 31
19.2986 31
19.305 31
19.3113 31
19.3179 31
19.3244 31
19.3307 31
19.337 31
19.3434 31
19.3498 31
19.3562 31
19.3628 31
19.3693 31
19.3759 31
19.3822 31
19.3887 31
19.3953 31
19.4021 31
19.4085 31
19.415 31
19.4213 31
19.4277 31
19.434 31
19.4404 31
19.4469 32
19.4533 32
19.4597 32
19.4664 32
19.4727 32
19.479 32
19.4854 32
19.4919 32
19.4986 32
19.5051 32
19.5117 32
19.5182 32
19.5247 32
19.5311 32
19.5374 32
19.5439 32
19.5502 32
19.5565 32
19.563 32
19.5695 32
19.576 32
19.5825 32
19.5889 32
19.5954 32
19.6017 32
19.6082 32
19.6146 32
19.6209 32
19.6272 32
19.6336 32
19.64 32
19.6467 32
19.6533 32
19.6599 33
19.6667 33
19.6732 33
19.6796 33
19.6859 33
19.6922 33
19.6985 33
19.7048 33
19.7111 33
19.7174 33
19.724 33
19.7305 33
19.7368 33
19.7435 33
19.7502 33
19.7565 33
19.7631 33
19.7697 33
19.7763 33
19.7829 33
19.7892 33
19.7956 33
19.802 33
19.8083 33
19.8148 33
19.8212 33
19.8277 33
19.8342 33
19.8405 33
19.8468 33
19.8531 33
19.8594 33
19.8658 33
19.8724 33
19.8788 34
19.8851 34
19.8914 34
19.8977 34
19.9042 34
19.9105 34
19.9173 34
19.9237 34
19.9305 34
19.9369 34
19.9434 34
19.9499 34
19.9565 34
19.9628 34
19.9691 34
19.9754 34
19.9817 34
19.9881 34
19.9944 34
20.0009 34
20.0072 34
20.0135 34
20.02 34
20.0265 34
20.0333 34
20.0398 34
20.0464 34
20.0527 34
20.0596 34
20.0662 34
20.0726 34
20.0789 34
20.0852 34
20.0919 34
20.0982 34
20.1045 35
20.1109 35
20.1175 35
20.1238 35
20.1303 35
20.1369 35
20.1432 35
20.1495 35
20.1559 35
20.1622 35
20.1687 35
20.175 35
20.1813 35
20.1876 35
20.1941 35
20.2006 35
20.2074 35
20.2139 35
20.2202 35
20.2268 35
20.2332 35
20.2397 35
20.2461 35
20.2524 35
20.2588 35
20.2652 35
20.2715 35
20.2778 35
20.2842 35
20.2905 35
20.2968 35
20.3032 35
20.3095 35
20.316 35
20.3223 35
20.3287 35
20.335 36
20.3413 36
20.3476 36
20.3539 36
20.3602 36
20.3665 36
20.3728 36
20.3791 36
20.3854 36
20.3917 36
20.398 36
20.4043 36
20.4106 36
20.4169 36
20.4232 36
20.4295 36
20.4358 36
20.4421 36
20.4484 36
20.4547 36
20.461 36
20.4674 36
20.4737 36
20.48 36
20.4863 36
20.4926 36
20.4989 36
20.5052 36
20.5115 36
20.5178 36
20.5241 36
20.5304 36
20.5367 36
20.543 36
20.5493 36
20.5556 36
20.5619 36
20.5682 37
20.5745 37
20.5808 37
20.5871 37
20.5934 37
20.5997 37
20.606 37
20.6123 37
20.6186 37
20.625 37
20.6313 37
20.6376 37
20.6439 37
20.6502 37
20.6565 37
20.6628 37
20.6691 37
20.6754 37
20.6817 37
20.688 37
20.6943 37
20.7006 37
20.7069 37
20.7132 37
20.7195 37
20.7258 37
20.7321 37
20.7384 37
20.7447 37
20.751 37
20.7573 37
20.7636 37
20.7699 37
20.7762 37
20.7826 37
20.7889 37
20.7952 37
20.8015 37
20.8078 38
20.8141 38
20.8204 38
20.8267 38
20.833 38
20.8393 38
20.8456 38
20.8519 38
20.8582 38
20.8645 38
20.8708 38
20.8771 38
20.8834 38
20.8897 38
20.896 38
20.9023 38
20.9086 38
20.9149 38
20.9212 38
20.9275 38
20.9338 38
20.9402 38
20.9465 38
20.9528 38
20.9591 38
20.9654 38
20.9717 38
20.978 38
20.9843 38
20.9906 38
20.9969 38
21.0032 38
21.0095 38
21.0158 38
21.0221 38
21.0284 38
21.0347 38
21.041 38
21.0473 38
21.0536 39
21.0599 39
21.0662 39
21.0725 39
21.0788 39
21.0851 39
21.0914 39
21.0978 39
21.1041 39
21.1104 39
21.1167 39
21.123 39
21.1293 39
21.1356 39
21.1419 39
21.1482 39
21.1545 39
21.1608 39
21.1671 39
21.1734 39
21.1797 39
21.186 39
21.1923 39
21.1986 39
21.2049 39
21.2112 39
21.2175 39
21.2238 39
21.2301 39
21.2364 39
21.2427 39
21.249 39
21.2554 39
21.2617 39
21.268 39
21.2743 39
21.2806 39
21.2869 39
21.2932 39
21.2995 39
21.3058 40
21.3121 40
21.3184 40
21.3247 40
21.331 40
21.3373 40
21.3436 40
21.3499 40
21.3562 40
21.3625 40
21.3688 40
21.3751 40
21.3814 40
21.3877 40
21.394 40
21.4003 40
21.4066 40
21.413 40
21.4193 40
21.4256 40
21.4319 40
21.4382 40
21.4445 40
21.4508 40
21.4571 40
21.4634 40
21.4697 40
21.476 40
21.4823 40
21.4886 40
21.4949 40
21.5012 40
21.5075 40
21.5138 40
21.5201 40
21.5264 40
21.5327 40
21.539 40
21.5453 40
21.5516 40
21.5579 40
21.5642 41
21.5706 41
21.5769 41
21.5832 41
21.5895 41
21.5958 41
21.6021 41
21.6084 41
21.6147 41
21.621 41
21.6273 41
21.6336 41
21.6399 41
21.6462 41
21.6525 41
21.6588 41
21.6651 41
21.6714 41
21.6777 41
21.684 41
21.6903 41
21.6966 41
21.7029 41
21.7092 41
21.7155 41
21.7218 41
21.7282 41
21.7345 41
21.7408 41
21.7471 41
21.7534 41
21.7597 41
21.766 41
21.7723 41
21.7786 41
21.7849 41
21.7912 41
21.7975 41
21.8038 41
21.8101 41
21.8164 41
21.8227 41
21.829 42
21.8353 42
21.8416 42
21.8479 42
21.8542 42
21.8605 42
21.8668 42
21.8731 42
21.8794 42
21.8858 42
21.8921 42
21.8984 42
21.9047 42
21.911 42
21.9173 42
21.9236 42
21.9299 42
21.9362 42
21.9425 42
21.9488 42
21.9551 42
21.9614 42
21.9677 42
21.974 42
21.9803 42
21.9866 42
21.9929 42
21.9992 42
22.0055 42
22.0118 42
22.0181 42
22.0244 42
22.0307 42
22.037 42
22.0434 42
22.0497 42
22.056 42
22.0623 42
22.0686 42
22.0749 42
22.0812 42
22.0875 42
22.0938 42
22.1001 43
22.1064 43
22.1127 43
22.119 43
22.1253 43
22.1316 43
22.1379 43
22.1442 43
22.1505 43
22.1568 43
22.1631 43
22.1694 43
22.1757 43
22.182 43
22.1883 43
22.1946 43
22.201 43
22.2073 43
22.2136 43
22.2199 43
22.2262 43
22.2325 43
22.2388 43
22.2451 43
22.2514 43
22.2577 43
22.264 43
22.2703 43
22.2766 43
22.2829 43
22.2892 43
22.2955 43
22.3018 43
22.3081 43
22.3144 43
22.3207 43
22.327 43
22.3333 43
22.3396 43
22.3459 43
22.3522 43
22.3586 43
22.3649 43
22.3712 43
22.3775 44
22.3838 44
22.3901 44
22.3964 44
22.4027 44
22.409 44
22.4153 44
22.4216 44
22.4279 44
22.4342 44
22.4405 44
22.4468 44
22.4531 44
22.4594 44
22.4657 44
22.472 44
22.4783 44
22.4846 44
22.4909 44
22.4972 44
22.5035 44
22.5098 44
22.5162 44
22.5225 44
22.5288 44
22.5351 44
22.5414 44
22.5477 44
22.554 44
22.5603 44
22.5666 44
22.5729 44
22.5792 44
22.5855 44
22.5918 44
22.5981 44
22.6044 44
22.6107 44
22.617 44
22.6233 44
22.6296 44
22.6359 44
22.6422 44
22.6485 44
22.6548 44
22.6611 45
22.6674 45
22.6738 45
22.6801 45
22.6864 45
22.6927 45
22.699 45
22.7053 45
22.7116 45
22.7179 45
22.7242 45
22.7305 45
22.7368 45
22.7431 45
22.7494 45
22.7557 45
22.762 45
22.7683 45
22.7746 45
22.7809 45
22.7872 45
22.7935 45
22.7998 45
22.8061 45
22.8124 45
22.8187 45
22.825 45
22.8314 45
22.8377 45
22.844 45
22.8503 45
22.8566 45
22.8629 45
22.8692 45
22.8755 45
22.8818 45
22.8881 45
22.8944 45
22.9007 45
22.907 45
22.9133 45
22.9196 45
22.9259 45
22.9322 45
22.9385 45
22.9448 45
22.9511 46
22.9574 46
22.9637 46
22.97 46
22.9763 46
22.9826 46
22.989 46
22.9953 46
23.0018 46
23.0081 46
23.0144 46
23.0208 46
23.0272 46
23.0338 46
23.0404 46
23.0467 46
23.0532 46
23.0599 46
23.0665 46
23.073 46
23.0797 46
23.086 46
23.0927 46
23.0994 46
23.1058 46
23.1121 46
23.1188 46
23.1251 46
23.1315 46
23.1381 46
23.1445 46
23.1513 46
23.1576 46
23.1642 46
23.1709 46
23.1774 46
23.1837 46
23.1903 46
23.1966 46
23.2029 46
23.2093 46
23.2157 46
23.222 46
23.2283 46
23.2347 46
23.241 46
23.2473 46
23.2537 47
23.26 47
23.2663 47
23.2726 47
23.279 47
23.2853 47
23.2918 47
23.2982 47
23.3045 47
23.3108 47
23.3175 47
23.324 47
23.3304 47
23.3368 47
23.3435 47
23.3499 47
23.3562 47
23.3626 47
23.3691 47
23.3755 47
23.3819 47
23.3886 47
23.395 47
23.4013 47
23.408 47
23.4147 47
23.4213 47
23.4277 47
23.434 47
23.4405 47
23.447 47
23.4533 47
23.4598 47
23.4664 47
23.4727 47
23.479 47
23.4853 47
23.4918 47
23.4981 47
23.5044 47
23.5107 47
23.517 47
23.5233 47
23.5296 47
23.5359 47
23.5423 47
23.5487 47
23.555 47
23.5613 47
23.5676 48
23.5741 48
23.5805 48
23.5868 48
23.5931 48
23.5994 48
23.6057 48
23.6121 48
23.6184 48
23.6248 48
23.6311 48
23.6374 48
23.6437 48
23.6501 48
23.6564 48
23.6627 48
23.669 48
23.6753 48
23.6817 48
23.688 48
23.6943 48
23.7006 48
23.7069 48
23.7132 48
23.7195 48
23.7258 48
23.7321 48
23.7384 48
23.7447 48
23.751 48
23.7573 48
23.7636 48
23.7699 48
23.7762 48
23.7825 48
23.7888 48
23.7951 48
23.8014 48
23.8077 48
23.814 48
23.8203 48
23.8266 48
23.833 48
23.8393 48
23.8456 48
23.8519 48
23.8582 48
23.8645 48
23.8708 48
23.8771 49
23.8834 49
23.8897 49
23.896 49
23.9023 49
23.9086 49
23.9149 49
23.9212 49
23.9275 49
23.9338 49
23.9401 49
23.9464 49
23.9527 49
23.959 49
23.9653 49
23.9716 49
23.9779 49
23.9842 49
23.9906 49
23.9969 49
24.0032 49
24.0095 49
24.0158 49
24.0221 49
24.0284 49
24.0347 49
24.041 49
24.0473 49
24.0536 49
24.0599 49
24.0662 49
24.0725 49
24.0788 49
24.0851 49
24.0914 49
24.0977 49
24.104 49
24.1103 49
24.1166 49
24.1229 49
24.1292 49
24.1355 49
24.1418 49
24.1482 49
24.1545 49
24.1608 49
24.1671 49
24.1734 49
24.1797 49
24.186 49
24.1923 50
24.1986 50
24.2049 50
24.2112 50
24.2175 50
24.2238 50
24.2301 50
24.2364 50
24.2427 50
24.249 50
24.2553 50
24.2616 50
24.2679 50
24.2742 50
24.2805 50
24.2868 50
24.2931 50
24.2994 50
24.3058 50
24.3121 50
24.3184 50
24.3247 50
24.331 50
24.3373 50
24.3436 50
24.3499 50
24.3562 50
24.3625 50
24.3688 50
24.3751 50
24.3814 50
24.3877 50
24.394 50
24.4003 50
24.4066 50
24.4129 50
24.4192 50
24.4255 50
24.4318 50
24.4381 50
24.4444 50
24.4507 50
24.457 50
24.4634 50
24.4697 50
24.476 50
24.4823 50
24.4886 50
24.4949 50
24.5012 50
24.5075 50
24.5138 50
24.5201 51
24.5264 51
24.5327 51
24.539 51
24.5453 51
24.5516 51
24.5579 51
24.5642 51
24.5705 51
24.5768 51
24.5831 51
24.5894 51
24.5957 51
24.602 51
24.6083 51
24.6146 51
24.621 51
24.6273 51
24.6336 51
24.6399 51
24.6462 51
24.6525 51
24.6588 51
24.6651 51
24.6714 51
24.6777 51
24.684 51
24.6903 51
24.6966 51
24.7029 51
24.7092 51
24.7155 51
24.7218 51
24.7281 51
24.7344 51
24.7407 51
24.747 51
24.7533 51
24.7596 51
24.7659 51
24.7722 51
24.7786 51
24.7849 51
24.7912 51
24.7975 51
24.8038 51
24.8101 51
24.8164 51
24.8227 51
24.829 51
24.8353 51
24.8416 51
24.8479 52
24.8542 52
24.8605 52
24.8668 52
24.8731 52
24.8794 52
24.8857 52
24.892 52
24.8983 52
24.9046 52
24.9109 52
24.9172 52
24.9235 52
24.9298 52
24.9362 52
24.9425 52
24.9488 52
24.9551 52
24.9614 52
24.9677 52
24.974 52
24.9803 52
24.9866 52
24.9929 52
24.9992 52
