15.0028 54
15.0091 54
15.0154 54
15.0217 54
15.0281 54
15.0344 54
15.0407 54
15.047 54
15.0533 54
15.0596 54
15.0659 54
15.0722 54
15.0785 54
15.0848 54
15.0911 54
15.0974 54
15.1037 54
15.11 54
15.1163 54
15.1226 54
15.1289 54
15.1352 54
15.1415 54
15.1478 54
15.1541 54
15.1604 54
15.1667 54
15.173 54
15.1793 54
15.1857 54
15.192 54
15.1983 54
15.2046 54
15.2109 54
15.2172 54
15.2235 55
15.2298 55
15.2361 55
15.2424 55
15.2487 55
15.255 55
15.2613 55
15.2676 55
15.2739 55
15.2802 55
15.2865 55
15.2928 55
15.2991 55
15.3054 55
15.3117 55
15.318 55
15.3243 55
15.3306 55
15.3369 55
15.3433 55
15.3496 55
15.3559 55
15.3622 55
15.3685 55
15.3748 55
15.3811 55
15.3874 55
15.3937 55
15.4 55
15.4063 55
15.4126 55
15.4189 55
15.4252 55
15.4315 55
15.4378 55
15.4441 55
15.4504 55
15.4567 55
15.463 55
15.4693 55
15.4756 55
15.4819 55
15.4882 55
15.4945 55
15.5009 55
15.5072 55
15.5135 55
15.5198 55
15.5261 55
15.5324 55
15.5387 55
15.545 55
15.5513 55
15.5576 55
15.5639 55
15.5702 55
15.5765 55
15.5828 56
15.5891 56
15.5954 56
15.6017 56
15.608 56
15.6143 56
15.6206 56
15.6269 56
15.6332 56
15.6395 56
15.6458 56
15.6521 56
15.6585 56
15.6648 56
15.6711 56
15.6774 56
15.6837 56
15.69 56
15.6963 56
15.7026 56
15.7089 56
15.7152 56
15.7215 56
15.7278 56
15.7341 56
15.7404 56
15.7467 56
15.753 56
15.7593 56
15.7656 56
15.7719 56
15.7782 56
15.7845 56
15.7908 56
15.7971 56
15.8034 56
15.8097 56
15.8161 56
15.8224 56
15.8287 56
15.835 56
15.8413 56
15.8476 56
15.8539 56
15.8602 56
15.8665 56
15.8728 56
15.8791 56
15.8854 56
15.8917 56
15.898 56
15.9043 56
15.9106 56
15.9169 56
15.9232 56
15.9295 56
15.9358 56
15.9421 57
15.9484 57
15.9547 57
15.961 57
15.9673 57
15.9737 57
15.98 57
15.9863 57
15.9926 57
15.9989 57
16.0052 57
16.0115 57
16.0178 57
16.0241 57
16.0304 57
16.0367 57
16.043 57
16.0493 57
16.0556 57
16.0619 57
16.0682 57
16.0745 57
16.0808 57
16.0871 57
16.0934 57
16.0997 57
16.106 57
16.1123 57
16.1186 57
16.1249 57
16.1313 57
16.1376 57
16.1439 57
16.1502 57
16.1565 57
16.1628 57
16.1691 57
16.1754 57
16.1817 57
16.188 57
16.1943 57
16.2006 57
16.2069 57
16.2132 57
16.2195 57
16.2258 57
16.2321 57
16.2384 57
16.2447 57
16.251 57
16.2573 57
16.2636 57
16.2699 57
16.2762 57
16.2825 57
16.2889 57
16.2952 57
16.3015 57
16.3078 57
16.3141 58
16.3204 58
16.3267 58
16.333 58
16.3393 58
16.3456 58
16.3519 58
16.3582 58
16.3645 58
16.3708 58
16.3771 58
16.3834 58
16.3897 58
16.396 58
16.4023 58
16.4086 58
16.4149 58
16.4212 58
16.4275 58
16.4338 58
16.4401 58
16.4465 58
16.4528 58
16.4591 58
16.4654 58
16.4717 58
16.478 58
16.4843 58
16.4906 58
16.4969 58
16.5032 58
16.5095 58
16.5158 58
16.5221 58
16.5284 58
16.5347 58
16.541 58
16.5473 58
16.5536 58
16.5599 58
16.5662 58
16.5725 58
16.5788 58
16.5851 58
16.5914 58
16.5977 58
16.6041 58
16.6104 58
16.6167 58
16.623 58
16.6293 58
16.6356 58
16.6419 58
16.6482 58
16.6545 58
16.6608 58
16.6671 58
16.6734 58
16.6797 58
16.686 58
16.6923 59
16.6986 59
16.7049 59
16.7112 59
16.7175 59
16.7238 59
16.7301 59
16.7364 59
16.7427 59
16.749 59
16.7553 59
16.7617 59
16.768 59
16.7743 59
16.7806 59
16.7869 59
16.7932 59
16.7995 59
16.8058 59
16.8121 59
16.8184 59
16.8247 59
16.831 59
16.8373 59
16.8436 59
16.8499 59
16.8562 59
16.8625 59
16.8688 59
16.8751 59
16.8814 59
16.8877 59
16.894 59
16.9003 59
16.9066 59
16.9129 59
16.9193 59
16.9256 59
16.9319 59
16.9382 59
16.9445 59
16.9508 59
16.9571 59
16.9634 59
16.9697 59
16.976 59
16.9823 59
16.9886 59
16.9949 59
17.0012 59
17.0075 59
17.0138 59
17.0201 59
17.0264 59
17.0327 59
17.039 59
17.0453 59
17.0516 59
17.0579 59
17.0642 59
17.0705 60
17.0769 60
17.0832 60
17.0895 60
17.0958 60
17.1021 60
17.1084 60
17.1147 60
17.121 60
17.1273 60
17.1336 60
17.1399 60
17.1462 60
17.1525 60
17.1588 60
17.1651 60
17.1714 60
17.1777 60
17.184 60
17.1903 60
17.1966 60
17.2029 60
17.2092 60
17.2155 60
17.2218 60
17.2281 60
17.2345 60
17.2408 60
17.2471 60
17.2534 60
17.2597 60
17.266 60
17.2723 60
17.2786 60
17.2849 60
17.2912 60
17.2975 60
17.3038 60
17.3101 60
17.3164 60
17.3227 60
17.329 60
17.3353 60
17.3416 60
17.3479 60
17.3542 60
17.3605 60
17.3668 60
17.3731 60
17.3794 60
17.3857 60
17.3921 60
17.3984 60
17.4047 60
17.411 60
17.4173 60
17.4236 60
17.4299 60
17.4362 60
17.4425 60
17.4488 60
17.4551 60
17.4614 61
17.4677 61
17.474 61
17.4803 61
17.4866 61
17.4929 61
17.4992 61
17.5055 61
17.5118 61
17.5181 61
17.5244 61
17.5307 61
17.537 61
17.5433 61
17.5497 61
17.556 61
17.5623 61
17.5686 61
17.5749 61
17.5812 61
17.5875 61
17.5938 61
17.6001 61
17.6064 61
17.6127 61
17.619 61
17.6253 61
17.6316 61
17.6379 61
17.6442 61
17.6505 61
17.6568 61
17.6631 61
17.6694 61
17.6757 61
17.682 61
17.6883 61
17.6946 61
17.7009 61
17.7073 61
17.7136 61
17.7199 61
17.7262 61
17.7325 61
17.7388 61
17.7451 61
17.7514 61
17.7577 61
17.764 61
17.7703 61
17.7766 61
17.7829 61
17.7892 61
17.7955 61
17.8018 61
17.8081 61
17.8144 61
17.8207 61
17.827 61
17.8333 61
17.8396 61
17.8459 61
17.8522 61
17.8585 62
17.8649 62
17.8712 62
17.8775 62
17.8838 62
17.8901 62
17.8964 62
17.9027 62
17.909 62
17.9153 62
17.9216 62
17.9279 62
17.9342 62
17.9405 62
17.9468 62
17.9531 62
17.9594 62
17.9657 62
17.972 62
17.9783 62
17.9846 62
17.9909 62
17.9972 62
18.0035 62
18.0098 62
18.0161 62
18.0225 62
18.0288 62
18.0351 62
18.0414 62
18.0477 62
18.054 62
18.0603 62
18.0666 62
18.0729 62
18.0792 62
18.0855 62
18.0918 62
18.0981 62
18.1044 62
18.1107 62
18.117 62
18.1233 62
18.1296 62
18.1359 62
18.1422 62
18.1485 62
18.1548 62
18.1611 62
18.1674 62
18.1737 62
18.1801 62
18.1864 62
18.1927 62
18.199 62
18.2053 62
18.2116 62
18.2179 62
18.2242 62
18.2305 62
18.2368 62
18.2431 62
18.2494 62
18.2557 62
18.262 63
18.2683 63
18.2746 63
18.2809 63
18.2872 63
18.2935 63
18.2998 63
18.3061 63
18.3124 63
18.3187 63
18.325 63
18.3313 63
18.3377 63
18.344 63
18.3503 63
18.3566 63
18.3629 63
18.3692 63
18.3755 63
18.3818 63
18.3881 63
18.3944 63
18.4007 63
18.407 63
18.4133 63
18.4196 63
18.4259 63
18.4322 63
18.4385 63
18.4448 63
18.4511 63
18.4574 63
18.4637 63
18.47 63
18.4763 63
18.4826 63
18.4889 63
18.4953 63
18.5016 63
18.5079 63
18.5142 63
18.5205 63
18.5268 63
18.5331 63
18.5394 63
18.5457 63
18.552 63
18.5583 63
18.5646 63
18.5709 63
18.5772 63
18.5835 63
18.5898 63
18.5961 63
18.6024 63
18.6087 63
18.615 63
18.6213 63
18.6276 63
18.6339 63
18.6402 63
18.6465 63
18.6529 63
18.6592 63
18.6655 63
18.6718 64
18.6781 64
18.6844 64
18.6907 64
18.697 64
18.7033 64
18.7096 64
18.7159 64
18.7222 64
18.7285 64
18.7348 64
18.7411 64
18.7474 64
18.7537 64
18.76 64
18.7663 64
18.7726 64
18.7789 64
18.7852 64
18.7915 64
18.7978 64
18.8041 64
18.8105 64
18.8168 64
18.8231 64
18.8294 64
18.8357 64
18.842 64
18.8483 64
18.8546 64
18.8609 64
18.8672 64
18.8735 64
18.8798 64
18.8861 64
18.8924 64
18.8987 64
18.905 64
18.9113 64
18.9176 64
18.9239 64
18.9302 64
18.9365 64
18.9428 64
18.9491 64
18.9554 64
18.9617 64
18.9681 64
18.9744 64
18.9807 64
18.987 64
18.9933 64
18.9996 64
19.0059 64
19.0122 64
19.0185 64
19.0248 64
19.0311 64
19.0374 64
19.0437 64
19.05 64
19.0563 64
19.0626 64
19.0689 64
19.0752 64
19.0815 65
19.0878 65
19.0941 65
19.1004 65
19.1067 65
19.113 65
19.1193 65
19.1257 65
19.132 65
19.1383 65
19.1446 65
19.1509 65
19.1572 65
19.1635 65
19.1698 65
19.1761 65
19.1824 65
19.1887 65
19.195 65
19.2013 65
19.2076 65
19.2139 65
19.2202 65
19.2265 65
19.2328 65
19.2391 65
19.2454 65
19.2517 65
19.258 65
19.2643 65
19.2706 65
19.2769 65
19.2833 65
19.2896 65
19.2959 65
19.3022 65
19.3085 65
19.3148 65
19.3211 65
19.3274 65
19.3337 65
19.34 65
19.3463 65
19.3526 65
19.3589 65
19.3652 65
19.3715 65
19.3778 65
19.3841 65
19.3904 65
19.3967 65
19.403 65
19.4093 65
19.4156 65
19.4219 65
19.4282 65
19.4345 65
19.4409 65
19.4472 65
19.4535 65
19.4598 65
19.4661 65
19.4724 65
19.4787 65
19.485 65
19.4913 65
19.4976 65
19.5039 65
19.5102 66
19.5165 66
19.5228 66
19.5291 66
19.5354 66
19.5417 66
19.548 66
19.5543 66
19.5606 66
19.5669 66
19.5732 66
19.5795 66
19.5858 66
19.5921 66
19.5985 66
19.6048 66
19.6111 66
19.6174 66
19.6237 66
19.63 66
19.6363 66
19.6426 66
19.6489 66
19.6552 66
19.6615 66
19.6678 66
19.6741 66
19.6804 66
19.6867 66
19.693 66
19.6993 66
19.7056 66
19.7119 66
19.7182 66
19.7245 66
19.7308 66
19.7371 66
19.7434 66
19.7497 66
19.7561 66
19.7624 66
19.7687 66
19.775 66
19.7813 66
19.7876 66
19.7939 66
19.8002 66
19.8065 66
19.8128 66
19.8191 66
19.8254 66
19.8317 66
19.838 66
19.8443 66
19.8506 66
19.8569 66
19.8632 66
19.8695 66
19.8758 66
19.8821 66
19.8884 66
19.8947 66
19.901 66
19.9073 66
19.9137 66
19.92 66
19.9263 66
19.9326 66
19.9389 67
19.9452 67
19.9515 67
19.9578 67
19.9641 67
19.9704 67
19.9767 67
19.983 67
19.9893 67
19.9956 67
20.0019 67
20.0082 67
20.0145 67
20.0208 67
20.0271 67
20.0334 67
20.0397 67
20.046 67
20.0523 67
20.0586 67
20.0649 67
20.0713 67
20.0776 67
20.0839 67
20.0902 67
20.0965 67
20.1028 67
20.1091 67
20.1154 67
20.1217 67
20.128 67
20.1343 67
20.1406 67
20.1469 67
20.1532 67
20.1595 67
20.1658 67
20.1721 67
20.1784 67
20.1847 67
20.191 67
20.1973 67
20.2036 67
20.2099 67
20.2162 67
20.2225 67
20.2289 67
20.2352 67
20.2415 67
20.2478 67
20.2541 67
20.2604 67
20.2667 67
20.273 67
20.2793 67
20.2856 67
20.2919 67
20.2982 67
20.3045 67
20.3108 67
20.3171 67
20.3234 67
20.3297 67
20.336 67
20.3423 67
20.3486 67
20.3549 67
20.3612 67
20.3675 68
20.3738 68
20.3801 68
20.3865 68
20.3928 68
20.3991 68
20.4054 68
20.4117 68
20.418 68
20.4243 68
20.4306 68
20.4369 68
20.4432 68
20.4495 68
20.4558 68
20.4621 68
20.4684 68
20.4747 68
20.481 68
20.4873 68
20.4936 68
20.4999 68
20.5062 68
20.5125 68
20.5188 68
20.5251 68
20.5314 68
20.5377 68
20.5441 68
20.5504 68
20.5567 68
20.563 68
20.5693 68
20.5756 68
20.5819 68
20.5882 68
20.5945 68
20.6008 68
20.6071 68
20.6134 68
20.6197 68
20.626 68
20.6323 68
20.6386 68
20.6449 68
20.6512 68
20.6575 68
20.6638 68
20.6701 68
20.6764 68
20.6827 68
20.689 68
20.6953 68
20.7017 68
20.708 68
20.7143 68
20.7206 68
20.7269 68
20.7332 68
20.7395 68
20.7458 68
20.7521 68
20.7584 68
20.7647 68
20.771 68
20.7773 68
20.7836 68
20.7899 68
20.7962 68
20.8025 68
20.8088 68
20.8151 69
20.8214 69
20.8277 69
20.834 69
20.8403 69
20.8466 69
20.8529 69
20.8593 69
20.8656 69
20.8719 69
20.8782 69
20.8845 69
20.8908 69
20.8971 69
20.9034 69
20.9097 69
20.916 69
20.9223 69
20.9286 69
20.9349 69
20.9412 69
20.9475 69
20.9538 69
20.9601 69
20.9664 69
20.9727 69
20.979 69
20.9853 69
20.9916 69
20.9979 69
21.0042 69
21.0105 69
21.0169 69
21.0232 69
21.0295 69
21.0358 69
21.0421 69
21.0484 69
21.0547 69
21.061 69
21.0673 69
21.0736 69
21.0799 69
21.0862 69
21.0925 69
21.0988 69
21.1051 69
21.1114 69
21.1177 69
21.124 69
21.1303 69
21.1366 69
21.1429 69
21.1492 69
21.1555 69
21.1618 69
21.1681 69
21.1745 69
21.1808 69
21.1871 69
21.1934 69
21.1997 69
21.206 69
21.2123 69
21.2186 69
21.2249 69
21.2312 69
21.2375 69
21.2438 69
21.2501 69
21.2564 69
21.2627 70
21.269 70
21.2753 70
21.2816 70
21.2879 70
21.2942 70
21.3005 70
21.3068 70
21.3131 70
21.3194 70
21.3257 70
21.3321 70
21.3384 70
21.3447 70
21.351 70
21.3573 70
21.3636 70
21.3699 70
21.3762 70
21.3825 70
21.3888 70
21.3951 70
21.4014 70
21.4077 70
21.414 70
21.4203 70
21.4266 70
21.4329 70
21.4392 70
21.4455 70
21.4518 70
21.4581 70
21.4644 70
21.4707 70
21.477 70
21.4833 70
21.4897 70
21.496 70
21.5023 70
21.5086 70
21.5149 70
21.5212 70
21.5275 70
21.5338 70
21.5401 70
21.5464 70
21.5527 70
21.559 70
21.5653 70
21.5716 70
21.5779 70
21.5842 70
21.5905 70
21.5968 70
21.6031 70
21.6094 70
21.6157 70
21.622 70
21.6283 70
21.6346 70
21.6409 70
21.6473 70
21.6536 70
21.6599 70
21.6662 70
21.6725 70
21.6788 70
21.6851 70
21.6914 70
21.6977 70
21.704 70
21.7103 70
21.7166 71
21.7229 71
21.7292 71
21.7355 71
21.7418 71
21.7481 71
21.7544 71
21.7607 71
21.767 71
21.7733 71
21.7796 71
21.7859 71
21.7922 71
21.7985 71
21.8049 71
21.8112 71
21.8175 71
21.8238 71
21.8301 71
21.8364 71
21.8427 71
21.849 71
21.8553 71
21.8616 71
21.8679 71
21.8742 71
21.8805 71
21.8868 71
21.8931 71
21.8994 71
21.9057 71
21.912 71
21.9183 71
21.9246 71
21.9309 71
21.9372 71
21.9435 71
21.9498 71
21.9561 71
21.9625 71
21.9688 71
21.9751 71
21.9814 71
21.9877 71
21.994 71
22.0003 71
22.0066 71
22.0129 71
22.0192 71
22.0255 71
22.0318 71
22.0381 71
22.0444 71
22.0507 71
22.057 71
22.0633 71
22.0696 71
22.0759 71
22.0822 71
22.0885 71
22.0948 71
22.1011 71
22.1074 71
22.1137 71
22.1201 71
22.1264 71
22.1327 71
22.139 71
22.1453 71
22.1516 71
22.1579 71
22.1642 71
22.1705 71
22.1768 72
22.1831 72
22.1894 72
22.1957 72
22.202 72
22.2083 72
22.2146 72
22.2209 72
22.2272 72
22.2335 72
22.2398 72
22.2461 72
22.2524 72
22.2587 72
22.265 72
22.2713 72
22.2777 72
22.284 72
22.2903 72
22.2966 72
22.3029 72
22.3092 72
22.3155 72
22.3218 72
22.3281 72
22.3344 72
22.3407 72
22.347 72
22.3533 72
22.3596 72
22.3659 72
22.3722 72
22.3785 72
22.3848 72
22.3911 72
22.3974 72
22.4037 72
22.41 72
22.4163 72
22.4226 72
22.4289 72
22.4353 72
22.4416 72
22.4479 72
22.4542 72
22.4605 72
22.4668 72
22.4731 72
22.4794 72
22.4857 72
22.492 72
22.4983 72
22.5046 72
22.5109 72
22.5172 72
22.5235 72
22.5298 72
22.5361 72
22.5424 72
22.5487 72
22.555 72
22.5613 72
22.5676 72
22.5739 72
22.5802 72
22.5865 72
22.5929 72
22.5992 72
22.6055 72
22.6118 72
22.6181 72
22.6244 72
22.6307 72
22.637 72
22.6433 72
22.6496 73
22.6559 73
22.6622 73
22.6685 73
22.6748 73
22.6811 73
22.6874 73
22.6937 73
22.7 73
22.7063 73
22.7126 73
22.7189 73
22.7252 73
22.7315 73
22.7378 73
22.7441 73
22.7505 73
22.7568 73
22.7631 73
22.7694 73
22.7757 73
22.782 73
22.7883 73
22.7946 73
22.8009 73
22.8072 73
22.8135 73
22.8198 73
22.8261 73
22.8324 73
22.8387 73
22.845 73
22.8513 73
22.8576 73
22.8639 73
22.8702 73
22.8765 73
22.8828 73
22.8891 73
22.8954 73
22.9017 73
22.9081 73
22.9144 73
22.9207 73
22.927 73
22.9333 73
22.9396 73
22.9459 73
22.9522 73
22.9585 73
22.9648 73
22.9711 73
22.9774 73
22.9837 73
22.99 73
22.9963 73
23.0026 73
23.0089 73
23.0152 73
23.0215 73
23.0278 73
23.0341 73
23.0404 73
23.0467 73
23.053 73
23.0593 73
23.0657 73
23.072 73
23.0783 73
23.0846 73
23.0909 73
23.0972 73
23.1035 73
23.1098 73
23.1161 73
23.1224 74
23.1287 74
23.135 74
23.1413 74
23.1476 74
23.1539 74
23.1602 74
23.1665 74
23.1728 74
23.1791 74
23.1854 74
23.1917 74
23.198 74
23.2043 74
23.2106 74
23.2169 74
23.2233 74
23.2296 74
23.2359 74
23.2422 74
23.2485 74
23.2548 74
23.2611 74
23.2674 74
23.2737 74
23.28 74
23.2863 74
23.2926 74
23.2989 74
23.3052 74
23.3115 74
23.3178 74
23.3241 74
23.3304 74
23.3367 74
23.343 74
23.3493 74
23.3556 74
23.3619 74
23.3682 74
23.3745 74
23.3809 74
23.3872 74
23.3935 74
23.3998 74
23.4061 74
23.4124 74
23.4187 74
23.425 74
23.4313 74
23.4376 74
23.4439 74
23.4502 74
23.4565 74
23.4628 74
23.4691 74
23.4754 74
23.4817 74
23.488 74
23.4943 74
23.5006 74
23.5069 74
23.5132 74
23.5195 74
23.5258 74
23.5321 74
23.5385 74
23.5448 74
23.5511 74
23.5574 74
23.5637 74
23.57 74
23.5763 74
23.5826 74
23.5889 74
23.5952 75
23.6015 75
23.6078 75
23.6141 75
23.6204 75
23.6267 75
23.633 75
23.6393 75
23.6456 75
23.6519 75
23.6582 75
23.6645 75
23.6708 75
23.6771 75
23.6834 75
23.6897 75
23.6961 75
23.7024 75
23.7087 75
23.715 75
23.7213 75
23.7276 75
23.7339 75
23.7402 75
23.7465 75
23.7528 75
23.7591 75
23.7654 75
23.7717 75
23.778 75
23.7843 75
23.7906 75
23.7969 75
23.8032 75
23.8095 75
23.8158 75
23.8221 75
23.8284 75
23.8347 75
23.841 75
23.8475 75
23.8538 75
23.8601 75
23.8664 75
23.8728 75
23.8791 75
23.8854 75
23.8917 75
23.898 75
23.9043 75
23.9106 75
23.9169 75
23.9232 75
23.9295 75
23.9358 75
23.9421 75
23.9484 75
23.9547 75
23.961 75
23.9673 75
23.9736 75
23.9799 75
23.9862 75
23.9925 75
23.9988 75
24.0051 75
24.0114 75
24.0177 75
24.024 75
24.0304 75
24.0367 75
24.043 75
24.0493 75
24.0556 75
24.0619 75
24.0869 36
24.6286 36
24.6349 36
24.6412 36
24.6476 36
24.6539 36
24.6602 36
24.6665 36
24.6728 36
24.6791 36
24.6854 36
24.6917 36
24.698 36
24.7043 36
24.7106 36
24.7169 36
24.7232 36
24.7295 36
24.7358 36
24.7421 37
24.7484 37
24.7547 37
24.761 37
24.7673 37
24.7736 37
24.7799 37
24.7862 37
24.7925 37
24.7988 37
24.8052 37
24.8115 37
24.8178 37
24.8241 37
24.8304 37
24.8367 37
24.843 37
24.8493 37
24.8556 37
24.8619 37
24.8682 37
24.8745 37
24.8808 37
24.8871 37
24.8934 37
24.8997 37
24.906 37
24.9123 37
24.9186 37
24.9249 37
24.9312 37
24.9375 37
24.9438 37
24.9501 37
24.9564 37
24.9628 37
24.9691 37
24.9754 37
24.9817 38
24.988 38
24.9943 38
