15.006 41
15.0123 41
15.0186 41
15.0249 41
15.0312 41
15.0375 41
15.0438 41
15.0501 41
15.0564 41
15.0627 41
15.069 41
15.0753 41
15.0816 41
15.0879 41
15.0943 41
15.1006 41
15.1069 41
15.1132 41
15.1195 41
15.1258 41
15.1321 41
15.1384 41
15.1447 41
15.151 41
15.1573 42
15.1636 42
15.1699 42
15.1762 42
15.1825 42
15.1888 42
15.1951 42
15.2014 42
15.2077 42
15.214 42
15.2203 42
15.2266 42
15.2329 42
15.2392 42
15.2455 42
15.2519 42
15.2582 42
15.2645 42
15.2708 42
15.2771 42
15.2834 42
15.2897 42
15.296 42
15.3023 42
15.3086 42
15.3149 42
15.3212 42
15.3275 42
15.3338 42
15.3401 42
15.3464 42
15.3527 42
15.359 42
15.3653 42
15.3716 42
15.3779 42
15.3842 42
15.3905 42
15.3968 42
15.4031 42
15.4095 42
15.4158 42
15.4221 42
15.4284 43
15.4347 43
15.441 43
15.4473 43
15.4536 43
15.4599 43
15.4662 43
15.4725 43
15.4788 43
15.4851 43
15.4914 43
15.4977 43
15.504 43
15.5103 43
15.5166 43
15.5229 43
15.5292 43
15.5355 43
15.5418 43
15.5481 43
15.5544 43
15.5607 43
15.5671 43
15.5734 43
15.5797 43
15.586 43
15.5923 43
15.5986 43
15.6049 43
15.6112 43
15.6175 43
15.6238 43
15.6301 43
15.6364 43
15.6427 43
15.649 43
15.6553 43
15.6616 43
15.6679 43
15.6742 43
15.6805 43
15.6868 43
15.6931 43
15.6994 43
15.7057 44
15.712 44
15.7183 44
15.7247 44
15.731 44
15.7373 44
15.7436 44
15.7499 44
15.7562 44
15.7625 44
15.7688 44
15.7751 44
15.7814 44
15.7877 44
15.794 44
15.8003 44
15.8066 44
15.8129 44
15.8192 44
15.8255 44
15.8318 44
15.8381 44
15.8444 44
15.8507 44
15.857 44
15.8633 44
15.8696 44
15.8759 44
15.8823 44
15.8886 44
15.8949 44
15.9012 44
15.9075 44
15.9138 44
15.9201 44
15.9264 44
15.9327 44
15.939 44
15.9453 44
15.9516 44
15.9579 44
15.9642 44
15.9705 44
15.9768 44
15.9831 44
15.9894 45
15.9957 45
16.002 45
16.0083 45
16.0146 45
16.0209 45
16.0272 45
16.0335 45
16.0399 45
16.0462 45
16.0525 45
16.0588 45
16.0651 45
16.0714 45
16.0777 45
16.084 45
16.0903 45
16.0966 45
16.1029 45
16.1092 45
16.1155 45
16.1218 45
16.1281 45
16.1344 45
16.1407 45
16.147 45
16.1533 45
16.1596 45
16.1659 45
16.1722 45
16.1785 45
16.1848 45
16.1911 45
16.1975 45
16.2038 45
16.2101 45
16.2164 45
16.2227 45
16.229 45
16.2353 45
16.2416 45
16.2479 45
16.2542 45
16.2605 45
16.2668 45
16.2731 45
16.2794 46
16.2857 46
16.292 46
16.2983 46
16.3046 46
16.3109 46
16.3172 46
16.3235 46
16.3298 46
16.3361 46
16.3424 46
16.3487 46
16.3551 46
16.3614 46
16.3677 46
16.374 46
16.3803 46
16.3866 46
16.3929 46
16.3992 46
16.4055 46
16.4118 46
16.4181 46
16.4244 46
16.4307 46
16.437 46
16.4433 46
16.4496 46
16.4559 46
16.4622 46
16.4685 46
16.4748 46
16.4811 46
16.4874 46
16.4937 46
16.5 46
16.5063 46
16.5127 46
16.519 46
16.5253 46
16.5316 46
16.5379 46
16.5442 46
16.5505 46
16.5568 46
16.5631 46
16.5694 46
16.5757 47
16.582 47
16.5883 47
16.5946 47
16.6009 47
16.6072 47
16.6135 47
16.6198 47
16.6261 47
16.6324 47
16.6387 47
16.645 47
16.6513 47
16.6576 47
16.6639 47
16.6703 47
16.6766 47
16.6829 47
16.6892 47
16.6955 47
16.7018 47
16.7081 47
16.7144 47
16.7207 47
16.727 47
16.7333 47
16.7396 47
16.7459 47
16.7522 47
16.7585 47
16.7648 47
16.7711 47
16.7774 47
16.7837 47
16.79 47
16.7963 47
16.8026 47
16.8089 47
16.8152 47
16.8215 47
16.8279 47
16.8342 47
16.8405 47
16.8468 47
16.8531 47
16.8594 47
16.8657 47
16.872 47
16.8787 47
16.885 48
16.8913 48
16.8978 48
16.9042 48
16.9107 48
16.917 48
16.9236 48
16.9301 48
16.9364 48
16.9427 48
16.9491 48
16.9555 48
16.9618 48
16.9681 48
16.9746 48
16.9809 48
16.9872 48
16.9935 48
16.9998 48
17.0062 48
17.0125 48
17.0189 48
17.0253 48
17.0317 48
17.038 48
17.0443 48
17.0506 48
17.0573 48
17.0639 48
17.0703 48
17.0767 48
17.083 48
17.0893 48
17.0956 48
17.1021 48
17.1084 48
17.1148 48
17.1212 48
17.1275 48
17.1338 48
17.1404 48
17.1469 48
17.1533 48
17.1603 48
17.1668 48
17.1731 48
17.1794 48
17.1858 48
17.1925 48
17.1992 49
17.2059 49
17.2126 49
17.219 49
17.2256 49
17.232 49
17.2383 49
17.2446 49
17.2509 49
17.2572 49
17.2635 49
17.2698 49
17.2762 49
17.2825 49
17.2888 49
17.2951 49
17.3014 49
17.3077 49
17.314 49
17.3203 49
17.3266 49
17.3329 49
17.3392 49
17.3455 49
17.3518 49
17.3581 49
17.3644 49
17.3707 49
17.377 49
17.3833 49
17.3896 49
17.3959 49
17.4022 49
17.4085 49
17.4148 49
17.4211 49
17.4274 49
17.4338 49
17.4401 49
17.4464 49
17.4527 49
17.459 49
17.4653 49
17.4716 49
17.4779 49
17.4842 49
17.4905 49
17.4968 49
17.5031 49
17.5094 49
17.5157 50
17.522 50
17.5283 50
17.5346 50
17.5409 50
17.5472 50
17.5535 50
17.5598 50
17.5661 50
17.5724 50
17.5787 50
17.585 50
17.5914 50
17.5977 50
17.604 50
17.6103 50
17.6166 50
17.6229 50
17.6292 50
17.6355 50
17.6418 50
17.6481 50
17.6544 50
17.6607 50
17.667 50
17.6733 50
17.6796 50
17.6859 50
17.6922 50
17.6985 50
17.7048 50
17.7111 50
17.7174 50
17.7237 50
17.73 50
17.7363 50
17.7426 50
17.749 50
17.7553 50
17.7616 50
17.7679 50
17.7742 50
17.7805 50
17.7868 50
17.7931 50
17.7994 50
17.8057 50
17.812 50
17.8183 50
17.8246 50
17.8309 50
17.8372 50
17.8435 51
17.8498 51
17.8561 51
17.8624 51
17.8687 51
17.875 51
17.8813 51
17.8876 51
17.8939 51
17.9002 51
17.9066 51
17.9129 51
17.9192 51
17.9255 51
17.9318 51
17.9381 51
17.9444 51
17.9507 51
17.957 51
17.9633 51
17.9696 51
17.9759 51
17.9822 51
17.9885 51
17.9948 51
18.0011 51
18.0074 51
18.0137 51
18.02 51
18.0263 51
18.0326 51
18.0389 51
18.0452 51
18.0515 51
18.0578 51
18.0642 51
18.0705 51
18.0768 51
18.0831 51
18.0894 51
18.0957 51
18.102 51
18.1083 51
18.1146 51
18.1209 51
18.1272 51
18.1335 51
18.1398 51
18.1461 51
18.1524 51
18.1587 51
18.165 51
18.1713 52
18.1776 52
18.1839 52
18.1902 52
18.1965 52
18.2028 52
18.2091 52
18.2154 52
18.2218 52
18.2281 52
18.2344 52
18.2407 52
18.247 52
18.2533 52
18.2596 52
18.2659 52
18.2722 52
18.2785 52
18.2848 52
18.2911 52
18.2974 52
18.3037 52
18.31 52
18.3163 52
18.3226 52
18.3289 52
18.3352 52
18.3415 52
18.3478 52
18.3541 52
18.3604 52
18.3667 52
18.373 52
18.3794 52
18.3857 52
18.392 52
18.3983 52
18.4046 52
18.4109 52
18.4172 52
18.4235 52
18.4298 52
18.4361 52
18.4424 52
18.4487 52
18.455 52
18.4613 52
18.4676 52
18.4739 52
18.4802 52
18.4865 52
18.4928 52
18.4991 52
18.5054 52
18.5117 53
18.518 53
18.5243 53
18.5306 53
18.537 53
18.5433 53
18.5496 53
18.5559 53
18.5622 53
18.5685 53
18.5748 53
18.5811 53
18.5874 53
18.5937 53
18.6 53
18.6063 53
18.6126 53
18.6189 53
18.6252 53
18.6315 53
18.6378 53
18.6441 53
18.6504 53
18.6567 53
18.663 53
18.6693 53
18.6756 53
18.6819 53
18.6882 53
18.6946 53
18.7009 53
18.7072 53
18.7135 53
18.7198 53
18.7261 53
18.7324 53
18.7387 53
18.745 53
18.7513 53
18.7576 53
18.7639 53
18.7702 53
18.7765 53
18.7828 53
18.7891 53
18.7954 53
18.8017 53
18.808 53
18.8143 53
18.8206 53
18.8269 53
18.8332 53
18.8395 53
18.8458 53
18.8522 54
18.8585 54
18.8648 54
18.8711 54
18.8774 54
18.8837 54
18.89 54
18.8963 54
18.9026 54
18.9089 54
18.9152 54
18.9215 54
18.9278 54
18.9341 54
18.9404 54
18.9467 54
18.953 54
18.9593 54
18.9656 54
18.9719 54
18.9782 54
18.9845 54
18.9908 54
18.9971 54
19.0034 54
19.0098 54
19.0161 54
19.0224 54
19.0287 54
19.035 54
19.0413 54
19.0476 54
19.0539 54
19.0602 54
19.0665 54
19.0728 54
19.0791 54
19.0854 54
19.0917 54
19.098 54
19.1043 54
19.1106 54
19.1169 54
19.1232 54
19.1295 54
19.1358 54
19.1421 54
19.1484 54
19.1547 54
19.161 54
19.1674 54
19.1737 54
19.18 54
19.1863 54
19.1926 54
19.1989 54
19.2052 55
19.2115 55
19.2178 55
19.2241 55
19.2304 55
19.2367 55
19.243 55
19.2493 55
19.2556 55
19.2619 55
19.2682 55
19.2745 55
19.2808 55
19.2871 55
19.2934 55
19.2997 55
19.306 55
19.3123 55
19.3186 55
19.325 55
19.3313 55
19.3376 55
19.3439 55
19.3502 55
19.3565 55
19.3628 55
19.3691 55
19.3754 55
19.3817 55
19.388 55
19.3943 55
19.4006 55
19.4069 55
19.4132 55
19.4195 55
19.4258 55
19.4321 55
19.4384 55
19.4447 55
19.451 55
19.4573 55
19.4636 55
19.4699 55
19.4762 55
19.4826 55
19.4889 55
19.4952 55
19.5015 55
19.5078 55
19.5141 55
19.5204 55
19.5267 55
19.533 55
19.5393 55
19.5456 55
19.5519 55
19.5582 56
19.5645 56
19.5708 56
19.5771 56
19.5834 56
19.5897 56
19.596 56
19.6023 56
19.6086 56
19.6149 56
19.6212 56
19.6275 56
19.6338 56
19.6402 56
19.6465 56
19.6528 56
19.6591 56
19.6654 56
19.6717 56
19.678 56
19.6843 56
19.6906 56
19.6969 56
19.7032 56
19.7095 56
19.7158 56
19.7221 56
19.7284 56
19.7347 56
19.741 56
19.7473 56
19.7536 56
19.7599 56
19.7662 56
19.7726 56
19.7792 56
19.7855 56
19.7922 56
19.7987 56
19.805 56
19.8113 56
19.8176 56
19.8241 56
19.8304 56
19.8368 56
19.8431 56
19.8494 56
19.8558 56
19.8621 56
19.8684 56
19.8749 56
19.8813 56
19.8877 56
19.8942 56
19.9007 56
19.9072 56
19.9136 56
19.9201 56
19.9264 57
19.9328 57
19.9391 57
19.9454 57
19.9518 57
19.9581 57
19.9645 57
19.971 57
19.9774 57
19.9838 57
19.9901 57
19.9964 57
20.0027 57
20.0092 57
20.0156 57
20.0219 57
20.0282 57
20.0345 57
20.0409 57
20.0472 57
20.0537 57
20.0601 57
20.0666 57
20.073 57
20.0794 57
20.0861 57
20.0924 57
20.0987 57
20.105 57
20.1113 57
20.1176 57
20.1239 57
20.1302 57
20.1366 57
20.1429 57
20.1492 57
20.1558 57
20.1622 57
20.1686 57
20.1749 57
20.1812 57
20.1875 57
20.1938 57
20.2001 57
20.2064 57
20.2127 57
20.2191 57
20.2254 57
20.2317 57
20.238 57
20.2443 57
20.2506 57
20.2569 57
20.2632 57
20.2695 57
20.2758 57
20.2822 57
20.2885 57
20.2948 58
20.3011 58
20.3074 58
20.3137 58
20.3201 58
20.3264 58
20.3328 58
20.3393 58
20.3458 58
20.3521 58
20.3584 58
20.3647 58
20.371 58
20.3773 58
20.3836 58
20.3899 58
20.3962 58
20.4025 58
20.4089 58
20.4152 58
20.4215 58
20.4278 58
20.4341 58
20.4404 58
20.4467 58
20.453 58
20.4593 58
20.4656 58
20.4719 58
20.4782 58
20.4845 58
20.4908 58
20.4971 58
20.5034 58
20.5097 58
20.516 58
20.5223 58
20.5286 58
20.5349 58
20.5412 58
20.5475 58
20.5538 58
20.5601 58
20.5665 58
20.5728 58
20.5791 58
20.5854 58
20.5917 58
20.598 58
20.6043 58
20.6106 58
20.6169 58
20.6232 58
20.6295 58
20.6358 58
20.6421 58
20.6484 58
20.6547 58
20.661 58
20.6673 58
20.6736 59
20.6799 59
20.6862 59
20.6925 59
20.6988 59
20.7051 59
20.7114 59
20.7177 59
20.7241 59
20.7304 59
20.7367 59
20.743 59
20.7493 59
20.7556 59
20.7619 59
20.7682 59
20.7745 59
20.7808 59
20.7871 59
20.7934 59
20.7997 59
20.806 59
20.8123 59
20.8186 59
20.8249 59
20.8312 59
20.8375 59
20.8438 59
20.8501 59
20.8564 59
20.8627 59
20.869 59
20.8753 59
20.8817 59
20.888 59
20.8943 59
20.9006 59
20.9069 59
20.9132 59
20.9195 59
20.9258 59
20.9321 59
20.9384 59
20.9447 59
20.951 59
20.9573 59
20.9636 59
20.9699 59
20.9762 59
20.9825 59
20.9888 59
20.9951 59
21.0014 59
21.0077 59
21.014 59
21.0203 59
21.0266 59
21.0329 59
21.0393 59
21.0456 59
21.0519 60
21.0582 60
21.0645 60
21.0708 60
21.0771 60
21.0834 60
21.0897 60
21.096 60
21.1023 60
21.1086 60
21.1149 60
21.1212 60
21.1275 60
21.1338 60
21.1401 60
21.1464 60
21.1527 60
21.159 60
21.1653 60
21.1716 60
21.1779 60
21.1842 60
21.1905 60
21.1969 60
21.2032 60
21.2095 60
21.2158 60
21.2221 60
21.2284 60
21.2347 60
21.241 60
21.2473 60
21.2536 60
21.2599 60
21.2662 60
21.2725 60
21.2788 60
21.2851 60
21.2914 60
21.2977 60
21.304 60
21.3103 60
21.3166 60
21.3229 60
21.3292 60
21.3355 60
21.3418 60
21.3481 60
21.3545 60
21.3608 60
21.3671 60
21.3734 60
21.3797 60
21.386 60
21.3923 60
21.3986 60
21.4049 60
21.4112 60
21.4175 60
21.4238 60
21.4301 60
21.4364 60
21.4427 60
21.449 61
21.4553 61
21.4616 61
21.4679 61
21.4742 61
21.4805 61
21.4868 61
21.4931 61
21.4994 61
21.5057 61
21.5121 61
21.5184 61
21.5247 61
21.531 61
21.5373 61
21.5436 61
21.5499 61
21.5562 61
21.5625 61
21.5688 61
21.5751 61
21.5814 61
21.5877 61
21.594 61
21.6003 61
21.6066 61
21.6129 61
21.6192 61
21.6255 61
21.6318 61
21.6381 61
21.6444 61
21.6507 61
21.657 61
21.6633 61
21.6697 61
21.676 61
21.6823 61
21.6886 61
21.6949 61
21.7012 61
21.7075 61
21.7138 61
21.7201 61
21.7264 61
21.7327 61
21.739 61
21.7453 61
21.7516 61
21.7579 61
21.7642 61
21.7705 61
21.7768 61
21.7831 61
21.7894 61
21.7957 61
21.802 61
21.8083 61
21.8146 61
21.8209 61
21.8273 61
21.8336 61
21.8399 62
21.8462 62
21.8525 62
21.8588 62
21.8651 62
21.8714 62
21.8777 62
21.884 62
21.8903 62
21.8966 62
21.9029 62
21.9092 62
21.9155 62
21.9218 62
21.9281 62
21.9344 62
21.9407 62
21.947 62
21.9533 62
21.9596 62
21.9659 62
21.9722 62
21.9785 62
21.9849 62
21.9912 62
21.9975 62
22.0038 62
22.0101 62
22.0164 62
22.0227 62
22.029 62
22.0353 62
22.0416 62
22.0479 62
22.0542 62
22.0605 62
22.0668 62
22.0731 62
22.0794 62
22.0857 62
22.092 62
22.0983 62
22.1046 62
22.1109 62
22.1172 62
22.1235 62
22.1298 62
22.1361 62
22.1425 62
22.1488 62
22.1551 62
22.1614 62
22.1677 62
22.174 62
22.1803 62
22.1866 62
22.1929 62
22.1992 62
22.2055 62
22.2118 62
22.2181 62
22.2244 62
22.2307 62
22.237 62
22.2433 63
22.2496 63
22.2559 63
22.2622 63
22.2685 63
22.2748 63
22.2811 63
22.2874 63
22.2937 63
22.3001 63
22.3064 63
22.3127 63
22.319 63
22.3253 63
22.3316 63
22.3379 63
22.3442 63
22.3505 63
22.3568 63
22.3631 63
22.3694 63
22.3757 63
22.382 63
22.3883 63
22.3946 63
22.4009 63
22.4072 63
22.4135 63
22.4198 63
22.4261 63
22.4324 63
22.4387 63
22.445 63
22.4513 63
22.4577 63
22.464 63
22.4703 63
22.4766 63
22.4829 63
22.4892 63
22.4955 63
22.5018 63
22.5081 63
22.5144 63
22.5207 63
22.527 63
22.5333 63
22.5396 63
22.5459 63
22.5522 63
22.5585 63
22.5648 63
22.5711 63
22.5774 63
22.5837 63
22.59 63
22.5963 63
22.6026 63
22.6089 63
22.6153 63
22.6216 63
22.6279 63
22.6342 63
22.6405 63
22.6468 63
22.6531 64
22.6594 64
22.6657 64
22.672 64
22.6783 64
22.6846 64
22.6909 64
22.6972 64
22.7035 64
22.7098 64
22.7161 64
22.7224 64
22.7287 64
22.735 64
22.7413 64
22.7476 64
22.7539 64
22.7602 64
22.7665 64
22.7729 64
22.7792 64
22.7855 64
22.7918 64
22.7981 64
22.8044 64
22.8107 64
22.817 64
22.8233 64
22.8296 64
22.8359 64
22.8422 64
22.8485 64
22.8548 64
22.8611 64
22.8674 64
22.8737 64
22.88 64
22.8863 64
22.8926 64
22.8989 64
22.9052 64
22.9115 64
22.9178 64
22.9241 64
22.9305 64
22.9368 64
22.9431 64
22.9494 64
22.9557 64
22.962 64
22.9683 64
22.9746 64
22.9809 64
22.9872 64
22.9935 64
22.9998 64
23.0061 64
23.0124 64
23.0187 64
23.025 64
23.0313 64
23.0376 64
23.0439 64
23.0502 64
23.0565 64
23.0628 65
23.0691 65
23.0754 65
23.0817 65
23.0881 65
23.0944 65
23.1007 65
23.107 65
23.1133 65
23.1196 65
23.1259 65
23.1322 65
23.1385 65
23.1448 65
23.1511 65
23.1574 65
23.1637 65
23.17 65
23.1763 65
23.1826 65
23.1889 65
23.1952 65
23.2015 65
23.2078 65
23.2141 65
23.2204 65
23.2267 65
23.233 65
23.2393 65
23.2457 65
23.252 65
23.2583 65
23.2646 65
23.2709 65
23.2772 65
23.2835 65
23.2898 65
23.2961 65
23.3024 65
23.3087 65
23.315 65
23.3213 65
23.3276 65
23.3339 65
23.3402 65
23.3465 65
23.3528 65
23.3591 65
23.3654 65
23.3717 65
23.378 65
23.3843 65
23.3906 65
23.3969 65
23.4033 65
23.4096 65
23.4159 65
23.4222 65
23.4285 65
23.4348 65
23.4411 65
23.4474 65
23.4537 65
23.46 65
23.4663 65
23.4726 65
23.4789 65
23.4852 65
23.4915 66
23.4978 66
23.5041 66
23.5104 66
23.5167 66
23.523 66
23.5293 66
23.5356 66
23.5419 66
23.5482 66
23.5545 66
23.5609 66
23.5672 66
23.5735 66
23.5798 66
23.5861 66
23.5924 66
23.5987 66
23.605 66
23.6113 66
23.6176 66
23.6239 66
23.6302 66
23.6365 66
23.6428 66
23.6491 66
23.6554 66
23.6617 66
23.668 66
23.6743 66
23.6806 66
23.6869 66
23.6932 66
23.6995 66
23.7058 66
23.7121 66
23.7185 66
23.7248 66
23.7311 66
23.7374 66
23.7437 66
23.75 66
23.7563 66
23.7626 66
23.7689 66
23.7752 66
23.7815 66
23.7878 66
23.7941 66
23.8004 66
23.8067 66
23.813 66
23.8193 66
23.8256 66
23.8319 66
23.8382 66
23.8448 66
23.8512 66
23.8575 66
23.8638 66
23.8701 66
23.8764 66
23.8827 66
23.889 66
23.8953 66
23.9016 66
23.9079 66
23.9142 66
23.9205 67
23.9269 67
23.9332 67
23.9395 67
23.9458 67
23.9521 67
23.9584 67
23.9647 67
23.971 67
23.9773 67
23.9836 67
23.9899 67
23.9962 67
24.0025 67
24.0088 67
24.0151 67
24.0214 67
24.0277 67
24.034 67
24.0403 67
24.0466 67
24.0529 67
24.0592 67
24.0655 67
24.0718 67
24.0781 67
24.0845 67
24.0908 67
24.0971 67
24.1034 67
24.1097 67
24.116 67
24.1223 67
24.1286 67
24.1349 67
24.1412 67
24.1475 67
24.1538 67
24.1601 67
24.1664 67
24.1727 67
24.179 67
24.1853 67
24.1916 67
24.1979 67
24.2042 67
24.2105 67
24.2168 67
24.2231 67
24.2294 67
24.2357 67
24.2421 67
24.2484 67
24.2547 67
24.261 67
24.2673 67
24.2736 67
24.2799 67
24.2862 67
24.2925 67
24.2988 67
24.3051 67
24.3114 67
24.3177 67
24.324 67
24.3303 67
24.3366 67
24.3429 67
24.3492 68
24.3555 68
24.3618 68
24.3681 68
24.3744 68
24.3807 68
24.387 68
24.3933 68
24.3997 68
24.406 68
24.4123 68
24.4186 68
24.4249 68
24.4312 68
24.4375 68
24.4438 68
24.4501 68
24.4564 68
24.4627 68
24.469 68
24.4753 68
24.4816 68
24.4879 68
24.4942 68
24.5005 68
24.5068 68
24.5131 68
24.5194 68
24.5257 68
24.532 68
24.5383 68
24.5446 68
24.5509 68
24.5573 68
24.5636 68
24.5699 68
24.5762 68
24.5825 68
24.5888 68
24.5951 68
24.6014 68
24.6077 68
24.614 68
24.6203 68
24.6266 68
24.6329 68
24.6392 68
24.6455 68
24.6518 68
24.6581 68
24.6644 68
24.6707 68
24.677 68
24.6833 68
24.6896 68
24.6959 68
24.7022 68
24.7085 68
24.7149 68
24.7212 68
24.7275 68
24.7338 68
24.7401 68
24.7464 68
24.7527 68
24.759 68
24.7653 68
24.7716 68
24.7779 68
24.7842 68
24.7905 68
24.7968 69
24.8031 69
24.8094 69
24.8157 69
24.822 69
24.8283 69
24.8346 69
24.8409 69
24.8472 69
24.8535 69
24.8598 69
24.8661 69
24.8725 69
24.8788 69
24.8851 69
24.8914 69
24.8977 69
24.904 69
24.9103 69
24.9166 69
24.9229 69
24.9292 69
24.9355 69
24.9418 69
24.9481 69
24.9544 69
24.9607 69
24.967 69
24.9733 69
24.9796 69
24.9859 69
24.9922 69
24.9985 69
