15.0016 40
15.0079 40
15.0142 40
15.0205 40
15.0268 40
15.0331 40
15.0394 41
15.0457 41
15.052 41
15.0583 41
15.0646 41
15.0709 41
15.0772 41
15.0835 41
15.0898 41
15.0961 41
15.1024 41
15.1088 41
15.1151 41
15.1214 41
15.1277 41
15.134 41
15.1403 41
15.1466 41
15.1529 41
15.1592 41
15.1655 41
15.1718 41
15.1781 41
15.1844 41
15.1907 41
15.197 41
15.2033 41
15.2096 41
15.2159 41
15.2222 41
15.2285 41
15.2348 41
15.2411 41
15.2474 41
15.2537 41
15.26 41
15.2664 41
15.2727 41
15.279 41
15.2853 41
15.2916 41
15.2979 41
15.3042 42
15.3105 42
15.3168 42
15.3231 42
15.3294 42
15.3357 42
15.342 42
15.3483 42
15.3546 42
15.3609 42
15.3672 42
15.3735 42
15.3798 42
15.3861 42
15.3924 42
15.3987 42
15.405 42
15.4113 42
15.4176 42
15.424 42
15.4303 42
15.4366 42
15.4429 42
15.4492 42
15.4555 42
15.4618 42
15.4681 42
15.4744 42
15.4807 42
15.487 42
15.4933 42
15.4996 42
15.5059 42
15.5122 42
15.5185 42
15.5248 42
15.5311 42
15.5374 42
15.5437 42
15.55 42
15.5563 42
15.5626 42
15.5689 42
15.5752 43
15.5816 43
15.5879 43
15.5942 43
15.6005 43
15.6068 43
15.6131 43
15.6194 43
15.6257 43
15.632 43
15.6383 43
15.6446 43
15.6509 43
15.6572 43
15.6635 43
15.6698 43
15.6761 43
15.6824 43
15.6887 43
15.695 43
15.7013 43
15.7076 43
15.7139 43
15.7202 43
15.7265 43
15.7328 43
15.7392 43
15.7455 43
15.7518 43
15.7581 43
15.7644 43
15.7707 43
15.777 43
15.7833 43
15.7896 43
15.7959 43
15.8022 43
15.8085 43
15.8148 43
15.8211 43
15.8274 43
15.8337 43
15.84 43
15.8463 43
15.8526 44
15.8589 44
15.8652 44
15.8715 44
15.8778 44
15.8841 44
15.8904 44
15.8968 44
15.9031 44
15.9094 44
15.9157 44
15.922 44
15.9283 44
15.9346 44
15.9409 44
15.9472 44
15.9535 44
15.9598 44
15.9661 44
15.9724 44
15.9787 44
15.985 44
15.9913 44
15.9976 44
16.0039 44
16.0102 44
16.0165 44
16.0228 44
16.0291 44
16.0354 44
16.0417 44
16.048 44
16.0544 44
16.0607 44
16.067 44
16.0733 44
16.0796 44
16.0859 44
16.0922 44
16.0985 44
16.1048 44
16.1111 44
16.1174 44
16.1237 44
16.13 44
16.1363 45
16.1426 45
16.1489 45
16.1552 45
16.1615 45
16.1678 45
16.1741 45
16.1804 45
16.1867 45
16.193 45
16.1993 45
16.2056 45
16.212 45
16.2183 45
16.2246 45
16.2309 45
16.2372 45
16.2435 45
16.2498 45
16.2561 45
16.2624 45
16.2687 45
16.275 45
16.2813 45
16.2876 45
16.2939 45
16.3002 45
16.3065 45
16.3128 45
16.3191 45
16.3254 45
16.3317 45
16.338 45
16.3443 45
16.3506 45
16.3569 45
16.3632 45
16.3696 45
16.3759 45
16.3822 45
16.3885 45
16.3948 45
16.4011 45
16.4074 45
16.4137 45
16.42 45
16.4263 46
16.4326 46
16.4389 46
16.4452 46
16.4515 46
16.4578 46
16.4641 46
16.4704 46
16.4767 46
16.483 46
16.4893 46
16.4956 46
16.5019 46
16.5082 46
16.5145 46
16.5208 46
16.5272 46
16.5335 46
16.5398 46
16.5461 46
16.5524 46
16.5587 46
16.565 46
16.5713 46
16.5776 46
16.5839 46
16.5902 46
16.5965 46
16.6028 46
16.6091 46
16.6154 46
16.6217 46
16.628 46
16.6343 46
16.6406 46
16.6469 46
16.6532 46
16.6595 46
16.6658 46
16.6721 46
16.6784 46
16.6848 46
16.6911 46
16.6974 46
16.7037 46
16.71 46
16.7163 46
16.7226 47
16.7289 47
16.7352 47
16.7415 47
16.7478 47
16.7541 47
16.7604 47
16.7667 47
16.773 47
16.7793 47
16.7856 47
16.7919 47
16.7982 47
16.8045 47
16.8108 47
16.8171 47
16.8234 47
16.8297 47
16.836 47
16.8424 47
16.8487 47
16.855 47
16.8613 47
16.8676 47
16.8739 47
16.8804 47
16.8869 47
16.8933 47
16.8997 47
16.9064 47
16.9127 47
16.919 47
16.9255 47
16.932 47
16.9384 47
16.9447 47
16.9511 47
16.9576 47
16.9639 47
16.9702 47
16.9765 47
16.9828 47
16.9891 47
16.9954 47
17.0018 47
17.0081 47
17.0146 47
17.0209 47
17.0272 47
17.0336 48
17.04 48
17.0463 48
17.0528 48
17.0592 48
17.0658 48
17.0723 48
17.0786 48
17.0851 48
17.0914 48
17.0977 48
17.104 48
17.1103 48
17.1168 48
17.1231 48
17.1294 48
17.1357 48
17.1422 48
17.1488 48
17.1551 48
17.162 48
17.1686 48
17.1749 48
17.1815 48
17.1879 48
17.1945 48
17.2013 48
17.2079 48
17.2145 48
17.2208 48
17.2271 48
17.2335 48
17.24 48
17.2463 48
17.2526 48
17.2589 48
17.2652 48
17.2715 48
17.2778 48
17.2841 48
17.2904 48
17.2967 48
17.303 48
17.3093 48
17.3156 48
17.3219 48
17.3282 48
17.3345 48
17.3408 48
17.3471 49
17.3534 49
17.3598 49
17.3661 49
17.3724 49
17.3787 49
17.385 49
17.3913 49
17.3976 49
17.4039 49
17.4102 49
17.4165 49
17.4228 49
17.4291 49
17.4354 49
17.4417 49
17.448 49
17.4543 49
17.4606 49
17.4669 49
17.4732 49
17.4795 49
17.4858 49
17.4921 49
17.4984 49
17.5047 49
17.511 49
17.5174 49
17.5237 49
17.53 49
17.5363 49
17.5426 49
17.5489 49
17.5552 49
17.5615 49
17.5678 49
17.5741 49
17.5804 49
17.5867 49
17.593 49
17.5993 49
17.6056 49
17.6119 49
17.6182 49
17.6245 49
17.6308 49
17.6371 49
17.6434 49
17.6497 49
17.656 49
17.6623 50
17.6686 50
17.675 50
17.6813 50
17.6876 50
17.6939 50
17.7002 50
17.7065 50
17.7128 50
17.7191 50
17.7254 50
17.7317 50
17.738 50
17.7443 50
17.7506 50
17.7569 50
17.7632 50
17.7695 50
17.7758 50
17.7821 50
17.7884 50
17.7947 50
17.801 50
17.8073 50
17.8136 50
17.8199 50
17.8262 50
17.8326 50
17.8389 50
17.8452 50
17.8515 50
17.8578 50
17.8641 50
17.8704 50
17.8767 50
17.883 50
17.8893 50
17.8956 50
17.9019 50
17.9082 50
17.9145 50
17.9208 50
17.9271 50
17.9334 50
17.9397 50
17.946 50
17.9523 50
17.9586 50
17.9649 50
17.9712 50
17.9775 50
17.9838 50
17.9902 51
17.9965 51
18.0028 51
18.0091 51
18.0154 51
18.0217 51
18.028 51
18.0343 51
18.0406 51
18.0469 51
18.0532 51
18.0595 51
18.0658 51
18.0721 51
18.0784 51
18.0847 51
18.091 51
18.0973 51
18.1036 51
18.1099 51
18.1162 51
18.1225 51
18.1288 51
18.1351 51
18.1414 51
18.1478 51
18.1541 51
18.1604 51
18.1667 51
18.173 51
18.1793 51
18.1856 51
18.1919 51
18.1982 51
18.2045 51
18.2108 51
18.2171 51
18.2234 51
18.2297 51
18.236 51
18.2423 51
18.2486 51
18.2549 51
18.2612 51
18.2675 51
18.2738 51
18.2801 51
18.2864 51
18.2927 51
18.299 51
18.3054 51
18.3117 51
18.318 52
18.3243 52
18.3306 52
18.3369 52
18.3432 52
18.3495 52
18.3558 52
18.3621 52
18.3684 52
18.3747 52
18.381 52
18.3873 52
18.3936 52
18.3999 52
18.4062 52
18.4125 52
18.4188 52
18.4251 52
18.4314 52
18.4377 52
18.444 52
18.4503 52
18.4566 52
18.463 52
18.4693 52
18.4756 52
18.4819 52
18.4882 52
18.4945 52
18.5008 52
18.5071 52
18.5134 52
18.5197 52
18.526 52
18.5323 52
18.5386 52
18.5449 52
18.5512 52
18.5575 52
18.5638 52
18.5701 52
18.5764 52
18.5827 52
18.589 52
18.5953 52
18.6016 52
18.6079 52
18.6142 52
18.6206 52
18.6269 52
18.6332 52
18.6395 52
18.6458 52
18.6521 52
18.6584 53
18.6647 53
18.671 53
18.6773 53
18.6836 53
18.6899 53
18.6962 53
18.7025 53
18.7088 53
18.7151 53
18.7214 53
18.7277 53
18.734 53
18.7403 53
18.7466 53
18.7529 53
18.7592 53
18.7655 53
18.7718 53
18.7782 53
18.7845 53
18.7908 53
18.7971 53
18.8034 53
18.8097 53
18.816 53
18.8223 53
18.8286 53
18.8349 53
18.8412 53
18.8475 53
18.8538 53
18.8601 53
18.8664 53
18.8727 53
18.879 53
18.8853 53
18.8916 53
18.8979 53
18.9042 53
18.9105 53
18.9168 53
18.9231 53
18.9294 53
18.9358 53
18.9421 53
18.9484 53
18.9547 53
18.961 53
18.9673 53
18.9736 53
18.9799 53
18.9862 53
18.9925 53
18.9988 54
19.0051 54
19.0114 54
19.0177 54
19.024 54
19.0303 54
19.0366 54
19.0429 54
19.0492 54
19.0555 54
19.0618 54
19.0681 54
19.0744 54
19.0807 54
19.087 54
19.0934 54
19.0997 54
19.106 54
19.1123 54
19.1186 54
19.1249 54
19.1312 54
19.1375 54
19.1438 54
19.1501 54
19.1564 54
19.1627 54
19.169 54
19.1753 54
19.1816 54
19.1879 54
19.1942 54
19.2005 54
19.2068 54
19.2131 54
19.2194 54
19.2257 54
19.232 54
19.2383 54
19.2446 54
19.251 54
19.2573 54
19.2636 54
19.2699 54
19.2762 54
19.2825 54
19.2888 54
19.2951 54
19.3014 54
19.3077 54
19.314 54
19.3203 54
19.3266 54
19.3329 54
19.3392 54
19.3455 54
19.3518 55
19.3581 55
19.3644 55
19.3707 55
19.377 55
19.3833 55
19.3896 55
19.3959 55
19.4022 55
19.4086 55
19.4149 55
19.4212 55
19.4275 55
19.4338 55
19.4401 55
19.4464 55
19.4527 55
19.459 55
19.4653 55
19.4716 55
19.4779 55
19.4842 55
19.4905 55
19.4968 55
19.5031 55
19.5094 55
19.5157 55
19.522 55
19.5283 55
19.5346 55
19.5409 55
19.5472 55
19.5535 55
19.5598 55
19.5662 55
19.5725 55
19.5788 55
19.5851 55
19.5914 55
19.5977 55
19.604 55
19.6103 55
19.6166 55
19.6229 55
19.6292 55
19.6355 55
19.6418 55
19.6481 55
19.6544 55
19.6607 55
19.667 55
19.6733 55
19.6796 55
19.6859 55
19.6922 55
19.6985 55
19.7048 56
19.7111 56
19.7174 56
19.7238 56
19.7301 56
19.7364 56
19.7427 56
19.749 56
19.7554 56
19.7617 56
19.7681 56
19.7744 56
19.7808 56
19.7871 56
19.7938 56
19.8004 56
19.8068 56
19.8131 56
19.8194 56
19.8257 56
19.832 56
19.8383 56
19.8448 56
19.8511 56
19.8574 56
19.8639 56
19.8702 56
19.8767 56
19.8831 56
19.8896 56
19.8962 56
19.9025 56
19.9089 56
19.9154 56
19.9217 56
19.9281 56
19.9344 56
19.9407 56
19.947 56
19.9533 56
19.9596 56
19.9659 56
19.9725 56
19.979 56
19.9856 56
19.992 56
19.9983 56
20.0046 56
20.0111 56
20.0174 56
20.0237 56
20.03 56
20.0363 56
20.0426 56
20.0489 56
20.0553 56
20.0618 56
20.0684 56
20.0749 57
20.0812 57
20.0876 57
20.0942 57
20.1005 57
20.1256 27
20.5741 27
20.5804 27
20.5867 27
20.593 27
20.5993 27
20.6056 27
20.6119 27
20.6182 27
20.6245 27
20.6309 27
20.6372 27
20.6435 27
20.6498 27
20.6561 28
20.6624 28
20.6687 28
20.675 28
20.6813 28
20.6876 28
20.6939 28
20.7002 28
20.7065 28
20.7128 28
20.7191 28
20.7254 28
20.7317 28
20.738 28
20.7443 28
20.7506 28
20.7569 28
20.7632 28
20.7695 28
20.7758 28
20.7821 28
20.7885 28
20.7948 28
20.8011 28
20.8074 28
20.8137 28
20.82 28
20.8263 28
20.8326 28
20.8389 29
20.8452 29
20.8515 29
20.8578 29
20.8641 29
20.8704 29
20.8767 29
20.883 29
20.8893 29
20.8956 29
20.9019 29
20.9082 29
20.9145 29
20.9208 29
20.9271 29
20.9334 29
20.9397 29
20.9461 29
20.9524 29
20.9587 29
20.965 29
20.9713 29
20.9776 29
20.9839 29
20.9902 29
20.9965 29
21.0028 29
21.0091 29
21.0154 29
21.0217 29
21.028 30
21.0343 30
21.0406 30
21.0469 30
21.0532 30
21.0595 30
21.0658 30
21.0721 30
21.0784 30
21.0847 30
21.091 30
21.0973 30
21.1037 30
21.11 30
21.1163 30
21.1226 30
21.1289 30
21.1352 30
21.1415 30
21.1478 30
21.1541 30
21.1604 30
21.1667 30
21.173 30
21.1793 30
21.1856 30
21.1919 30
21.1982 30
21.2045 30
21.2108 30
21.2171 30
21.2234 31
21.2297 31
21.236 31
21.2423 31
21.2486 31
21.2549 31
21.2613 31
21.2676 31
21.2739 31
21.2802 31
21.2865 31
21.2928 31
21.2991 31
21.3054 31
21.3117 31
21.318 31
21.3243 31
21.3306 31
21.3369 31
21.3432 31
21.3495 31
21.3558 31
21.3621 31
21.3684 31
21.3747 31
21.381 31
21.3873 31
21.3936 31
21.3999 31
21.4062 31
21.4125 31
21.4189 31
21.4252 32
21.4315 32
21.4378 32
21.4441 32
21.4504 32
21.4567 32
21.463 32
21.4693 32
21.4756 32
21.4819 32
21.4882 32
21.4945 32
21.5008 32
21.5071 32
21.5134 32
21.5197 32
21.526 32
21.5323 32
21.5386 32
21.5449 32
21.5512 32
21.5575 32
21.5638 32
21.5701 32
21.5765 32
21.5828 32
21.5891 32
21.5954 32
21.6017 32
21.608 32
21.6143 32
21.6206 32
21.6269 33
21.6332 33
21.6395 33
21.6458 33
21.6521 33
21.6584 33
21.6647 33
21.671 33
21.6773 33
21.6836 33
21.6899 33
21.6962 33
21.7025 33
21.7088 33
21.7151 33
21.7214 33
21.7277 33
21.7341 33
21.7404 33
21.7467 33
21.753 33
21.7593 33
21.7656 33
21.7719 33
21.7782 33
21.7845 33
21.7908 33
21.7971 33
21.8034 33
21.8097 33
21.816 33
21.8223 33
21.8286 33
21.8349 33
21.8412 34
21.8475 34
21.8538 34
21.8601 34
21.8664 34
21.8727 34
21.879 34
21.8853 34
21.8917 34
21.898 34
21.9043 34
21.9106 34
21.9169 34
21.9232 34
21.9295 34
21.9358 34
21.9421 34
21.9484 34
21.9547 34
21.961 34
21.9673 34
21.9736 34
21.9799 34
21.9862 34
21.9925 34
21.9988 34
22.0051 34
22.0114 34
22.0177 34
22.024 34
22.0303 34
22.0366 34
22.0429 34
22.0493 34
22.0556 34
22.0619 35
22.0682 35
22.0745 35
22.0808 35
22.0871 35
22.0934 35
22.0997 35
22.106 35
22.1123 35
22.1186 35
22.1249 35
22.1312 35
22.1375 35
22.1438 35
22.1501 35
22.1564 35
22.1627 35
22.169 35
22.1753 35
22.1816 35
22.1879 35
22.1942 35
22.2005 35
22.2069 35
22.2132 35
22.2195 35
22.2258 35
22.2321 35
22.2384 35
22.2447 35
22.251 35
22.2573 35
22.2636 35
22.2699 35
22.2762 35
22.2825 35
22.2888 36
22.2951 36
22.3014 36
22.3077 36
22.314 36
22.3203 36
22.3266 36
22.3329 36
22.3392 36
22.3455 36
22.3518 36
22.3581 36
22.3645 36
22.3708 36
22.3771 36
22.3834 36
22.3897 36
22.396 36
22.4023 36
22.4086 36
22.4149 36
22.4212 36
22.4275 36
22.4338 36
22.4401 36
22.4464 36
22.4527 36
22.459 36
22.4653 36
22.4716 36
22.4779 36
22.4842 36
22.4905 36
22.4968 36
22.5031 36
22.5094 36
22.5157 36
22.5221 37
22.5284 37
22.5347 37
22.541 37
22.5473 37
22.5536 37
22.5599 37
22.5662 37
22.5725 37
22.5788 37
22.5851 37
22.5914 37
22.5977 37
22.604 37
22.6103 37
22.6166 37
22.6229 37
22.6292 37
22.6355 37
22.6418 37
22.6481 37
22.6544 37
22.6607 37
22.667 37
22.6733 37
22.6797 37
22.686 37
22.6923 37
22.6986 37
22.7049 37
22.7112 37
22.7175 37
22.7238 37
22.7301 37
22.7364 37
22.7427 37
22.749 37
22.7553 37
22.7616 38
22.7679 38
22.7742 38
22.7805 38
22.7868 38
22.7931 38
22.7994 38
22.8057 38
22.812 38
22.8183 38
22.8246 38
22.8309 38
22.8373 38
22.8436 38
22.8499 38
22.8562 38
22.8625 38
22.8688 38
22.8751 38
22.8814 38
22.8877 38
22.894 38
22.9003 38
22.9066 38
22.9129 38
22.9192 38
22.9255 38
22.9318 38
22.9381 38
22.9444 38
22.9507 38
22.957 38
22.9633 38
22.9696 38
22.9759 38
22.9822 38
22.9885 38
22.9949 38
23.0012 38
23.0075 39
23.0138 39
23.0201 39
23.0264 39
23.0327 39
23.039 39
23.0453 39
23.0516 39
23.0579 39
23.0642 39
23.0705 39
23.0768 39
23.0831 39
23.0894 39
23.0957 39
23.102 39
23.1083 39
23.1146 39
23.1209 39
23.1272 39
23.1335 39
23.1398 39
23.1461 39
23.1525 39
23.1588 39
23.1651 39
23.1714 39
23.1777 39
23.184 39
23.1903 39
23.1966 39
23.2029 39
23.2092 39
23.2155 39
23.2218 39
23.2281 39
23.2344 39
23.2407 39
23.247 39
23.2533 39
23.2596 40
23.2659 40
23.2722 40
23.2785 40
23.2848 40
23.2911 40
23.2974 40
23.3037 40
23.3101 40
23.3164 40
23.3227 40
23.329 40
23.3353 40
23.3416 40
23.3479 40
23.3542 40
23.3605 40
23.3668 40
23.3731 40
23.3794 40
23.3857 40
23.392 40
23.3983 40
23.4046 40
23.4109 40
23.4172 40
23.4235 40
23.4298 40
23.4363 40
23.4426 40
23.4489 40
23.4554 40
23.4619 40
23.4682 40
23.4745 40
23.4809 40
23.4873 40
23.4939 40
23.5003 40
23.5067 40
23.5133 40
23.5196 41
23.5259 41
23.5323 41
23.5386 41
23.5451 41
23.5516 41
23.5582 41
23.5645 41
23.5708 41
23.5772 41
23.5835 41
23.5898 41
23.5961 41
23.6024 41
23.609 41
23.6153 41
23.6217 41
23.6281 41
23.6344 41
23.6407 41
23.647 41
23.6533 41
23.6597 41
23.666 41
23.6723 41
23.6788 41
23.6851 41
23.6914 41
23.6977 41
23.704 41
23.7103 41
23.7166 41
23.7229 41
23.7292 41
23.7355 41
23.7418 41
23.7481 41
23.7544 41
23.7607 41
23.767 41
23.7733 41
23.7796 41
23.7859 42
23.7922 42
23.7985 42
23.8048 42
23.8113 42
23.8176 42
23.824 42
23.8303 42
23.8369 42
23.8435 42
23.8498 42
23.8561 42
23.8624 42
23.8688 42
23.8751 42
23.8814 42
23.8877 42
23.894 42
23.9003 42
23.9066 42
23.9129 42
23.9192 42
23.9255 42
23.9318 42
23.9381 42
23.9444 42
23.9507 42
23.957 42
23.9633 42
23.9696 42
23.9759 42
23.9822 42
23.9885 42
23.9948 42
24.0011 42
24.0074 42
24.0137 42
24.02 42
24.0264 42
24.0327 42
24.039 42
24.0453 42
24.0516 42
24.0579 43
24.0642 43
24.0705 43
24.0768 43
24.0831 43
24.0894 43
24.0957 43
24.102 43
24.1083 43
24.1146 43
24.1209 43
24.1272 43
24.1335 43
24.1398 43
24.1461 43
24.1524 43
24.1587 43
24.165 43
24.1713 43
24.1776 43
24.184 43
24.1903 43
24.1966 43
24.2029 43
24.2092 43
24.2155 43
24.2218 43
24.2281 43
24.2344 43
24.2407 43
24.247 43
24.2533 43
24.2596 43
24.2659 43
24.2722 43
24.2785 43
24.2848 43
24.2911 43
24.2974 43
24.3037 43
24.31 43
24.3163 43
24.3226 43
24.3289 43
24.3352 44
24.3416 44
24.3479 44
24.3542 44
24.3605 44
24.3668 44
24.3731 44
24.3794 44
24.3857 44
24.392 44
24.3983 44
24.4046 44
24.4109 44
24.4172 44
24.4235 44
24.4298 44
24.4361 44
24.4424 44
24.4487 44
24.455 44
24.4613 44
24.4676 44
24.4739 44
24.4802 44
24.4865 44
24.4928 44
24.4992 44
24.5055 44
24.5118 44
24.5181 44
24.5244 44
24.5307 44
24.537 44
24.5433 44
24.5496 44
24.5559 44
24.5622 44
24.5685 44
24.5748 44
24.5811 44
24.5874 44
24.5937 44
24.6 44
24.6063 44
24.6126 44
24.6189 44
24.6252 45
24.6315 45
24.6378 45
24.6441 45
24.6504 45
24.6568 45
24.6631 45
24.6694 45
24.6757 45
24.682 45
24.6883 45
24.6946 45
24.7009 45
24.7072 45
24.7135 45
24.7198 45
24.7261 45
24.7324 45
24.7387 45
24.745 45
24.7513 45
24.7576 45
24.7639 45
24.7702 45
24.7765 45
24.7828 45
24.7891 45
24.7954 45
24.8017 45
24.808 45
24.8144 45
24.8207 45
24.827 45
24.8333 45
24.8396 45
24.8459 45
24.8522 45
24.8585 45
24.8648 45
24.8711 45
24.8774 45
24.8837 45
24.89 45
24.8963 45
24.9026 45
24.9089 45
24.9152 46
24.9215 46
24.9278 46
24.9341 46
24.9404 46
24.9467 46
24.953 46
24.9593 46
24.9656 46
24.972 46
24.9783 46
24.9846 46
24.9909 46
24.9972 46
