0.459344 1
0.459363 1
0.45938 1
0.459393 1
0.459393 1
0.45943 1
0.459443 1
0.459448 1
0.46048 1
0.460493 1
0.460499 1
0.461319 1
0.461346 1
0.461368 1
0.461531 1
0.461648 1
0.461719 1
0.461732 1
0.46234 1
0.46236 1
0.462408 1
0.462532 1
0.463372 1
0.463391 1
0.463422 1
0.463624 1
0.463632 1
0.463645 1
0.463651 1
0.463674 1
0.465039 1
0.465056 1
0.465193 1
0.465443 1
0.465479 1
0.465491 1
0.465492 1
0.465518 1
0.465522 1
0.465541 1
0.465571 1
0.465703 1
0.465752 1
0.46721 1
0.467413 1
0.467426 1
0.467462 1
0.467593 1
0.467806 1
0.467835 1
0.467836 1
0.468886 1
0.468904 1
0.469213 1
0.469313 1
0.469353 1
0.469669 1
0.469695 1
0.469903 1
0.469905 1
0.469936 1
0.469955 1
0.470696 1
0.470719 1
0.470782 1
0.470832 1
0.471294 1
0.471315 1
0.471343 1
0.47172 1
0.471747 1
0.471822 1
0.472042 1
0.472056 1
0.472091 1
0.472344 1
0.472365 1
0.472416 1
0.472465 1
0.472809 1
0.47282 1
0.472847 1
0.472951 1
0.473057 1
0.473086 1
0.473088 1
0.473107 1
0.473226 1
0.473247 1
0.473329 1
0.474095 1
0.474108 1
0.474124 1
0.474139 1
0.474144 1
0.47426 1
0.474309 1
0.474524 1
0.474533 1
0.474574 1
0.474599 1
0.474618 1
0.474649 1
0.475208 1
0.475608 1
0.475611 1
0.475623 1
0.475643 1
0.475657 1
0.475999 1
0.476005 1
0.47603 1
0.476277 1
0.476295 1
0.476327 1
0.476345 1
0.476355 1
0.476483 1
0.476585 1
0.476596 1
0.476634 1
0.47726 1
0.477266 1
0.477291 1
0.477635 1
0.477647 1
0.4783 1
0.478342 1
0.47835 1
0.47836 1
0.478494 1
0.478779 1
0.478809 1
0.479141 1
0.479151 1
0.47939 1
0.479392 1
0.479411 1
0.47944 1
0.480152 1
0.48016 1
0.480175 1
0.480394 1
0.480412 1
0.480443 1
0.480456 1
0.480505 1
0.480638 1
0.480654 1
0.480664 1
0.48075 1
0.480787 1
0.480799 1
0.481252 1
0.48126 1
0.481417 1
0.481444 1
0.481463 1
0.481764 1
0.48177 1
0.481786 1
0.4818 1
0.481831 1
0.481838 1
0.48188 1
0.481887 1
0.482374 1
0.482393 1
0.482397 1
0.482419 1
0.482442 1
0.482544 1
0.482563 1
0.482909 1
0.482938 1
0.482958 1
0.483012 1
0.483031 1
0.483062 1
0.483444 1
0.483546 1
0.483595 1
0.483939 1
0.483951 1
0.483954 1
0.483989 1
0.484377 1
0.484377 1
0.484404 1
0.484408 1
0.484412 1
0.484426 1
0.484596 1
0.484729 1
0.484953 1
0.48499 1
0.48504 1
0.485089 1
0.485455 1
0.485462 1
0.485594 1
0.485612 1
0.485729 1
0.486052 1
0.48609 1
0.486224 1
0.486238 1
0.48625 1
0.486299 1
0.486479 1
0.486505 1
0.486747 1
0.486968 1
0.487054 1
0.487091 1
0.487103 1
0.487514 1
0.487556 1
0.487564 1
0.487696 1
0.487706 1
0.487748 1
0.487763 1
0.488007 1
0.488019 1
0.488087 1
0.488104 1
0.488142 1
0.488191 1
0.488261 1
0.488614 1
0.488746 1
0.489069 1
0.489119 1
0.489631 1
0.489648 1
0.489697 1
0.489747 1
0.489748 1
0.489774 1
0.48985 1
0.489855 1
0.489899 1
0.489904 1
0.49011 1
0.49012 1
0.490255 1
0.490262 1
0.490293 1
0.490359 1
0.490409 1
0.490748 1
0.490797 1
0.490848 1
0.4909 1
0.491111 1
0.491148 1
0.49116 1
0.491294 1
0.491343 1
0.491759 1
0.491766 1
0.491799 1
0.491898 1
0.491994 1
0.492 1
0.492162 1
0.492174 1
0.492221 1
0.492271 1
0.492307 1
0.492394 1
0.492518 1
0.49276 1
0.492768 1
0.492783 1
0.4929 1
0.493051 1
0.493288 1
0.493303 1
0.49331 1
0.493358 1
0.49336 1
0.493395 1
0.493407 1
0.493445 1
0.494 1
0.494052 1
0.494372 1
0.494384 1
0.494408 1
0.494427 1
0.494918 1
0.49505 1
0.495152 1
0.495194 1
0.495459 1
0.495508 1
0.495513 1
0.495546 1
0.49591 1
0.495912 1
0.49592 1
0.495935 1
0.495956 1
0.495969 1
0.496052 1
0.496139 1
0.496154 1
0.496194 1
0.496203 1
0.496597 1
0.496688 1
0.49702 1
0.497204 1
0.497524 1
0.49756 1
0.497647 1
0.497877 1
0.497884 1
0.497927 1
0.497933 1
0.49807 1
0.498302 1
0.498304 1
0.498322 1
0.498352 1
0.498575 1
0.498611 1
0.498698 1
0.498738 1
0.499306 1
0.499355 1
0.499699 1
0.499711 1
0.499714 1
0.499739 1
0.499749 1
0.50009 1
0.500115 1
0.500164 1
0.500172 1
0.500304 1
0.500329 1
0.500356 1
0.500799 1
0.500824 1
0.500873 1
0.501241 1
0.501305 1
0.501331 1
0.501354 1
0.501407 1
0.501445 1
0.501456 1
0.502065 1
0.502239 1
0.502507 1
0.50274 1
0.502851 1
0.502863 1
0.502901 1
0.503303 1
0.503308 1
0.503324 1
0.503456 1
0.503466 1
0.503508 1
0.503515 1
0.503558 1
0.503589 1
0.504478 1
0.504506 1
0.504528 1
0.504559 1
0.504597 1
0.504608 1
0.504651 1
0.504915 1
0.505002 1
0.505504 1
0.505508 1
0.505529 1
0.505578 1
0.50561 1
0.505659 1
0.50588 1
0.505984 1
0.50599 1
0.506003 1
0.506015 1
0.506053 1
0.506629 1
0.50666 1
0.506931 1
0.507016 1
0.507054 1
0.507108 1
0.507609 1
0.50763 1
0.507642 1
0.507658 1
0.50768 1
0.507796 1
0.507877 1
0.507878 1
0.507926 1
0.508154 1
0.508259 1
0.508278 1
0.508558 1
0.50866 1
0.508681 1
0.50873 1
0.508762 1
0.508811 1
0.508812 1
0.509155 1
0.509167 1
0.509205 1
0.509812 1
0.510028 1
0.510077 1
0.510206 1
0.510255 1
0.51028 1
0.510329 1
0.510678 1
0.51081 1
0.510832 1
0.511069 1
0.511078 1
0.511219 1
0.51122 1
0.511269 1
0.511306 1
0.511914 1
0.511963 1
0.512389 1
0.512438 1
0.512593 1
0.513038 1
0.513235 1
0.513363 1
0.513607 1
0.51423 1
0.514964 1
0.514985 1
0.515128 1
0.515231 1
0.515499 1
0.515509 1
0.515608 1
0.516064 1
0.516085 1
0.516116 1
0.516386 1
0.51651 1
0.516559 1
0.516581 1
0.516609 1
0.516629 1
0.517086 1
0.517114 1
0.517136 1
0.517709 1
0.51849 1
0.518611 1
0.519268 1
0.519517 1
0.519662 1
0.520134 1
0.520238 1
0.520266 1
0.520288 1
0.520291 1
0.520341 1
0.520368 1
0.521696 1
0.521707 1
0.521738 1
0.521746 1
0.521756 1
0.521763 1
0.521845 1
0.521894 1
0.521924 1
0.574199 1
0.574201 1
0.57425 1
0.574464 1
0.574502 1
0.574564 1
0.575466 1
0.575511 1
0.575515 1
0.575704 1
0.575714 1
0.575718 1
0.575753 1
0.575763 1
0.576859 1
0.576913 1
0.576963 1
0.577716 1
0.577772 1
0.578158 1
0.578411 1
0.578618 1
0.578624 1
0.578744 1
0.578766 1
0.580125 1
0.580503 1
0.580515 1
0.58055 1
0.580768 1
0.581049 1
0.581683 1
0.581819 1
0.58294 1
0.583076 1
0.5832 1
0.583653 1
0.583655 1
0.583702 1
0.583702 1
0.583834 1
0.58392 1
0.584201 1
0.585972 1
0.586096 1
0.586212 1
0.586303 1
0.586309 1
0.587488 1
0.587987 1
0.588054 1
0.58806 1
0.588074 1
0.588109 1
0.588123 1
0.589038 1
0.589083 1
0.589087 1
0.589124 1
0.589504 1
0.590097 1
0.590224 1
0.590266 1
0.590329 1
0.590356 1
0.590359 1
0.590378 1
0.591232 1
0.591275 1
0.591357 1
0.591397 1
0.591627 1
0.591646 1
0.591696 1
0.592339 1
0.592408 1
0.592472 1
0.592522 1
0.592656 1
0.592658 1
0.593376 1
0.593508 1
0.593616 1
0.593657 1
0.593659 1
0.594413 1
0.595305 1
0.595428 1
0.595584 1
0.595609 1
0.595633 1
0.595808 1
0.597419 1
0.597661 1
0.597785 1
0.597892 1
0.597909 1
0.598519 1
0.59866 1
0.598712 1
0.598761 1
0.598889 1
0.598911 1
0.59968 1
0.599795 1
0.599834 1
0.599844 1
0.599886 1
0.600011 1
0.600043 1
0.600162 1
0.601061 1
0.601143 1
0.601362 1
0.601377 1
0.601427 1
0.601913 1
0.601988 1
0.602037 1
0.602144 1
0.602194 1
0.60224 1
0.602675 1
0.602915 1
0.603012 1
0.603038 1
0.603149 1
0.603163 1
0.60329 1
0.604001 1
0.604015 1
0.604138 1
0.604164 1
0.604257 1
0.604878 1
0.604884 1
0.605264 1
0.605304 1
0.605308 1
0.605373 1
0.605399 1
0.605422 1
0.60624 1
0.606265 1
0.606341 1
0.606358 1
0.60639 1
0.606518 1
0.606522 1
0.606567 1
0.606611 1
0.606878 1
0.607167 1
0.60729 1
0.607661 1
0.60841 1
0.60846 1
0.608479 1
0.608528 1
0.608586 1
0.608636 1
0.608651 1
0.608696 1
0.6087 1
0.608712 1
0.608745 1
0.608987 1
0.608989 1
0.609046 1
0.609086 1
0.609087 1
0.609095 1
0.609136 1
0.609136 1
0.609219 1
0.609239 1
0.609467 1
0.60951 1
0.609512 1
0.610138 1
0.610241 1
0.610269 1
0.610401 1
0.610517 1
0.610603 1
0.610626 1
0.610634 1
0.610653 1
0.610764 1
0.611089 1
0.611094 1
0.611238 1
0.611255 1
0.61132 1
0.611341 1
0.611369 1
0.61139 1
0.611519 1
0.611568 1
0.611608 1
0.611612 1
0.611693 1
0.61172 1
0.611738 1
0.611743 1
0.611864 1
0.611959 1
0.612131 1
0.612139 1
0.612371 1
0.612391 1
0.612613 1
0.612619 1
0.612627 1
0.612826 1
0.612865 1
0.612873 1
0.612922 1
0.612961 1
0.613141 1
0.613155 1
0.613182 1
0.61319 1
0.613205 1
0.613442 1
0.613452 1
0.613471 1
0.61362 1
0.614014 1
0.614063 1
0.614072 1
0.614122 1
0.614191 1
0.614232 1
0.614241 1
0.614256 1
0.614443 1
0.614472 1
0.614493 1
0.614714 1
0.61472 1
0.61497 1
0.615111 1
0.615234 1
0.615242 1
0.615291 1
0.615494 1
0.615543 1
0.615572 1
0.615814 1
0.615841 1
0.616023 1
0.616067 1
0.61607 1
0.616113 1
0.616162 1
0.616196 1
0.616206 1
0.616284 1
0.616293 1
0.616334 1
0.616342 1
0.616594 1
0.616639 1
0.616688 1
0.616772 1
0.616802 1
0.616816 1
0.616821 1
0.617247 1
0.617296 1
0.617296 1
0.617316 1
0.617335 1
0.617343 1
0.617384 1
0.617393 1
0.617451 1
0.617501 1
0.617542 1
0.617595 1
0.617914 1
0.617922 1
0.617971 1
0.618464 1
0.618675 1
0.618695 1
0.618724 1
0.618955 1
0.619444 1
0.619445 1
0.619456 1
0.619465 1
0.619494 1
0.619514 1
0.619516 1
0.619566 1
0.619643 1
0.619697 1
0.619746 1
0.619775 1
0.619823 1
0.619926 1
0.619939 1
0.620078 1
0.620265 1
0.620315 1
0.620428 1
0.620437 1
0.620495 1
0.620536 1
0.620545 1
0.620558 1
0.620694 1
0.620776 1
0.620797 1
0.620825 1
0.621688 1
0.621695 1
0.621719 1
0.621744 1
0.621798 1
0.621827 1
0.622075 1
0.622579 1
0.622588 1
0.622592 1
0.622597 1
0.622708 1
0.622795 1
0.622849 1
0.622898 1
0.622927 1
0.623647 1
0.623688 1
0.623697 1
0.623796 1
0.623911 1
0.623928 1
0.623949 1
0.62396 1
0.624055 1
0.624176 1
0.624567 1
0.625028 1
0.625178 1
0.625227 1
0.625326 1
0.625569 1
0.625683 1
0.62574 1
0.625749 1
0.62579 1
0.625798 1
0.625811 1
0.625898 1
0.625935 1
0.625984 1
0.626001 1
0.626029 1
0.62605 1
0.626799 1
0.626849 1
0.626862 1
0.626911 1
0.627051 1
0.627101 1
0.627129 1
0.62718 1
0.627279 1
0.627891 1
0.627899 1
0.627912 1
0.627999 1
0.628151 1
0.628379 1
0.62877 1
0.62905 1
0.629153 1
0.629187 1
0.629202 1
0.629231 1
0.630001 1
0.630014 1
0.630179 1
0.630232 1
0.630253 1
0.630281 1
0.630377 1
0.631114 1
0.631151 1
0.631303 1
0.631507 1
0.631531 1
0.632267 1
0.632305 1
0.632316 1
0.633144 1
0.633153 1
0.633166 1
0.633252 1
0.633302 1
0.633405 1
0.63405 1
0.634152 1
0.634154 1
0.634186 1
0.634201 1
0.634203 1
0.634216 1
0.634236 1
0.634266 1
0.634303 1
0.634406 1
0.635286 1
0.635354 1
0.635366 1
0.635403 1
0.635415 1
0.635533 1
0.636305 1
0.636404 1
0.636417 1
0.636507 1
0.636557 1
0.636735 1
0.636784 1
0.637368 1
0.637418 1
0.637504 1
0.637517 1
0.637558 1
0.638357 1
0.638398 1
0.638399 1
0.638406 1
0.638416 1
0.638466 1
0.638498 1
0.6385 1
0.638506 1
0.638518 1
0.638567 1
0.638609 1
0.638658 1
0.639549 1
0.639569 1
0.639594 1
0.639606 1
0.639618 1
0.639659 1
0.639887 1
0.639903 1
0.64071 1
0.640735 1
0.640759 1
0.640906 1
0.641509 1
0.641551 1
0.641558 1
0.641625 1
0.641707 1
0.641719 1
0.641761 1
0.64277 1
0.642861 1
0.64361 1
0.643636 1
0.643651 1
0.643652 1
0.643734 1
0.643771 1
0.643862 1
0.644871 1
0.645754 1
0.645761 1
0.646003 1
0.646013 1
0.646973 1
0.647047 1
0.647063 1
0.647096 1
0.647855 1
0.647862 1
0.647974 1
0.648087 1
0.648114 1
0.648856 1
0.648861 1
0.648863 1
0.648913 1
0.649115 1
0.650104 1
0.650125 1
0.650215 1
1.48806 1
1.48808 1
1.48854 1
1.48901 1
1.48904 1
1.48905 1
1.48906 1
1.49285 1
1.494 1
1.49438 1
1.49439 1
1.49616 1
1.49638 1
1.49639 1
1.49713 1
1.49716 1
1.49729 1
1.49842 1
1.49853 1
1.49969 1
1.50131 1
1.50135 1
1.50139 1
1.5014 1
1.50143 1
1.50182 1
1.50195 1
1.50381 1
1.50389 1
1.50392 1
1.50394 1
1.50441 1
1.5049 1
1.50492 1
1.50492 1
1.50493 1
1.50494 1
1.50497 1
1.50497 1
1.50593 1
1.50597 1
1.50598 1
1.50598 1
1.50602 1
1.50604 1
1.50604 1
1.50606 1
1.50611 1
1.50707 1
1.50709 1
1.50812 1
1.50886 1
1.5092 1
1.5092 1
1.51001 1
1.5102 1
1.51023 1
1.51025 1
1.51089 1
1.51123 1
1.51123 1
1.51123 1
1.51128 1
1.51128 1
1.51191 1
1.51196 1
1.51196 1
1.51201 1
1.51263 1
1.51317 1
1.5132 1
1.51322 1
1.51325 1
1.51329 1
1.51334 1
1.51338 1
1.5134 1
1.51427 1
1.5143 1
1.51451 1
1.51453 1
1.51453 1
1.51458 1
1.51458 1
1.51543 1
1.51544 1
1.51552 1
1.51569 1
1.51637 1
1.5164 1
1.51665 1
1.51668 1
1.51676 1
1.51679 1
1.51681 1
1.51745 1
1.51783 1
1.51795 1
1.51796 1
1.51821 1
1.51827 1
1.51832 1
1.51858 1
1.51888 1
1.51891 1
1.51892 1
1.51893 1
1.51951 1
1.51952 1
1.51955 1
1.51984 1
1.51993 1
1.51996 1
1.52417 1
1.52418 1
1.52599 1
1.52665 1
1.52672 1
1.52867 1
1.52876 1
1.52981 1
1.5322 1
2.204 1
2.20401 1
2.20436 1
2.20438 1
2.20505 1
2.20506 1
2.20508 1
2.2051 1
2.20638 1
2.20643 1
2.20644 1
2.20646 1
2.20649 1
2.20741 1
2.20743 1
2.20747 1
2.20748 1
2.20752 1
2.20803 1
2.2084 1
2.20849 1
2.20852 1
2.2088 1
2.2088 1
2.20957 1
2.20966 1
2.20966 1
2.20971 1
2.20976 1
2.2098 1
2.20981 1
2.20985 1
2.21003 1
2.21006 1
2.21011 1
2.21013 1
2.21016 1
2.21031 1
2.21108 1
2.21108 1
2.21115 1
2.21131 1
2.21132 1
2.21136 1
2.21139 1
2.21213 1
2.21244 1
2.2129 1
2.2129 1
2.21296 1
2.21319 1
2.21319 1
2.21333 1
2.21344 1
2.21348 1
2.21354 1
2.21359 1
2.21368 1
2.21443 1
2.21445 1
2.21447 1
2.2145 1
2.21454 1
2.21459 1
2.21524 1
2.21548 1
2.21551 1
2.21554 1
2.21555 1
2.21555 1
2.21559 1
2.2156 1
2.21659 1
2.21671 1
2.21676 1
2.21697 1
2.21732 1
2.21734 1
2.21734 1
2.21737 1
2.21771 1
2.21772 1
2.21852 1
2.21852 1
2.21857 1
2.21858 1
2.21859 1
2.2187 1
2.21874 1
2.21877 1
2.21897 1
2.21897 1
2.21901 1
2.21902 1
2.22054 1
2.22059 1
2.2206 1
2.22189 1
2.22191 1
2.222 1
2.22201 1
2.22213 1
2.22218 1
2.22305 1
2.22351 1
2.22403 1
2.22482 1
2.22533 1
2.22538 1
2.22542 1
2.22564 1
2.22567 1
2.2257 1
2.22575 1
2.22579 1
2.22673 1
2.22678 1
2.22678 1
2.22695 1
2.22816 1
2.22819 1
2.22863 1
2.22866 1
2.22868 1
2.23043 1
2.23044 1
2.23058 1
2.23157 1
2.23221 1
2.23221 1
2.23226 1
2.23738 1
2.2374 1
2.23964 1
2.24004 1
2.24009 1
2.24014 1
2.24014 1
2.24015 1
2.24095 1
2.24099 1
2.24103 1
2.24104 1
2.24108 1
4.28479 1
4.28502 1
4.28505 1
4.28541 1
4.28542 1
4.28546 1
4.28677 1
4.28679 1
4.28682 1
4.28684 1
4.28764 1
4.28768 1
4.28769 1
4.2877 1
4.28775 1
4.28786 1
4.28805 1
4.28807 1
4.28809 1
4.28812 1
4.28834 1
4.28835 1
4.28847 1
4.28858 1
4.28863 1
4.28871 1
4.28895 1
4.28895 1
4.28899 1
4.28907 1
4.28907 1
4.28957 1
4.29 1
4.2901 1
4.29012 1
4.29012 1
4.29019 1
4.29023 1
4.29039 1
4.29059 1
4.29059 1
4.29064 1
4.29138 1
4.29151 1
4.29164 1
4.29184 1
4.29187 1
4.29191 1
4.29239 1
4.29241 1
4.29274 1
4.29277 1
4.29284 1
4.29347 1
4.29348 1
4.2935 1
4.29355 1
4.29361 1
4.29363 1
4.29461 1
4.29484 1
4.29486 1
4.29502 1
4.29504 1
4.29614 1
4.29627 1
4.29627 1
4.29628 1
4.29631 1
4.29633 1
4.29633 1
4.29636 1
4.29638 1
4.29865 1
4.29959 1
4.29994 1
4.30127 1
4.3013 1
4.30145 1
4.30156 1
4.30172 1
4.30174 1
4.30186 1
4.30209 1
4.30483 1
4.30487 1
4.30496 1
4.30592 1
4.30597 1
4.30597 1
4.32517 1
6.95104 1
6.95107 1
6.95108 1
7.00941 1
7.01234 1
7.01235 1
7.01941 1
7.02227 1
7.02227 1
7.02264 1
8.14967 1
8.15041 1
8.15267 1
8.15268 1
8.1527 1
8.1551 1
8.15514 1
8.15517 1
8.15519 1
8.15845 1
8.15846 1
8.15846 1
8.16644 1
8.16784 1
8.16856 1
8.16856 1
8.16872 1
8.16889 1
8.16891 1
8.16894 1
9.45805 1
9.4581 1
9.45819 1
9.45835 1
9.45999 1
9.46 1
9.46011 1
9.4602 1
9.4602 1
9.4602 1
9.46025 1
9.46025 1
10.0745 1
10.076 1
10.076 1
10.077 1
10.077 1
10.077 1
10.0771 1
10.0771 1
10.0773 1
10.0778 1
10.0782 1
10.0783 1
10.0783 1
10.0792 1
10.0792 1
10.0793 1
10.0836 1
10.0836 1
10.0842 1
10.0849 1
10.0849 1
10.0855 1
10.0855 1
10.0856 1
10.0857 1
10.0857 1
10.0858 1
10.0858 1
10.0858 1
10.0859 1
10.086 1
10.0864 1
10.0866 1
10.0872 1
10.0872 1
10.0872 1
10.0898 1
10.0898 1
10.0901 1
10.0906 1
10.0907 1
10.0907 1
10.0907 1
10.0907 1
10.0909 1
10.0909 1
10.091 1
10.091 1
10.091 1
10.0911 1
10.0915 1
10.0915 1
10.0948 1
10.0949 1
10.0962 1
10.0962 1
10.0976 1
10.1033 1
10.1033 1
10.1034 1
10.1052 1
10.1068 1
10.1069 1
10.1082 1
10.1084 1
10.1085 1
11.7587 1
11.7588 1
11.7628 1
11.7628 1
12.3996 1
12.4 1
12.4001 1
12.4006 1
12.4012 1
12.4012 1
12.4012 1
12.4014 1
12.4014 1
12.4014 1
12.4015 1
12.4018 1
12.4018 1
12.4018 1
12.4029 1
12.403 1
12.4032 1
12.4034 1
12.4034 1
12.4069 1
12.4069 1
12.4069 1
12.4069 1
12.4072 1
12.4072 1
12.4073 1
12.4112 1
12.412 1
12.412 1
12.4122 1
12.4122 1
12.4132 1
12.4134 1
12.4143 1
12.4143 1
12.4143 1
12.4143 1
12.4144 1
12.4165 1
12.417 1
12.4178 1
12.4194 1
12.4194 1
12.4195 1
12.4195 1
12.4195 1
12.4239 1
12.4239 1
12.4239 1
12.424 1
12.4247 1
12.4247 1
12.4247 1
12.4247 1
12.4247 1
12.4257 1
12.4257 1
12.4257 1
12.4259 1
12.4259 1
12.4259 1
12.4259 1
12.4259 1
12.426 1
12.4271 1
12.4271 1
12.4285 1
12.4286 1
12.4286 1
12.429 1
12.429 1
12.429 1
12.4294 1
12.4294 1
12.431 1
12.431 1
12.431 1
12.431 1
12.4315 1
12.4315 1
12.4375 1
12.4376 1
12.4392 1
12.4394 1
12.4394 1
12.4397 1
12.5374 1
12.5374 1
12.5388 1
12.5389 1
12.5389 1
12.5391 1
12.5393 1
12.5394 1
12.5402 1
12.5418 1
12.5419 1
12.5424 1
12.5424 1
12.5425 1
12.5437 1
12.5438 1
12.5439 1
12.5439 1
12.5439 1
12.5449 1
12.5451 1
12.546 1
12.5461 1
12.5462 1
12.5465 1
12.5465 1
12.547 1
12.5471 1
12.5478 1
12.548 1
12.5484 1
12.5489 1
12.5489 1
12.5492 1
12.5514 1
12.5514 1
12.5516 1
12.5517 1
12.5517 1
12.5518 1
12.5518 1
14.7667 1
14.7667 1
14.7676 1
14.7677 1
14.7677 1
14.7678 1
14.7678 1
14.768 1
14.7681 1
14.7681 1
14.7681 1
14.7681 1
14.7689 1
14.7689 1
14.7692 1
14.7692 1
14.7692 1
14.7692 1
14.7702 1
14.7702 1
14.7703 1
14.7703 1
14.7703 1
14.7705 1
14.7706 1
14.7712 1
14.7713 1
14.7713 1
14.7714 1
14.7715 1
14.7716 1
14.7717 1
14.7724 1
14.7728 1
14.7728 1
14.7772 1
14.7772 1
14.7772 1
14.7773 1
17.2017 1
17.2021 1
17.2022 1
17.2022 1
17.2023 1
17.2039 1
17.204 1
17.2053 1
17.2053 1
17.2053 1
17.2054 1
17.2054 1
17.2057 1
17.2084 1
17.2084 1
17.2085 1
17.2102 1
17.2105 1
17.2105 1
17.2106 1
17.2106 1
17.2106 1
17.2108 1
17.2113 1
17.2116 1
17.2116 1
17.2121 1
17.2121 1
17.2121 1
17.2121 1
17.2126 1
17.2127 1
17.2127 1
17.2129 1
17.2129 1
17.2135 1
17.2136 1
17.2137 1
17.2137 1
17.2137 1
17.2137 1
17.2137 1
17.2137 1
17.2137 1
17.2159 1
17.2159 1
17.2161 1
17.2161 1
17.2162 1
17.2162 1
17.2186 1
17.219 1
17.2191 1
17.2192 1
17.2192 1
17.2193 1
17.2193 1
17.2195 1
17.2203 1
17.2203 1
17.2203 1
17.2205 1
17.2206 1
17.2206 1
17.2223 1
17.2223 1
17.2224 1
17.2232 1
17.2238 1
17.2238 1
17.2238 1
17.2239 1
17.231 1
17.2311 1
17.2311 1
17.2311 1
17.2312 1
17.2316 1
17.2316 1
17.2325 1
17.2326 1
17.2326 1
17.2327 1
17.2327 1
17.2349 1
17.2351 1
17.2369 1
17.2369 1
17.2369 1
17.237 1
17.2382 1
19.5363 1
19.5364 1
19.5364 1
19.5364 1
19.5364 1
19.5365 1
19.5365 1
19.5365 1
19.5366 1
19.5374 1
19.5374 1
19.5375 1
19.5378 1
19.5398 1
19.5399 1
19.5399 1
19.5406 1
19.5406 1
19.5406 1
19.5408 1
19.5408 1
19.5409 1
19.5409 1
19.5409 1
19.5409 1
19.5422 1
19.5422 1
19.5447 1
19.5447 1
19.5453 1
19.546 1
19.5461 1
19.5462 1
19.5462 1
19.5463 1
19.5463 1
19.5463 1
19.5479 1
19.548 1
19.5955 1
19.5957 1
19.5958 1
19.5959 1
19.596 1
19.5976 1
19.5978 1
19.5992 1
19.5993 1
19.5993 1
19.5994 1
19.5996 1
19.5997 1
19.6028 1
19.6029 1
19.6029 1
19.603 1
19.603 1
19.603 1
19.604 1
19.6041 1
19.6042 1
19.6047 1
19.6047 1
19.6051 1
19.6052 1
19.6052 1
19.606 1
19.606 1
19.6061 1
19.6061 1
19.6061 1
19.6067 1
19.6068 1
19.6072 1
19.6073 1
19.6073 1
19.6073 1
19.6073 1
19.6074 1
19.6099 1
19.6099 1
19.61 1
19.61 1
19.61 1
19.6101 1
19.6101 1
19.6103 1
19.6103 1
19.6103 1
19.6104 1
25.1234 1
25.1236 1
25.1243 1
25.1244 1
25.1244 1
25.1247 1
25.1247 1
25.1248 1
25.1248 1
25.1248 1
25.1259 1
25.1259 1
25.126 1
25.2767 1
25.2767 1
25.278 1
25.2788 1
25.2789 1
25.2789 1
25.2789 1
25.279 1
25.2793 1
25.2797 1
25.2804 1
25.2805 1
25.2805 1
25.2805 1
25.2807 1
25.2807 1
25.2808 1
25.282 1
25.282 1
25.2843 1
25.2846 1
26.631 1
26.6313 1
26.6313 1
26.6314 1
26.6318 1
26.6373 1
26.6466 1
26.6467 1
26.6467 1
26.6476 1
26.6477 1
26.648 1
26.648 1
26.6481 1
26.6496 1
26.65 1
26.65 1
26.65 1
26.6504 1
26.6504 1
26.6504 1
26.6506 1
26.6506 1
26.6507 1
26.6508 1
26.6508 1
26.6512 1
26.6513 1
26.6513 1
26.6513 1
26.6515 1
26.6524 1
26.6528 1
26.6528 1
26.6534 1
26.6535 1
26.6535 1
26.6536 1
26.6536 1
26.6536 1
26.6536 1
26.6546 1
26.6548 1
26.655 1
26.6551 1
26.6553 1
26.6554 1
26.6556 1
26.6556 1
26.6557 1
26.6559 1
26.6559 1
26.6563 1
26.6569 1
26.6587 1
26.6588 1
26.6588 1
26.6589 1
26.6589 1
26.6597 1
26.6597 1
26.6598 1
26.6598 1
26.6609 1
26.6609 1
26.6618 1
26.6618 1
26.6618 1
26.6618 1
26.6621 1
26.6728 1
26.6728 1
26.6728 1
26.6739 1
26.706 1
26.7061 1
26.7061 1
26.7135 1
26.7135 1
26.7155 1
26.7165 1
26.7165 1
26.7173 1
26.7173 1
26.7174 1
26.7176 1
26.7176 1
26.7177 1
26.7177 1
26.7177 1
26.7177 1
26.7178 1
26.7178 1
26.7181 1
26.7182 1
26.7183 1
26.7183 1
26.7186 1
26.7192 1
26.7192 1
26.7194 1
26.7194 1
26.7194 1
26.7195 1
26.7195 1
26.7196 1
26.7197 1
26.7197 1
26.7197 1
26.7203 1
26.7203 1
26.7203 1
26.7204 1
26.7204 1
26.7205 1
26.7207 1
26.7207 1
26.7208 1
26.7208 1
26.7208 1
26.7208 1
26.7209 1
26.7209 1
26.7209 1
26.7209 1
26.721 1
26.7223 1
26.7238 1
26.7239 1
26.7249 1
26.7249 1
26.7254 1
26.7254 1
26.7273 1
26.7281 1
26.7282 1
26.7282 1
26.7283 1
26.7301 1
26.7302 1
26.7336 1
26.7348 1
26.7367 1
26.7375 1
26.7376 1
26.738 1
26.738 1
26.738 1
26.7381 1
26.7397 1
26.7402 1
26.7402 1
26.7403 1
26.7403 1
26.7403 1
26.7406 1
26.7406 1
26.7406 1
26.7417 1
26.7417 1
26.7418 1
26.7419 1
26.7424 1
26.7424 1
26.7425 1
26.7425 1
26.7425 1
26.7425 1
26.7428 1
26.7468 1
26.747 1
26.7472 1
26.7472 1
26.7473 1
26.7491 1
26.7501 1
26.7501 1
26.7505 1
26.7519 1
26.7519 1
26.7521 1
26.7521 1
26.7522 1
26.7522 1
26.7522 1
26.7535 1
26.7579 1
26.758 1
26.758 1
26.7598 1
26.7598 1
26.7599 1
26.7601 1
26.7601 1
26.7602 1
26.7606 1
26.7606 1
26.7608 1
26.7609 1
26.7619 1
26.7619 1
26.762 1
26.762 1
26.7621 1
26.7629 1
26.7631 1
26.7631 1
26.7638 1
26.7638 1
26.764 1
26.764 1
26.7667 1
26.7667 1
26.7669 1
26.767 1
26.7671 1
26.7677 1
26.768 1
26.7681 1
26.7681 1
26.7681 1
26.7681 1
26.7689 1
26.769 1
26.7744 1
26.779 1
26.779 1
26.7791 1
26.7791 1
26.7791 1
26.7791 1
26.7791 1
26.7792 1
26.7792 1
26.7796 1
26.7797 1
26.7798 1
26.78 1
26.78 1
26.78 1
26.7801 1
26.7801 1
26.7801 1
26.7802 1
26.7802 1
26.7804 1
26.7811 1
26.7812 1
26.7812 1
26.7812 1
26.7812 1
26.7818 1
26.7821 1
26.7821 1
26.7821 1
26.7827 1
26.7828 1
26.7828 1
26.7828 1
26.7831 1
26.7831 1
26.7831 1
26.7832 1
26.7832 1
26.7832 1
26.7832 1
26.7834 1
26.7839 1
26.7842 1
26.7842 1
26.7842 1
26.7842 1
26.7842 1
26.7843 1
26.7843 1
26.7848 1
26.7848 1
26.7849 1
26.7853 1
26.7853 1
26.7853 1
26.7854 1
26.7854 1
26.7854 1
26.7854 1
26.7855 1
26.7856 1
26.7856 1
26.7856 1
26.7856 1
26.7857 1
26.7859 1
26.7864 1
26.7864 1
26.7868 1
26.7868 1
26.7869 1
26.7869 1
26.787 1
26.787 1
26.7876 1
26.7876 1
26.7876 1
26.7877 1
26.7878 1
26.7879 1
26.788 1
26.7886 1
26.7886 1
26.7886 1
26.7889 1
26.789 1
26.7895 1
26.7896 1
26.7896 1
26.7901 1
26.7901 1
26.7901 1
26.7901 1
26.7901 1
26.7905 1
26.7905 1
26.7905 1
26.7905 1
26.7906 1
26.7906 1
26.7906 1
26.7906 1
26.7926 1
26.7926 1
26.7926 1
26.7926 1
26.7929 1
26.7932 1
26.7933 1
26.7934 1
26.7948 1
26.7957 1
26.7958 1
26.7958 1
26.7959 1
26.796 1
26.796 1
26.796 1
26.8012 1
26.8012 1
26.8017 1
26.8018 1
26.804 1
26.8082 1
26.8082 1
26.8082 1
26.8083 1
26.8085 1
26.8085 1
26.8085 1
26.8086 1
26.8098 1
26.8099 1
26.812 1
26.812 1
26.812 1
26.812 1
26.812 1
26.8121 1
26.8121 1
26.8131 1
26.8131 1
26.8131 1
26.8131 1
26.8142 1
26.8152 1
26.8152 1
26.8152 1
26.8153 1
26.8155 1
26.8155 1
26.8155 1
29.1851 1
29.1851 1
29.1852 1
29.1852 1
29.1853 1
29.1853 1
29.1854 1
29.1858 1
29.1861 1
29.1862 1
29.1888 1
29.1889 1
29.1889 1
29.1915 1
29.1917 1
29.1917 1
29.1917 1
29.1917 1
29.1944 1
29.1946 1
29.195 1
29.1951 1
29.1951 1
29.1953 1
29.1954 1
29.1957 1
29.1958 1
29.1958 1
29.197 1
29.197 1
29.1971 1
29.1972 1
29.1978 1
29.1978 1
29.1979 1
29.1979 1
29.1987 1
29.1995 1
29.1995 1
29.1998 1
29.2001 1
29.2002 1
29.2004 1
29.2004 1
29.2006 1
29.2007 1
29.2008 1
29.2008 1
29.2015 1
29.2017 1
29.2017 1
29.2017 1
29.202 1
29.2021 1
29.2022 1
29.2022 1
29.2022 1
29.2031 1
29.2034 1
29.2035 1
29.2039 1
29.204 1
29.2069 1
29.207 1
29.207 1
29.2074 1
29.2074 1
29.2075 1
29.2129 1
29.2129 1
29.213 1
29.2178 1
29.2179 1
29.2179 1
29.2179 1
34.1415 1
34.1417 1
34.1417 1
34.1418 1
34.1418 1
34.1418 1
34.1418 1
34.1418 1
34.1419 1
34.1438 1
34.1438 1
34.1439 1
34.1453 1
34.1453 1
34.1454 1
34.1454 1
34.1454 1
34.1458 1
34.1459 1
34.1466 1
34.1466 1
34.1469 1
34.1469 1
34.1469 1
34.2923 1
34.2924 1
34.2945 1
34.2945 1
34.2946 1
34.2951 1
34.2954 1
34.2959 1
34.2959 1
34.2966 1
34.3044 1
34.3044 1
34.3044 1
34.3052 1
34.3052 1
34.3054 1
34.3055 1
34.3075 1
34.3075 1
34.3075 1
34.3081 1
34.3082 1
34.3083 1
34.3084 1
34.3088 1
34.3094 1
34.3095 1
34.3095 1
34.3095 1
34.3104 1
34.3105 1
34.3105 1
34.3105 1
34.3106 1
34.3106 1
34.3107 1
34.3107 1
34.3108 1
34.3108 1
34.3108 1
34.311 1
34.3116 1
34.3118 1
34.3165 1
34.3173 1
34.3185 1
34.3185 1
34.3231 1
34.3231 1
34.3231 1
34.3236 1
34.326 1
34.3261 1
34.3262 1
34.3263 1
34.3264 1
34.3264 1
34.3284 1
34.3284 1
34.3327 1
34.3327 1
36.3386 1
36.3386 1
36.3387 1
36.3433 1
36.3444 1
36.3445 1
36.3446 1
36.3718 1
36.3718 1
36.372 1
36.372 1
36.3727 1
36.3727 1
36.3728 1
36.3728 1
36.3728 1
36.373 1
36.373 1
36.3731 1
36.3743 1
36.3743 1
36.375 1
36.3751 1
36.3751 1
36.3752 1
36.377 1
36.4351 1
36.4363 1
36.437 1
36.4371 1
36.4371 1
36.4371 1
36.4371 1
36.4372 1
36.4372 1
36.4372 1
36.4372 1
36.4424 1
36.4424 1
36.4424 1
36.4424 1
36.4435 1
36.4435 1
36.4436 1
36.4436 1
36.4487 1
36.4487 1
36.4487 1
36.4502 1
36.4503 1
36.4505 1
36.4507 1
36.4508 1
36.4508 1
36.4508 1
36.4508 1
36.4518 1
36.4518 1
36.4518 1
36.4518 1
36.4519 1
36.4854 1
36.4855 1
36.4873 1
36.4894 1
36.4896 1
36.4896 1
36.4896 1
36.4896 1
36.4897 1
36.4897 1
36.4897 1
36.4897 1
36.4898 1
36.4914 1
36.4921 1
36.4922 1
36.4922 1
36.4924 1
36.4933 1
36.4933 1
36.4933 1
36.4955 1
36.4965 1
36.4965 1
36.4965 1
36.4966 1
36.4967 1
36.4975 1
36.4975 1
36.4975 1
36.4975 1
36.4975 1
36.4975 1
36.4976 1
36.4976 1
36.4986 1
36.4989 1
36.4989 1
36.4993 1
36.4993 1
36.4996 1
36.4996 1
36.5 1
36.5011 1
36.5011 1
36.5016 1
36.5017 1
36.5017 1
36.5017 1
36.5019 1
36.5019 1
36.5019 1
36.5028 1
36.5028 1
36.5041 1
36.5041 1
36.5041 1
36.5042 1
36.5045 1
36.5048 1
36.5049 1
36.5049 1
36.5056 1
36.5056 1
36.5056 1
36.5056 1
36.5056 1
36.5056 1
36.5057 1
36.5062 1
36.5065 1
36.5066 1
36.5067 1
36.5069 1
36.5069 1
36.507 1
36.5072 1
36.5072 1
36.508 1
36.508 1
36.5082 1
36.5082 1
36.5082 1
36.5088 1
36.5088 1
36.5089 1
36.5089 1
36.5089 1
36.509 1
36.5091 1
36.5091 1
36.5092 1
36.5104 1
36.5104 1
36.5105 1
36.5125 1
36.5126 1
36.5135 1
36.5135 1
36.5148 1
36.5153 1
36.5154 1
36.5155 1
36.5156 1
36.5176 1
36.5179 1
36.5179 1
36.5179 1
36.5179 1
36.518 1
36.5185 1
36.5185 1
36.5185 1
36.5186 1
36.5187 1
36.5225 1
36.5227 1
36.5227 1
36.5228 1
36.5244 1
36.5244 1
36.5245 1
36.5246 1
36.5246 1
36.5257 1
36.5257 1
36.5261 1
36.527 1
36.527 1
36.5281 1
36.5281 1
36.5285 1
36.5285 1
36.5286 1
36.5286 1
36.5291 1
36.5291 1
36.5303 1
36.5303 1
36.5304 1
36.5304 1
36.5304 1
36.5314 1
36.5314 1
36.5315 1
36.532 1
36.5321 1
36.5333 1
36.5334 1
36.5349 1
36.5349 1
36.5349 1
36.5351 1
36.5352 1
36.5352 1
36.5352 1
36.5353 1
38.5959 1
38.596 1
38.5972 1
38.5972 1
38.5982 1
38.6796 1
38.6797 1
38.6806 1
38.6806 1
38.6807 1
38.6808 1
38.6814 1
38.6814 1
38.6816 1
38.6818 1
38.6821 1
38.6821 1
38.6822 1
38.6822 1
38.6824 1
38.6825 1
38.6831 1
38.6832 1
38.6832 1
38.6832 1
38.6837 1
38.6837 1
38.6838 1
38.6838 1
38.6842 1
38.6842 1
38.6843 1
38.6844 1
38.6844 1
38.6847 1
38.6848 1
38.6848 1
38.6875 1
38.6876 1
38.6877 1
38.6877 1
38.6878 1
38.6878 1
38.6879 1
38.6888 1
38.689 1
38.6896 1
38.6896 1
38.69 1
38.6906 1
38.6912 1
38.6914 1
38.6914 1
38.6915 1
38.6916 1
38.6917 1
38.6918 1
38.692 1
38.692 1
38.693 1
38.693 1
38.6932 1
38.6933 1
38.6933 1
38.6933 1
38.6934 1
38.6941 1
38.6942 1
38.6942 1
38.6942 1
38.6943 1
38.6951 1
38.6951 1
38.6952 1
38.6953 1
38.6953 1
38.6954 1
38.6954 1
38.6973 1
38.6974 1
38.6974 1
38.6982 1
38.6982 1
38.6995 1
38.6995 1
38.6998 1
38.6998 1
38.6998 1
38.6998 1
38.6998 1
38.7018 1
38.7019 1
38.7089 1
38.7089 1
38.709 1
38.7091 1
38.7093 1
38.7098 1
38.7098 1
38.7099 1
38.7099 1
38.7099 1
38.7101 1
38.7127 1
38.7127 1
38.7129 1
38.7129 1
38.713 1
38.7139 1
38.715 1
38.715 1
38.7151 1
38.7151 1
38.7153 1
38.7159 1
38.7161 1
38.7161 1
38.7162 1
38.7163 1
38.7163 1
38.7168 1
38.717 1
38.717 1
38.717 1
38.7172 1
38.7172 1
38.7172 1
38.7172 1
38.7182 1
38.7183 1
38.7183 1
38.7183 1
38.7184 1
38.7187 1
38.7287 1
38.7287 1
38.7287 1
38.7288 1
38.7289 1
38.7289 1
38.7309 1
38.7309 1
38.7309 1
38.731 1
38.7317 1
38.7319 1
38.7319 1
38.732 1
38.732 1
38.7345 1
38.7345 1
41.1013 1
41.1016 1
41.1016 1
41.1016 1
41.1017 1
41.1017 1
41.1018 1
41.1018 1
41.1019 1
41.1037 1
41.1038 1
41.1062 1
41.1062 1
41.1062 1
41.1083 1
41.1094 1
41.1094 1
41.1095 1
41.1095 1
41.1095 1
41.1114 1
41.1119 1
41.1119 1
41.1119 1
41.1119 1
41.112 1
41.1122 1
41.1133 1
41.1133 1
41.1197 1
41.1197 1
41.1198 1
41.1198 1
41.1198 1
41.1199 1
41.1263 1
41.1264 1
41.1279 1
44.6341 1
44.7697 1
44.7697 1
44.7698 1
44.7698 1
44.7702 1
44.7721 1
44.7721 1
44.8495 1
44.8495 1
44.8498 1
44.8526 1
44.8526 1
44.8527 1
44.8533 1
44.8533 1
44.8533 1
44.8542 1
44.8542 1
44.8543 1
44.8544 1
44.8548 1
44.855 1
44.8551 1
44.8551 1
44.8563 1
45.821 1
45.8213 1
46.2517 1
46.2517 1
46.2517 1
46.2523 1
46.258 1
46.258 1
46.2581 1
46.2581 1
46.2792 1
46.2792 1
46.2794 1
46.2794 1
46.2794 1
46.2804 1
46.293 1
46.2932 1
46.2932 1
46.2937 1
46.2937 1
46.2939 1
46.2939 1
46.297 1
46.2977 1
46.2977 1
46.2978 1
46.2978 1
46.2978 1
46.2978 1
46.2979 1
46.2996 1
46.2996 1
46.3892 1
46.4067 1
46.4105 1
46.4108 1
46.4108 1
46.4108 1
46.4122 1
46.4122 1
46.4122 1
46.4122 1
46.4123 1
46.4174 1
46.4174 1
46.4175 1
46.4176 1
46.4176 1
46.4176 1
46.4195 1
46.4195 1
46.4196 1
46.4198 1
46.4208 1
46.4208 1
46.423 1
48.141 1
48.141 1
48.141 1
48.1411 1
48.1412 1
48.1422 1
48.1422 1
48.1422 1
48.1423 1
48.1427 1
48.1428 1
48.1428 1
48.1458 1
48.1458 1
48.1462 1
48.1483 1
48.1484 1
48.1485 1
48.1512 1
48.1516 1
48.1534 1
48.1535 1
48.1539 1
48.1539 1
48.1551 1
48.1551 1
48.1551 1
48.1556 1
48.1556 1
48.1556 1
48.1556 1
48.1565 1
48.1568 1
48.1568 1
48.1569 1
48.1569 1
48.157 1
48.157 1
48.157 1
48.1575 1
48.1576 1
48.1577 1
48.1585 1
48.1585 1
48.1586 1
48.1586 1
48.1586 1
48.1586 1
48.1589 1
48.1589 1
48.1589 1
48.1596 1
48.1596 1
48.1597 1
48.1597 1
48.1597 1
48.1597 1
48.1597 1
48.1597 1
48.1598 1
48.1599 1
48.1599 1
48.1612 1
48.1618 1
48.1619 1
48.1629 1
48.1629 1
48.1629 1
48.1639 1
48.1639 1
48.164 1
48.1641 1
48.1643 1
50.2055 1
50.2055 1
50.2055 1
50.2068 1
50.2073 1
50.2073 1
50.2098 1
50.2098 1
50.2099 1
50.2099 1
50.21 1
50.21 1
50.2113 1
50.2114 1
50.2115 1
50.2128 1
50.2128 1
50.2135 1
50.2135 1
50.2206 1
50.2206 1
50.2213 1
50.2213 1
50.2229 1
50.223 1
50.223 1
50.2239 1
50.224 1
50.2242 1
50.2242 1
50.2242 1
50.2251 1
50.2252 1
50.2253 1
50.2304 1
50.2304 1
50.2304 1
50.2307 1
50.2308 1
50.2308 1
50.2321 1
50.2321 1
50.233 1
50.2335 1
50.2335 1
50.2336 1
50.2338 1
50.2345 1
50.2345 1
50.2614 1
50.2619 1
50.2619 1
50.2624 1
50.2624 1
50.2625 1
50.2626 1
50.2633 1
52.9644 1
52.9649 1
52.9655 1
52.9656 1
52.9657 1
52.9657 1
52.9669 1
52.9669 1
52.967 1
52.967 1
52.967 1
52.967 1
52.9682 1
52.9694 1
52.9695 1
52.9697 1
52.9698 1
52.9698 1
52.9698 1
52.9698 1
52.9698 1
53.0477 1
53.0477 1
53.0478 1
53.0478 1
53.048 1
53.048 1
53.048 1
53.0487 1
53.0487 1
53.0489 1
53.0489 1
53.049 1
53.0503 1
53.0504 1
53.0504 1
53.0505 1
53.0528 1
53.0528 1
55.111 1
55.111 1
55.1112 1
55.1112 1
55.1113 1
55.1114 1
55.1123 1
55.1168 1
55.1168 1
55.1168 1
55.1169 1
55.1172 1
55.1173 1
55.1178 1
55.1183 1
55.1234 1
55.1234 1
55.1234 1
55.1273 1
55.1273 1
55.1273 1
55.128 1
55.1292 1
55.1292 1
55.1323 1
55.1323 1
55.1324 1
55.1346 1
55.1347 1
55.1347 1
55.1348 1
55.1353 1
55.1355 1
55.2217 1
55.2217 1
55.2217 1
55.2217 1
55.2219 1
55.2219 1
55.2223 1
55.2223 1
55.2223 1
55.2224 1
55.2224 1
55.2224 1
55.2224 1
55.2225 1
55.2251 1
55.2251 1
55.2257 1
55.2261 1
55.2261 1
55.2264 1
55.2264 1
55.2264 1
55.2281 1
55.2281 1
55.2281 1
55.2282 1
55.2282 1
55.2291 1
55.2292 1
55.2292 1
55.2294 1
55.2296 1
55.2301 1
55.2301 1
55.2314 1
55.2314 1
55.2314 1
55.2315 1
55.2356 1
55.2357 1
55.2358 1
55.2362 1
55.2362 1
55.2362 1
55.2364 1
55.2364 1
55.237 1
55.2375 1
55.2376 1
55.2376 1
55.2376 1
55.2376 1
55.2377 1
55.2385 1
55.2385 1
55.2385 1
55.2386 1
55.2386 1
55.2386 1
55.2387 1
55.2392 1
55.2393 1
55.2403 1
55.2407 1
55.2407 1
55.2408 1
55.2408 1
55.2422 1
55.2422 1
55.2431 1
55.2431 1
55.2443 1
55.2443 1
55.2444 1
55.2444 1
55.2444 1
55.2478 1
55.2478 1
55.2484 1
55.2486 1
55.2488 1
55.2488 1
55.2489 1
55.2497 1
55.2497 1
55.2498 1
55.2498 1
55.2498 1
55.2498 1
55.2498 1
55.2499 1
55.25 1
55.25 1
55.2501 1
55.2501 1
55.2502 1
55.2526 1
55.2526 1
55.2527 1
55.2527 1
55.2528 1
55.2559 1
55.256 1
55.256 1
55.2561 1
55.2561 1
55.2589 1
55.2589 1
55.2593 1
55.2593 1
55.2593 1
55.2594 1
55.2594 1
55.2594 1
55.2639 1
55.2639 1
55.2639 1
55.2639 1
55.2659 1
55.266 1
55.266 1
55.266 1
55.2663 1
55.2666 1
55.2677 1
55.2677 1
55.2687 1
55.2687 1
55.2704 1
55.2704 1
55.2708 1
55.2708 1
55.271 1
55.2715 1
55.2716 1
55.2716 1
55.2718 1
57.6838 1
57.6957 1
57.6958 1
57.6958 1
57.6958 1
57.6961 1
57.7001 1
57.7091 1
57.7095 1
57.7108 1
57.7108 1
57.7108 1
57.711 1
57.7115 1
57.7115 1
57.7118 1
57.7119 1
57.7119 1
57.7121 1
57.7126 1
57.7131 1
57.7131 1
57.7133 1
57.7146 1
57.7146 1
57.7147 1
57.7147 1
61.041 1
61.041 1
61.041 1
61.0411 1
61.0411 1
61.0445 1
61.0449 1
61.045 1
61.1985 1
61.1986 1
61.1993 1
61.1998 1
61.2 1
61.2 1
61.2 1
61.2 1
61.2001 1
61.2002 1
61.2002 1
61.2007 1
61.2007 1
61.2008 1
61.2008 1
61.201 1
61.2022 1
61.2036 1
61.2036 1
61.2036 1
61.2056 1
61.2059 1
61.2059 1
61.2061 1
61.2061 1
61.2061 1
61.2094 1
61.2102 1
61.2116 1
61.2129 1
61.213 1
61.213 1
61.213 1
61.2131 1
61.2132 1
61.2135 1
61.2135 1
61.2135 1
61.2136 1
61.2136 1
61.2168 1
61.2168 1
61.2172 1
61.2172 1
61.2175 1
61.2176 1
61.2176 1
61.2203 1
61.2204 1
63.0653 1
63.0663 1
63.0663 1
63.0663 1
63.0685 1
63.0686 1
63.0689 1
63.0695 1
63.0695 1
63.0695 1
63.0695 1
63.0695 1
63.0696 1
63.0705 1
63.0705 1
63.0706 1
63.0706 1
63.0717 1
63.0717 1
63.0717 1
63.0717 1
63.0718 1
63.0718 1
63.0719 1
63.0719 1
63.0719 1
63.0719 1
63.0721 1
63.0721 1
63.0726 1
63.0727 1
63.0745 1
63.0746 1
63.0746 1
63.0746 1
63.0746 1
63.0753 1
63.0757 1
63.0758 1
63.0759 1
63.0759 1
63.076 1
63.0761 1
63.0763 1
63.0763 1
63.0763 1
63.0763 1
63.077 1
63.077 1
63.0772 1
63.0773 1
63.0773 1
63.0773 1
63.0773 1
63.0773 1
63.0818 1
63.0818 1
63.0822 1
63.0822 1
63.0823 1
63.0823 1
63.0823 1
65.4391 1
65.4401 1
65.4401 1
65.4405 1
65.4406 1
65.4406 1
65.4407 1
65.4422 1
65.4424 1
65.4425 1
65.4426 1
65.4434 1
65.4484 1
65.4484 1
65.4485 1
65.4493 1
65.4497 1
65.4506 1
65.4507 1
65.462 1
67.0471 1
67.0473 1
67.0473 1
67.0474 1
67.0474 1
67.0481 1
67.0481 1
67.0491 1
67.0492 1
67.0512 1
67.0512 1
67.0512 1
67.0513 1
67.0516 1
67.0516 1
67.0517 1
67.0517 1
67.0521 1
67.0521 1
67.0523 1
67.0524 1
67.0528 1
67.0545 1
67.0555 1
67.0556 1
67.0562 1
67.0577 1
67.0577 1
67.0579 1
67.0579 1
67.0579 1
67.0579 1
67.058 1
67.058 1
67.058 1
67.058 1
67.0609 1
67.0609 1
67.0618 1
67.0618 1
67.0618 1
67.0618 1
67.0618 1
67.0619 1
67.0626 1
67.0627 1
67.0639 1
67.0651 1
67.0651 1
67.0651 1
67.0651 1
67.0665 1
67.067 1
67.0674 1
67.0675 1
67.0676 1
67.0681 1
67.0701 1
67.0701 1
67.0701 1
67.0701 1
67.0706 1
67.0711 1
67.0712 1
67.0712 1
67.0712 1
67.0712 1
67.0739 1
67.0762 1
67.0765 1
67.0765 1
67.0768 1
71.7329 1
71.7329 1
71.7329 1
71.7329 1
71.7329 1
71.7362 1
71.7362 1
71.7372 1
71.7373 1
71.7374 1
71.7374 1
71.7388 1
71.7389 1
71.7396 1
71.7396 1
71.7404 1
71.7404 1
71.7406 1
71.7406 1
71.7408 1
71.7409 1
71.741 1
71.741 1
71.7423 1
71.7472 1
71.7482 1
71.7514 1
71.7514 1
71.7515 1
71.7525 1
71.7526 1
71.7529 1
71.7544 1
71.7552 1
71.7572 1
71.7574 1
71.7574 1
71.7574 1
71.7574 1
71.7576 1
71.7576 1
71.7577 1
71.7598 1
71.7599 1
71.7599 1
71.76 1
71.7609 1
71.761 1
71.761 1
71.762 1
71.7621 1
71.7626 1
71.7626 1
71.7629 1
71.7629 1
71.7629 1
71.7629 1
71.7639 1
71.764 1
71.765 1
71.7659 1
71.7659 1
71.766 1
71.766 1
71.766 1
71.7661 1
71.7661 1
71.7661 1
71.7661 1
71.7661 1
71.7662 1
71.7662 1
71.7662 1
71.7662 1
71.7663 1
71.7663 1
71.7684 1
71.7685 1
71.7696 1
71.7696 1
71.7696 1
71.7696 1
71.7697 1
71.7697 1
71.7698 1
71.772 1
71.772 1
71.772 1
71.7722 1
71.7722 1
71.7723 1
71.7732 1
71.7733 1
71.7734 1
71.7749 1
71.7749 1
71.7749 1
71.775 1
71.7754 1
71.7755 1
71.7758 1
71.7758 1
71.7758 1
71.7769 1
71.7781 1
71.7781 1
71.7781 1
71.7782 1
71.7782 1
71.7783 1
71.7783 1
71.7786 1
71.7787 1
71.7845 1
71.7865 1
71.7871 1
71.7871 1
71.7871 1
71.7871 1
71.7913 1
71.7914 1
71.7914 1
71.7914 1
71.7915 1
71.7915 1
71.7915 1
71.7927 1
71.7927 1
71.793 1
71.793 1
71.7931 1
71.7931 1
71.7932 1
71.7938 1
71.7945 1
71.7946 1
71.7946 1
71.7946 1
71.7947 1
71.7947 1
71.7947 1
71.7949 1
71.7957 1
71.7965 1
71.7967 1
71.7967 1
71.7975 1
71.7978 1
71.798 1
71.7992 1
71.8003 1
71.8003 1
71.8004 1
71.8004 1
71.8007 1
71.8007 1
71.8046 1
71.8046 1
71.8047 1
71.8049 1
71.8049 1
71.8049 1
71.8049 1
71.8061 1
71.8061 1
71.8061 1
71.8065 1
71.8077 1
71.8078 1
71.8078 1
71.8079 1
71.8079 1
71.8112 1
71.8112 1
71.8112 1
71.8113 1
71.8117 1
71.8117 1
71.8118 1
71.8119 1
71.8123 1
71.8123 1
71.8126 1
71.8126 1
71.8127 1
71.8128 1
71.8156 1
71.8158 1
71.8165 1
71.8166 1
71.8167 1
71.8168 1
71.8175 1
71.8175 1
71.8176 1
71.8182 1
71.8182 1
71.8186 1
71.8186 1
71.8187 1
71.8198 1
71.8198 1
71.8198 1
71.8199 1
71.8199 1
71.8199 1
71.8199 1
71.8206 1
71.8213 1
71.8213 1
71.8216 1
71.8218 1
71.8218 1
71.8222 1
71.8226 1
71.8226 1
71.8228 1
71.8229 1
71.8229 1
71.8232 1
71.8241 1
71.8241 1
71.8249 1
71.825 1
71.8253 1
71.8255 1
71.8259 1
71.826 1
71.826 1
71.8301 1
71.8302 1
71.8303 1
71.8303 1
71.8303 1
71.8304 1
71.8304 1
71.8304 1
71.8312 1
71.8312 1
71.8315 1
71.8315 1
71.8315 1
71.833 1
71.833 1
71.833 1
71.8341 1
71.8341 1
71.8341 1
71.8345 1
71.8345 1
71.8346 1
71.8397 1
71.8398 1
71.8398 1
71.8419 1
71.8435 1
71.8435 1
74.0901 1
74.0901 1
74.0925 1
74.0935 1
74.0935 1
74.0935 1
74.0935 1
74.0935 1
74.0935 1
74.0956 1
74.0956 1
74.0957 1
74.0963 1
74.0963 1
74.0974 1
74.0974 1
74.0978 1
74.0978 1
74.0979 1
74.0979 1
74.0979 1
74.0989 1
74.0989 1
74.0992 1
74.0996 1
74.0997 1
74.0998 1
74.0999 1
74.0999 1
74.0999 1
74.1 1
74.1 1
74.1008 1
74.1008 1
74.1012 1
74.1012 1
74.1014 1
74.1022 1
74.1023 1
74.1029 1
74.103 1
74.104 1
74.104 1
74.104 1
74.104 1
74.1051 1
74.1051 1
74.1089 1
74.1089 1
74.1089 1
74.1089 1
74.1093 1
74.1093 1
74.1094 1
74.1094 1
74.11 1
74.11 1
74.11 1
74.1112 1
74.1113 1
74.1113 1
74.1113 1
74.1114 1
74.1114 1
74.1114 1
74.1128 1
74.1132 1
74.1133 1
74.1157 1
74.1346 1
74.1347 1
74.1349 1
74.135 1
74.135 1
74.1357 1
74.1388 1
74.1389 1
74.1398 1
74.1398 1
74.1447 1
74.1451 1
74.1451 1
74.1543 1
74.1543 1
74.1544 1
74.1544 1
74.1544 1
74.1558 1
74.1568 1
74.1659 1
74.1801 1
74.1801 1
74.181 1
74.181 1
74.181 1
74.181 1
74.181 1
74.181 1
74.1895 1
74.1896 1
74.1899 1
74.1899 1
74.1964 1
74.236 1
74.2361 1
74.2372 1
74.2373 1
74.2374 1
74.2374 1
74.2374 1
74.2374 1
74.2377 1
74.238 1
74.2381 1
74.2381 1
74.2401 1
74.2401 1
74.2415 1
74.2416 1
74.2417 1
74.2417 1
74.2417 1
74.2417 1
74.2417 1
74.2418 1
74.2418 1
74.2425 1
74.2429 1
74.243 1
74.2437 1
74.244 1
74.244 1
74.2488 1
74.2489 1
74.2489 1
74.2489 1
74.2489 1
74.249 1
74.2491 1
79.9292 1
79.9292 1
79.9292 1
79.9292 1
79.9292 1
79.9293 1
79.9294 1
79.9295 1
79.9308 1
79.9312 1
79.9313 1
79.9313 1
79.9314 1
79.9314 1
79.9314 1
79.9314 1
79.9315 1
79.9315 1
79.9315 1
79.9315 1
80.0639 1
80.0639 1
80.0644 1
80.0644 1
80.0645 1
80.0648 1
80.0648 1
80.0682 1
80.0689 1
80.0692 1
80.0692 1
80.0692 1
80.0713 1
80.0714 1
80.0714 1
80.0714 1
80.0716 1
80.0717 1
80.0717 1
80.0718 1
80.076 1
80.0762 1
80.0762 1
80.0762 1
80.0762 1
80.0773 1
80.0783 1
80.0786 1
80.0786 1
80.0786 1
80.0786 1
80.0787 1
81.3114 1
81.3122 1
81.3123 1
81.3129 1
81.313 1
81.3131 1
81.3143 1
81.3143 1
81.3143 1
81.3143 1
81.315 1
81.315 1
81.315 1
81.315 1
81.3151 1
81.3154 1
81.3159 1
81.316 1
81.316 1
81.3161 1
81.3171 1
81.3177 1
81.3177 1
81.3181 1
81.3183 1
81.3183 1
81.3184 1
81.3185 1
81.3186 1
81.3187 1
81.3187 1
81.3194 1
81.3194 1
81.3195 1
81.3195 1
81.3196 1
81.3197 1
81.3197 1
81.3197 1
81.3198 1
81.3198 1
81.3202 1
81.3212 1
81.3213 1
81.3213 1
81.3214 1
81.3215 1
81.324 1
81.324 1
81.324 1
81.324 1
81.3254 1
81.3254 1
81.3254 1
81.3255 1
81.3255 1
81.3256 1
81.3257 1
81.3258 1
81.3269 1
81.3269 1
81.3269 1
81.3269 1
81.327 1
81.3271 1
81.3662 1
81.3662 1
81.3664 1
81.3665 1
81.3671 1
81.3679 1
81.368 1
81.3681 1
81.3681 1
81.3681 1
81.4553 1
81.4553 1
81.4564 1
81.4565 1
81.4565 1
81.458 1
81.4585 1
81.4629 1
81.4629 1
81.4629 1
81.4632 1
81.4639 1
81.4639 1
81.464 1
81.464 1
81.4644 1
81.4644 1
81.4644 1
81.4645 1
81.4645 1
81.4646 1
81.4667 1
81.4667 1
81.4667 1
81.4711 1
86.0699 1
86.07 1
86.07 1
86.0707 1
86.0707 1
86.0708 1
86.0708 1
86.0708 1
86.0708 1
86.0709 1
86.0709 1
86.0709 1
86.072 1
86.0721 1
86.0721 1
86.0721 1
86.0722 1
86.075 1
86.0754 1
86.0754 1
86.0754 1
86.0757 1
86.0758 1
86.076 1
86.0767 1
86.077 1
86.0771 1
86.0775 1
86.0783 1
87.6146 1
87.6146 1
87.6147 1
87.6149 1
87.6149 1
87.615 1
87.6159 1
87.6159 1
87.616 1
87.616 1
87.6161 1
87.617 1
87.617 1
87.618 1
87.6182 1
87.6183 1
87.6185 1
87.6199 1
87.6199 1
87.62 1
87.62 1
87.6201 1
87.6201 1
87.6203 1
87.6219 1
87.6219 1
87.622 1
87.6278 1
87.6279 1
87.6288 1
87.6288 1
87.6288 1
87.6308 1
87.6309 1
87.6312 1
87.6313 1
87.6313 1
87.6313 1
87.6313 1
87.6314 1
87.6314 1
87.6339 1
87.634 1
87.634 1
87.634 1
87.635 1
87.7348 1
87.7349 1
87.7351 1
87.7351 1
87.7351 1
87.7356 1
87.7358 1
87.736 1
87.7361 1
87.7361 1
87.739 1
87.739 1
87.7391 1
87.7393 1
87.7393 1
87.7398 1
87.7409 1
87.7409 1
87.7416 1
87.7419 1
87.7431 1
87.7433 1
87.7434 1
87.7446 1
87.7454 1
87.7455 1
87.7464 1
87.7465 1
87.7465 1
87.7465 1
87.7468 1
87.7468 1
87.7469 1
87.7472 1
87.7472 1
87.7472 1
87.7472 1
87.7472 1
87.7478 1
87.7478 1
87.7478 1
87.7479 1
87.748 1
87.748 1
87.7483 1
87.7507 1
87.7507 1
87.7507 1
87.7508 1
87.7508 1
87.7522 1
87.7522 1
87.7531 1
87.7531 1
87.7531 1
87.7531 1
87.7532 1
87.7533 1
87.7533 1
87.7535 1
87.7582 1
87.7582 1
87.7582 1
89.7222 1
89.7224 1
89.7225 1
89.7229 1
89.7232 1
89.7232 1
89.7232 1
89.7233 1
89.7233 1
89.7237 1
89.7237 1
89.7238 1
90.7504 1
90.7504 1
90.751 1
90.7516 1
90.7517 1
90.7517 1
90.7517 1
90.7517 1
90.7518 1
90.7522 1
90.7527 1
90.7527 1
90.7527 1
90.7528 1
90.7528 1
90.7528 1
90.753 1
90.7538 1
90.7538 1
90.7538 1
90.754 1
90.754 1
90.754 1
90.754 1
90.7541 1
90.7551 1
90.7552 1
90.7562 1
90.7563 1
90.7563 1
90.7563 1
90.7566 1
90.7566 1
90.7582 1
90.7587 1
90.7587 1
90.7587 1
90.7587 1
90.759 1
90.7591 1
90.7598 1
90.7598 1
90.7599 1
90.7609 1
90.7609 1
90.7617 1
90.7618 1
90.7623 1
90.7628 1
90.7628 1
90.7628 1
90.7629 1
90.7637 1
90.7638 1
90.7647 1
90.7648 1
90.7648 1
90.7658 1
90.7779 1
90.778 1
90.7782 1
90.779 1
90.779 1
90.7792 1
90.7835 1
90.7837 1
90.7842 1
90.7844 1
90.7844 1
90.7844 1
90.7863 1
90.7908 1
90.7918 1
90.7919 1
90.792 1
90.793 1
90.7942 1
90.7944 1
90.7951 1
90.7957 1
90.7958 1
90.7959 1
90.7959 1
90.7959 1
90.796 1
90.7961 1
90.7961 1
90.7962 1
90.7964 1
90.7968 1
90.7969 1
90.7969 1
90.797 1
90.7971 1
90.7982 1
90.7989 1
90.7989 1
90.7989 1
90.799 1
90.7992 1
90.8031 1
95.1837 1
95.1842 1
95.1842 1
95.1864 1
95.1865 1
95.1865 1
95.1866 1
95.1866 1
95.1909 1
95.1909 1
95.1911 1
95.193 1
95.3134 1
95.3159 1
95.3213 1
95.3213 1
95.3216 1
95.3216 1
95.3216 1
95.3216 1
95.3217 1
95.3225 1
95.3225 1
95.3225 1
95.3226 1
95.3227 1
95.3227 1
95.3244 1
95.3245 1
95.3245 1
95.3246 1
95.3247 1
95.326 1
95.3267 1
95.3267 1
95.3268 1
95.3269 1
95.3269 1
95.3269 1
95.3275 1
95.3276 1
95.3276 1
95.3276 1
95.3294 1
95.3295 1
95.3295 1
95.3295 1
95.3295 1
95.3296 1
95.33 1
95.3304 1
95.3315 1
95.3317 1
95.3318 1
95.3318 1
95.3319 1
95.3319 1
95.3319 1
95.3321 1
95.3321 1
95.3321 1
95.3321 1
95.3321 1
95.3322 1
95.3322 1
95.3343 1
95.3343 1
95.3344 1
95.3345 1
95.3347 1
95.3365 1
95.3396 1
95.3446 1
95.3446 1
95.3851 1
95.3851 1
95.3851 1
95.3859 1
95.3859 1
95.3869 1
95.3871 1
95.3994 1
95.3994 1
95.3995 1
95.402 1
95.4036 1
95.4036 1
95.404 1
95.4046 1
95.4057 1
95.4057 1
95.406 1
95.4066 1
95.4066 1
95.4067 1
95.4067 1
97.2156 1
97.2156 1
97.2168 1
97.2168 1
97.2168 1
97.2168 1
97.2168 1
97.2168 1
97.2232 1
97.2232 1
97.2244 1
97.3422 1
97.3427 1
97.3433 1
97.3433 1
97.3433 1
97.3434 1
97.3435 1
97.3443 1
97.3443 1
97.3443 1
97.3443 1
97.3443 1
97.3453 1
97.3461 1
97.3462 1
97.3462 1
97.3462 1
97.3462 1
97.3474 1
97.348 1
97.3483 1
97.349 1
97.349 1
97.3492 1
97.3493 1
97.3514 1
97.3518 1
97.3519 1
97.3519 1
97.352 1
97.352 1
97.352 1
97.3805 1
97.3805 1
97.3805 1
97.3805 1
97.3805 1
97.3806 1
97.3806 1
97.3807 1
97.3815 1
97.3815 1
97.3816 1
97.3817 1
97.3817 1
97.3817 1
97.3818 1
97.3826 1
97.3826 1
97.3827 1
97.3827 1
97.3829 1
97.3829 1
97.3833 1
97.3833 1
97.3836 1
97.3837 1
97.3837 1
97.3838 1
97.3843 1
97.3856 1
97.3856 1
97.3857 1
97.3857 1
97.3858 1
97.3858 1
97.3858 1
100.175 1
100.175 1
100.175 1
100.175 1
100.176 1
100.176 1
100.176 1
100.177 1
100.177 1
100.177 1
100.177 1
100.177 1
100.218 1
100.219 1
100.219 1
100.221 1
100.226 1
102.46 1
102.46 1
102.46 1
102.46 1
102.461 1
102.461 1
102.461 1
102.461 1
102.461 1
102.462 1
102.462 1
102.462 1
102.462 1
102.462 1
102.463 1
102.463 1
102.463 1
102.463 1
102.463 1
102.464 1
102.464 1
102.464 1
102.464 1
102.464 1
102.464 1
102.465 1
102.465 1
102.465 1
102.465 1
102.465 1
102.466 1
102.466 1
102.466 1
102.466 1
102.467 1
102.467 1
102.467 1
102.467 1
102.467 1
102.468 1
102.468 1
102.469 1
102.469 1
102.487 1
102.487 1
102.487 1
102.487 1
102.488 1
102.488 1
102.488 1
102.488 1
102.488 1
102.489 1
102.489 1
102.489 1
102.489 1
102.489 1
102.489 1
102.489 1
102.499 1
102.499 1
102.501 1
102.501 1
102.501 1
102.501 1
102.501 1
102.502 1
102.502 1
102.502 1
102.502 1
102.502 1
102.503 1
102.504 1
102.504 1
102.505 1
102.505 1
102.505 1
102.505 1
102.505 1
102.505 1
102.505 1
102.505 1
102.505 1
102.506 1
102.506 1
102.506 1
102.508 1
102.51 1
102.513 1
102.513 1
102.513 1
102.52 1
102.521 1
102.522 1
102.522 1
102.522 1
102.522 1
102.522 1
102.522 1
102.522 1
102.522 1
102.527 1
102.528 1
102.528 1
102.528 1
102.528 1
102.528 1
102.528 1
102.529 1
102.53 1
102.53 1
102.53 1
102.53 1
102.53 1
102.53 1
102.53 1
102.53 1
102.531 1
102.531 1
102.531 1
102.532 1
102.532 1
102.532 1
102.532 1
102.532 1
102.532 1
102.533 1
102.533 1
102.534 1
102.534 1
102.534 1
102.534 1
102.534 1
102.534 1
102.534 1
102.536 1
102.537 1
102.537 1
102.537 1
102.537 1
102.537 1
102.54 1
102.543 1
102.543 1
102.543 1
102.543 1
102.545 1
102.551 1
102.555 1
102.555 1
102.555 1
102.555 1
102.56 1
102.56 1
102.56 1
102.56 1
102.56 1
102.563 1
102.563 1
102.564 1
102.564 1
102.564 1
102.564 1
102.565 1
102.565 1
102.565 1
102.565 1
102.567 1
102.567 1
102.568 1
102.568 1
102.568 1
102.568 1
104.901 1
104.901 1
104.903 1
104.904 1
104.904 1
104.905 1
104.905 1
104.905 1
104.905 1
104.906 1
104.906 1
104.907 1
104.907 1
104.907 1
104.907 1
104.907 1
104.907 1
104.907 1
104.907 1
104.908 1
104.908 1
104.908 1
104.908 1
104.911 1
104.911 1
104.911 1
104.912 1
104.912 1
104.912 1
104.912 1
104.912 1
104.913 1
104.913 1
104.913 1
104.913 1
104.913 1
104.914 1
104.914 1
104.914 1
104.914 1
104.914 1
104.915 1
104.915 1
108.734 1
108.735 1
108.735 1
108.735 1
108.735 1
108.735 1
108.736 1
108.736 1
108.736 1
108.736 1
108.737 1
108.739 1
108.742 1
108.742 1
108.742 1
108.742 1
108.742 1
108.742 1
108.742 1
108.742 1
108.763 1
108.771 1
108.771 1
108.771 1
108.772 1
108.772 1
108.772 1
108.772 1
108.772 1
108.772 1
108.772 1
108.772 1
108.775 1
108.775 1
108.776 1
108.788 1
108.788 1
108.791 1
108.791 1
108.791 1
108.791 1
110.345 1
110.345 1
110.345 1
110.345 1
110.347 1
110.347 1
110.347 1
110.347 1
110.347 1
110.348 1
110.348 1
110.348 1
110.348 1
110.349 1
110.349 1
110.349 1
110.35 1
110.35 1
110.35 1
110.35 1
110.35 1
110.352 1
110.353 1
110.353 1
110.353 1
110.353 1
110.353 1
110.353 1
110.354 1
110.354 1
110.354 1
110.354 1
110.354 1
110.354 1
110.355 1
110.355 1
110.356 1
110.356 1
110.356 1
110.358 1
110.359 1
110.359 1
110.359 1
110.359 1
110.359 1
110.359 1
110.359 1
110.359 1
110.359 1
110.36 1
110.36 1
110.361 1
110.361 1
110.361 1
110.361 1
110.361 1
110.361 1
111.889 1
111.89 1
111.89 1
111.89 1
111.89 1
111.89 1
111.89 1
111.89 1
111.891 1
111.917 1
111.917 1
111.917 1
111.917 1
111.917 1
111.918 1
111.918 1
111.918 1
111.918 1
111.918 1
111.918 1
111.918 1
111.918 1
111.919 1
111.919 1
111.919 1
111.921 1
111.921 1
111.921 1
111.921 1
111.921 1
111.921 1
111.922 1
111.922 1
111.922 1
111.922 1
111.922 1
111.922 1
111.923 1
111.923 1
111.923 1
111.923 1
111.924 1
111.924 1
111.924 1
111.925 1
111.925 1
111.927 1
111.927 1
111.927 1
111.927 1
111.927 1
111.927 1
111.927 1
111.927 1
111.927 1
111.927 1
111.927 1
111.927 1
111.928 1
111.928 1
111.928 1
111.928 1
111.928 1
111.928 1
111.929 1
111.93 1
111.93 1
111.93 1
111.93 1
111.931 1
111.931 1
111.931 1
111.931 1
111.931 1
111.931 1
111.931 1
111.932 1
111.933 1
111.936 1
111.937 1
111.937 1
111.937 1
111.937 1
111.937 1
111.937 1
111.937 1
111.937 1
111.937 1
111.939 1
111.939 1
111.939 1
111.939 1
111.939 1
111.939 1
111.94 1
111.94 1
111.94 1
111.94 1
111.94 1
111.941 1
111.941 1
111.941 1
111.941 1
111.941 1
111.941 1
111.941 1
111.941 1
111.942 1
111.942 1
111.942 1
111.942 1
111.942 1
111.942 1
111.942 1
111.942 1
111.942 1
111.943 1
111.944 1
111.944 1
111.944 1
111.944 1
111.944 1
111.944 1
111.944 1
111.944 1
111.944 1
111.945 1
111.945 1
111.947 1
111.947 1
111.947 1
111.947 1
111.947 1
111.948 1
111.948 1
111.948 1
111.948 1
111.949 1
111.949 1
111.949 1
111.95 1
111.95 1
111.951 1
111.951 1
111.952 1
111.952 1
111.952 1
111.952 1
111.952 1
111.952 1
111.952 1
111.952 1
111.953 1
111.954 1
111.954 1
111.954 1
111.955 1
111.955 1
111.955 1
111.955 1
111.955 1
111.956 1
111.957 1
111.957 1
111.957 1
111.957 1
111.957 1
111.957 1
111.957 1
111.957 1
111.957 1
111.958 1
111.958 1
111.958 1
111.959 1
111.959 1
111.959 1
111.959 1
111.959 1
111.959 1
111.962 1
111.962 1
111.962 1
111.963 1
111.963 1
111.963 1
111.963 1
111.963 1
111.963 1
111.976 1
111.976 1
111.976 1
111.976 1
114.288 1
114.288 1
114.288 1
114.29 1
114.29 1
114.291 1
114.291 1
114.291 1
114.291 1
114.292 1
114.292 1
114.292 1
114.292 1
114.297 1
114.297 1
114.297 1
114.323 1
114.324 1
114.324 1
114.324 1
114.324 1
114.324 1
114.324 1
114.324 1
114.324 1
114.325 1
114.325 1
114.325 1
114.326 1
114.326 1
114.326 1
114.326 1
114.326 1
114.326 1
114.326 1
114.327 1
114.327 1
114.327 1
114.327 1
114.327 1
114.327 1
114.327 1
114.327 1
114.328 1
114.328 1
114.328 1
114.328 1
114.329 1
114.329 1
114.329 1
114.329 1
114.329 1
114.33 1
114.331 1
114.331 1
114.331 1
114.332 1
114.332 1
114.333 1
114.333 1
114.334 1
114.334 1
114.334 1
114.334 1
114.334 1
114.335 1
114.335 1
114.335 1
114.335 1
114.335 1
114.336 1
114.336 1
114.336 1
114.338 1
114.338 1
114.338 1
119.492 1
119.492 1
119.495 1
119.495 1
119.495 1
119.495 1
119.652 1
119.652 1
119.652 1
119.652 1
119.653 1
119.661 1
119.7 1
119.7 1
119.7 1
119.701 1
119.701 1
119.701 1
119.701 1
119.701 1
119.701 1
119.702 1
119.702 1
119.702 1
119.703 1
119.704 1
119.705 1
119.707 1
119.728 1
120.842 1
120.842 1
120.842 1
120.842 1
120.842 1
120.843 1
120.843 1
120.843 1
120.843 1
120.843 1
120.843 1
120.843 1
120.843 1
120.844 1
120.844 1
120.844 1
120.844 1
120.844 1
120.846 1
120.846 1
120.846 1
120.846 1
120.846 1
120.847 1
120.848 1
120.848 1
120.848 1
120.848 1
120.849 1
120.849 1
120.849 1
120.849 1
120.85 1
120.85 1
120.85 1
120.85 1
120.85 1
120.85 1
120.85 1
120.851 1
120.851 1
120.851 1
120.852 1
120.852 1
120.852 1
120.852 1
120.858 1
122.307 1
122.309 1
122.309 1
122.31 1
122.31 1
122.31 1
122.31 1
122.31 1
122.312 1
122.312 1
122.313 1
122.313 1
122.313 1
122.313 1
122.314 1
122.314 1
122.314 1
122.317 1
122.317 1
122.317 1
122.317 1
122.317 1
122.317 1
122.318 1
122.318 1
122.318 1
122.319 1
122.319 1
122.321 1
122.321 1
122.321 1
122.321 1
122.321 1
122.324 1
122.327 1
122.328 1
122.328 1
122.328 1
122.328 1
122.329 1
122.329 1
122.329 1
122.329 1
122.329 1
122.335 1
122.335 1
122.335 1
122.336 1
122.336 1
122.457 1
122.457 1
122.458 1
122.458 1
122.458 1
122.458 1
122.458 1
122.458 1
122.459 1
122.459 1
122.459 1
122.459 1
122.459 1
122.459 1
122.459 1
122.459 1
122.459 1
122.46 1
122.46 1
122.46 1
122.461 1
122.461 1
122.462 1
122.462 1
122.463 1
122.463 1
122.463 1
122.466 1
122.466 1
126.028 1
126.028 1
126.028 1
126.029 1
126.03 1
126.03 1
126.03 1
126.031 1
126.031 1
126.031 1
126.031 1
126.031 1
126.031 1
126.031 1
126.032 1
126.034 1
126.034 1
126.034 1
126.034 1
126.034 1
126.035 1
126.035 1
126.035 1
126.035 1
126.048 1
126.048 1
126.05 1
126.05 1
126.05 1
126.05 1
126.05 1
126.065 1
126.065 1
126.065 1
126.065 1
126.066 1
126.066 1
126.067 1
126.07 1
126.07 1
126.07 1
126.07 1
126.118 1
126.118 1
126.118 1
126.12 1
126.121 1
126.121 1
126.121 1
126.121 1
126.121 1
126.121 1
126.121 1
126.123 1
126.124 1
126.124 1
126.125 1
126.125 1
126.125 1
126.128 1
126.13 1
126.13 1
126.13 1
126.13 1
126.131 1
126.131 1
126.132 1
126.132 1
126.132 1
126.132 1
126.132 1
126.133 1
126.133 1
126.133 1
126.135 1
126.137 1
126.137 1
126.139 1
126.139 1
126.141 1
126.141 1
126.142 1
126.142 1
126.144 1
126.144 1
126.144 1
126.144 1
126.144 1
126.144 1
126.144 1
126.148 1
128.442 1
128.442 1
128.443 1
128.445 1
128.446 1
128.447 1
128.447 1
128.447 1
128.447 1
128.447 1
128.447 1
128.447 1
128.447 1
128.447 1
128.447 1
128.46 1
128.46 1
128.461 1
128.461 1
128.461 1
128.461 1
128.462 1
128.462 1
128.462 1
128.462 1
128.462 1
128.462 1
128.462 1
128.464 1
128.464 1
128.464 1
128.464 1
128.467 1
128.467 1
128.467 1
128.467 1
130.763 1
130.764 1
130.764 1
130.764 1
130.764 1
130.766 1
130.766 1
130.767 1
130.767 1
130.767 1
130.767 1
130.768 1
130.768 1
130.768 1
130.768 1
130.768 1
130.768 1
130.768 1
130.77 1
130.772 1
132.659 1
132.659 1
132.659 1
132.659 1
132.659 1
132.659 1
132.659 1
132.659 1
132.659 1
132.66 1
132.66 1
132.66 1
132.66 1
132.66 1
132.66 1
132.66 1
132.661 1
132.661 1
132.661 1
132.662 1
132.662 1
132.662 1
132.663 1
132.663 1
132.663 1
132.663 1
132.664 1
132.664 1
132.664 1
132.664 1
132.664 1
132.666 1
132.666 1
132.666 1
132.666 1
132.666 1
132.666 1
132.667 1
132.667 1
132.667 1
132.667 1
132.667 1
132.667 1
132.668 1
132.668 1
132.668 1
132.668 1
132.668 1
132.668 1
132.669 1
132.669 1
132.67 1
132.67 1
132.67 1
132.67 1
132.671 1
132.671 1
132.671 1
132.671 1
132.675 1
132.675 1
132.675 1
132.675 1
132.677 1
132.677 1
132.677 1
132.677 1
132.677 1
132.678 1
132.678 1
132.678 1
132.678 1
132.68 1
132.68 1
132.68 1
132.681 1
132.681 1
132.681 1
132.684 1
132.684 1
132.684 1
132.684 1
132.685 1
132.685 1
132.685 1
132.687 1
132.689 1
132.69 1
132.69 1
132.69 1
134.724 1
134.725 1
134.725 1
134.726 1
134.726 1
134.727 1
134.727 1
134.727 1
134.727 1
134.727 1
134.727 1
134.727 1
134.727 1
134.748 1
134.748 1
134.748 1
134.749 1
134.749 1
134.752 1
134.752 1
134.752 1
134.752 1
134.752 1
134.804 1
134.805 1
134.805 1
134.805 1
134.805 1
134.805 1
134.805 1
134.805 1
134.807 1
134.807 1
134.824 1
134.824 1
134.824 1
134.824 1
134.824 1
134.824 1
134.829 1
134.829 1
134.829 1
134.829 1
134.829 1
134.829 1
137.857 1
137.857 1
137.857 1
137.858 1
137.858 1
137.858 1
137.859 1
137.87 1
137.87 1
137.871 1
137.871 1
137.871 1
137.871 1
137.922 1
137.922 1
137.922 1
137.923 1
137.923 1
137.923 1
137.923 1
137.924 1
137.924 1
137.924 1
137.924 1
137.924 1
137.924 1
137.925 1
137.925 1
137.925 1
137.926 1
137.926 1
137.927 1
137.927 1
137.927 1
137.927 1
137.928 1
137.928 1
137.928 1
137.929 1
137.929 1
137.93 1
137.93 1
137.93 1
137.93 1
137.93 1
137.93 1
137.931 1
137.931 1
137.931 1
137.931 1
137.931 1
137.931 1
137.937 1
137.937 1
137.937 1
137.938 1
137.94 1
137.94 1
137.94 1
137.95 1
137.951 1
137.951 1
137.951 1
137.955 1
140.253 1
140.253 1
140.253 1
140.254 1
140.254 1
140.255 1
140.255 1
140.255 1
140.255 1
140.255 1
140.255 1
140.255 1
140.256 1
140.256 1
140.256 1
140.256 1
140.256 1
140.256 1
140.256 1
140.257 1
140.257 1
140.257 1
140.257 1
140.257 1
140.257 1
140.257 1
140.257 1
140.257 1
140.257 1
140.257 1
140.257 1
140.257 1
140.257 1
140.257 1
140.258 1
140.258 1
140.258 1
140.259 1
140.259 1
140.26 1
140.26 1
140.404 1
140.415 1
140.415 1
140.415 1
140.416 1
140.416 1
140.416 1
140.416 1
140.416 1
140.416 1
142.619 1
142.619 1
142.619 1
142.619 1
142.62 1
142.62 1
142.62 1
142.62 1
142.625 1
142.625 1
142.625 1
142.625 1
142.626 1
142.626 1
142.627 1
142.628 1
142.628 1
142.63 1
142.63 1
142.63 1
142.63 1
142.63 1
142.63 1
142.632 1
142.632 1
142.634 1
142.634 1
142.634 1
142.634 1
142.634 1
142.636 1
142.637 1
142.637 1
142.637 1
142.637 1
142.637 1
142.639 1
142.644 1
142.644 1
142.644 1
142.644 1
142.649 1
142.649 1
142.649 1
142.649 1
145.577 1
145.577 1
145.577 1
145.577 1
145.577 1
145.579 1
145.579 1
145.579 1
145.579 1
145.579 1
145.579 1
145.579 1
145.58 1
145.582 1
145.582 1
145.586 1
145.586 1
145.588 1
145.588 1
145.588 1
145.588 1
145.6 1
145.6 1
145.6 1
145.6 1
145.6 1
145.607 1
145.607 1
145.607 1
147.271 1
147.271 1
147.271 1
147.271 1
147.271 1
147.271 1
147.272 1
147.272 1
147.272 1
147.272 1
147.313 1
147.313 1
147.313 1
147.314 1
147.314 1
147.314 1
147.315 1
147.315 1
147.315 1
147.315 1
147.315 1
147.315 1
147.315 1
147.315 1
147.319 1
147.319 1
147.319 1
147.319 1
147.32 1
147.333 1
147.345 1
147.345 1
147.346 1
147.346 1
147.347 1
147.347 1
147.347 1
147.347 1
147.348 1
147.348 1
147.348 1
147.348 1
147.348 1
147.348 1
147.348 1
147.349 1
147.349 1
147.349 1
147.349 1
147.349 1
147.349 1
147.349 1
147.35 1
147.35 1
147.35 1
147.35 1
147.351 1
147.351 1
147.351 1
147.351 1
147.351 1
147.351 1
147.352 1
147.354 1
147.354 1
147.358 1
147.363 1
147.364 1
147.364 1
147.364 1
147.364 1
147.364 1
147.364 1
147.364 1
147.364 1
147.364 1
147.364 1
147.374 1
147.374 1
147.374 1
147.374 1
147.374 1
147.414 1
147.414 1
147.414 1
147.414 1
147.414 1
147.414 1
147.416 1
147.416 1
147.416 1
147.418 1
147.418 1
147.418 1
147.422 1
147.422 1
147.422 1
147.422 1
147.422 1
147.423 1
147.423 1
147.423 1
147.423 1
147.423 1
147.424 1
147.424 1
147.424 1
147.424 1
147.424 1
147.425 1
147.425 1
147.426 1
147.426 1
147.426 1
147.427 1
147.427 1
147.427 1
147.427 1
147.427 1
147.427 1
147.427 1
147.427 1
147.427 1
147.427 1
147.428 1
147.428 1
147.428 1
147.428 1
147.428 1
147.428 1
147.428 1
147.428 1
147.428 1
147.428 1
147.429 1
147.429 1
147.429 1
147.429 1
147.429 1
147.429 1
147.429 1
147.429 1
147.429 1
147.429 1
147.429 1
147.43 1
152.845 1
152.849 1
152.984 1
152.984 1
152.987 1
152.987 1
152.988 1
152.988 1
152.988 1
152.99 1
152.99 1
152.99 1
152.99 1
152.991 1
152.991 1
152.991 1
152.991 1
152.992 1
152.992 1
152.992 1
152.992 1
152.992 1
152.992 1
152.993 1
152.993 1
152.993 1
152.994 1
152.994 1
152.994 1
152.996 1
153.003 1
153.103 1
153.103 1
153.104 1
153.104 1
153.104 1
153.105 1
153.105 1
153.105 1
153.105 1
153.105 1
153.105 1
153.105 1
153.105 1
153.105 1
154.371 1
154.371 1
154.371 1
154.371 1
154.372 1
154.372 1
154.372 1
154.372 1
154.373 1
154.373 1
154.373 1
154.373 1
154.373 1
154.373 1
154.373 1
154.373 1
154.373 1
154.373 1
154.373 1
154.373 1
154.373 1
154.374 1
154.374 1
154.374 1
154.374 1
154.374 1
154.374 1
154.374 1
154.374 1
154.375 1
154.375 1
154.375 1
154.375 1
154.375 1
154.375 1
154.375 1
154.375 1
154.376 1
154.376 1
154.376 1
154.376 1
154.376 1
154.376 1
154.376 1
154.377 1
154.377 1
154.377 1
154.377 1
154.377 1
154.377 1
154.377 1
154.377 1
154.377 1
154.377 1
154.377 1
154.377 1
154.378 1
154.378 1
154.378 1
154.378 1
154.378 1
154.378 1
154.378 1
154.379 1
154.379 1
154.379 1
154.379 1
154.379 1
154.379 1
154.379 1
154.379 1
154.38 1
154.381 1
154.382 1
154.383 1
154.383 1
154.383 1
154.383 1
154.383 1
154.383 1
154.384 1
154.384 1
154.384 1
154.385 1
154.385 1
154.385 1
154.39 1
154.39 1
154.391 1
154.392 1
154.392 1
154.393 1
154.393 1
154.393 1
154.393 1
154.393 1
154.393 1
154.393 1
154.394 1
154.394 1
154.394 1
154.394 1
154.394 1
154.394 1
154.395 1
154.395 1
154.395 1
154.396 1
154.396 1
154.396 1
154.396 1
154.397 1
154.397 1
154.397 1
154.397 1
154.398 1
154.399 1
154.399 1
154.399 1
154.399 1
154.4 1
154.4 1
154.4 1
154.402 1
154.402 1
154.402 1
154.402 1
154.402 1
154.402 1
154.402 1
154.402 1
154.402 1
154.402 1
154.402 1
154.403 1
154.403 1
154.403 1
154.403 1
154.403 1
154.404 1
154.405 1
154.405 1
154.405 1
154.405 1
154.405 1
154.406 1
154.408 1
154.408 1
154.409 1
154.409 1
154.41 1
154.41 1
154.41 1
154.41 1
154.41 1
154.411 1
154.411 1
154.411 1
154.412 1
154.412 1
154.412 1
154.412 1
154.412 1
154.412 1
154.413 1
154.413 1
154.413 1
154.416 1
154.416 1
154.417 1
154.417 1
154.417 1
154.417 1
154.418 1
154.418 1
154.418 1
154.418 1
154.42 1
154.421 1
154.423 1
154.433 1
154.433 1
154.435 1
154.435 1
154.435 1
154.435 1
154.436 1
154.436 1
154.437 1
154.437 1
154.439 1
154.439 1
154.439 1
154.439 1
154.44 1
154.442 1
154.442 1
159.829 1
159.829 1
159.83 1
159.831 1
159.831 1
159.833 1
159.833 1
159.833 1
159.834 1
159.835 1
159.835 1
159.835 1
159.835 1
159.836 1
159.836 1
159.836 1
159.844 1
159.912 1
159.912 1
159.912 1
159.912 1
159.918 1
159.918 1
159.918 1
159.919 1
159.919 1
159.919 1
159.919 1
159.92 1
159.921 1
159.921 1
159.922 1
159.977 1
159.977 1
159.977 1
159.977 1
159.977 1
159.977 1
159.977 1
159.977 1
159.984 1
159.984 1
159.988 1
159.988 1
159.988 1
159.989 1
159.989 1
159.989 1
159.989 1
161.458 1
161.458 1
161.46 1
161.462 1
161.462 1
161.462 1
161.462 1
161.463 1
161.463 1
161.463 1
161.464 1
161.464 1
161.464 1
161.464 1
161.464 1
161.464 1
161.464 1
161.464 1
161.464 1
161.465 1
161.465 1
161.465 1
161.465 1
161.465 1
161.465 1
161.465 1
161.465 1
161.465 1
161.465 1
161.465 1
161.467 1
161.467 1
161.467 1
161.467 1
161.467 1
161.467 1
161.467 1
161.467 1
161.468 1
161.468 1
161.468 1
161.468 1
161.468 1
161.468 1
161.47 1
161.47 1
161.47 1
161.47 1
161.47 1
161.47 1
161.471 1
161.471 1
161.471 1
161.472 1
161.473 1
161.474 1
161.474 1
161.474 1
161.474 1
161.474 1
161.475 1
161.475 1
161.475 1
161.476 1
161.476 1
161.476 1
161.476 1
161.476 1
161.476 1
161.477 1
161.477 1
161.478 1
161.478 1
161.478 1
161.478 1
161.478 1
161.48 1
161.48 1
161.481 1
161.482 1
161.482 1
161.484 1
161.484 1
161.484 1
161.484 1
161.484 1
161.484 1
161.484 1
161.484 1
161.484 1
161.484 1
161.485 1
161.485 1
161.485 1
161.485 1
161.485 1
161.486 1
161.486 1
161.49 1
161.49 1
161.49 1
161.49 1
161.492 1
161.492 1
161.493 1
161.493 1
161.493 1
161.493 1
161.493 1
161.495 1
161.495 1
161.495 1
161.499 1
161.577 1
161.577 1
161.577 1
161.577 1
161.577 1
161.577 1
161.578 1
161.578 1
161.578 1
161.581 1
161.581 1
161.596 1
161.596 1
161.596 1
161.597 1
161.597 1
161.597 1
161.598 1
161.598 1
161.598 1
161.598 1
161.599 1
161.599 1
161.599 1
161.599 1
161.599 1
161.6 1
161.6 1
161.6 1
161.6 1
161.6 1
161.6 1
161.601 1
161.601 1
161.601 1
161.601 1
161.601 1
161.601 1
161.601 1
161.601 1
161.602 1
161.602 1
161.602 1
161.602 1
161.602 1
161.603 1
161.603 1
161.603 1
161.603 1
161.603 1
161.603 1
161.604 1
161.604 1
161.604 1
161.604 1
161.604 1
161.604 1
161.604 1
161.604 1
161.604 1
161.604 1
161.604 1
161.605 1
161.605 1
161.606 1
161.606 1
161.606 1
161.606 1
161.606 1
161.606 1
161.606 1
161.606 1
161.606 1
161.607 1
161.607 1
161.607 1
161.607 1
161.609 1
161.611 1
161.611 1
161.611 1
161.611 1
161.618 1
161.619 1
161.619 1
167.1 1
167.1 1
167.1 1
167.101 1
167.101 1
167.101 1
167.101 1
167.101 1
167.101 1
167.102 1
167.102 1
167.102 1
167.102 1
167.194 1
167.194 1
167.194 1
167.194 1
167.194 1
167.194 1
167.194 1
167.195 1
167.195 1
167.195 1
167.195 1
167.195 1
167.195 1
167.196 1
167.196 1
167.196 1
167.196 1
167.196 1
167.196 1
167.196 1
167.197 1
167.197 1
167.197 1
167.198 1
167.198 1
167.199 1
167.199 1
167.199 1
167.199 1
167.199 1
167.2 1
167.2 1
168.376 1
168.376 1
168.376 1
168.377 1
168.377 1
168.377 1
168.377 1
168.379 1
168.379 1
168.379 1
168.379 1
168.379 1
168.38 1
168.38 1
168.381 1
168.381 1
168.381 1
168.381 1
168.381 1
168.382 1
168.382 1
168.382 1
168.382 1
168.382 1
168.382 1
168.383 1
168.383 1
168.383 1
168.383 1
168.383 1
168.386 1
168.386 1
168.386 1
168.387 1
168.387 1
168.387 1
168.387 1
168.388 1
168.388 1
168.388 1
168.388 1
168.388 1
168.388 1
168.388 1
168.389 1
168.389 1
168.389 1
168.39 1
168.392 1
168.392 1
168.392 1
168.392 1
168.392 1
168.392 1
168.392 1
168.392 1
168.394 1
168.394 1
168.394 1
168.395 1
168.395 1
168.396 1
168.396 1
168.398 1
168.402 1
168.402 1
168.402 1
168.517 1
168.517 1
168.517 1
168.517 1
168.517 1
168.518 1
168.518 1
168.518 1
168.518 1
168.518 1
168.518 1
168.518 1
168.519 1
168.519 1
168.519 1
168.519 1
168.519 1
168.519 1
168.519 1
168.519 1
168.519 1
168.52 1
168.52 1
168.52 1
168.52 1
168.52 1
168.52 1
168.52 1
168.52 1
168.52 1
168.52 1
168.521 1
168.521 1
168.521 1
168.521 1
168.521 1
168.521 1
168.522 1
168.522 1
168.522 1
168.523 1
168.523 1
168.523 1
168.524 1
168.524 1
168.525 1
168.525 1
168.526 1
168.526 1
168.526 1
168.526 1
168.526 1
168.528 1
168.529 1
168.529 1
168.53 1
168.537 1
168.538 1
172.683 1
172.683 1
172.683 1
173.255 1
173.256 1
173.256 1
173.256 1
173.28 1
173.281 1
173.281 1
173.281 1
173.281 1
173.281 1
173.281 1
173.283 1
173.283 1
173.283 1
173.283 1
173.285 1
173.285 1
173.285 1
173.285 1
173.285 1
173.286 1
173.286 1
173.286 1
173.289 1
173.29 1
173.29 1
173.29 1
173.291 1
173.291 1
173.293 1
173.293 1
173.295 1
173.296 1
173.296 1
173.31 1
173.311 1
173.331 1
173.331 1
173.331 1
173.331 1
173.332 1
173.332 1
173.332 1
173.332 1
173.332 1
173.332 1
173.332 1
173.332 1
173.332 1
173.332 1
173.333 1
173.335 1
173.335 1
173.347 1
173.347 1
173.347 1
173.347 1
173.347 1
173.348 1
173.348 1
173.349 1
173.355 1
173.356 1
173.356 1
173.357 1
173.357 1
173.359 1
173.359 1
173.359 1
173.362 1
173.376 1
173.376 1
173.376 1
175.09 1
175.091 1
175.091 1
175.091 1
175.091 1
175.092 1
175.092 1
175.093 1
175.095 1
175.095 1
175.135 1
175.136 1
175.136 1
175.136 1
175.136 1
175.136 1
175.136 1
175.136 1
175.136 1
175.136 1
175.137 1
175.137 1
175.138 1
175.138 1
175.138 1
175.138 1
175.139 1
175.139 1
175.139 1
175.139 1
175.139 1
175.139 1
175.139 1
175.139 1
175.139 1
175.14 1
175.141 1
175.141 1
179.866 1
179.867 1
179.867 1
179.867 1
179.867 1
179.867 1
179.869 1
179.869 1
179.87 1
179.87 1
179.87 1
179.87 1
179.87 1
179.87 1
179.87 1
179.87 1
179.871 1
179.871 1
179.872 1
179.872 1
179.872 1
179.874 1
179.874 1
179.874 1
179.874 1
179.874 1
179.877 1
179.879 1
179.879 1
179.879 1
179.879 1
179.879 1
179.891 1
179.891 1
179.899 1
179.899 1
179.899 1
179.906 1
180.045 1
180.045 1
180.045 1
181.311 1
181.311 1
181.312 1
181.316 1
181.316 1
181.324 1
181.324 1
181.326 1
181.326 1
181.328 1
181.328 1
181.328 1
181.328 1
181.329 1
181.329 1
181.455 1
181.455 1
181.456 1
181.456 1
181.459 1
181.461 1
181.461 1
181.461 1
181.461 1
181.461 1
181.461 1
181.461 1
181.461 1
181.461 1
181.464 1
181.465 1
181.465 1
181.465 1
181.465 1
181.465 1
181.465 1
181.465 1
181.465 1
181.466 1
181.466 1
181.466 1
181.467 1
181.467 1
181.467 1
181.467 1
181.467 1
181.467 1
181.467 1
181.467 1
181.467 1
181.467 1
181.467 1
181.467 1
181.468 1
181.468 1
181.469 1
181.469 1
181.469 1
181.469 1
181.469 1
181.469 1
181.47 1
181.47 1
181.47 1
181.47 1
181.47 1
181.47 1
181.47 1
181.471 1
181.471 1
181.471 1
181.472 1
181.473 1
181.476 1
181.477 1
181.477 1
181.477 1
181.477 1
181.477 1
181.478 1
181.478 1
181.483 1
185 1
185.003 1
185.003 1
185.003 1
185.003 1
185.003 1
185.003 1
185.004 1
185.004 1
185.004 1
185.004 1
185.005 1
185.006 1
185.006 1
185.006 1
185.006 1
185.006 1
185.006 1
185.006 1
185.008 1
185.008 1
185.008 1
185.008 1
185.008 1
185.008 1
185.008 1
185.008 1
185.009 1
185.009 1
185.009 1
185.009 1
185.011 1
185.011 1
185.011 1
185.011 1
185.011 1
185.011 1
185.011 1
185.011 1
185.012 1
185.012 1
185.012 1
185.013 1
185.013 1
185.013 1
185.014 1
185.014 1
185.014 1
185.014 1
185.014 1
185.014 1
185.015 1
185.015 1
185.015 1
185.015 1
185.015 1
185.015 1
185.015 1
185.015 1
185.016 1
185.016 1
185.016 1
185.016 1
185.016 1
185.016 1
185.016 1
185.016 1
185.016 1
185.016 1
185.017 1
185.017 1
185.018 1
185.018 1
185.018 1
185.018 1
185.018 1
185.018 1
185.018 1
185.019 1
185.019 1
185.019 1
185.019 1
185.019 1
185.02 1
185.02 1
185.02 1
185.02 1
185.02 1
185.02 1
185.02 1
185.021 1
185.021 1
185.022 1
185.022 1
185.022 1
185.025 1
185.025 1
185.025 1
185.026 1
185.026 1
185.027 1
185.027 1
185.027 1
185.027 1
185.028 1
185.028 1
185.028 1
185.029 1
185.029 1
185.029 1
185.03 1
185.03 1
185.03 1
185.03 1
185.032 1
185.032 1
185.032 1
185.032 1
185.032 1
185.032 1
185.033 1
185.033 1
185.034 1
185.034 1
185.035 1
185.035 1
185.035 1
185.035 1
185.035 1
185.036 1
185.036 1
185.036 1
185.036 1
185.036 1
185.038 1
185.038 1
185.038 1
185.039 1
185.044 1
185.044 1
185.044 1
185.044 1
185.044 1
185.044 1
185.044 1
185.045 1
185.045 1
185.045 1
185.045 1
185.045 1
185.045 1
185.045 1
185.046 1
185.046 1
185.046 1
185.046 1
185.046 1
185.046 1
185.046 1
185.047 1
185.047 1
185.047 1
185.047 1
185.048 1
185.048 1
185.048 1
185.048 1
185.048 1
185.048 1
185.048 1
185.048 1
185.048 1
185.048 1
185.049 1
185.049 1
185.049 1
185.05 1
185.05 1
185.05 1
185.05 1
185.051 1
185.051 1
185.051 1
185.051 1
185.051 1
185.051 1
185.051 1
185.052 1
185.052 1
185.052 1
185.052 1
185.053 1
185.053 1
185.053 1
185.053 1
185.053 1
185.053 1
185.053 1
185.054 1
185.055 1
185.055 1
185.055 1
185.055 1
185.056 1
185.056 1
185.057 1
185.059 1
185.059 1
185.059 1
185.06 1
185.063 1
185.063 1
185.064 1
185.064 1
185.098 1
185.098 1
185.099 1
185.101 1
185.101 1
185.101 1
185.102 1
185.103 1
185.103 1
185.103 1
185.104 1
185.105 1
185.105 1
185.105 1
185.105 1
185.105 1
185.109 1
185.109 1
185.109 1
185.111 1
185.118 1
185.118 1
185.118 1
185.118 1
185.118 1
185.118 1
185.118 1
185.123 1
185.124 1
185.126 1
185.126 1
185.126 1
185.126 1
185.126 1
185.126 1
185.126 1
185.126 1
185.127 1
185.127 1
185.127 1
185.127 1
185.127 1
185.128 1
185.128 1
185.129 1
185.13 1
185.13 1
185.13 1
185.131 1
185.131 1
185.132 1
185.132 1
185.132 1
185.133 1
185.133 1
185.133 1
185.133 1
185.133 1
185.136 1
185.137 1
185.137 1
185.137 1
185.137 1
185.137 1
185.138 1
185.138 1
185.138 1
185.139 1
185.14 1
185.14 1
185.142 1
185.142 1
185.142 1
185.142 1
185.142 1
185.142 1
185.145 1
185.145 1
185.145 1
185.145 1
185.146 1
185.146 1
187.349 1
187.354 1
187.354 1
187.355 1
187.355 1
187.355 1
187.355 1
187.355 1
187.355 1
187.356 1
187.356 1
187.356 1
187.356 1
187.356 1
187.356 1
187.357 1
187.357 1
187.357 1
187.357 1
187.357 1
187.357 1
187.357 1
187.357 1
187.357 1
187.358 1
187.358 1
187.358 1
187.359 1
187.359 1
187.359 1
187.36 1
187.361 1
187.362 1
187.362 1
187.362 1
187.362 1
187.363 1
187.363 1
187.364 1
187.364 1
187.364 1
187.364 1
187.365 1
187.365 1
187.366 1
187.366 1
187.366 1
187.366 1
187.366 1
187.366 1
187.366 1
187.366 1
187.367 1
187.367 1
187.367 1
187.367 1
187.368 1
187.368 1
187.368 1
187.368 1
187.368 1
187.369 1
187.369 1
187.369 1
187.369 1
187.369 1
187.375 1
187.378 1
187.378 1
187.378 1
187.381 1
187.381 1
187.381 1
187.381 1
187.383 1
187.383 1
187.383 1
187.383 1
187.383 1
187.383 1
187.383 1
187.383 1
187.384 1
187.385 1
187.385 1
187.385 1
187.385 1
187.386 1
187.386 1
187.386 1
187.387 1
187.387 1
187.387 1
187.387 1
187.389 1
187.389 1
187.389 1
187.389 1
187.389 1
187.39 1
187.39 1
187.39 1
187.39 1
187.39 1
187.39 1
189.752 1
189.752 1
189.755 1
189.755 1
189.755 1
189.758 1
189.758 1
189.76 1
189.76 1
189.76 1
189.76 1
189.761 1
189.761 1
189.762 1
189.762 1
189.762 1
189.762 1
189.763 1
189.763 1
189.763 1
189.763 1
189.763 1
189.763 1
189.764 1
189.767 1
189.767 1
189.769 1
189.769 1
189.77 1
189.771 1
189.771 1
189.771 1
189.771 1
189.771 1
189.887 1
189.889 1
189.889 1
189.889 1
189.895 1
189.897 1
189.899 1
189.899 1
189.925 1
189.926 1
189.928 1
189.928 1
189.928 1
189.928 1
189.929 1
189.929 1
189.929 1
189.929 1
189.929 1
189.93 1
192.17 1
192.171 1
192.171 1
193.798 1
193.808 1
193.809 1
193.809 1
193.81 1
193.813 1
193.813 1
193.813 1
193.813 1
193.813 1
193.813 1
193.813 1
193.816 1
193.816 1
193.816 1
193.816 1
193.816 1
193.819 1
193.819 1
193.819 1
193.821 1
193.821 1
193.822 1
193.823 1
193.863 1
193.869 1
193.869 1
193.869 1
193.869 1
193.869 1
193.87 1
193.87 1
193.873 1
193.873 1
193.873 1
193.878 1
193.878 1
193.879 1
193.879 1
193.88 1
193.88 1
193.88 1
193.88 1
193.88 1
193.88 1
193.88 1
193.88 1
193.88 1
193.882 1
193.885 1
193.886 1
193.886 1
193.886 1
193.888 1
193.888 1
193.889 1
193.889 1
193.89 1
193.89 1
193.891 1
193.891 1
193.891 1
193.891 1
193.891 1
193.892 1
193.893 1
193.893 1
193.894 1
193.896 1
193.896 1
195.879 1
195.879 1
195.879 1
195.879 1
195.879 1
195.879 1
195.879 1
195.881 1
195.881 1
195.881 1
195.881 1
195.881 1
195.881 1
195.881 1
195.882 1
195.882 1
195.882 1
195.884 1
195.884 1
195.884 1
195.884 1
195.885 1
195.886 1
195.886 1
195.886 1
195.886 1
195.886 1
195.886 1
195.887 1
195.888 1
195.888 1
195.888 1
195.888 1
195.888 1
195.888 1
195.888 1
195.89 1
195.89 1
195.89 1
195.891 1
195.891 1
195.892 1
195.892 1
195.892 1
195.892 1
195.893 1
195.895 1
195.897 1
195.901 1
195.901 1
195.902 1
195.902 1
195.902 1
195.902 1
195.902 1
195.928 1
195.928 1
195.928 1
195.928 1
195.928 1
195.928 1
195.931 1
195.931 1
195.931 1
195.931 1
195.931 1
195.932 1
195.932 1
195.932 1
195.933 1
195.933 1
195.933 1
195.933 1
195.933 1
195.933 1
195.934 1
195.934 1
195.934 1
195.934 1
195.934 1
195.934 1
195.934 1
195.934 1
195.935 1
195.936 1
195.936 1
195.937 1
195.937 1
195.937 1
195.94 1
195.94 1
195.94 1
199.276 1
199.276 1
199.276 1
199.276 1
199.276 1
199.276 1
199.277 1
199.277 1
199.278 1
199.278 1
199.278 1
199.278 1
199.278 1
199.278 1
199.278 1
199.279 1
199.279 1
199.279 1
199.279 1
199.279 1
199.279 1
199.279 1
199.279 1
199.279 1
199.279 1
199.279 1
199.279 1
199.279 1
199.279 1
199.282 1
199.282 1
199.282 1
199.283 1
199.283 1
199.283 1
199.283 1
199.283 1
199.283 1
199.283 1
199.283 1
199.284 1
199.284 1
199.284 1
199.284 1
199.284 1
199.284 1
199.284 1
199.284 1
199.285 1
199.286 1
199.286 1
199.286 1
199.286 1
199.286 1
199.286 1
199.287 1
199.287 1
199.288 1
199.288 1
199.288 1
199.288 1
199.288 1
199.288 1
199.288 1
199.288 1
199.289 1
199.289 1
199.289 1
199.289 1
199.291 1
199.291 1
199.291 1
199.291 1
199.291 1
199.294 1
199.294 1
199.295 1
199.295 1
199.31 1
199.31 1
199.31 1
199.311 1
199.311 1
199.311 1
199.312 1
199.312 1
199.312 1
199.313 1
