175.012 115
175.052 116
175.092 117
175.131 118
175.168 119
175.207 120
175.244 121
175.281 122
175.317 123
175.353 124
175.387 125
175.422 126
175.456 127
175.49 128
175.522 129
175.554 130
175.587 131
175.619 132
175.651 133
175.681 134
175.713 135
175.743 136
175.772 137
175.832 138
175.862 139
175.918 140
175.97 141
176.006 98
176.175 99
176.218 100
176.257 101
176.295 102
176.375 103
176.412 104
176.482 105
176.52 106
176.557 107
176.594 108
176.665 109
176.704 110
176.745 111
176.815 112
176.854 113
176.893 114
176.958 115
177.005 116
177.045 117
177.11 118
177.155 119
177.214 120
177.276 121
177.334 122
177.409 123
177.461 124
177.538 125
177.619 126
177.69 127
177.777 128
177.849 129
177.937 130
178.005 131
178.092 132
178.183 133
178.302 134
178.412 135
178.568 136
178.73 137
178.891 138
179.052 139
179.209 140
179.541 141
181.143 98
181.375 99
181.38 100
181.418 101
181.456 102
181.495 103
181.535 104
181.579 105
181.617 106
181.659 107
181.702 108
181.745 109
181.789 110
181.835 111
181.881 112
181.928 113
181.977 114
182.027 115
182.077 116
182.13 117
182.183 118
182.238 119
182.349 120
182.414 121
182.503 122
182.574 123
182.658 124
182.735 125
182.819 126
182.896 127
182.976 128
183.06 129
183.144 130
183.227 131
183.312 132
183.398 133
183.501 134
183.632 135
183.685 94
183.88 95
183.911 96
183.975 97
184.084 98
184.185 99
184.261 100
184.341 101
184.444 102
184.514 103
184.609 104
184.676 105
184.818 106
184.925 107
185.066 108
185.138 109
185.298 110
185.458 111
185.622 112
185.826 113
186.175 114
187.843 79
188.006 80
188.042 81
188.061 82
188.105 83
188.15 84
188.196 85
188.244 86
188.293 87
188.342 88
188.393 89
188.445 90
188.499 91
188.555 92
188.641 93
188.669 94
188.729 95
188.801 96
188.857 97
188.925 98
188.994 99
189.066 100
189.143 101
189.224 102
189.314 103
189.366 72
189.637 73
189.725 74
189.854 75
189.906 76
190.029 77
190.123 78
190.239 79
190.316 80
190.463 81
190.608 82
190.755 83
190.908 84
191.065 85
191.243 86
191.606 87
194.31 88
194.663 89
194.908 62
195.066 63
195.086 64
195.138 65
195.191 66
195.246 67
195.304 68
195.361 69
195.44 70
195.485 71
195.577 72
195.62 73
195.721 74
195.768 75
195.87 76
195.92 77
196.023 78
196.088 79
196.182 80
196.283 81
196.391 82
196.51 83
196.664 84
196.788 85
196.891 59
197.097 60
197.15 61
197.256 62
197.333 63
197.437 64
197.542 65
197.661 66
197.791 67
197.936 68
198.102 69
198.3 70
198.547 71
198.9 72
