175 3.26903
175.15 3.64203
175.3 3.06261
175.45 2.56597
175.6 2.56597
175.75 2.73152
175.9 2.97984
176.05 3.22816
176.2 3.14539
176.35 3.06261
176.5 3.14539
176.65 3.22816
176.8 3.47648
176.95 3.47648
177.1 3.55925
177.25 3.64203
177.4 3.64203
177.55 3.39371
177.7 3.06261
177.85 3.14539
178 3.31093
178.15 2.89707
178.3 3.7248
178.45 3.7248
178.6 3.14539
178.75 3.39371
178.9 3.7248
179.05 3.7248
179.2 3.31093
179.35 2.73152
179.5 2.89707
179.65 3.14539
179.8 3.7248
179.95 2.97984
180.1 3.39371
180.25 2.56597
180.4 2.73152
180.55 2.81429
180.7 2.97984
180.85 3.06261
181 2.56597
181.15 2.56597
181.3 3.06261
181.45 2.64875
181.6 3.31093
181.75 2.06933
181.9 2.89707
182.05 2.56597
182.2 3.06261
182.35 3.14539
182.5 2.81429
182.65 2.89707
182.8 2.40043
182.95 2.4832
183.1 2.81429
183.25 2.81429
183.4 2.89707
183.55 2.81429
183.7 2.40043
183.85 2.56597
184 2.64875
184.15 2.73152
184.3 2.73152
184.45 2.89707
184.6 2.56597
184.75 2.23488
184.9 2.4832
185.05 2.23488
185.2 2.40043
185.35 2.56597
185.5 2.31765
185.65 3.31093
185.8 2.56597
185.95 2.64875
186.1 2.64875
186.25 2.64875
186.4 2.73152
186.55 2.64875
186.7 2.64875
186.85 2.56597
187 2.81429
187.15 2.4832
187.3 2.56597
187.45 2.89707
187.6 1.98656
187.75 2.23488
187.9 2.64875
188.05 2.4832
188.2 2.81429
188.35 2.40043
188.5 2.4832
188.65 2.64875
188.8 2.64875
188.95 2.64875
189.1 2.73152
189.25 2.73152
189.4 2.40043
189.55 2.73152
189.7 2.56597
189.85 2.89707
190 1.90379
190.15 2.4832
190.3 3.89035
190.45 3.47648
190.6 3.22816
190.75 3.39371
190.9 3.22816
191.05 3.06261
191.2 2.89707
191.35 2.89707
191.5 2.89707
191.65 2.89707
191.8 2.89707
191.95 2.64875
192.1 2.23488
192.25 2.81429
192.4 2.4832
192.55 2.97984
192.7 3.06261
192.85 3.14539
193 2.40043
193.15 2.4832
193.3 3.31093
193.45 3.31093
193.6 2.97984
193.75 2.97984
193.9 2.97984
194.05 3.47648
194.2 1.98656
194.35 3.31093
194.5 2.89707
194.65 3.06261
194.8 3.22816
194.95 3.31093
195.1 3.39371
195.25 2.89707
195.4 3.31093
195.55 3.64203
195.7 3.64203
195.85 2.89707
196 2.64875
196.15 3.22816
196.3 2.64875
196.45 4.05589
196.6 3.22816
196.75 2.97984
196.9 3.14539
197.05 2.89707
197.2 2.97984
197.35 3.06261
197.5 2.64875
197.65 2.97984
197.8 2.56597
197.95 3.06261
198.1 2.89707
198.25 3.22816
198.4 3.22816
198.55 2.4832
198.7 3.14539
198.85 3.14539
199 2.89707
199.15 2.56597
199.3 2.31765
199.45 2.81429
199.6 3.22816
199.75 3.64203
199.9 4.13867
