175 2.26319
175.15 2.4832
175.3 1.73824
175.45 2.40043
175.6 1.48992
175.75 1.57269
175.9 1.73824
176.05 2.06933
176.2 1.73824
176.35 2.06933
176.5 1.98656
176.65 2.06933
176.8 2.23488
176.95 1.98656
177.1 2.40043
177.25 1.90379
177.4 2.31765
177.55 2.23488
177.7 1.98656
177.85 2.40043
178 2.23488
178.15 2.06933
178.3 2.15211
178.45 2.40043
178.6 1.82101
178.75 1.82101
178.9 1.65547
179.05 1.48992
179.2 1.98656
179.35 1.57269
179.5 1.57269
179.65 1.32437
179.8 1.73824
179.95 1.57269
180.1 1.48992
180.25 1.48992
180.4 1.57269
180.55 1.57269
180.7 1.40715
180.85 1.57269
181 1.57269
181.15 1.48992
181.3 1.65547
181.45 1.48992
181.6 1.48992
181.75 1.15883
181.9 1.15883
182.05 1.32437
182.2 1.2416
182.35 1.48992
182.5 1.2416
182.65 1.65547
182.8 1.32437
182.95 1.65547
183.1 1.32437
183.25 1.57269
183.4 0.99328
183.55 1.48992
183.7 1.32437
183.85 1.2416
184 1.57269
184.15 0.74496
184.3 1.2416
184.45 0.74496
184.6 1.40715
184.75 0.827733
184.9 0.99328
185.05 0.662187
185.2 1.2416
185.35 0.910507
185.5 1.15883
185.65 1.32437
185.8 0.910507
185.95 1.32437
186.1 0.910507
186.25 1.32437
186.4 0.99328
186.55 1.40715
186.7 1.2416
186.85 0.99328
187 1.32437
187.15 0.910507
187.3 1.32437
187.45 0.910507
187.6 1.40715
187.75 1.2416
187.9 1.07605
188.05 1.32437
188.2 0.910507
188.35 1.48992
188.5 0.99328
188.65 1.57269
188.8 1.2416
188.95 1.65547
189.1 1.73824
189.25 1.57269
189.4 2.06933
189.55 1.90379
189.7 2.31765
189.85 1.57269
190 1.82101
190.15 1.65547
190.3 2.06933
190.45 1.82101
190.6 2.15211
190.75 1.32437
190.9 1.57269
191.05 1.65547
191.2 1.57269
191.35 1.98656
191.5 1.73824
191.65 1.82101
191.8 1.90379
191.95 1.82101
192.1 1.57269
192.25 1.2416
192.4 1.48992
192.55 1.07605
192.7 1.90379
192.85 1.40715
193 1.65547
193.15 1.82101
193.3 1.48992
193.45 2.06933
193.6 1.40715
193.75 2.06933
193.9 1.40715
194.05 2.15211
194.2 1.32437
194.35 2.31765
194.5 1.2416
194.65 2.23488
194.8 1.65547
194.95 1.82101
195.1 1.82101
195.25 1.65547
195.4 1.48992
195.55 1.15883
195.7 1.57269
195.85 1.2416
196 1.82101
196.15 1.65547
196.3 1.82101
196.45 1.73824
196.6 1.73824
196.75 1.57269
196.9 0.910507
197.05 1.65547
197.2 0.99328
197.35 1.98656
197.5 1.57269
197.65 1.65547
197.8 1.82101
197.95 1.57269
198.1 1.98656
198.25 1.48992
198.4 2.06933
198.55 1.40715
198.7 2.15211
198.85 1.32437
199 2.15211
199.15 1.32437
199.3 2.15211
199.45 1.40715
199.6 2.23488
199.75 1.82101
199.9 1.65547
