175 2.84121
175.15 2.64875
175.3 2.64875
175.45 2.4832
175.6 2.15211
175.75 2.15211
175.9 2.23488
176.05 2.31765
176.2 2.31765
176.35 2.23488
176.5 2.40043
176.65 2.31765
176.8 1.98656
176.95 2.40043
177.1 2.23488
177.25 2.31765
177.4 2.23488
177.55 2.40043
177.7 2.31765
177.85 2.23488
178 2.40043
178.15 2.31765
178.3 2.23488
178.45 2.15211
178.6 2.4832
178.75 2.40043
178.9 2.4832
179.05 2.73152
179.2 2.89707
179.35 2.64875
179.5 3.14539
179.65 3.47648
179.8 3.47648
179.95 3.7248
180.1 3.97312
180.25 3.64203
180.4 3.47648
180.55 3.80757
180.7 3.39371
180.85 4.05589
181 4.13867
181.15 3.89035
181.3 4.05589
181.45 4.30421
181.6 4.22144
181.75 4.22144
181.9 4.22144
182.05 4.46976
182.2 4.22144
182.35 4.22144
182.5 4.38699
182.65 4.38699
182.8 4.30421
182.95 4.30421
183.1 4.38699
183.25 4.30421
183.4 3.22816
183.55 3.47648
183.7 3.80757
183.85 3.7248
184 3.89035
184.15 4.30421
184.3 4.05589
184.45 4.13867
184.6 4.46976
184.75 4.13867
184.9 3.64203
185.05 3.31093
185.2 3.55925
185.35 3.7248
185.5 3.47648
185.65 3.22816
185.8 2.97984
185.95 2.97984
186.1 3.14539
186.25 2.81429
186.4 2.4832
186.55 2.64875
186.7 2.4832
186.85 2.81429
187 2.97984
187.15 2.81429
187.3 3.06261
187.45 2.4832
187.6 2.31765
187.75 2.81429
187.9 2.40043
188.05 2.31765
188.2 2.89707
188.35 2.31765
188.5 2.31765
188.65 2.56597
188.8 2.56597
188.95 2.40043
189.1 2.23488
189.25 2.64875
189.4 2.40043
189.55 2.40043
189.7 2.15211
189.85 2.89707
190 2.31765
190.15 2.31765
190.3 2.56597
190.45 2.56597
190.6 2.56597
190.75 2.4832
190.9 2.89707
191.05 2.73152
191.2 1.90379
191.35 2.31765
191.5 2.4832
191.65 2.4832
191.8 2.73152
191.95 2.64875
192.1 2.81429
192.25 2.89707
192.4 2.89707
192.55 2.89707
192.7 3.06261
192.85 2.73152
193 2.89707
193.15 2.97984
193.3 2.81429
193.45 2.73152
193.6 2.64875
193.75 3.14539
193.9 2.64875
194.05 2.89707
194.2 3.14539
194.35 2.64875
194.5 2.89707
194.65 3.06261
194.8 2.97984
194.95 2.97984
195.1 2.89707
195.25 3.31093
195.4 3.22816
195.55 3.39371
195.7 3.89035
195.85 3.7248
196 3.64203
196.15 2.89707
196.3 3.31093
196.45 3.22816
196.6 3.14539
196.75 3.39371
196.9 2.56597
197.05 2.64875
197.2 3.22816
197.35 2.81429
197.5 2.89707
197.65 3.39371
197.8 2.73152
197.95 2.89707
198.1 3.14539
198.25 3.06261
198.4 2.23488
198.55 2.15211
198.7 2.56597
198.85 2.81429
199 2.81429
199.15 2.64875
199.3 2.81429
199.45 2.56597
199.6 2.31765
199.75 2.89707
199.9 2.64875
