175 2.38799
175.15 1.57269
175.3 1.48992
175.45 1.48992
175.6 1.57269
175.75 1.57269
175.9 1.82101
176.05 1.65547
176.2 1.73824
176.35 1.82101
176.5 1.98656
176.65 2.06933
176.8 2.31765
176.95 2.4832
177.1 2.73152
177.25 2.89707
177.4 3.31093
177.55 3.47648
177.7 3.64203
177.85 4.05589
178 4.80085
178.15 4.80085
178.3 5.21472
178.45 5.71136
178.6 5.87691
178.75 5.71136
178.9 4.9664
179.05 5.04917
179.2 5.38027
179.35 5.46304
179.5 5.87691
179.65 5.87691
179.8 6.12523
179.95 6.45632
180.1 6.37355
180.25 5.04917
180.4 4.9664
180.55 4.88363
180.7 4.9664
180.85 5.13195
181 5.13195
181.15 5.29749
181.3 5.21472
181.45 5.38027
181.6 5.29749
181.75 5.38027
181.9 5.29749
182.05 5.29749
182.2 5.29749
182.35 5.29749
182.5 4.38699
182.65 4.05589
182.8 4.30421
182.95 4.46976
183.1 4.71808
183.25 4.63531
183.4 3.7248
183.55 3.7248
183.7 3.80757
183.85 3.97312
184 3.89035
184.15 3.89035
184.3 4.13867
184.45 3.97312
184.6 4.05589
184.75 3.97312
184.9 3.31093
185.05 2.97984
185.2 3.14539
185.35 3.39371
185.5 3.31093
185.65 2.73152
185.8 2.4832
185.95 2.64875
186.1 2.81429
186.25 2.64875
186.4 2.56597
186.55 2.06933
186.7 2.23488
186.85 2.56597
187 2.64875
187.15 2.73152
187.3 2.64875
187.45 2.97984
187.6 2.81429
187.75 2.81429
187.9 3.06261
188.05 3.06261
188.2 2.81429
188.35 2.81429
188.5 2.81429
188.65 2.81429
188.8 2.89707
188.95 2.89707
189.1 2.81429
189.25 2.89707
189.4 2.81429
189.55 2.89707
189.7 2.81429
189.85 2.89707
190 2.89707
190.15 2.89707
190.3 3.06261
190.45 3.06261
190.6 3.06261
190.75 2.40043
190.9 2.4832
191.05 2.64875
191.2 2.73152
191.35 2.89707
191.5 3.06261
191.65 3.14539
191.8 3.06261
191.95 3.14539
192.1 3.22816
192.25 3.31093
192.4 3.55925
192.55 3.39371
192.7 3.14539
192.85 3.22816
193 3.22816
193.15 3.31093
193.3 3.14539
193.45 3.22816
193.6 3.14539
193.75 3.14539
193.9 3.06261
194.05 2.73152
194.2 2.40043
194.35 2.56597
194.5 2.4832
194.65 2.23488
194.8 2.15211
194.95 2.15211
195.1 2.15211
195.25 2.23488
195.4 1.90379
195.55 1.98656
195.7 1.82101
195.85 1.98656
196 2.06933
196.15 2.31765
196.3 2.31765
196.45 2.31765
196.6 2.40043
196.75 1.82101
196.9 1.65547
197.05 1.98656
197.2 1.98656
197.35 2.06933
197.5 2.31765
197.65 2.15211
197.8 2.40043
197.95 2.31765
198.1 2.31765
198.25 2.31765
198.4 2.31765
198.55 2.31765
198.7 2.31765
198.85 2.31765
199 2.4832
199.15 2.31765
199.3 2.40043
199.45 2.31765
199.6 2.4832
199.75 2.40043
199.9 2.4832
