175 2.60105
175.15 2.23488
175.3 3.55925
175.45 2.31765
175.6 2.06933
175.75 3.22816
175.9 2.73152
176.05 3.06261
176.2 2.73152
176.35 1.90379
176.5 3.14539
176.65 2.06933
176.8 3.89035
176.95 2.64875
177.1 2.15211
177.25 2.89707
177.4 1.73824
177.55 3.47648
177.7 2.73152
177.85 3.06261
178 2.81429
178.15 1.82101
178.3 3.47648
178.45 2.31765
178.6 3.22816
178.75 2.64875
178.9 1.48992
179.05 3.22816
179.2 2.06933
179.35 1.48992
179.5 3.31093
179.65 2.15211
179.8 2.31765
179.95 2.81429
180.1 1.40715
180.25 3.64203
180.4 1.82101
180.55 3.31093
180.7 2.15211
180.85 1.90379
181 3.22816
181.15 1.98656
181.3 1.40715
181.45 3.55925
181.6 1.73824
181.75 1.90379
181.9 2.97984
182.05 2.15211
182.2 2.40043
182.35 2.56597
182.5 1.32437
182.65 3.47648
182.8 1.98656
182.95 2.31765
183.1 2.4832
183.25 1.40715
183.4 3.31093
183.55 0.579413
183.7 3.7248
183.85 1.73824
184 2.15211
184.15 1.65547
184.3 2.64875
184.45 2.06933
184.6 1.73824
184.75 2.31765
184.9 2.31765
185.05 2.40043
185.2 2.15211
185.35 2.40043
185.5 2.15211
185.65 2.4832
185.8 1.98656
185.95 2.4832
186.1 1.48992
186.25 2.81429
186.4 1.90379
186.55 1.65547
186.7 2.06933
186.85 2.23488
187 1.90379
187.15 2.06933
187.3 2.06933
187.45 2.31765
187.6 2.4832
187.75 1.82101
187.9 2.31765
188.05 2.31765
188.2 2.4832
188.35 2.31765
188.5 2.15211
188.65 2.06933
188.8 2.40043
188.95 1.65547
189.1 1.98656
189.25 0.827733
189.4 2.40043
189.55 1.90379
189.7 1.90379
189.85 2.15211
190 1.2416
190.15 2.64875
190.3 1.73824
190.45 2.73152
190.6 2.40043
190.75 1.32437
190.9 2.89707
191.05 1.82101
191.2 2.73152
191.35 2.56597
191.5 1.57269
191.65 2.97984
191.8 2.89707
191.95 1.90379
192.1 2.56597
192.25 1.32437
192.4 2.64875
192.55 1.32437
192.7 2.15211
192.85 1.98656
193 1.32437
193.15 2.73152
193.3 2.15211
193.45 1.32437
193.6 2.89707
193.75 1.73824
193.9 2.23488
194.05 2.4832
194.2 1.48992
194.35 2.81429
194.5 0.99328
194.65 3.55925
194.8 2.56597
194.95 1.65547
195.1 3.55925
195.25 2.56597
195.4 1.65547
195.55 2.40043
195.7 2.31765
195.85 2.73152
196 2.56597
196.15 1.65547
196.3 2.23488
196.45 2.06933
196.6 2.64875
196.75 1.73824
196.9 0.99328
197.05 1.98656
197.2 2.23488
197.35 2.06933
197.5 2.23488
197.65 1.15883
197.8 2.31765
197.95 1.82101
198.1 2.15211
198.25 2.89707
198.4 1.90379
198.55 2.40043
198.7 2.15211
198.85 1.90379
199 3.47648
199.15 1.65547
199.3 2.4832
199.45 2.4832
199.6 1.40715
199.75 3.7248
199.9 1.57269
