15.0033 55
15.3657 56
16.7895 39
17.1627 40
17.271 41
17.2773 42
17.2851 43
17.2919 44
17.2982 45
17.3117 46
17.4063 47
17.5071 48
17.6115 49
17.8337 50
18.0292 51
18.1998 52
18.4034 53
18.6188 54
18.9697 55
19.2052 56
19.6208 39
20.3552 40
20.3615 41
20.3678 42
20.3741 43
20.3868 44
20.5959 45
20.7035 46
20.8062 47
20.9488 48
21.0528 49
21.2024 50
21.3669 51
21.5018 52
21.7498 53
21.9182 54
22.0275 37
22.6243 38
22.6306 39
22.6684 40
23.0129 41
23.076 42
23.4104 43
23.6391 44
24.0677 45
24.4506 31
24.8522 32
24.9291 33
