10 6.75936
10.01 9.9328
10.02 9.9328
10.03 7.4496
10.04 8.6912
10.05 8.6912
10.06 9.9328
10.07 8.6912
10.08 7.4496
10.09 8.6912
10.1 8.6912
10.11 9.9328
10.12 7.4496
10.13 7.4496
10.14 8.6912
10.15 9.9328
10.16 7.4496
10.17 8.6912
10.18 7.4496
10.19 11.1744
10.2 7.4496
10.21 8.6912
10.22 7.4496
10.23 9.9328
10.24 8.6912
10.25 8.6912
10.26 7.4496
10.27 8.6912
10.28 9.9328
10.29 7.4496
10.3 8.6912
10.31 8.6912
10.32 9.9328
10.33 8.6912
10.34 7.4496
10.35 8.6912
10.36 8.6912
10.37 9.9328
10.38 7.4496
10.39 8.6912
10.4 7.4496
10.41 11.1744
10.42 7.4496
10.43 7.4496
10.44 8.6912
10.45 9.9328
10.46 7.4496
10.47 8.6912
10.48 7.4496
10.49 9.9328
10.5 7.4496
10.51 7.4496
10.52 7.4496
10.53 6.208
10.54 7.4496
10.55 6.208
10.56 6.208
10.57 6.208
10.58 8.6912
10.59 4.9664
10.6 6.208
10.61 6.208
10.62 8.6912
10.63 4.9664
10.64 7.4496
10.65 4.9664
10.66 8.6912
10.67 6.208
10.68 6.208
10.69 4.9664
10.7 8.6912
10.71 7.4496
10.72 6.208
10.73 7.4496
10.74 7.4496
10.75 6.208
10.76 8.6912
10.77 6.208
10.78 7.4496
10.79 7.4496
10.8 7.4496
10.81 9.9328
10.82 6.208
10.83 7.4496
10.84 7.4496
10.85 8.6912
10.86 8.6912
10.87 7.4496
10.88 7.4496
10.89 7.4496
10.9 8.6912
10.91 8.6912
10.92 6.208
10.93 7.4496
10.94 7.4496
10.95 9.9328
10.96 7.4496
10.97 6.208
10.98 7.4496
10.99 8.6912
11 8.6912
11.01 6.208
11.02 7.4496
11.03 7.4496
11.04 9.9328
11.05 6.208
11.06 6.208
11.07 7.4496
11.08 9.9328
11.09 6.208
11.1 7.4496
11.11 7.4496
11.12 8.6912
11.13 8.6912
11.14 8.6912
11.15 6.208
11.16 8.6912
11.17 8.6912
11.18 6.208
11.19 6.208
11.2 7.4496
11.21 6.208
11.22 8.6912
11.23 6.208
11.24 6.208
11.25 6.208
11.26 7.4496
11.27 7.4496
11.28 6.208
11.29 6.208
11.3 6.208
11.31 8.6912
11.32 6.208
11.33 6.208
11.34 6.208
11.35 7.4496
11.36 6.208
11.37 7.4496
11.38 6.208
11.39 6.208
11.4 7.4496
11.41 6.208
11.42 6.208
11.43 6.208
11.44 8.6912
11.45 8.6912
11.46 6.208
11.47 7.4496
11.48 8.6912
11.49 7.4496
11.5 7.4496
11.51 6.208
11.52 8.6912
11.53 8.6912
11.54 7.4496
11.55 6.208
11.56 7.4496
11.57 8.6912
11.58 7.4496
11.59 6.208
11.6 7.4496
11.61 9.9328
11.62 8.6912
11.63 7.4496
11.64 6.208
11.65 8.6912
11.66 8.6912
11.67 7.4496
11.68 7.4496
11.69 7.4496
11.7 7.4496
11.71 9.9328
11.72 7.4496
11.73 7.4496
11.74 6.208
11.75 8.6912
11.76 8.6912
11.77 7.4496
11.78 7.4496
11.79 7.4496
11.8 9.9328
11.81 8.6912
11.82 8.6912
11.83 7.4496
11.84 9.9328
11.85 7.4496
11.86 8.6912
11.87 7.4496
11.88 9.9328
11.89 8.6912
11.9 7.4496
11.91 8.6912
11.92 8.6912
11.93 8.6912
11.94 8.6912
11.95 7.4496
11.96 9.9328
11.97 9.9328
11.98 7.4496
11.99 8.6912
12 7.4496
12.01 9.9328
12.02 8.6912
12.03 8.6912
12.04 7.4496
12.05 8.6912
12.06 9.9328
12.07 7.4496
12.08 8.6912
12.09 8.6912
12.1 9.9328
12.11 7.4496
12.12 8.6912
12.13 7.4496
12.14 9.9328
12.15 8.6912
12.16 8.6912
12.17 7.4496
12.18 8.6912
12.19 9.9328
12.2 7.4496
12.21 8.6912
12.22 8.6912
12.23 8.6912
12.24 8.6912
12.25 7.4496
12.26 8.6912
12.27 9.9328
12.28 7.4496
12.29 8.6912
12.3 7.4496
12.31 9.9328
12.32 8.6912
12.33 8.6912
12.34 7.4496
12.35 8.6912
12.36 9.9328
12.37 7.4496
12.38 7.4496
12.39 8.6912
12.4 9.9328
12.41 7.4496
12.42 8.6912
12.43 8.6912
12.44 9.9328
12.45 7.4496
12.46 8.6912
12.47 7.4496
12.48 9.9328
12.49 8.6912
12.5 8.6912
12.51 7.4496
12.52 8.6912
12.53 8.6912
12.54 8.6912
12.55 7.4496
12.56 9.9328
12.57 9.9328
12.58 9.9328
12.59 8.6912
12.6 9.9328
12.61 11.1744
12.62 9.9328
12.63 8.6912
12.64 9.9328
12.65 9.9328
12.66 9.9328
12.67 8.6912
12.68 9.9328
12.69 8.6912
12.7 11.1744
12.71 8.6912
12.72 9.9328
12.73 8.6912
12.74 9.9328
12.75 9.9328
12.76 9.9328
12.77 8.6912
12.78 9.9328
12.79 9.9328
12.8 8.6912
12.81 9.9328
12.82 8.6912
12.83 9.9328
12.84 9.9328
12.85 8.6912
12.86 9.9328
12.87 8.6912
12.88 9.9328
12.89 9.9328
12.9 9.9328
12.91 9.9328
12.92 9.9328
12.93 8.6912
12.94 9.9328
12.95 8.6912
12.96 11.1744
12.97 8.6912
12.98 9.9328
12.99 8.6912
13 9.9328
13.01 9.9328
13.02 8.6912
13.03 9.9328
13.04 9.9328
13.05 9.9328
13.06 8.6912
13.07 8.6912
13.08 9.9328
13.09 9.9328
13.1 8.6912
13.11 9.9328
13.12 9.9328
13.13 9.9328
13.14 8.6912
13.15 8.6912
13.16 9.9328
13.17 9.9328
13.18 8.6912
13.19 9.9328
13.2 9.9328
13.21 9.9328
13.22 8.6912
13.23 9.9328
13.24 8.6912
13.25 9.9328
13.26 9.9328
13.27 8.6912
13.28 9.9328
13.29 9.9328
13.3 9.9328
13.31 9.9328
13.32 9.9328
13.33 11.1744
13.34 9.9328
13.35 9.9328
13.36 8.6912
13.37 9.9328
13.38 11.1744
13.39 9.9328
13.4 9.9328
13.41 8.6912
13.42 9.9328
13.43 11.1744
13.44 9.9328
13.45 9.9328
13.46 9.9328
13.47 9.9328
13.48 9.9328
13.49 9.9328
13.5 9.9328
13.51 9.9328
13.52 8.6912
13.53 11.1744
13.54 8.6912
13.55 9.9328
13.56 8.6912
13.57 9.9328
13.58 9.9328
13.59 9.9328
13.6 8.6912
13.61 9.9328
13.62 9.9328
13.63 9.9328
13.64 8.6912
13.65 9.9328
13.66 9.9328
13.67 8.6912
13.68 9.9328
13.69 9.9328
13.7 9.9328
13.71 8.6912
13.72 9.9328
13.73 8.6912
13.74 9.9328
13.75 9.9328
13.76 9.9328
13.77 9.9328
13.78 9.9328
13.79 9.9328
13.8 11.1744
13.81 8.6912
13.82 9.9328
13.83 9.9328
13.84 11.1744
13.85 9.9328
13.86 11.1744
13.87 9.9328
13.88 11.1744
13.89 11.1744
13.9 9.9328
13.91 9.9328
13.92 11.1744
13.93 11.1744
13.94 9.9328
13.95 9.9328
13.96 9.9328
13.97 11.1744
13.98 11.1744
13.99 9.9328
14 9.9328
14.01 11.1744
14.02 9.9328
14.03 9.9328
14.04 11.1744
14.05 11.1744
14.06 11.1744
14.07 9.9328
14.08 11.1744
14.09 9.9328
14.1 11.1744
14.11 9.9328
14.12 11.1744
14.13 9.9328
14.14 11.1744
14.15 9.9328
14.16 9.9328
14.17 11.1744
14.18 9.9328
14.19 11.1744
14.2 9.9328
14.21 9.9328
14.22 11.1744
14.23 9.9328
14.24 9.9328
14.25 6.208
14.26 8.6912
14.27 7.4496
14.28 8.6912
14.29 7.4496
14.3 7.4496
14.31 8.6912
14.32 6.208
14.33 8.6912
14.34 7.4496
14.35 8.6912
14.36 7.4496
14.37 7.4496
14.38 7.4496
14.39 7.4496
14.4 8.6912
14.41 6.208
14.42 8.6912
14.43 7.4496
14.44 7.4496
14.45 7.4496
14.46 8.6912
14.47 8.6912
14.48 8.6912
14.49 7.4496
14.5 9.9328
14.51 7.4496
14.52 9.9328
14.53 7.4496
14.54 8.6912
14.55 8.6912
14.56 8.6912
14.57 8.6912
14.58 7.4496
14.59 8.6912
14.6 4.9664
14.61 7.4496
14.62 6.208
14.63 7.4496
14.64 7.4496
14.65 6.208
14.66 7.4496
14.67 6.208
14.68 6.208
14.69 7.4496
14.7 6.208
14.71 7.4496
14.72 6.208
14.73 6.208
14.74 6.208
14.75 7.4496
14.76 6.208
14.77 7.4496
14.78 6.208
14.79 7.4496
14.8 6.208
14.81 7.4496
14.82 6.208
14.83 6.208
14.84 7.4496
14.85 6.208
14.86 7.4496
14.87 6.208
14.88 8.6912
14.89 7.4496
14.9 7.4496
14.91 7.4496
14.92 7.4496
14.93 7.4496
14.94 7.4496
14.95 7.4496
14.96 7.4496
14.97 8.6912
14.98 6.208
14.99 7.4496
15 4.9664
15.01 4.9664
15.02 4.9664
15.03 7.4496
15.04 4.9664
15.05 6.208
15.06 4.9664
15.07 6.208
15.08 6.208
15.09 6.208
15.1 4.9664
15.11 4.9664
15.12 6.208
15.13 6.208
15.14 6.208
15.15 4.9664
15.16 6.208
15.17 7.4496
15.18 4.9664
15.19 6.208
15.2 4.9664
15.21 6.208
15.22 7.4496
15.23 4.9664
15.24 6.208
15.25 4.9664
15.26 7.4496
15.27 6.208
15.28 6.208
15.29 6.208
15.3 7.4496
15.31 7.4496
15.32 6.208
15.33 4.9664
15.34 7.4496
15.35 7.4496
15.36 7.4496
15.37 6.208
15.38 6.208
15.39 8.6912
15.4 7.4496
15.41 6.208
15.42 6.208
15.43 7.4496
15.44 7.4496
15.45 7.4496
15.46 6.208
15.47 7.4496
15.48 6.208
15.49 7.4496
15.5 7.4496
15.51 6.208
15.52 6.208
15.53 6.208
15.54 7.4496
15.55 6.208
15.56 7.4496
15.57 6.208
15.58 6.208
15.59 7.4496
15.6 6.208
15.61 7.4496
15.62 7.4496
15.63 7.4496
15.64 7.4496
15.65 7.4496
15.66 7.4496
15.67 8.6912
15.68 7.4496
15.69 7.4496
15.7 7.4496
15.71 7.4496
15.72 7.4496
15.73 7.4496
15.74 7.4496
15.75 7.4496
15.76 8.6912
15.77 7.4496
15.78 7.4496
15.79 7.4496
15.8 8.6912
15.81 7.4496
15.82 6.208
15.83 8.6912
15.84 7.4496
15.85 7.4496
15.86 7.4496
15.87 7.4496
15.88 7.4496
15.89 8.6912
15.9 6.208
15.91 8.6912
15.92 6.208
15.93 8.6912
15.94 6.208
15.95 8.6912
15.96 7.4496
15.97 8.6912
15.98 8.6912
15.99 7.4496
16 7.4496
16.01 7.4496
16.02 8.6912
16.03 7.4496
16.04 6.208
16.05 8.6912
16.06 7.4496
16.07 8.6912
16.08 7.4496
16.09 7.4496
16.1 7.4496
16.11 7.4496
16.12 7.4496
16.13 7.4496
16.14 7.4496
16.15 7.4496
16.16 7.4496
16.17 7.4496
16.18 8.6912
16.19 7.4496
16.2 7.4496
16.21 7.4496
16.22 7.4496
16.23 7.4496
16.24 8.6912
16.25 7.4496
16.26 7.4496
16.27 7.4496
16.28 7.4496
16.29 7.4496
16.3 7.4496
16.31 8.6912
16.32 8.6912
16.33 4.9664
16.34 7.4496
16.35 6.208
16.36 7.4496
16.37 6.208
16.38 7.4496
16.39 6.208
16.4 6.208
16.41 8.6912
16.42 6.208
16.43 6.208
16.44 6.208
16.45 7.4496
16.46 7.4496
16.47 6.208
16.48 6.208
16.49 6.208
16.5 7.4496
16.51 6.208
16.52 7.4496
16.53 6.208
16.54 4.9664
16.55 6.208
16.56 3.7248
16.57 4.9664
16.58 4.9664
16.59 3.7248
16.6 4.9664
16.61 4.9664
16.62 6.208
16.63 4.9664
16.64 3.7248
16.65 4.9664
16.66 4.9664
16.67 6.208
16.68 3.7248
16.69 4.9664
16.7 4.9664
16.71 4.9664
16.72 4.9664
16.73 4.9664
16.74 3.7248
16.75 4.9664
16.76 6.208
16.77 4.9664
16.78 4.9664
16.79 3.7248
16.8 4.9664
16.81 6.208
16.82 3.7248
16.83 4.9664
16.84 3.7248
16.85 6.208
16.86 4.9664
16.87 3.7248
16.88 4.9664
16.89 4.9664
16.9 4.9664
16.91 4.9664
16.92 3.7248
16.93 4.9664
16.94 6.208
16.95 3.7248
16.96 4.9664
16.97 3.7248
16.98 6.208
16.99 4.9664
17 4.9664
17.01 3.7248
17.02 6.208
17.03 4.9664
17.04 6.208
17.05 3.7248
17.06 4.9664
17.07 4.9664
17.08 4.9664
17.09 6.208
17.1 3.7248
17.11 4.9664
17.12 4.9664
17.13 4.9664
17.14 6.208
17.15 3.7248
17.16 4.9664
17.17 4.9664
17.18 4.9664
17.19 6.208
17.2 3.7248
17.21 4.9664
17.22 4.9664
17.23 4.9664
17.24 4.9664
17.25 4.9664
17.26 3.7248
17.27 4.9664
17.28 6.208
17.29 3.7248
17.3 3.7248
17.31 6.208
17.32 4.9664
17.33 3.7248
17.34 4.9664
17.35 4.9664
17.36 4.9664
17.37 4.9664
17.38 3.7248
17.39 4.9664
17.4 4.9664
17.41 6.208
17.42 3.7248
17.43 3.7248
17.44 4.9664
17.45 6.208
17.46 3.7248
17.47 3.7248
17.48 6.208
17.49 4.9664
17.5 4.9664
17.51 4.9664
17.52 4.9664
17.53 6.208
17.54 6.208
17.55 6.208
17.56 3.7248
17.57 7.4496
17.58 6.208
17.59 4.9664
17.6 4.9664
17.61 6.208
17.62 6.208
17.63 6.208
17.64 3.7248
17.65 6.208
17.66 6.208
17.67 6.208
17.68 4.9664
17.69 3.7248
17.7 6.208
17.71 4.9664
17.72 3.7248
17.73 3.7248
17.74 4.9664
17.75 6.208
17.76 4.9664
17.77 3.7248
17.78 3.7248
17.79 6.208
17.8 4.9664
17.81 3.7248
17.82 3.7248
17.83 6.208
17.84 6.208
17.85 3.7248
17.86 2.4832
17.87 6.208
17.88 6.208
17.89 3.7248
17.9 3.7248
17.91 4.9664
17.92 6.208
17.93 4.9664
17.94 3.7248
17.95 3.7248
17.96 6.208
17.97 6.208
17.98 3.7248
17.99 2.4832
18 6.208
18.01 6.208
18.02 3.7248
18.03 3.7248
18.04 4.9664
18.05 6.208
18.06 4.9664
18.07 3.7248
18.08 4.9664
18.09 7.4496
18.1 6.208
18.11 4.9664
18.12 3.7248
18.13 7.4496
18.14 7.4496
18.15 4.9664
18.16 3.7248
18.17 6.208
18.18 7.4496
18.19 4.9664
18.2 3.7248
18.21 6.208
18.22 7.4496
18.23 4.9664
18.24 4.9664
18.25 4.9664
18.26 7.4496
18.27 6.208
18.28 4.9664
18.29 4.9664
18.3 6.208
18.31 7.4496
18.32 6.208
18.33 4.9664
18.34 3.7248
18.35 7.4496
18.36 7.4496
18.37 4.9664
18.38 4.9664
18.39 4.9664
18.4 7.4496
18.41 7.4496
18.42 4.9664
18.43 4.9664
18.44 4.9664
18.45 7.4496
18.46 7.4496
18.47 3.7248
18.48 4.9664
18.49 6.208
18.5 7.4496
18.51 6.208
18.52 4.9664
18.53 3.7248
18.54 7.4496
18.55 7.4496
18.56 4.9664
18.57 3.7248
18.58 6.208
18.59 7.4496
18.6 6.208
18.61 3.7248
18.62 4.9664
18.63 7.4496
18.64 6.208
18.65 4.9664
18.66 3.7248
18.67 7.4496
18.68 7.4496
18.69 3.7248
18.7 4.9664
18.71 6.208
18.72 7.4496
18.73 4.9664
18.74 4.9664
18.75 4.9664
18.76 7.4496
18.77 6.208
18.78 4.9664
18.79 4.9664
18.8 6.208
18.81 7.4496
18.82 4.9664
18.83 4.9664
18.84 4.9664
18.85 7.4496
18.86 6.208
18.87 3.7248
18.88 4.9664
18.89 8.6912
18.9 6.208
18.91 4.9664
18.92 6.208
18.93 8.6912
18.94 6.208
18.95 6.208
18.96 6.208
18.97 7.4496
18.98 8.6912
18.99 4.9664
19 6.208
19.01 6.208
19.02 8.6912
19.03 6.208
19.04 6.208
19.05 6.208
19.06 7.4496
19.07 6.208
19.08 6.208
19.09 6.208
19.1 7.4496
19.11 7.4496
19.12 6.208
19.13 6.208
19.14 6.208
19.15 8.6912
19.16 6.208
19.17 6.208
19.18 6.208
19.19 7.4496
19.2 8.6912
19.21 4.9664
19.22 6.208
19.23 6.208
19.24 8.6912
19.25 6.208
19.26 6.208
19.27 6.208
19.28 7.4496
19.29 7.4496
19.3 4.9664
19.31 6.208
19.32 7.4496
19.33 7.4496
19.34 4.9664
19.35 6.208
19.36 7.4496
19.37 8.6912
19.38 6.208
19.39 4.9664
19.4 6.208
19.41 8.6912
19.42 4.9664
19.43 6.208
19.44 3.7248
19.45 6.208
19.46 4.9664
19.47 3.7248
19.48 4.9664
19.49 4.9664
19.5 6.208
19.51 3.7248
19.52 3.7248
19.53 4.9664
19.54 6.208
19.55 3.7248
19.56 3.7248
19.57 4.9664
19.58 6.208
19.59 4.9664
19.6 3.7248
19.61 4.9664
19.62 4.9664
19.63 6.208
19.64 2.4832
19.65 4.9664
19.66 4.9664
19.67 6.208
19.68 3.7248
19.69 3.7248
19.7 6.208
19.71 7.4496
19.72 3.7248
19.73 4.9664
19.74 6.208
19.75 7.4496
19.76 4.9664
19.77 3.7248
19.78 6.208
19.79 7.4496
19.8 4.9664
19.81 3.7248
19.82 7.4496
19.83 6.208
19.84 6.208
19.85 3.7248
19.86 6.208
19.87 6.208
19.88 7.4496
19.89 6.208
19.9 4.9664
19.91 4.9664
19.92 6.208
19.93 7.4496
19.94 6.208
19.95 4.9664
19.96 4.9664
19.97 6.208
19.98 7.4496
19.99 6.208
