175 0.87253
175.01 1.2416
175.02 2.4832
175.03 0
175.04 2.4832
175.05 1.2416
175.06 2.4832
175.07 1.2416
175.08 2.4832
175.09 1.2416
175.1 1.2416
175.11 1.2416
175.12 1.2416
175.13 1.2416
175.14 0
175.15 1.2416
175.16 1.2416
175.17 1.2416
175.18 2.4832
175.19 0
175.2 3.7248
175.21 0
175.22 1.2416
175.23 2.4832
175.24 0
175.25 2.4832
175.26 1.2416
175.27 0
175.28 1.2416
175.29 2.4832
175.3 0
175.31 2.4832
175.32 0
175.33 3.7248
175.34 0
175.35 1.2416
175.36 1.2416
175.37 1.2416
175.38 0
175.39 1.2416
175.4 0
175.41 1.2416
175.42 1.2416
175.43 1.2416
175.44 0
175.45 1.2416
175.46 0
175.47 1.2416
175.48 0
175.49 1.2416
175.5 0
175.51 0
175.52 1.2416
175.53 0
175.54 1.2416
175.55 1.2416
175.56 1.2416
175.57 1.2416
175.58 1.2416
175.59 0
175.6 3.7248
175.61 0
175.62 3.7248
175.63 1.2416
175.64 1.2416
175.65 4.9664
175.66 1.2416
175.67 4.9664
175.68 2.4832
175.69 4.9664
175.7 2.4832
175.71 3.7248
175.72 3.7248
175.73 2.4832
175.74 4.9664
175.75 3.7248
175.76 2.4832
175.77 4.9664
175.78 4.9664
175.79 4.9664
175.8 4.9664
175.81 3.7248
175.82 4.9664
175.83 4.9664
175.84 4.9664
175.85 4.9664
175.86 2.4832
175.87 4.9664
175.88 4.9664
175.89 2.4832
175.9 2.4832
175.91 1.2416
175.92 2.4832
175.93 1.2416
175.94 3.7248
175.95 2.4832
175.96 3.7248
175.97 3.7248
175.98 2.4832
175.99 2.4832
176 2.4832
176.01 2.4832
176.02 1.2416
176.03 2.4832
176.04 0
176.05 0
176.06 1.2416
176.07 0
176.08 0
176.09 0
176.1 0
176.11 0
176.12 0
176.13 0
176.14 0
176.15 0
176.16 0
176.17 0
176.18 0
176.19 0
176.2 0
176.21 0
176.22 0
176.23 0
176.24 0
176.25 0
176.26 0
176.27 0
176.28 0
176.29 0
176.3 0
176.31 0
176.32 0
176.33 0
176.34 0
176.35 0
176.36 0
176.37 0
176.38 0
176.39 0
176.4 0
176.41 0
176.42 0
176.43 0
176.44 0
176.45 0
176.46 0
176.47 0
176.48 0
176.49 0
176.5 0
176.51 0
176.52 0
176.53 0
176.54 0
176.55 0
176.56 0
176.57 0
176.58 0
176.59 0
176.6 0
176.61 0
176.62 0
176.63 0
176.64 0
176.65 0
176.66 0
176.67 0
176.68 0
176.69 0
176.7 0
176.71 0
176.72 0
176.73 0
176.74 0
176.75 0
176.76 0
176.77 0
176.78 0
176.79 0
176.8 0
176.81 0
176.82 0
176.83 0
176.84 0
176.85 0
176.86 0
176.87 0
176.88 0
176.89 0
176.9 0
176.91 0
176.92 0
176.93 0
176.94 0
176.95 0
176.96 0
176.97 0
176.98 0
176.99 0
177 0
177.01 0
177.02 0
177.03 0
177.04 0
177.05 1.2416
177.06 0
177.07 2.4832
177.08 2.4832
177.09 0
177.1 3.7248
177.11 0
177.12 2.4832
177.13 1.2416
177.14 1.2416
177.15 2.4832
177.16 1.2416
177.17 2.4832
177.18 0
177.19 2.4832
177.2 1.2416
177.21 2.4832
177.22 0
177.23 2.4832
177.24 0
177.25 2.4832
177.26 0
177.27 1.2416
177.28 1.2416
177.29 0
177.3 2.4832
177.31 0
177.32 2.4832
177.33 0
177.34 2.4832
177.35 0
177.36 0
177.37 1.2416
177.38 0
177.39 1.2416
177.4 1.2416
177.41 0
177.42 1.2416
177.43 0
177.44 2.4832
177.45 1.2416
177.46 1.2416
177.47 1.2416
177.48 1.2416
177.49 1.2416
177.5 1.2416
177.51 1.2416
177.52 1.2416
177.53 2.4832
177.54 1.2416
177.55 2.4832
177.56 2.4832
177.57 2.4832
177.58 2.4832
177.59 1.2416
177.6 1.2416
177.61 0
177.62 1.2416
177.63 1.2416
177.64 1.2416
177.65 0
177.66 1.2416
177.67 1.2416
177.68 0
177.69 2.4832
177.7 0
177.71 2.4832
177.72 0
177.73 1.2416
177.74 1.2416
177.75 1.2416
177.76 1.2416
177.77 2.4832
177.78 0
177.79 2.4832
177.8 2.4832
177.81 1.2416
177.82 3.7248
177.83 1.2416
177.84 3.7248
177.85 1.2416
177.86 3.7248
177.87 2.4832
177.88 1.2416
177.89 3.7248
177.9 1.2416
177.91 3.7248
177.92 2.4832
177.93 1.2416
177.94 2.4832
177.95 0
177.96 3.7248
177.97 0
177.98 2.4832
177.99 2.4832
178 1.2416
178.01 1.2416
178.02 1.2416
178.03 2.4832
178.04 2.4832
178.05 1.2416
178.06 1.2416
178.07 1.2416
178.08 1.2416
178.09 3.7248
178.1 2.4832
178.11 2.4832
178.12 3.7248
178.13 1.2416
178.14 3.7248
178.15 2.4832
178.16 1.2416
178.17 3.7248
178.18 1.2416
178.19 2.4832
178.2 4.9664
178.21 0
178.22 1.2416
178.23 1.2416
178.24 1.2416
178.25 2.4832
178.26 1.2416
178.27 4.9664
178.28 2.4832
178.29 3.7248
178.3 2.4832
178.31 2.4832
178.32 3.7248
178.33 1.2416
178.34 0
178.35 2.4832
178.36 1.2416
178.37 0
178.38 2.4832
178.39 0
178.4 1.2416
178.41 0
178.42 1.2416
178.43 0
178.44 1.2416
178.45 0
178.46 1.2416
178.47 0
178.48 0
178.49 0
178.5 0
178.51 0
178.52 0
178.53 0
178.54 0
178.55 0
178.56 0
178.57 0
178.58 0
178.59 0
178.6 0
178.61 0
178.62 0
178.63 0
178.64 0
178.65 0
178.66 0
178.67 0
178.68 0
178.69 0
178.7 0
178.71 0
178.72 0
178.73 0
178.74 0
178.75 0
178.76 0
178.77 0
178.78 0
178.79 0
178.8 0
178.81 0
178.82 0
178.83 0
178.84 0
178.85 0
178.86 0
178.87 0
178.88 0
178.89 0
178.9 0
178.91 0
178.92 0
178.93 0
178.94 0
178.95 0
178.96 0
178.97 0
178.98 0
178.99 0
179 0
179.01 0
179.02 0
179.03 0
179.04 0
179.05 0
179.06 0
179.07 0
179.08 0
179.09 0
179.1 0
179.11 0
179.12 0
179.13 0
179.14 0
179.15 0
179.16 0
179.17 0
179.18 0
179.19 0
179.2 0
179.21 0
179.22 0
179.23 0
179.24 0
179.25 0
179.26 0
179.27 0
179.28 0
179.29 0
179.3 0
179.31 0
179.32 0
179.33 0
179.34 0
179.35 0
179.36 0
179.37 0
179.38 0
179.39 0
179.4 1.2416
179.41 0
179.42 0
179.43 0
179.44 0
179.45 0
179.46 0
179.47 0
179.48 0
179.49 0
179.5 0
179.51 0
179.52 0
179.53 0
179.54 0
179.55 0
179.56 0
179.57 0
179.58 0
179.59 0
179.6 0
179.61 0
179.62 0
179.63 0
179.64 0
179.65 0
179.66 0
179.67 0
179.68 0
179.69 0
179.7 0
179.71 0
179.72 0
179.73 0
179.74 0
179.75 0
179.76 0
179.77 0
179.78 0
179.79 0
179.8 0
179.81 0
179.82 0
179.83 0
179.84 0
179.85 0
179.86 0
179.87 0
179.88 0
179.89 0
179.9 0
179.91 0
179.92 0
179.93 0
179.94 0
179.95 0
179.96 0
179.97 0
179.98 0
179.99 0
180 0
180.01 0
180.02 0
180.03 0
180.04 0
180.05 0
180.06 0
180.07 0
180.08 0
180.09 0
180.1 0
180.11 0
180.12 0
180.13 0
180.14 0
180.15 0
180.16 0
180.17 0
180.18 0
180.19 0
180.2 0
180.21 0
180.22 0
180.23 0
180.24 0
180.25 0
180.26 0
180.27 0
180.28 0
180.29 0
180.3 0
180.31 0
180.32 0
180.33 0
180.34 0
180.35 0
180.36 0
180.37 0
180.38 0
180.39 0
180.4 0
180.41 0
180.42 0
180.43 1.2416
180.44 0
180.45 1.2416
180.46 1.2416
180.47 0
180.48 2.4832
180.49 2.4832
180.5 1.2416
180.51 4.9664
180.52 1.2416
180.53 3.7248
180.54 2.4832
180.55 3.7248
180.56 1.2416
180.57 3.7248
180.58 1.2416
180.59 1.2416
180.6 3.7248
180.61 1.2416
180.62 2.4832
180.63 1.2416
180.64 2.4832
180.65 0
180.66 3.7248
180.67 2.4832
180.68 2.4832
180.69 3.7248
180.7 1.2416
180.71 4.9664
180.72 1.2416
180.73 2.4832
180.74 2.4832
180.75 1.2416
180.76 1.2416
180.77 3.7248
180.78 0
180.79 1.2416
180.8 1.2416
180.81 2.4832
180.82 1.2416
180.83 2.4832
180.84 4.9664
180.85 2.4832
180.86 3.7248
180.87 3.7248
180.88 2.4832
180.89 3.7248
180.9 2.4832
180.91 2.4832
180.92 1.2416
180.93 0
180.94 1.2416
180.95 0
180.96 1.2416
180.97 0
180.98 1.2416
180.99 0
181 1.2416
181.01 1.2416
181.02 1.2416
181.03 0
181.04 1.2416
181.05 0
181.06 1.2416
181.07 0
181.08 0
181.09 1.2416
181.1 0
181.11 0
181.12 1.2416
181.13 0
181.14 1.2416
181.15 0
181.16 1.2416
181.17 0
181.18 1.2416
181.19 1.2416
181.2 0
181.21 0
181.22 1.2416
181.23 0
181.24 0
181.25 0
181.26 0
181.27 0
181.28 0
181.29 0
181.3 0
181.31 0
181.32 0
181.33 0
181.34 0
181.35 0
181.36 0
181.37 0
181.38 0
181.39 0
181.4 0
181.41 0
181.42 0
181.43 0
181.44 0
181.45 0
181.46 0
181.47 0
181.48 0
181.49 0
181.5 0
181.51 0
181.52 0
181.53 0
181.54 0
181.55 0
181.56 0
181.57 0
181.58 0
181.59 0
181.6 0
181.61 0
181.62 0
181.63 0
181.64 0
181.65 0
181.66 0
181.67 0
181.68 0
181.69 0
181.7 0
181.71 0
181.72 0
181.73 0
181.74 0
181.75 0
181.76 0
181.77 0
181.78 0
181.79 0
181.8 0
181.81 0
181.82 0
181.83 0
181.84 0
181.85 0
181.86 0
181.87 0
181.88 0
181.89 0
181.9 0
181.91 0
181.92 0
181.93 0
181.94 0
181.95 0
181.96 0
181.97 0
181.98 0
181.99 0
182 0
182.01 0
182.02 1.2416
182.03 0
182.04 0
182.05 2.4832
182.06 2.4832
182.07 1.2416
182.08 2.4832
182.09 3.7248
182.1 2.4832
182.11 2.4832
182.12 3.7248
182.13 2.4832
182.14 2.4832
182.15 2.4832
182.16 2.4832
182.17 2.4832
182.18 3.7248
182.19 1.2416
182.2 3.7248
182.21 2.4832
182.22 1.2416
182.23 2.4832
182.24 1.2416
182.25 2.4832
182.26 2.4832
182.27 2.4832
182.28 2.4832
182.29 2.4832
182.3 0
182.31 3.7248
182.32 1.2416
182.33 1.2416
182.34 2.4832
182.35 1.2416
182.36 2.4832
182.37 0
182.38 2.4832
182.39 0
182.4 2.4832
182.41 3.7248
182.42 1.2416
182.43 3.7248
182.44 1.2416
182.45 3.7248
182.46 1.2416
182.47 1.2416
182.48 1.2416
182.49 2.4832
182.5 1.2416
182.51 2.4832
182.52 0
182.53 2.4832
182.54 0
182.55 2.4832
182.56 0
182.57 3.7248
182.58 0
182.59 1.2416
182.6 1.2416
182.61 0
182.62 2.4832
182.63 0
182.64 2.4832
182.65 0
182.66 2.4832
182.67 0
182.68 2.4832
182.69 1.2416
182.7 1.2416
182.71 2.4832
182.72 1.2416
182.73 2.4832
182.74 1.2416
182.75 1.2416
182.76 1.2416
182.77 1.2416
182.78 2.4832
182.79 1.2416
182.8 2.4832
182.81 1.2416
182.82 2.4832
182.83 1.2416
182.84 2.4832
182.85 0
182.86 2.4832
182.87 2.4832
182.88 1.2416
182.89 4.9664
182.9 2.4832
182.91 2.4832
182.92 2.4832
182.93 3.7248
182.94 1.2416
182.95 1.2416
182.96 2.4832
182.97 2.4832
182.98 2.4832
182.99 1.2416
183 1.2416
183.01 2.4832
183.02 1.2416
183.03 2.4832
183.04 2.4832
183.05 2.4832
183.06 1.2416
183.07 4.9664
183.08 0
183.09 3.7248
183.1 3.7248
183.11 1.2416
183.12 2.4832
183.13 3.7248
183.14 3.7248
183.15 1.2416
183.16 2.4832
183.17 3.7248
183.18 1.2416
183.19 3.7248
183.2 2.4832
183.21 3.7248
183.22 2.4832
183.23 3.7248
183.24 2.4832
183.25 2.4832
183.26 2.4832
183.27 1.2416
183.28 2.4832
183.29 0
183.3 2.4832
183.31 1.2416
183.32 1.2416
183.33 0
183.34 1.2416
183.35 1.2416
183.36 0
183.37 2.4832
183.38 0
183.39 1.2416
183.4 1.2416
183.41 0
183.42 2.4832
183.43 0
183.44 0
183.45 1.2416
183.46 0
183.47 1.2416
183.48 0
183.49 1.2416
183.5 1.2416
183.51 0
183.52 1.2416
183.53 1.2416
183.54 0
183.55 0
183.56 2.4832
183.57 0
183.58 2.4832
183.59 0
183.6 0
183.61 3.7248
183.62 0
183.63 2.4832
183.64 2.4832
183.65 3.7248
183.66 3.7248
183.67 3.7248
183.68 3.7248
183.69 3.7248
183.7 4.9664
183.71 1.2416
183.72 3.7248
183.73 3.7248
183.74 2.4832
183.75 0
183.76 2.4832
183.77 0
183.78 2.4832
183.79 1.2416
183.8 2.4832
183.81 1.2416
183.82 1.2416
183.83 2.4832
183.84 0
183.85 4.9664
183.86 0
183.87 2.4832
183.88 1.2416
183.89 1.2416
183.9 3.7248
183.91 0
183.92 4.9664
183.93 0
183.94 3.7248
183.95 0
183.96 1.2416
183.97 2.4832
183.98 1.2416
183.99 1.2416
184 0
184.01 2.4832
184.02 0
184.03 2.4832
184.04 0
184.05 3.7248
184.06 0
184.07 2.4832
184.08 1.2416
184.09 0
184.1 2.4832
184.11 0
184.12 1.2416
184.13 0
184.14 1.2416
184.15 0
184.16 1.2416
184.17 0
184.18 1.2416
184.19 0
184.2 1.2416
184.21 0
184.22 1.2416
184.23 0
184.24 1.2416
184.25 0
184.26 1.2416
184.27 0
184.28 1.2416
184.29 0
184.3 1.2416
184.31 0
184.32 1.2416
184.33 0
184.34 0
184.35 1.2416
184.36 0
184.37 0
184.38 1.2416
184.39 0
184.4 1.2416
184.41 0
184.42 1.2416
184.43 0
184.44 1.2416
184.45 1.2416
184.46 0
184.47 0
184.48 1.2416
184.49 0
184.5 0
184.51 0
184.52 0
184.53 0
184.54 0
184.55 0
184.56 0
184.57 0
184.58 0
184.59 0
184.6 0
184.61 0
184.62 0
184.63 0
184.64 0
184.65 0
184.66 0
184.67 0
184.68 0
184.69 0
184.7 0
184.71 0
184.72 0
184.73 0
184.74 0
184.75 0
184.76 0
184.77 0
184.78 0
184.79 0
184.8 0
184.81 0
184.82 0
184.83 0
184.84 0
184.85 0
184.86 0
184.87 0
184.88 0
184.89 0
184.9 0
184.91 0
184.92 0
184.93 0
184.94 0
184.95 0
184.96 0
184.97 0
184.98 0
184.99 0
185 0
185.01 0
185.02 0
185.03 0
185.04 0
185.05 0
185.06 0
185.07 0
185.08 0
185.09 0
185.1 0
185.11 0
185.12 0
185.13 0
185.14 0
185.15 0
185.16 0
185.17 0
185.18 0
185.19 0
185.2 0
185.21 0
185.22 0
185.23 0
185.24 0
185.25 0
185.26 0
185.27 0
185.28 0
185.29 0
185.3 0
185.31 0
185.32 0
185.33 0
185.34 0
185.35 0
185.36 0
185.37 0
185.38 0
185.39 0
185.4 0
185.41 0
185.42 0
185.43 0
185.44 0
185.45 0
185.46 0
185.47 0
185.48 0
185.49 0
185.5 0
185.51 0
185.52 0
185.53 0
185.54 0
185.55 0
185.56 0
185.57 0
185.58 0
185.59 0
185.6 0
185.61 0
185.62 0
185.63 0
185.64 0
185.65 0
185.66 0
185.67 0
185.68 0
185.69 0
185.7 0
185.71 0
185.72 0
185.73 0
185.74 0
185.75 0
185.76 0
185.77 0
185.78 0
185.79 0
185.8 0
185.81 0
185.82 0
185.83 0
185.84 0
185.85 0
185.86 0
185.87 0
185.88 0
185.89 0
185.9 0
185.91 0
185.92 0
185.93 0
185.94 0
185.95 0
185.96 0
185.97 0
185.98 0
185.99 0
186 0
186.01 0
186.02 0
186.03 0
186.04 0
186.05 0
186.06 0
186.07 0
186.08 0
186.09 0
186.1 0
186.11 0
186.12 0
186.13 0
186.14 0
186.15 0
186.16 0
186.17 0
186.18 0
186.19 0
186.2 0
186.21 0
186.22 0
186.23 0
186.24 0
186.25 0
186.26 0
186.27 0
186.28 0
186.29 0
186.3 0
186.31 0
186.32 0
186.33 0
186.34 0
186.35 0
186.36 0
186.37 0
186.38 0
186.39 0
186.4 0
186.41 0
186.42 0
186.43 0
186.44 0
186.45 0
186.46 0
186.47 0
186.48 0
186.49 0
186.5 0
186.51 0
186.52 0
186.53 0
186.54 0
186.55 0
186.56 0
186.57 0
186.58 0
186.59 0
186.6 0
186.61 0
186.62 0
186.63 0
186.64 0
186.65 0
186.66 0
186.67 0
186.68 0
186.69 0
186.7 0
186.71 0
186.72 0
186.73 0
186.74 0
186.75 0
186.76 0
186.77 0
186.78 0
186.79 0
186.8 0
186.81 0
186.82 0
186.83 0
186.84 0
186.85 0
186.86 0
186.87 0
186.88 0
186.89 0
186.9 0
186.91 0
186.92 0
186.93 0
186.94 0
186.95 0
186.96 0
186.97 0
186.98 0
186.99 0
187 0
187.01 0
187.02 0
187.03 0
187.04 0
187.05 0
187.06 0
187.07 1.2416
187.08 0
187.09 2.4832
187.1 0
187.11 1.2416
187.12 0
187.13 1.2416
187.14 0
187.15 1.2416
187.16 0
187.17 1.2416
187.18 1.2416
187.19 2.4832
187.2 0
187.21 3.7248
187.22 1.2416
187.23 3.7248
187.24 0
187.25 3.7248
187.26 1.2416
187.27 1.2416
187.28 1.2416
187.29 0
187.3 1.2416
187.31 0
187.32 1.2416
187.33 0
187.34 1.2416
187.35 0
187.36 0
187.37 0
187.38 0
187.39 0
187.4 0
187.41 0
187.42 0
187.43 0
187.44 0
187.45 0
187.46 0
187.47 0
187.48 0
187.49 0
187.5 0
187.51 0
187.52 0
187.53 0
187.54 0
187.55 0
187.56 0
187.57 0
187.58 0
187.59 0
187.6 0
187.61 0
187.62 0
187.63 0
187.64 0
187.65 0
187.66 0
187.67 0
187.68 0
187.69 0
187.7 0
187.71 0
187.72 0
187.73 0
187.74 0
187.75 0
187.76 0
187.77 0
187.78 0
187.79 0
187.8 0
187.81 0
187.82 0
187.83 0
187.84 0
187.85 0
187.86 0
187.87 0
187.88 0
187.89 0
187.9 0
187.91 0
187.92 0
187.93 0
187.94 0
187.95 0
187.96 0
187.97 0
187.98 0
187.99 0
188 0
188.01 0
188.02 0
188.03 0
188.04 0
188.05 0
188.06 0
188.07 0
188.08 0
188.09 0
188.1 0
188.11 0
188.12 0
188.13 0
188.14 0
188.15 0
188.16 0
188.17 0
188.18 0
188.19 0
188.2 0
188.21 0
188.22 0
188.23 0
188.24 0
188.25 0
188.26 0
188.27 0
188.28 0
188.29 0
188.3 0
188.31 0
188.32 0
188.33 0
188.34 0
188.35 1.2416
188.36 0
188.37 0
188.38 2.4832
188.39 0
188.4 2.4832
188.41 0
188.42 2.4832
188.43 1.2416
188.44 3.7248
188.45 2.4832
188.46 2.4832
188.47 2.4832
188.48 2.4832
188.49 1.2416
188.5 2.4832
188.51 2.4832
188.52 1.2416
188.53 2.4832
188.54 0
188.55 1.2416
188.56 0
188.57 2.4832
188.58 2.4832
188.59 0
188.6 3.7248
188.61 0
188.62 2.4832
188.63 2.4832
188.64 0
188.65 2.4832
188.66 2.4832
188.67 1.2416
188.68 2.4832
188.69 1.2416
188.7 1.2416
188.71 2.4832
188.72 1.2416
188.73 2.4832
188.74 2.4832
188.75 3.7248
188.76 1.2416
188.77 3.7248
188.78 1.2416
188.79 2.4832
188.8 3.7248
188.81 1.2416
188.82 1.2416
188.83 1.2416
188.84 3.7248
188.85 1.2416
188.86 1.2416
188.87 2.4832
188.88 1.2416
188.89 1.2416
188.9 3.7248
188.91 1.2416
188.92 2.4832
188.93 1.2416
188.94 2.4832
188.95 3.7248
188.96 0
188.97 2.4832
188.98 2.4832
188.99 0
189 2.4832
189.01 0
189.02 1.2416
189.03 0
189.04 0
189.05 0
189.06 0
189.07 0
189.08 0
189.09 0
189.1 0
189.11 0
189.12 0
189.13 0
189.14 0
189.15 0
189.16 0
189.17 0
189.18 0
189.19 0
189.2 0
189.21 0
189.22 0
189.23 0
189.24 0
189.25 0
189.26 0
189.27 0
189.28 0
189.29 0
189.3 0
189.31 0
189.32 0
189.33 0
189.34 0
189.35 0
189.36 0
189.37 0
189.38 0
189.39 0
189.4 0
189.41 0
189.42 0
189.43 0
189.44 0
189.45 0
189.46 0
189.47 0
189.48 0
189.49 0
189.5 0
189.51 0
189.52 0
189.53 0
189.54 0
189.55 0
189.56 0
189.57 0
189.58 0
189.59 0
189.6 0
189.61 0
189.62 0
189.63 0
189.64 0
189.65 0
189.66 0
189.67 0
189.68 0
189.69 0
189.7 0
189.71 0
189.72 0
189.73 0
189.74 0
189.75 0
189.76 0
189.77 0
189.78 0
189.79 0
189.8 0
189.81 0
189.82 0
189.83 0
189.84 0
189.85 0
189.86 0
189.87 0
189.88 0
189.89 0
189.9 0
189.91 0
189.92 0
189.93 0
189.94 0
189.95 0
189.96 0
189.97 0
189.98 0
189.99 0
190 0
190.01 0
190.02 1.2416
190.03 2.4832
190.04 0
190.05 2.4832
190.06 0
190.07 2.4832
190.08 1.2416
190.09 1.2416
190.1 1.2416
190.11 0
190.12 0
190.13 0
190.14 0
190.15 0
190.16 0
190.17 0
190.18 0
190.19 0
190.2 0
190.21 0
190.22 0
190.23 0
190.24 0
190.25 0
190.26 0
190.27 0
190.28 0
190.29 0
190.3 0
190.31 0
190.32 0
190.33 0
190.34 0
190.35 0
190.36 0
190.37 0
190.38 0
190.39 0
190.4 0
190.41 0
190.42 0
190.43 0
190.44 0
190.45 0
190.46 0
190.47 0
190.48 0
190.49 0
190.5 0
190.51 0
190.52 0
190.53 0
190.54 0
190.55 0
190.56 0
190.57 0
190.58 0
190.59 0
190.6 0
190.61 0
190.62 0
190.63 0
190.64 0
190.65 0
190.66 0
190.67 0
190.68 0
190.69 0
190.7 0
190.71 0
190.72 0
190.73 0
190.74 0
190.75 0
190.76 0
190.77 0
190.78 0
190.79 0
190.8 0
190.81 0
190.82 0
190.83 0
190.84 0
190.85 0
190.86 0
190.87 0
190.88 0
190.89 0
190.9 0
190.91 0
190.92 0
190.93 0
190.94 0
190.95 0
190.96 0
190.97 0
190.98 0
190.99 0
191 0
191.01 0
191.02 0
191.03 0
191.04 0
191.05 0
191.06 0
191.07 0
191.08 0
191.09 0
191.1 0
191.11 0
191.12 1.2416
191.13 1.2416
191.14 1.2416
191.15 2.4832
191.16 0
191.17 3.7248
191.18 0
191.19 2.4832
191.2 2.4832
191.21 0
191.22 2.4832
191.23 0
191.24 0
191.25 1.2416
191.26 0
191.27 1.2416
191.28 0
191.29 1.2416
191.3 0
191.31 0
191.32 0
191.33 0
191.34 0
191.35 0
191.36 0
191.37 0
191.38 0
191.39 0
191.4 0
191.41 0
191.42 0
191.43 0
191.44 0
191.45 0
191.46 0
191.47 0
191.48 0
191.49 0
191.5 0
191.51 0
191.52 0
191.53 0
191.54 0
191.55 0
191.56 0
191.57 0
191.58 0
191.59 0
191.6 0
191.61 0
191.62 0
191.63 0
191.64 0
191.65 0
191.66 0
191.67 0
191.68 0
191.69 0
191.7 0
191.71 0
191.72 0
191.73 0
191.74 0
191.75 0
191.76 0
191.77 0
191.78 0
191.79 0
191.8 0
191.81 0
191.82 0
191.83 0
191.84 0
191.85 0
191.86 0
191.87 0
191.88 0
191.89 0
191.9 0
191.91 0
191.92 0
191.93 0
191.94 0
191.95 0
191.96 0
191.97 0
191.98 0
191.99 0
192 0
192.01 0
192.02 0
192.03 0
192.04 0
192.05 0
192.06 0
192.07 0
192.08 0
192.09 0
192.1 0
192.11 0
192.12 0
192.13 0
192.14 0
192.15 0
192.16 0
192.17 0
192.18 0
192.19 0
192.2 0
192.21 0
192.22 0
192.23 0
192.24 0
192.25 0
192.26 0
192.27 0
192.28 0
192.29 1.2416
192.3 1.2416
192.31 1.2416
192.32 1.2416
192.33 1.2416
192.34 0
192.35 1.2416
192.36 2.4832
192.37 0
192.38 1.2416
192.39 2.4832
192.4 1.2416
192.41 2.4832
192.42 1.2416
192.43 2.4832
192.44 1.2416
192.45 2.4832
192.46 2.4832
192.47 2.4832
192.48 1.2416
192.49 2.4832
192.5 3.7248
192.51 1.2416
192.52 1.2416
192.53 1.2416
192.54 1.2416
192.55 2.4832
192.56 1.2416
192.57 1.2416
192.58 1.2416
192.59 1.2416
192.6 1.2416
192.61 2.4832
192.62 2.4832
192.63 1.2416
192.64 2.4832
192.65 1.2416
192.66 2.4832
192.67 0
192.68 1.2416
192.69 1.2416
192.7 0
192.71 2.4832
192.72 0
192.73 1.2416
192.74 1.2416
192.75 1.2416
192.76 1.2416
192.77 0
192.78 0
192.79 0
192.8 0
192.81 0
192.82 0
192.83 0
192.84 0
192.85 0
192.86 0
192.87 0
192.88 0
192.89 0
192.9 0
192.91 0
192.92 0
192.93 0
192.94 0
192.95 0
192.96 0
192.97 0
192.98 0
192.99 0
193 0
193.01 0
193.02 0
193.03 0
193.04 0
193.05 0
193.06 0
193.07 0
193.08 0
193.09 0
193.1 0
193.11 0
193.12 0
193.13 0
193.14 0
193.15 0
193.16 0
193.17 0
193.18 0
193.19 0
193.2 0
193.21 0
193.22 0
193.23 0
193.24 0
193.25 0
193.26 0
193.27 0
193.28 0
193.29 0
193.3 0
193.31 0
193.32 0
193.33 0
193.34 0
193.35 0
193.36 0
193.37 0
193.38 0
193.39 0
193.4 0
193.41 0
193.42 0
193.43 0
193.44 0
193.45 0
193.46 0
193.47 0
193.48 0
193.49 0
193.5 0
193.51 0
193.52 0
193.53 0
193.54 0
193.55 0
193.56 0
193.57 0
193.58 0
193.59 0
193.6 0
193.61 0
193.62 0
193.63 0
193.64 0
193.65 0
193.66 0
193.67 0
193.68 0
193.69 0
193.7 0
193.71 0
193.72 0
193.73 0
193.74 0
193.75 0
193.76 0
193.77 0
193.78 0
193.79 1.2416
193.8 0
193.81 2.4832
193.82 0
193.83 2.4832
193.84 2.4832
193.85 1.2416
193.86 3.7248
193.87 1.2416
193.88 2.4832
193.89 2.4832
193.9 1.2416
193.91 3.7248
193.92 1.2416
193.93 1.2416
193.94 4.9664
193.95 0
193.96 2.4832
193.97 2.4832
193.98 1.2416
193.99 1.2416
194 3.7248
194.01 1.2416
194.02 3.7248
194.03 1.2416
194.04 2.4832
194.05 1.2416
194.06 2.4832
194.07 3.7248
194.08 0
194.09 2.4832
194.1 1.2416
194.11 1.2416
194.12 2.4832
194.13 0
194.14 2.4832
194.15 1.2416
194.16 1.2416
194.17 1.2416
194.18 1.2416
194.19 2.4832
194.2 1.2416
194.21 1.2416
194.22 1.2416
194.23 0
194.24 2.4832
194.25 0
194.26 1.2416
194.27 1.2416
194.28 0
194.29 2.4832
194.3 0
194.31 2.4832
194.32 0
194.33 1.2416
194.34 1.2416
194.35 0
194.36 2.4832
194.37 0
194.38 1.2416
194.39 1.2416
194.4 0
194.41 2.4832
194.42 1.2416
194.43 2.4832
194.44 1.2416
194.45 3.7248
194.46 1.2416
194.47 1.2416
194.48 0
194.49 3.7248
194.5 0
194.51 2.4832
194.52 1.2416
194.53 0
194.54 2.4832
194.55 0
194.56 2.4832
194.57 0
194.58 2.4832
194.59 1.2416
194.6 1.2416
194.61 1.2416
194.62 0
194.63 2.4832
194.64 1.2416
194.65 1.2416
194.66 1.2416
194.67 1.2416
194.68 2.4832
194.69 0
194.7 3.7248
194.71 0
194.72 1.2416
194.73 2.4832
194.74 1.2416
194.75 1.2416
194.76 1.2416
194.77 0
194.78 1.2416
194.79 0
194.8 1.2416
194.81 1.2416
194.82 0
194.83 2.4832
194.84 0
194.85 2.4832
194.86 0
194.87 2.4832
194.88 1.2416
194.89 0
194.9 1.2416
194.91 0
194.92 1.2416
194.93 0
194.94 1.2416
194.95 0
194.96 1.2416
194.97 0
194.98 2.4832
194.99 1.2416
195 1.2416
195.01 1.2416
195.02 1.2416
195.03 0
195.04 2.4832
195.05 0
195.06 0
195.07 2.4832
195.08 0
195.09 1.2416
195.1 1.2416
195.11 1.2416
195.12 0
195.13 1.2416
195.14 0
195.15 0
195.16 2.4832
195.17 0
195.18 2.4832
195.19 0
195.2 0
195.21 3.7248
195.22 0
195.23 1.2416
195.24 3.7248
195.25 1.2416
195.26 4.9664
195.27 2.4832
195.28 4.9664
195.29 2.4832
195.3 3.7248
195.31 3.7248
195.32 3.7248
195.33 2.4832
195.34 3.7248
195.35 2.4832
195.36 3.7248
195.37 3.7248
195.38 3.7248
195.39 0
195.4 3.7248
195.41 0
195.42 4.9664
195.43 1.2416
195.44 4.9664
195.45 2.4832
195.46 3.7248
195.47 2.4832
195.48 3.7248
195.49 2.4832
195.5 2.4832
195.51 3.7248
195.52 1.2416
195.53 1.2416
195.54 0
195.55 1.2416
195.56 0
195.57 1.2416
195.58 0
195.59 0
195.6 1.2416
195.61 0
195.62 1.2416
195.63 1.2416
195.64 0
195.65 1.2416
195.66 1.2416
195.67 0
195.68 2.4832
195.69 1.2416
195.7 1.2416
195.71 2.4832
195.72 1.2416
195.73 2.4832
195.74 1.2416
195.75 3.7248
195.76 0
195.77 2.4832
195.78 3.7248
195.79 0
195.8 1.2416
195.81 1.2416
195.82 0
195.83 2.4832
195.84 0
195.85 1.2416
195.86 0
195.87 1.2416
195.88 1.2416
195.89 0
195.9 1.2416
195.91 1.2416
195.92 0
195.93 0
195.94 1.2416
195.95 0
195.96 1.2416
195.97 0
195.98 0
195.99 1.2416
196 1.2416
196.01 1.2416
196.02 2.4832
196.03 0
196.04 1.2416
196.05 2.4832
196.06 0
196.07 1.2416
196.08 0
196.09 0
196.1 1.2416
196.11 0
196.12 1.2416
196.13 0
196.14 1.2416
196.15 1.2416
196.16 1.2416
196.17 2.4832
196.18 0
196.19 2.4832
196.2 0
196.21 2.4832
196.22 1.2416
196.23 0
196.24 3.7248
196.25 1.2416
196.26 1.2416
196.27 4.9664
196.28 0
196.29 4.9664
196.3 4.9664
196.31 4.9664
196.32 4.9664
196.33 3.7248
196.34 3.7248
196.35 3.7248
196.36 3.7248
196.37 3.7248
196.38 3.7248
196.39 2.4832
196.4 2.4832
196.41 2.4832
196.42 0
196.43 2.4832
196.44 0
196.45 1.2416
196.46 0
196.47 1.2416
196.48 0
196.49 1.2416
196.5 0
196.51 1.2416
196.52 0
196.53 1.2416
196.54 0
196.55 0
196.56 1.2416
196.57 0
196.58 1.2416
196.59 0
196.6 0
196.61 1.2416
196.62 0
196.63 0
196.64 0
196.65 0
196.66 0
196.67 0
196.68 0
196.69 0
196.7 0
196.71 0
196.72 0
196.73 0
196.74 0
196.75 0
196.76 0
196.77 0
196.78 0
196.79 0
196.8 0
196.81 0
196.82 0
196.83 0
196.84 0
196.85 0
196.86 0
196.87 0
196.88 0
196.89 0
196.9 0
196.91 0
196.92 0
196.93 0
196.94 0
196.95 0
196.96 0
196.97 0
196.98 0
196.99 0
197 0
197.01 0
197.02 0
197.03 0
197.04 0
197.05 0
197.06 0
197.07 0
197.08 0
197.09 0
197.1 0
197.11 0
197.12 0
197.13 0
197.14 0
197.15 0
197.16 0
197.17 0
197.18 0
197.19 0
197.2 0
197.21 0
197.22 0
197.23 0
197.24 0
197.25 0
197.26 0
197.27 0
197.28 0
197.29 0
197.3 0
197.31 0
197.32 0
197.33 0
197.34 0
197.35 0
197.36 0
197.37 0
197.38 0
197.39 1.2416
197.4 0
197.41 2.4832
197.42 0
197.43 2.4832
197.44 1.2416
197.45 2.4832
197.46 0
197.47 2.4832
197.48 2.4832
197.49 1.2416
197.5 3.7248
197.51 1.2416
197.52 3.7248
197.53 3.7248
197.54 3.7248
197.55 4.9664
197.56 1.2416
197.57 3.7248
197.58 1.2416
197.59 1.2416
197.6 0
197.61 0
197.62 0
197.63 0
197.64 0
197.65 0
197.66 0
197.67 0
197.68 0
197.69 0
197.7 0
197.71 0
197.72 0
197.73 0
197.74 0
197.75 0
197.76 0
197.77 0
197.78 0
197.79 0
197.8 0
197.81 0
197.82 0
197.83 0
197.84 0
197.85 0
197.86 0
197.87 0
197.88 0
197.89 0
197.9 0
197.91 0
197.92 0
197.93 0
197.94 0
197.95 0
197.96 0
197.97 0
197.98 0
197.99 0
198 0
198.01 0
198.02 0
198.03 0
198.04 0
198.05 0
198.06 0
198.07 0
198.08 0
198.09 0
198.1 0
198.11 0
198.12 0
198.13 0
198.14 0
198.15 0
198.16 0
198.17 0
198.18 0
198.19 0
198.2 0
198.21 0
198.22 0
198.23 0
198.24 0
198.25 0
198.26 0
198.27 0
198.28 0
198.29 0
198.3 0
198.31 0
198.32 0
198.33 0
198.34 0
198.35 0
198.36 0
198.37 0
198.38 0
198.39 0
198.4 0
198.41 0
198.42 0
198.43 0
198.44 0
198.45 0
198.46 0
198.47 0
198.48 0
198.49 0
198.5 0
198.51 0
198.52 0
198.53 0
198.54 0
198.55 0
198.56 0
198.57 1.2416
198.58 0
198.59 2.4832
198.6 0
198.61 1.2416
198.62 1.2416
198.63 0
198.64 1.2416
198.65 1.2416
198.66 0
198.67 2.4832
198.68 0
198.69 2.4832
198.7 0
198.71 2.4832
198.72 2.4832
198.73 2.4832
198.74 3.7248
198.75 1.2416
198.76 3.7248
198.77 2.4832
198.78 2.4832
198.79 3.7248
198.8 2.4832
198.81 2.4832
198.82 3.7248
198.83 2.4832
198.84 3.7248
198.85 3.7248
198.86 1.2416
198.87 2.4832
198.88 0
198.89 3.7248
198.9 0
198.91 3.7248
198.92 1.2416
198.93 1.2416
198.94 2.4832
198.95 0
198.96 2.4832
198.97 1.2416
198.98 1.2416
198.99 1.2416
199 1.2416
199.01 1.2416
199.02 1.2416
199.03 0
199.04 2.4832
199.05 0
199.06 3.7248
199.07 0
199.08 3.7248
199.09 0
199.1 2.4832
199.11 1.2416
199.12 2.4832
199.13 1.2416
199.14 3.7248
199.15 0
199.16 1.2416
199.17 2.4832
199.18 1.2416
199.19 3.7248
199.2 0
199.21 1.2416
199.22 1.2416
199.23 2.4832
199.24 0
199.25 2.4832
199.26 1.2416
199.27 1.2416
199.28 2.4832
199.29 0
199.3 3.7248
199.31 0
199.32 2.4832
199.33 1.2416
199.34 2.4832
199.35 1.2416
199.36 2.4832
199.37 3.7248
199.38 1.2416
199.39 3.7248
199.4 1.2416
199.41 3.7248
199.42 2.4832
199.43 1.2416
199.44 3.7248
199.45 0
199.46 3.7248
199.47 2.4832
199.48 2.4832
199.49 1.2416
199.5 1.2416
199.51 3.7248
199.52 0
199.53 2.4832
199.54 2.4832
199.55 0
199.56 1.2416
199.57 0
199.58 1.2416
199.59 0
199.6 0
199.61 1.2416
199.62 0
199.63 2.4832
199.64 0
199.65 2.4832
199.66 0
199.67 1.2416
199.68 1.2416
199.69 0
199.7 3.7248
199.71 0
199.72 3.7248
199.73 1.2416
199.74 3.7248
199.75 2.4832
199.76 2.4832
199.77 4.9664
199.78 2.4832
199.79 2.4832
199.8 3.7248
199.81 2.4832
199.82 3.7248
199.83 3.7248
199.84 2.4832
199.85 4.9664
199.86 3.7248
199.87 3.7248
199.88 2.4832
199.89 1.2416
199.9 4.9664
199.91 2.4832
199.92 3.7248
199.93 2.4832
199.94 2.4832
199.95 3.7248
199.96 2.4832
199.97 2.4832
199.98 2.4832
199.99 2.4832
