175 4.34163
175.05 4.22144
175.1 3.22816
175.15 4.9664
175.2 3.97312
175.25 3.7248
175.3 4.9664
175.35 3.47648
175.4 2.73152
175.45 4.9664
175.5 4.46976
175.55 4.22144
175.6 3.47648
175.65 4.71808
175.7 3.47648
175.75 2.73152
175.8 5.71136
175.85 4.46976
175.9 3.97312
175.95 3.47648
176 4.71808
176.05 3.7248
176.1 2.73152
176.15 4.22144
176.2 3.47648
176.25 2.4832
176.3 6.208
176.35 1.73824
176.4 4.22144
176.45 5.21472
176.5 1.2416
176.55 4.71808
176.6 5.21472
176.65 0.99328
176.7 3.97312
176.75 4.71808
176.8 2.4832
176.85 3.7248
176.9 5.46304
176.95 2.23488
177 3.47648
177.05 4.22144
177.1 3.97312
177.15 3.47648
177.2 3.7248
177.25 4.71808
177.3 2.73152
177.35 4.46976
177.4 4.71808
177.45 1.98656
177.5 4.71808
177.55 4.9664
177.6 0.49664
177.65 4.9664
177.7 5.71136
177.75 1.48992
177.8 3.97312
177.85 4.22144
177.9 4.22144
177.95 2.4832
178 5.21472
178.05 4.71808
178.1 0
178.15 6.45632
178.2 5.21472
178.25 0.74496
178.3 3.97312
178.35 5.46304
178.4 2.97984
178.45 2.97984
178.5 4.71808
178.55 4.71808
178.6 0.99328
178.65 5.95968
178.7 4.71808
178.75 0.74496
178.8 4.46976
178.85 5.46304
178.9 2.4832
178.95 3.7248
179 3.97312
179.05 4.71808
179.1 1.73824
179.15 5.71136
179.2 4.22144
179.25 0.74496
179.3 4.22144
179.35 6.208
179.4 1.98656
179.45 3.7248
179.5 4.22144
179.55 4.46976
179.6 0.99328
179.65 6.70464
179.7 4.22144
179.75 0.49664
179.8 3.97312
179.85 6.45632
179.9 1.98656
179.95 3.22816
180 4.71808
180.05 4.46976
180.1 0.24832
180.15 5.95968
180.2 5.46304
180.25 0.74496
180.3 3.97312
180.35 5.46304
180.4 2.97984
180.45 2.23488
180.5 5.71136
180.55 4.22144
180.6 0.49664
180.65 3.97312
180.7 5.95968
180.75 2.73152
180.8 2.4832
180.85 5.71136
180.9 4.46976
180.95 0.24832
181 3.97312
181.05 6.45632
181.1 2.4832
181.15 1.98656
181.2 5.95968
181.25 3.47648
181.3 0.74496
181.35 4.71808
181.4 4.46976
181.45 3.22816
181.5 4.46976
181.55 1.73824
181.6 4.46976
181.65 3.97312
181.7 1.48992
181.75 4.71808
181.8 5.71136
181.85 1.73824
181.9 3.47648
181.95 5.46304
182 1.98656
182.05 3.47648
182.1 5.71136
182.15 1.48992
182.2 3.97312
182.25 4.9664
182.3 1.73824
182.35 4.9664
182.4 4.71808
182.45 1.48992
182.5 5.21472
182.55 3.22816
182.6 3.7248
182.65 3.97312
182.7 2.23488
182.75 6.208
182.8 2.4832
182.85 3.22816
182.9 5.46304
182.95 1.73824
183 4.9664
183.05 2.97984
183.1 4.71808
183.15 3.47648
183.2 2.23488
183.25 5.71136
183.3 1.98656
183.35 4.9664
183.4 3.22816
183.45 4.46976
183.5 3.7248
183.55 2.23488
183.6 5.71136
183.65 1.73824
183.7 4.71808
183.75 3.22816
183.8 4.71808
183.85 3.47648
183.9 0.99328
183.95 4.71808
184 3.47648
184.05 2.4832
184.1 3.7248
184.15 3.47648
184.2 2.4832
184.25 4.22144
184.3 3.47648
184.35 2.23488
184.4 4.9664
184.45 3.47648
184.5 1.48992
184.55 5.95968
184.6 3.7248
184.65 0.74496
184.7 5.71136
184.75 4.22144
184.8 0.74496
184.85 5.95968
184.9 3.47648
184.95 2.4832
185 4.22144
185.05 3.7248
185.1 4.22144
185.15 3.47648
185.2 4.71808
185.25 3.97312
185.3 1.98656
185.35 5.21472
185.4 4.22144
185.45 1.48992
185.5 5.71136
185.55 3.22816
185.6 3.97312
185.65 3.7248
185.7 4.71808
185.75 3.7248
185.8 2.4832
185.85 4.9664
185.9 4.71808
185.95 1.73824
186 5.71136
186.05 3.47648
186.1 3.97312
186.15 3.47648
186.2 5.21472
186.25 3.97312
186.3 1.48992
186.35 5.95968
186.4 3.7248
186.45 2.97984
186.5 5.71136
186.55 3.22816
186.6 3.7248
186.65 3.47648
186.7 4.9664
186.75 3.47648
186.8 2.23488
186.85 6.45632
186.9 2.4832
186.95 3.7248
187 5.21472
187.05 4.22144
187.1 2.4832
187.15 3.47648
187.2 5.46304
187.25 2.4832
187.3 3.47648
187.35 6.208
187.4 3.47648
187.45 2.4832
187.5 3.22816
187.55 5.95968
187.6 2.73152
187.65 2.73152
187.7 6.208
187.75 3.47648
187.8 2.23488
187.85 2.97984
187.9 6.208
187.95 2.4832
188 2.4832
188.05 3.7248
188.1 2.73152
188.15 2.73152
188.2 3.97312
188.25 2.4832
188.3 2.97984
188.35 4.22144
188.4 2.73152
188.45 2.97984
188.5 3.97312
188.55 3.7248
188.6 2.23488
188.65 2.4832
188.7 5.95968
188.75 1.73824
188.8 2.97984
188.85 4.9664
188.9 1.98656
188.95 3.47648
189 4.46976
189.05 3.7248
189.1 1.98656
189.15 3.47648
189.2 5.46304
189.25 1.98656
189.3 3.22816
189.35 3.97312
189.4 4.22144
189.45 1.48992
189.5 3.22816
189.55 3.7248
189.6 2.4832
189.65 4.71808
189.7 1.48992
189.75 3.97312
189.8 4.9664
189.85 0.49664
189.9 4.46976
189.95 4.46976
190 1.73824
190.05 3.7248
190.1 3.97312
190.15 2.73152
190.2 3.22816
190.25 3.7248
190.3 2.97984
190.35 2.97984
190.4 3.97312
190.45 2.4832
190.5 3.47648
190.55 4.22144
190.6 2.4832
190.65 3.22816
190.7 4.46976
190.75 2.23488
190.8 3.22816
190.85 4.9664
190.9 0.74496
190.95 3.97312
191 3.47648
191.05 2.23488
191.1 3.97312
191.15 2.73152
191.2 3.97312
191.25 3.47648
191.3 2.97984
191.35 4.22144
191.4 1.98656
191.45 3.47648
191.5 3.7248
191.55 1.48992
191.6 3.97312
191.65 2.73152
191.7 3.97312
191.75 3.22816
191.8 2.97984
191.85 4.46976
191.9 1.98656
191.95 2.97984
192 2.73152
192.05 2.97984
192.1 3.47648
192.15 2.97984
192.2 4.22144
192.25 2.97984
192.3 2.73152
192.35 4.71808
192.4 1.48992
192.45 2.97984
192.5 2.4832
192.55 3.97312
192.6 3.22816
192.65 2.4832
192.7 4.71808
192.75 2.23488
192.8 2.73152
192.85 2.97984
192.9 3.47648
192.95 2.97984
193 2.97984
193.05 4.22144
193.1 2.73152
193.15 2.23488
193.2 3.47648
193.25 2.97984
193.3 2.97984
193.35 2.97984
193.4 3.97312
193.45 3.22816
193.5 2.4832
193.55 4.22144
193.6 2.97984
193.65 2.23488
193.7 2.23488
193.75 3.97312
193.8 3.47648
193.85 2.4832
193.9 4.71808
193.95 2.97984
194 2.23488
194.05 2.4832
194.1 4.22144
194.15 3.22816
194.2 2.73152
194.25 4.46976
194.3 2.97984
194.35 2.23488
194.4 2.23488
194.45 4.71808
194.5 3.22816
194.55 2.73152
194.6 4.9664
194.65 2.97984
194.7 2.23488
194.75 2.23488
194.8 5.21472
194.85 3.22816
194.9 2.23488
194.95 5.21472
195 2.73152
195.05 2.97984
195.1 3.22816
195.15 3.47648
195.2 3.47648
195.25 2.23488
195.3 3.97312
195.35 3.47648
195.4 2.73152
195.45 3.47648
195.5 3.7248
195.55 3.7248
195.6 2.4832
195.65 3.97312
195.7 3.47648
195.75 2.97984
195.8 3.97312
195.85 2.73152
195.9 3.47648
195.95 3.7248
196 2.4832
196.05 4.46976
196.1 3.22816
196.15 3.47648
196.2 3.7248
196.25 2.4832
196.3 3.97312
196.35 3.22816
196.4 3.22816
196.45 3.97312
196.5 2.4832
196.55 3.7248
196.6 3.47648
196.65 4.46976
196.7 2.73152
196.75 2.73152
196.8 4.71808
196.85 1.98656
196.9 3.7248
196.95 3.22816
197 4.22144
197.05 3.97312
197.1 1.2416
197.15 3.7248
197.2 4.46976
197.25 2.23488
197.3 1.98656
197.35 4.71808
197.4 2.4832
197.45 2.97984
197.5 3.7248
197.55 3.47648
197.6 2.97984
197.65 2.73152
197.7 4.22144
197.75 3.22816
197.8 1.98656
197.85 4.46976
197.9 2.73152
197.95 2.4832
198 4.71808
198.05 2.73152
198.1 2.23488
198.15 4.46976
198.2 2.73152
198.25 2.73152
198.3 4.46976
198.35 2.23488
198.4 3.22816
198.45 3.7248
198.5 2.23488
198.55 4.22144
198.6 3.22816
198.65 2.23488
198.7 4.71808
198.75 2.4832
198.8 2.73152
198.85 4.9664
198.9 1.73824
198.95 3.47648
199 3.47648
199.05 2.4832
199.1 4.22144
199.15 2.4832
199.2 2.73152
199.25 4.9664
199.3 1.2416
199.35 3.7248
199.4 4.46976
199.45 1.48992
199.5 4.22144
199.55 3.22816
199.6 1.98656
199.65 4.9664
199.7 2.23488
199.75 2.97984
199.8 3.7248
199.85 2.4832
199.9 3.97312
199.95 2.73152
