176.001 153
176.004 154
176.006 155
176.008 156
176.011 157
176.013 158
176.016 159
176.018 160
176.021 161
176.023 162
176.025 163
176.028 164
176.03 165
176.032 166
176.034 167
176.036 168
176.038 169
176.041 170
176.043 171
176.045 172
176.047 173
176.049 174
176.051 175
176.054 176
176.056 177
176.058 178
176.061 179
176.064 180
176.071 125
177.285 126
177.286 127
177.287 128
177.288 129
177.289 130
177.29 131
177.291 132
177.292 133
177.293 134
177.294 135
177.295 136
177.296 137
177.297 138
177.298 139
177.299 140
177.3 141
177.301 142
177.302 143
177.303 144
177.31 145
178.277 146
178.284 147
178.292 148
178.301 149
178.312 150
178.321 151
178.33 152
178.341 153
178.353 154
178.365 155
178.375 108
180.506 109
180.507 110
180.508 111
180.51 112
180.511 113
180.512 114
180.513 115
180.514 116
180.515 117
180.521 118
180.547 119
180.581 120
180.628 121
181.622 122
181.633 123
181.654 124
181.678 125
181.712 126
181.765 127
182.757 128
182.812 129
182.979 130
184.121 131
185.071 91
186.344 92
186.346 93
186.347 94
186.348 95
186.392 96
186.393 97
186.395 98
186.396 99
186.397 100
186.398 101
186.399 102
186.4 103
186.402 104
186.403 105
186.405 106
186.406 107
186.407 108
186.409 109
187.309 110
187.31 111
187.315 112
187.329 113
187.349 79
188.609 80
188.61 81
188.616 82
188.617 83
188.62 84
188.621 85
188.622 86
188.623 87
188.657 88
188.682 89
189.549 90
189.58 91
189.747 92
189.799 93
190.674 94
190.889 95
192.021 96
192.935 97
193.132 98
193.217 99
194.09 100
194.091 101
194.103 102
194.142 71
195.284 72
195.406 73
195.407 74
195.408 75
195.41 76
195.411 77
195.436 78
195.438 79
195.441 80
195.444 81
195.449 82
195.452 83
195.455 84
195.458 85
195.461 86
195.465 87
195.467 88
195.49 89
196.378 90
196.381 91
196.395 63
197.687 64
197.689 65
197.69 66
197.692 67
197.693 68
197.697 69
197.698 70
197.7 71
197.702 72
197.745 73
198.647 74
198.844 75
199.764 76
