175.309 2
175.326 3
175.627 2
175.642 3
176.015 2
176.03 3
176.474 4
177.128 2
177.143 3
177.484 4
177.608 2
177.624 3
177.812 4
177.948 2
177.963 3
178.168 2
179.133 3
179.879 4
180.125 5
180.174 3
180.188 4
180.528 5
180.606 3
180.621 4
180.918 5
181.143 3
181.158 4
181.409 2
181.434 3
181.717 2
181.733 3
182.339 4
183.086 2
183.116 3
183.463 4
183.619 2
183.633 3
183.694 4
184.1 2
184.115 3
184.235 2
184.854 3
185.502 2
185.517 3
185.669 2
185.683 3
186.386 2
186.401 3
186.467 4
186.823 2
186.839 3
187.18 4
187.246 2
187.26 3
187.605 4
187.713 2
187.729 3
187.914 4
188.3 2
188.347 3
188.691 4
188.723 2
188.738 3
188.818 2
189.037 3
189.085 2
189.1 3
189.191 2
189.206 3
189.471 2
189.486 3
189.738 2
189.754 3
190.285 2
190.3 3
190.741 4
191.975 2
191.991 3
192.005 4
192.303 2
192.326 3
192.666 4
192.839 2
192.853 3
193.194 4
193.226 2
193.304 3
193.467 4
193.684 2
193.699 3
194.04 4
194.288 2
194.363 3
194.703 4
195.213 2
195.228 3
195.242 4
195.322 2
195.337 3
195.681 4
195.9 2
195.915 3
196.261 4
196.763 5
197.177 3
197.195 4
197.349 2
197.365 3
198.07 4
198.194 2
198.209 3
198.551 4
199.36 2
199.374 3
199.386 4
199.63 2
199.645 3
199.773 2
