175 2.18345
175.05 3.22816
175.1 1.73824
175.15 1.48992
175.2 3.22816
175.25 1.48992
175.3 1.48992
175.35 3.47648
175.4 1.48992
175.45 0.74496
175.5 4.22144
175.55 1.2416
175.6 0.99328
175.65 3.7248
175.7 1.73824
175.75 0.49664
175.8 3.7248
175.85 2.23488
175.9 0.49664
175.95 3.47648
176 2.4832
176.05 1.2416
176.1 3.97312
176.15 1.73824
176.2 3.47648
176.25 2.4832
176.3 1.73824
176.35 3.47648
176.4 1.73824
176.45 3.47648
176.5 2.4832
176.55 0.49664
176.6 3.7248
176.65 2.4832
176.7 1.48992
176.75 2.97984
176.8 2.4832
176.85 1.48992
176.9 2.73152
176.95 2.4832
177 1.48992
177.05 2.73152
177.1 2.73152
177.15 1.73824
177.2 2.4832
177.25 2.73152
177.3 1.73824
177.35 2.4832
177.4 2.23488
177.45 2.23488
177.5 2.73152
177.55 1.73824
177.6 2.97984
177.65 2.23488
177.7 1.2416
177.75 3.97312
177.8 2.23488
177.85 1.73824
177.9 1.48992
177.95 2.73152
178 1.2416
178.05 3.7248
178.1 1.48992
178.15 0.99328
178.2 3.7248
178.25 1.48992
178.3 1.98656
178.35 2.97984
178.4 1.48992
178.45 2.4832
178.5 2.4832
178.55 1.73824
178.6 2.4832
178.65 2.4832
178.7 1.98656
178.75 2.4832
178.8 2.4832
178.85 1.98656
178.9 1.48992
178.95 2.97984
179 1.98656
179.05 1.48992
179.1 1.98656
179.15 2.4832
179.2 1.2416
179.25 2.97984
179.3 1.73824
179.35 1.73824
179.4 2.97984
179.45 1.48992
179.5 2.4832
179.55 1.48992
179.6 2.73152
179.65 1.98656
179.7 2.23488
179.75 1.48992
179.8 1.98656
179.85 2.73152
179.9 1.2416
179.95 2.23488
180 2.4832
180.05 1.48992
180.1 2.73152
180.15 1.73824
180.2 1.73824
180.25 2.4832
180.3 1.73824
180.35 1.73824
180.4 2.4832
180.45 1.73824
180.5 1.73824
180.55 2.4832
180.6 1.73824
180.65 1.48992
180.7 2.73152
180.75 1.73824
180.8 1.2416
180.85 2.23488
180.9 2.23488
180.95 0.99328
181 1.98656
181.05 1.98656
181.1 1.48992
181.15 1.48992
181.2 2.4832
181.25 0.74496
181.3 2.23488
181.35 1.48992
181.4 2.23488
181.45 2.23488
181.5 0.74496
181.55 1.73824
181.6 2.73152
181.65 0.74496
181.7 2.23488
181.75 2.23488
181.8 1.48992
181.85 2.97984
181.9 0.74496
181.95 1.98656
182 2.73152
182.05 0.74496
182.1 2.4832
182.15 2.23488
182.2 1.2416
182.25 2.23488
182.3 2.23488
182.35 1.48992
182.4 1.98656
182.45 2.23488
182.5 1.48992
182.55 2.23488
182.6 2.23488
182.65 0.99328
182.7 2.4832
182.75 2.23488
182.8 0.99328
182.85 2.4832
182.9 1.73824
182.95 1.73824
183 0.74496
183.05 1.98656
183.1 2.4832
183.15 0.74496
183.2 3.22816
183.25 0.74496
183.3 0.99328
183.35 2.73152
183.4 0.74496
183.45 3.97312
183.5 0.74496
183.55 0
183.6 3.97312
183.65 0.99328
183.7 2.97984
183.75 0.99328
183.8 1.2416
183.85 3.97312
183.9 1.2416
183.95 0
184 4.22144
184.05 1.2416
184.1 0
184.15 4.22144
184.2 1.2416
184.25 0
184.3 4.46976
184.35 1.2416
184.4 0
184.45 4.46976
184.5 1.2416
184.55 0
184.6 4.71808
184.65 1.2416
184.7 0
184.75 4.71808
184.8 1.2416
184.85 0
184.9 3.7248
184.95 1.48992
185 0.74496
185.05 1.2416
185.1 3.22816
185.15 1.2416
185.2 2.73152
185.25 1.2416
185.3 0.74496
185.35 3.47648
185.4 0.24832
185.45 3.47648
185.5 1.2416
185.55 0.74496
185.6 2.73152
185.65 1.48992
185.7 2.73152
185.75 2.23488
185.8 0
185.85 3.7248
185.9 1.48992
185.95 0.24832
186 3.7248
186.05 1.48992
186.1 0.74496
186.15 3.22816
186.2 1.48992
186.25 1.2416
186.3 2.97984
186.35 1.48992
186.4 1.2416
186.45 2.97984
186.5 1.48992
186.55 0.74496
186.6 3.7248
186.65 1.48992
186.7 0
186.75 4.46976
186.8 1.48992
186.85 0
186.9 4.22144
186.95 1.73824
187 0
187.05 4.22144
187.1 1.73824
187.15 0
187.2 4.46976
187.25 1.48992
187.3 1.73824
187.35 3.7248
187.4 0.49664
187.45 4.22144
187.5 1.73824
187.55 0
187.6 4.46976
187.65 1.48992
187.7 0.99328
187.75 3.47648
187.8 1.48992
187.85 1.48992
187.9 2.97984
187.95 1.48992
188 1.73824
188.05 2.73152
188.1 1.48992
188.15 1.73824
188.2 2.73152
188.25 1.48992
188.3 1.73824
188.35 2.73152
188.4 1.48992
188.45 1.73824
188.5 2.73152
188.55 1.48992
188.6 1.2416
188.65 3.22816
188.7 1.48992
188.75 0
188.8 4.46976
188.85 1.48992
188.9 0
188.95 3.7248
189 1.98656
189.05 0
189.1 1.73824
189.15 1.98656
189.2 0
189.25 1.73824
189.3 2.23488
189.35 0
189.4 2.97984
189.45 1.48992
189.5 0
189.55 3.22816
189.6 1.48992
189.65 0
189.7 3.47648
189.75 1.48992
189.8 0
189.85 3.47648
189.9 1.73824
189.95 0
190 3.47648
190.05 1.73824
190.1 0
190.15 2.97984
190.2 2.4832
190.25 0
190.3 1.98656
190.35 3.7248
190.4 0
190.45 2.73152
190.5 2.97984
190.55 0
190.6 4.22144
190.65 1.48992
190.7 1.73824
190.75 4.22144
190.8 0
190.85 2.4832
190.9 3.47648
190.95 0
191 3.7248
191.05 2.23488
191.1 0
191.15 3.97312
191.2 1.98656
191.25 0
191.3 3.97312
191.35 1.98656
191.4 0
191.45 2.23488
191.5 3.7248
191.55 0
191.6 1.73824
191.65 4.22144
191.7 0
191.75 1.2416
191.8 4.71808
191.85 0
191.9 2.73152
191.95 3.22816
192 0
192.05 4.22144
192.1 1.73824
192.15 0
192.2 4.22144
192.25 1.73824
192.3 0
192.35 4.22144
192.4 1.73824
192.45 0
192.5 4.22144
192.55 1.73824
192.6 0
192.65 3.97312
192.7 1.98656
192.75 0
192.8 2.4832
192.85 3.22816
192.9 0
192.95 1.98656
193 1.98656
193.05 0.49664
193.1 3.47648
193.15 0.49664
193.2 1.48992
193.25 3.22816
193.3 0
193.35 2.23488
193.4 2.73152
193.45 0
193.5 2.23488
193.55 2.97984
193.6 0
193.65 2.23488
193.7 2.97984
193.75 0
193.8 2.4832
193.85 2.97984
193.9 0
193.95 2.4832
194 3.22816
194.05 0
194.1 2.4832
194.15 3.22816
194.2 0
194.25 0.99328
194.3 3.97312
194.35 0
194.4 1.2416
194.45 2.73152
194.5 0
194.55 1.73824
194.6 2.73152
194.65 0.74496
194.7 2.97984
194.75 0.99328
194.8 1.2416
194.85 3.7248
194.9 0
194.95 1.73824
195 3.22816
195.05 0
195.1 1.98656
195.15 3.22816
195.2 0
195.25 2.23488
195.3 3.22816
195.35 0
195.4 2.23488
195.45 3.22816
195.5 0
195.55 2.4832
195.6 3.22816
195.65 0
195.7 2.4832
195.75 2.73152
195.8 0.49664
195.85 2.73152
195.9 1.98656
195.95 1.2416
196 2.23488
196.05 1.48992
196.1 1.98656
196.15 1.98656
196.2 0.74496
196.25 2.4832
196.3 0.99328
196.35 1.73824
196.4 1.2416
196.45 0.99328
196.5 3.47648
196.55 0.24832
196.6 1.73824
196.65 2.4832
196.7 1.2416
196.75 2.23488
196.8 1.2416
196.85 1.48992
196.9 3.47648
196.95 0
197 1.73824
197.05 3.47648
197.1 0
197.15 1.73824
197.2 3.7248
197.25 0
197.3 1.73824
197.35 3.7248
197.4 0
197.45 1.98656
197.5 3.7248
197.55 0
197.6 1.98656
197.65 3.22816
197.7 0.49664
197.75 1.48992
197.8 2.73152
197.85 1.2416
197.9 1.48992
197.95 2.73152
198 0.49664
198.05 1.2416
198.1 2.73152
198.15 0
198.2 2.23488
198.25 2.23488
198.3 1.2416
198.35 1.98656
198.4 1.48992
198.45 1.98656
198.5 1.48992
198.55 1.48992
198.6 2.23488
198.65 1.48992
198.7 1.48992
198.75 1.98656
198.8 1.48992
198.85 1.98656
198.9 1.2416
198.95 1.2416
199 2.97984
199.05 0
199.1 2.4832
199.15 3.22816
199.2 1.48992
199.25 2.4832
199.3 1.73824
199.35 2.4832
199.4 3.47648
199.45 0
199.5 2.97984
199.55 2.97984
199.6 1.98656
199.65 1.98656
199.7 1.98656
199.75 2.4832
199.8 2.4832
199.85 0.99328
199.9 2.4832
199.95 2.4832
