15 1.85962
15.01 2.15211
15.02 1.8624
15.03 2.11072
15.04 1.90379
15.05 1.90379
15.06 2.02795
15.07 1.90379
15.08 2.11072
15.09 1.8624
15.1 2.02795
15.11 1.94517
15.12 1.8624
15.13 2.15211
15.14 1.8624
15.15 2.06933
15.16 1.8624
15.17 1.90379
15.18 2.11072
15.19 1.82101
15.2 2.15211
15.21 1.94517
15.22 1.90379
15.23 1.98656
15.24 1.8624
15.25 2.15211
15.26 1.90379
15.27 2.02795
15.28 1.90379
15.29 1.82101
15.3 2.19349
15.31 1.82101
15.32 2.11072
15.33 1.90379
15.34 1.90379
15.35 2.02795
15.36 1.90379
15.37 2.11072
15.38 1.8624
15.39 2.02795
15.4 1.94517
15.41 1.8624
15.42 2.19349
15.43 1.8624
15.44 2.02795
15.45 1.8624
15.46 1.90379
15.47 2.11072
15.48 1.82101
15.49 2.15211
15.5 1.94517
15.51 1.90379
15.52 1.98656
15.53 1.8624
15.54 2.15211
15.55 1.90379
15.56 2.02795
15.57 1.90379
15.58 1.82101
15.59 2.19349
15.6 1.8624
15.61 2.06933
15.62 1.90379
15.63 1.90379
15.64 2.02795
15.65 1.90379
15.66 2.11072
15.67 1.8624
15.68 2.02795
15.69 1.98656
15.7 1.82101
15.71 2.19349
15.72 1.8624
15.73 2.02795
15.74 1.8624
15.75 1.90379
15.76 2.11072
15.77 1.82101
15.78 2.19349
15.79 1.90379
15.8 1.90379
15.81 1.98656
15.82 1.90379
15.83 2.11072
15.84 1.90379
15.85 2.02795
15.86 1.90379
15.87 1.82101
15.88 2.19349
15.89 1.8624
15.9 2.06933
15.91 1.90379
15.92 1.90379
15.93 2.02795
15.94 1.90379
15.95 2.11072
15.96 1.8624
15.97 2.02795
15.98 1.98656
15.99 1.82101
16 2.19349
16.01 1.8624
16.02 2.02795
16.03 1.8624
16.04 1.90379
16.05 2.11072
16.06 1.82101
16.07 2.19349
16.08 1.90379
16.09 1.90379
16.1 1.98656
16.11 1.90379
16.12 2.11072
16.13 1.90379
16.14 2.02795
16.15 1.90379
16.16 1.82101
16.17 2.19349
16.18 1.8624
16.19 2.06933
16.2 1.90379
16.21 1.90379
16.22 2.02795
16.23 1.90379
16.24 2.11072
16.25 1.90379
16.26 1.98656
16.27 1.98656
16.28 1.8624
16.29 2.15211
16.3 1.8624
16.31 2.02795
16.32 1.8624
16.33 1.90379
16.34 2.11072
16.35 1.82101
16.36 2.19349
16.37 1.90379
16.38 1.90379
16.39 1.98656
16.4 1.8624
16.41 2.15211
16.42 1.8624
16.43 2.06933
16.44 1.94517
16.45 1.77963
16.46 2.19349
16.47 1.77963
16.48 2.15211
16.49 1.82101
16.5 1.98656
16.51 1.94517
16.52 1.90379
16.53 2.11072
16.54 1.94517
16.55 2.02795
16.56 1.90379
16.57 1.90379
16.58 2.11072
16.59 1.8624
16.6 2.02795
16.61 1.8624
16.62 1.94517
16.63 2.06933
16.64 1.82101
16.65 2.19349
16.66 1.90379
16.67 1.90379
16.68 1.98656
16.69 1.8624
16.7 2.15211
16.71 1.8624
16.72 2.06933
16.73 1.94517
16.74 1.77963
16.75 2.23488
16.76 1.73824
16.77 2.06933
16.78 1.57269
16.79 1.94517
16.8 1.77963
16.81 1.77963
16.82 2.06933
16.83 1.65547
16.84 2.11072
16.85 1.90379
16.86 1.94517
16.87 2.15211
16.88 1.73824
16.89 2.02795
16.9 1.61408
16.91 2.02795
16.92 1.94517
16.93 1.73824
16.94 2.02795
16.95 1.53131
16.96 2.02795
16.97 2.02795
16.98 1.77963
16.99 2.06933
17 1.69685
17.01 2.11072
17.02 1.8624
17.03 1.61408
17.04 2.23488
17.05 1.32437
17.06 1.98656
17.07 1.57269
17.08 1.61408
17.09 2.06933
17.1 1.32437
17.11 2.27627
17.12 1.53131
17.13 2.23488
17.14 1.98656
17.15 1.77963
17.16 2.23488
17.17 1.57269
17.18 2.27627
17.19 1.48992
17.2 1.98656
17.21 1.94517
17.22 1.48992
17.23 2.19349
17.24 1.65547
17.25 2.11072
17.26 1.98656
17.27 1.8624
17.28 2.11072
17.29 1.65547
17.3 2.23488
17.31 1.8624
17.32 1.98656
17.33 2.19349
17.34 1.65547
17.35 2.23488
17.36 1.73824
17.37 2.02795
17.38 2.23488
17.39 1.65547
17.4 2.23488
17.41 1.65547
17.42 2.11072
17.43 2.02795
17.44 1.82101
17.45 2.19349
17.46 1.65547
17.47 2.23488
17.48 1.82101
17.49 1.98656
17.5 2.19349
17.51 1.65547
17.52 2.27627
17.53 1.65547
17.54 2.11072
17.55 2.02795
17.56 1.82101
17.57 2.15211
17.58 1.65547
17.59 2.23488
17.6 1.8624
17.61 1.98656
17.62 2.19349
17.63 1.65547
17.64 2.23488
17.65 1.73824
17.66 2.02795
17.67 2.23488
17.68 1.65547
17.69 2.23488
17.7 1.65547
17.71 2.15211
17.72 1.98656
17.73 1.82101
17.74 2.19349
17.75 1.65547
17.76 2.23488
17.77 1.82101
17.78 1.98656
17.79 2.19349
17.8 1.65547
17.81 2.27627
17.82 1.65547
17.83 2.11072
17.84 2.02795
17.85 1.82101
17.86 2.15211
17.87 1.65547
17.88 2.23488
17.89 1.8624
17.9 1.98656
17.91 2.19349
17.92 1.65547
17.93 2.23488
17.94 1.73824
17.95 2.02795
17.96 2.23488
17.97 1.65547
17.98 2.23488
17.99 1.65547
18 2.15211
18.01 1.98656
18.02 1.82101
18.03 2.19349
18.04 1.65547
18.05 2.23488
18.06 1.82101
18.07 1.98656
18.08 2.19349
18.09 1.69685
18.1 2.23488
18.11 1.65547
18.12 2.11072
18.13 2.02795
18.14 1.82101
18.15 2.19349
18.16 1.61408
18.17 2.23488
18.18 1.8624
18.19 1.98656
18.2 2.19349
18.21 1.61408
18.22 2.19349
18.23 1.73824
18.24 2.02795
18.25 2.19349
18.26 1.65547
18.27 2.23488
18.28 1.65547
18.29 2.15211
18.3 2.02795
18.31 1.77963
18.32 2.19349
18.33 1.65547
18.34 2.23488
18.35 1.8624
18.36 1.94517
18.37 2.19349
18.38 1.69685
18.39 2.23488
18.4 1.65547
18.41 2.11072
18.42 2.11072
18.43 1.73824
18.44 2.19349
18.45 1.65547
18.46 2.19349
18.47 1.90379
18.48 1.94517
18.49 2.19349
18.5 1.65547
18.51 2.23488
18.52 1.73824
18.53 1.98656
18.54 2.19349
18.55 1.65547
18.56 2.23488
18.57 1.61408
18.58 2.15211
18.59 2.06933
18.6 1.73824
18.61 2.19349
18.62 1.65547
18.63 2.23488
18.64 1.90379
18.65 1.90379
18.66 2.19349
18.67 1.69685
18.68 2.23488
18.69 1.65547
18.7 2.11072
18.71 2.11072
18.72 1.73824
18.73 2.19349
18.74 1.65547
18.75 2.19349
18.76 2.02795
18.77 1.82101
18.78 2.19349
18.79 1.65547
18.8 2.23488
18.81 1.77963
18.82 1.98656
18.83 2.23488
18.84 1.65547
18.85 2.23488
18.86 1.65547
18.87 2.15211
18.88 2.06933
18.89 1.73824
18.9 2.19349
18.91 1.65547
18.92 2.23488
18.93 1.90379
18.94 1.90379
18.95 2.15211
18.96 1.69685
18.97 2.27627
18.98 1.69685
18.99 2.06933
19 2.11072
19.01 1.73824
19.02 2.15211
19.03 1.65547
19.04 2.19349
19.05 2.02795
19.06 1.8624
19.07 2.15211
19.08 1.65547
19.09 2.19349
19.1 1.82101
19.11 1.94517
19.12 2.23488
19.13 1.57269
19.14 2.31765
19.15 1.61408
19.16 2.15211
19.17 2.15211
19.18 1.65547
19.19 2.23488
19.2 1.57269
19.21 2.27627
19.22 1.8624
19.23 1.90379
19.24 2.06933
19.25 1.73824
19.26 2.19349
19.27 1.77963
19.28 2.15211
19.29 1.98656
19.3 1.77963
19.31 2.06933
19.32 1.73824
19.33 2.06933
19.34 2.11072
19.35 1.73824
19.36 2.15211
19.37 1.77963
19.38 2.15211
19.39 1.90379
19.4 1.8624
19.41 2.11072
19.42 1.65547
19.43 2.23488
19.44 1.69685
19.45 2.06933
19.46 2.11072
19.47 1.69685
19.48 2.19349
19.49 1.69685
19.5 2.15211
19.51 1.98656
19.52 1.77963
19.53 2.06933
19.54 1.73824
19.55 2.19349
19.56 1.82101
19.57 1.98656
19.58 2.15211
19.59 1.65547
19.6 2.19349
19.61 1.69685
19.62 2.06933
19.63 2.06933
19.64 1.73824
19.65 2.11072
19.66 1.65547
19.67 2.19349
19.68 1.94517
19.69 1.94517
19.7 2.11072
19.71 1.61408
19.72 2.27627
19.73 1.69685
19.74 2.02795
19.75 2.06933
19.76 1.73824
19.77 2.11072
19.78 1.61408
19.79 2.27627
19.8 1.98656
19.81 1.77963
19.82 2.02795
19.83 1.77963
19.84 2.15211
19.85 1.82101
19.86 1.94517
19.87 2.19349
19.88 1.69685
19.89 2.15211
19.9 1.82101
19.91 1.94517
19.92 2.11072
19.93 1.73824
19.94 2.06933
19.95 1.69685
19.96 2.19349
19.97 1.98656
19.98 1.8624
19.99 2.11072
20 1.61408
20.01 2.27627
20.02 1.77963
20.03 1.94517
20.04 2.06933
20.05 1.73824
20.06 2.19349
20.07 1.69685
20.08 2.19349
20.09 1.94517
20.1 1.82101
20.11 1.94517
20.12 1.77963
20.13 2.11072
20.14 1.82101
20.15 2.02795
20.16 2.19349
20.17 1.65547
20.18 2.15211
20.19 1.82101
20.2 2.06933
20.21 1.98656
20.22 1.73824
20.23 2.06933
20.24 1.77963
20.25 2.19349
20.26 1.90379
20.27 1.8624
20.28 2.15211
20.29 1.65547
20.3 2.19349
20.31 1.8624
20.32 2.02795
20.33 2.06933
20.34 1.69685
20.35 2.19349
20.36 1.73824
20.37 2.11072
20.38 2.15211
20.39 1.73824
20.4 2.11072
20.41 1.73824
20.42 2.15211
20.43 1.94517
20.44 1.94517
20.45 2.11072
20.46 1.65547
20.47 2.23488
20.48 1.77963
20.49 2.06933
20.5 2.15211
20.51 1.69685
20.52 2.19349
20.53 1.73824
20.54 2.06933
20.55 2.06933
20.56 1.8624
20.57 2.11072
20.58 1.61408
20.59 2.27627
20.6 1.8624
20.61 2.02795
20.62 2.06933
20.63 1.69685
20.64 2.19349
20.65 1.73824
20.66 2.11072
20.67 2.15211
20.68 1.73824
20.69 2.15211
20.7 1.69685
20.71 2.11072
20.72 2.02795
20.73 1.8624
20.74 2.11072
20.75 1.65547
20.76 2.23488
20.77 1.77963
20.78 2.11072
20.79 2.11072
20.8 1.69685
20.81 2.23488
20.82 1.69685
20.83 2.06933
20.84 2.06933
20.85 1.8624
20.86 2.11072
20.87 1.65547
20.88 2.23488
20.89 1.8624
20.9 2.02795
20.91 2.06933
20.92 1.69685
20.93 2.23488
20.94 1.69685
20.95 2.11072
20.96 2.15211
20.97 1.73824
20.98 2.15211
20.99 1.69685
21 2.15211
21.01 2.02795
21.02 1.8624
21.03 2.11072
21.04 1.61408
21.05 2.27627
21.06 1.77963
21.07 2.06933
21.08 2.11072
21.09 1.69685
21.1 2.23488
21.11 1.69685
21.12 2.06933
21.13 2.06933
21.14 1.8624
21.15 2.11072
21.16 1.65547
21.17 2.23488
21.18 1.8624
21.19 2.02795
21.2 2.06933
21.21 1.69685
21.22 2.23488
21.23 1.69685
21.24 2.11072
21.25 2.15211
21.26 1.73824
21.27 2.19349
21.28 1.65547
21.29 2.15211
21.3 2.02795
21.31 1.8624
21.32 2.11072
21.33 1.65547
21.34 2.27627
21.35 1.77963
21.36 2.06933
21.37 2.06933
21.38 1.69685
21.39 2.23488
21.4 1.69685
21.41 2.06933
21.42 2.15211
21.43 1.77963
21.44 2.11072
21.45 1.65547
21.46 2.23488
21.47 1.8624
21.48 2.02795
21.49 2.06933
21.5 1.69685
21.51 2.27627
21.52 1.65547
21.53 2.11072
21.54 2.15211
21.55 1.73824
21.56 2.19349
21.57 1.69685
21.58 2.11072
21.59 2.02795
21.6 1.90379
21.61 2.06933
21.62 1.65547
21.63 2.27627
21.64 1.77963
21.65 2.06933
21.66 2.11072
21.67 1.69685
21.68 2.23488
21.69 1.65547
21.7 2.06933
21.71 2.15211
21.72 1.77963
21.73 2.11072
21.74 1.65547
21.75 2.23488
21.76 1.90379
21.77 1.98656
21.78 2.06933
21.79 1.69685
21.8 2.27627
21.81 1.65547
21.82 2.11072
21.83 2.19349
21.84 1.69685
21.85 2.19349
21.86 1.69685
21.87 2.11072
21.88 2.02795
21.89 1.90379
21.9 2.06933
21.91 1.65547
21.92 2.27627
21.93 1.77963
21.94 2.06933
21.95 2.11072
21.96 1.69685
21.97 2.27627
21.98 1.65547
21.99 2.06933
22 2.15211
22.01 1.77963
22.02 2.11072
22.03 1.69685
22.04 2.19349
22.05 1.90379
22.06 1.98656
22.07 2.06933
22.08 1.69685
22.09 2.27627
22.1 1.65547
22.11 2.15211
22.12 2.15211
22.13 1.69685
22.14 2.23488
22.15 1.69685
22.16 2.06933
22.17 2.06933
22.18 1.8624
22.19 2.06933
22.2 1.65547
22.21 2.27627
22.22 1.77963
22.23 2.06933
22.24 2.11072
22.25 1.69685
22.26 2.27627
22.27 1.65547
22.28 2.06933
22.29 2.15211
22.3 1.77963
22.31 2.11072
22.32 1.69685
22.33 2.19349
22.34 1.90379
22.35 1.98656
22.36 2.06933
22.37 1.69685
22.38 2.27627
22.39 1.69685
22.4 2.11072
22.41 2.15211
22.42 1.69685
22.43 2.23488
22.44 1.69685
22.45 2.06933
22.46 2.06933
22.47 1.8624
22.48 2.06933
22.49 1.65547
22.5 2.27627
22.51 1.77963
22.52 2.06933
22.53 2.11072
22.54 1.69685
22.55 2.27627
22.56 1.65547
22.57 2.06933
22.58 2.15211
22.59 1.77963
22.6 2.11072
22.61 1.69685
22.62 2.19349
22.63 1.90379
22.64 1.98656
22.65 2.06933
22.66 1.69685
22.67 2.27627
22.68 1.69685
22.69 2.11072
22.7 2.15211
22.71 1.69685
22.72 2.27627
22.73 1.65547
22.74 2.06933
22.75 2.06933
22.76 1.8624
22.77 2.06933
22.78 1.65547
22.79 2.27627
22.8 1.77963
22.81 2.06933
22.82 2.11072
22.83 1.69685
22.84 2.27627
22.85 1.65547
22.86 2.06933
22.87 2.15211
22.88 1.77963
22.89 2.11072
22.9 1.69685
22.91 2.19349
22.92 1.94517
22.93 1.94517
22.94 2.06933
22.95 1.69685
22.96 2.27627
22.97 1.69685
22.98 2.11072
22.99 2.15211
23 1.69685
23.01 2.27627
23.02 1.53131
23.03 2.19349
23.04 1.8624
23.05 1.8624
23.06 2.11072
23.07 1.61408
23.08 2.23488
23.09 1.73824
23.1 2.02795
23.11 2.15211
23.12 1.69685
23.13 2.19349
23.14 1.65547
23.15 2.06933
23.16 2.02795
23.17 1.73824
23.18 2.15211
23.19 1.69685
23.2 2.15211
23.21 1.90379
23.22 1.98656
23.23 2.06933
23.24 1.69685
23.25 2.23488
23.26 1.69685
23.27 2.06933
23.28 2.19349
23.29 1.69685
23.3 2.23488
23.31 1.57269
23.32 2.15211
23.33 1.94517
23.34 1.82101
23.35 2.19349
23.36 1.61408
23.37 2.27627
23.38 1.73824
23.39 2.02795
23.4 2.02795
23.41 1.73824
23.42 2.15211
23.43 1.69685
23.44 2.11072
23.45 1.90379
23.46 1.69685
23.47 1.98656
23.48 1.57269
23.49 2.11072
23.5 1.57269
23.51 1.98656
23.52 2.02795
23.53 1.69685
23.54 2.23488
23.55 1.57269
23.56 2.06933
23.57 2.06933
23.58 1.77963
23.59 2.02795
23.6 1.73824
23.61 2.02795
23.62 1.69685
23.63 1.8624
23.64 2.02795
23.65 1.82101
23.66 2.19349
23.67 1.69685
23.68 1.94517
23.69 1.8624
23.7 1.69685
23.71 2.02795
23.72 1.8624
23.73 1.98656
23.74 1.90379
23.75 1.82101
23.76 2.06933
23.77 1.77963
23.78 2.02795
23.79 1.61408
23.8 1.94517
23.81 1.98656
23.82 1.82101
23.83 2.11072
23.84 1.77963
23.85 2.06933
23.86 1.94517
23.87 1.82101
23.88 2.06933
23.89 1.77963
23.9 2.15211
23.91 1.73824
23.92 2.06933
23.93 1.90379
23.94 1.8624
23.95 2.06933
23.96 1.65547
23.97 2.11072
23.98 1.82101
23.99 1.90379
24 2.11072
24.01 1.73824
24.02 2.19349
24.03 1.77963
24.04 1.90379
24.05 1.98656
24.06 1.82101
24.07 2.06933
24.08 1.73824
24.09 2.11072
24.1 1.90379
24.11 1.90379
24.12 2.11072
24.13 1.69685
24.14 2.02795
24.15 1.8624
24.16 1.8624
24.17 2.11072
24.18 1.82101
24.19 2.19349
24.2 1.65547
24.21 2.02795
24.22 1.90379
24.23 1.8624
24.24 2.11072
24.25 1.77963
24.26 2.11072
24.27 1.90379
24.28 1.82101
24.29 2.11072
24.3 1.65547
24.31 2.11072
24.32 1.8624
24.33 1.94517
24.34 2.06933
24.35 1.82101
24.36 2.06933
24.37 1.73824
24.38 1.98656
24.39 1.90379
24.4 1.8624
24.41 2.19349
24.42 1.73824
24.43 2.06933
24.44 1.8624
24.45 1.82101
24.46 2.06933
24.47 1.77963
24.48 2.19349
24.49 1.73824
24.5 2.02795
24.51 1.94517
24.52 1.8624
24.53 2.11072
24.54 1.69685
24.55 2.06933
24.56 1.82101
24.57 1.82101
24.58 2.11072
24.59 1.65547
24.6 2.11072
24.61 1.82101
24.62 1.90379
24.63 2.06933
24.64 1.73824
24.65 2.06933
24.66 1.73824
24.67 1.94517
24.68 1.8624
24.69 1.90379
24.7 2.11072
24.71 1.69685
24.72 2.02795
24.73 1.8624
24.74 1.82101
24.75 2.06933
24.76 1.73824
24.77 2.15211
24.78 1.73824
24.79 2.02795
24.8 1.98656
24.81 1.8624
24.82 2.02795
24.83 1.73824
24.84 2.02795
24.85 1.8624
24.86 1.82101
24.87 2.19349
24.88 1.69685
24.89 2.19349
24.9 1.8624
24.91 1.90379
24.92 2.06933
24.93 1.73824
24.94 2.06933
24.95 1.82101
24.96 2.02795
24.97 1.94517
24.98 1.90379
24.99 2.15211
