15 1.20772
15.01 2.4832
15.02 1.2416
15.03 2.4832
15.04 1.2416
15.05 2.4832
15.06 1.2416
15.07 2.4832
15.08 1.2416
15.09 2.4832
15.1 1.2416
15.11 2.4832
15.12 2.4832
15.13 1.2416
15.14 0
15.15 1.2416
15.16 1.2416
15.17 1.2416
15.18 2.4832
15.19 1.2416
15.2 1.2416
15.21 1.2416
15.22 2.4832
15.23 1.2416
15.24 1.2416
15.25 2.4832
15.26 1.2416
15.27 2.4832
15.28 2.4832
15.29 1.2416
15.3 2.4832
15.31 1.2416
15.32 2.4832
15.33 1.2416
15.34 2.4832
15.35 1.2416
15.36 1.2416
15.37 0
15.38 2.4832
15.39 1.2416
15.4 1.2416
15.41 1.2416
15.42 1.2416
15.43 2.4832
15.44 1.2416
15.45 1.2416
15.46 1.2416
15.47 2.4832
15.48 1.2416
15.49 2.4832
15.5 1.2416
15.51 2.4832
15.52 1.2416
15.53 2.4832
15.54 1.2416
15.55 2.4832
15.56 1.2416
15.57 2.4832
15.58 1.2416
15.59 2.4832
15.6 0
15.61 1.2416
15.62 1.2416
15.63 1.2416
15.64 1.2416
15.65 2.4832
15.66 1.2416
15.67 1.2416
15.68 1.2416
15.69 1.2416
15.7 2.4832
15.71 1.2416
15.72 1.2416
15.73 2.4832
15.74 1.2416
15.75 2.4832
15.76 1.2416
15.77 2.4832
15.78 2.4832
15.79 1.2416
15.8 2.4832
15.81 1.2416
15.82 2.4832
15.83 1.2416
15.84 1.2416
15.85 1.2416
15.86 1.2416
15.87 1.2416
15.88 1.2416
15.89 1.2416
15.9 1.2416
15.91 1.2416
15.92 1.2416
15.93 1.2416
15.94 1.2416
15.95 2.4832
15.96 1.2416
15.97 1.2416
15.98 2.4832
15.99 1.2416
16 2.4832
16.01 2.4832
16.02 1.2416
16.03 2.4832
16.04 1.2416
16.05 2.4832
16.06 1.2416
16.07 2.4832
16.08 1.2416
16.09 2.4832
16.1 0
16.11 1.2416
16.12 1.2416
16.13 1.2416
16.14 1.2416
16.15 1.2416
16.16 1.2416
16.17 1.2416
16.18 1.2416
16.19 1.2416
16.2 1.2416
16.21 2.4832
16.22 1.2416
16.23 1.2416
16.24 2.4832
16.25 1.2416
16.26 2.4832
16.27 1.2416
16.28 2.4832
16.29 2.4832
16.3 1.2416
16.31 2.4832
16.32 1.2416
16.33 2.4832
16.34 1.2416
16.35 2.4832
16.36 1.2416
16.37 1.2416
16.38 1.2416
16.39 1.2416
16.4 1.2416
16.41 0
16.42 1.2416
16.43 1.2416
16.44 1.2416
16.45 1.2416
16.46 2.4832
16.47 0
16.48 2.4832
16.49 1.2416
16.5 1.2416
16.51 2.4832
16.52 1.2416
16.53 2.4832
16.54 1.2416
16.55 2.4832
16.56 1.2416
16.57 2.4832
16.58 1.2416
16.59 2.4832
16.6 1.2416
16.61 2.4832
16.62 1.2416
16.63 2.4832
16.64 1.2416
16.65 1.2416
16.66 1.2416
16.67 1.2416
16.68 1.2416
16.69 1.2416
16.7 1.2416
16.71 1.2416
16.72 1.2416
16.73 1.2416
16.74 1.2416
16.75 1.2416
16.76 1.2416
16.77 1.2416
16.78 1.2416
16.79 2.4832
16.8 1.2416
16.81 1.2416
16.82 2.4832
16.83 2.4832
16.84 1.2416
16.85 2.4832
16.86 1.2416
16.87 2.4832
16.88 1.2416
16.89 2.4832
16.9 1.2416
16.91 2.4832
16.92 1.2416
16.93 2.4832
16.94 1.2416
16.95 1.2416
16.96 0
16.97 1.2416
16.98 1.2416
16.99 1.2416
17 1.2416
17.01 1.2416
17.02 1.2416
17.03 1.2416
17.04 1.2416
17.05 1.2416
17.06 2.4832
17.07 1.2416
17.08 1.2416
17.09 1.2416
17.1 2.4832
17.11 1.2416
17.12 2.4832
17.13 1.2416
17.14 1.2416
17.15 2.4832
17.16 1.2416
17.17 2.4832
17.18 1.2416
17.19 2.4832
17.2 1.2416
17.21 2.4832
17.22 1.2416
17.23 2.4832
17.24 1.2416
17.25 1.2416
17.26 0
17.27 2.4832
17.28 1.2416
17.29 1.2416
17.3 1.2416
17.31 1.2416
17.32 2.4832
17.33 1.2416
17.34 2.4832
17.35 2.4832
17.36 1.2416
17.37 2.4832
17.38 1.2416
17.39 2.4832
17.4 1.2416
17.41 1.2416
17.42 0
17.43 0
17.44 0
17.45 0
17.46 0
17.47 0
17.48 0
17.49 0
17.5 0
17.51 0
17.52 1.2416
17.53 2.4832
17.54 1.2416
17.55 2.4832
17.56 1.2416
17.57 2.4832
17.58 2.4832
17.59 1.2416
17.6 2.4832
17.61 1.2416
17.62 2.4832
17.63 0
17.64 0
17.65 0
17.66 0
17.67 0
17.68 0
17.69 0
17.7 0
17.71 0
17.72 2.4832
17.73 1.2416
17.74 2.4832
17.75 1.2416
17.76 2.4832
17.77 2.4832
17.78 1.2416
17.79 1.2416
17.8 2.4832
17.81 2.4832
17.82 1.2416
17.83 1.2416
17.84 0
17.85 0
17.86 0
17.87 0
17.88 0
17.89 0
17.9 0
17.91 1.2416
17.92 2.4832
17.93 1.2416
17.94 2.4832
17.95 1.2416
17.96 2.4832
17.97 1.2416
17.98 2.4832
17.99 1.2416
18 1.2416
18.01 2.4832
18.02 1.2416
18.03 2.4832
18.04 0
18.05 0
18.06 0
18.07 0
18.08 0
18.09 0
18.1 0
18.11 1.2416
18.12 2.4832
18.13 1.2416
18.14 1.2416
18.15 2.4832
18.16 1.2416
18.17 2.4832
18.18 1.2416
18.19 2.4832
18.2 1.2416
18.21 1.2416
18.22 2.4832
18.23 1.2416
18.24 2.4832
18.25 0
18.26 0
18.27 0
18.28 0
18.29 0
18.3 0
18.31 0
18.32 1.2416
18.33 2.4832
18.34 1.2416
18.35 1.2416
18.36 2.4832
18.37 1.2416
18.38 1.2416
18.39 2.4832
18.4 1.2416
18.41 2.4832
18.42 1.2416
18.43 2.4832
18.44 1.2416
18.45 1.2416
18.46 2.4832
18.47 0
18.48 0
18.49 0
18.5 0
18.51 0
18.52 0
18.53 0
18.54 2.4832
18.55 1.2416
18.56 1.2416
18.57 1.2416
18.58 2.4832
18.59 1.2416
18.6 1.2416
18.61 1.2416
18.62 2.4832
18.63 1.2416
18.64 1.2416
18.65 2.4832
18.66 1.2416
18.67 2.4832
18.68 1.2416
18.69 2.4832
18.7 0
18.71 0
18.72 0
18.73 0
18.74 0
18.75 0
18.76 1.2416
18.77 1.2416
18.78 1.2416
18.79 2.4832
18.8 1.2416
18.81 1.2416
18.82 1.2416
18.83 1.2416
18.84 1.2416
18.85 2.4832
18.86 1.2416
18.87 1.2416
18.88 1.2416
18.89 2.4832
18.9 1.2416
18.91 2.4832
18.92 1.2416
18.93 2.4832
18.94 0
18.95 0
18.96 0
18.97 0
18.98 0
18.99 0
19 1.2416
19.01 1.2416
19.02 2.4832
19.03 1.2416
19.04 1.2416
19.05 1.2416
19.06 1.2416
19.07 1.2416
19.08 1.2416
19.09 1.2416
19.1 2.4832
19.11 1.2416
19.12 1.2416
19.13 2.4832
19.14 1.2416
19.15 1.2416
19.16 2.4832
19.17 1.2416
19.18 2.4832
19.19 0
19.2 0
19.21 0
19.22 0
19.23 0
19.24 0
19.25 1.2416
19.26 2.4832
19.27 1.2416
19.28 1.2416
19.29 1.2416
19.3 1.2416
19.31 1.2416
19.32 1.2416
19.33 1.2416
19.34 1.2416
19.35 1.2416
19.36 1.2416
19.37 2.4832
19.38 1.2416
19.39 1.2416
19.4 2.4832
19.41 1.2416
19.42 2.4832
19.43 2.4832
19.44 1.2416
19.45 0
19.46 0
19.47 0
19.48 0
19.49 0
19.5 0
19.51 2.4832
19.52 1.2416
19.53 1.2416
19.54 1.2416
19.55 1.2416
19.56 1.2416
19.57 1.2416
19.58 1.2416
19.59 1.2416
19.6 1.2416
19.61 1.2416
19.62 1.2416
19.63 1.2416
19.64 1.2416
19.65 2.4832
19.66 1.2416
19.67 2.4832
19.68 1.2416
19.69 2.4832
19.7 2.4832
19.71 1.2416
19.72 0
19.73 0
19.74 0
19.75 0
19.76 0
19.77 1.2416
19.78 1.2416
19.79 1.2416
19.8 1.2416
19.81 1.2416
19.82 1.2416
19.83 1.2416
19.84 1.2416
19.85 1.2416
19.86 1.2416
19.87 1.2416
19.88 1.2416
19.89 1.2416
19.9 1.2416
19.91 1.2416
19.92 1.2416
19.93 2.4832
19.94 1.2416
19.95 2.4832
19.96 1.2416
19.97 2.4832
19.98 2.4832
19.99 1.2416
20 0
20.01 0
20.02 0
20.03 0
20.04 0
20.05 1.2416
20.06 1.2416
20.07 1.2416
20.08 1.2416
20.09 1.2416
20.1 1.2416
20.11 1.2416
20.12 1.2416
20.13 1.2416
20.14 1.2416
20.15 1.2416
20.16 1.2416
20.17 1.2416
20.18 1.2416
20.19 1.2416
20.2 1.2416
20.21 2.4832
20.22 1.2416
20.23 2.4832
20.24 1.2416
20.25 2.4832
20.26 1.2416
20.27 2.4832
20.28 1.2416
20.29 0
20.3 0
20.31 0
20.32 0
20.33 1.2416
20.34 1.2416
20.35 1.2416
20.36 1.2416
20.37 1.2416
20.38 1.2416
20.39 1.2416
20.4 1.2416
20.41 0
20.42 1.2416
20.43 1.2416
20.44 1.2416
20.45 1.2416
20.46 1.2416
20.47 1.2416
20.48 1.2416
20.49 1.2416
20.5 2.4832
20.51 1.2416
20.52 2.4832
20.53 1.2416
20.54 2.4832
20.55 2.4832
20.56 1.2416
20.57 1.2416
20.58 0
20.59 0
20.6 1.2416
20.61 1.2416
20.62 1.2416
20.63 1.2416
20.64 2.4832
20.65 1.2416
20.66 1.2416
20.67 1.2416
20.68 1.2416
20.69 1.2416
20.7 0
20.71 0
20.72 0
20.73 0
20.74 0
20.75 0
20.76 0
20.77 0
20.78 0
20.79 1.2416
20.8 1.2416
20.81 0
20.82 0
20.83 1.2416
20.84 1.2416
20.85 1.2416
20.86 2.4832
20.87 1.2416
20.88 1.2416
20.89 1.2416
20.9 1.2416
20.91 2.4832
20.92 0
20.93 0
20.94 0
20.95 0
20.96 0
20.97 0
20.98 0
20.99 0
21 0
21.01 1.2416
21.02 1.2416
21.03 0
21.04 0
21.05 2.4832
21.06 1.2416
21.07 1.2416
21.08 1.2416
21.09 2.4832
21.1 2.4832
21.11 0
21.12 2.4832
21.13 1.2416
21.14 0
21.15 0
21.16 0
21.17 0
21.18 0
21.19 0
21.2 0
21.21 0
21.22 1.2416
21.23 1.2416
21.24 0
21.25 0
21.26 1.2416
21.27 1.2416
21.28 1.2416
21.29 2.4832
21.3 1.2416
21.31 1.2416
21.32 2.4832
21.33 2.4832
21.34 1.2416
21.35 1.2416
21.36 0
21.37 0
21.38 0
21.39 0
21.4 0
21.41 0
21.42 0
21.43 0
21.44 1.2416
21.45 1.2416
21.46 0
21.47 0
21.48 1.2416
21.49 1.2416
21.5 1.2416
21.51 2.4832
21.52 1.2416
21.53 1.2416
21.54 2.4832
21.55 1.2416
21.56 2.4832
21.57 2.4832
21.58 0
21.59 0
21.6 0
21.61 0
21.62 0
21.63 0
21.64 0
21.65 0
21.66 1.2416
21.67 1.2416
21.68 0
21.69 0
21.7 0
21.71 1.2416
21.72 1.2416
21.73 1.2416
21.74 2.4832
21.75 1.2416
21.76 2.4832
21.77 1.2416
21.78 2.4832
21.79 1.2416
21.8 2.4832
21.81 1.2416
21.82 0
21.83 0
21.84 0
21.85 0
21.86 0
21.87 0
21.88 0
21.89 1.2416
21.9 1.2416
21.91 0
21.92 0
21.93 0
21.94 1.2416
21.95 1.2416
21.96 1.2416
21.97 1.2416
21.98 1.2416
21.99 1.2416
22 2.4832
22.01 1.2416
22.02 2.4832
22.03 2.4832
22.04 1.2416
22.05 2.4832
22.06 0
22.07 0
22.08 0
22.09 0
22.1 0
22.11 0
22.12 0
22.13 1.2416
22.14 1.2416
22.15 0
22.16 0
22.17 0
22.18 0
22.19 1.2416
22.2 1.2416
22.21 1.2416
22.22 1.2416
22.23 2.4832
22.24 1.2416
22.25 1.2416
22.26 2.4832
22.27 1.2416
22.28 2.4832
22.29 1.2416
22.3 2.4832
22.31 1.2416
22.32 0
22.33 0
22.34 0
22.35 0
22.36 0
22.37 0
22.38 1.2416
22.39 0
22.4 1.2416
22.41 0
22.42 0
22.43 0
22.44 1.2416
22.45 1.2416
22.46 1.2416
22.47 1.2416
22.48 1.2416
22.49 1.2416
22.5 1.2416
22.51 2.4832
22.52 1.2416
22.53 2.4832
22.54 1.2416
22.55 2.4832
22.56 1.2416
22.57 2.4832
22.58 0
22.59 0
22.6 0
22.61 0
22.62 0
22.63 0
22.64 0
22.65 1.2416
22.66 1.2416
22.67 0
22.68 0
22.69 0
22.7 0
22.71 2.4832
22.72 0
22.73 1.2416
22.74 1.2416
22.75 1.2416
22.76 2.4832
22.77 1.2416
22.78 1.2416
22.79 2.4832
22.8 1.2416
22.81 2.4832
22.82 1.2416
22.83 2.4832
22.84 1.2416
22.85 1.2416
22.86 0
22.87 0
22.88 0
22.89 0
22.9 0
22.91 0
22.92 1.2416
22.93 1.2416
22.94 0
22.95 0
22.96 0
22.97 0
22.98 1.2416
22.99 1.2416
23 1.2416
23.01 1.2416
23.02 1.2416
23.03 1.2416
23.04 1.2416
23.05 1.2416
23.06 2.4832
23.07 1.2416
23.08 1.2416
23.09 2.4832
23.1 2.4832
23.11 1.2416
23.12 2.4832
23.13 1.2416
23.14 0
23.15 0
23.16 0
23.17 0
23.18 0
23.19 0
23.2 1.2416
23.21 0
23.22 1.2416
23.23 0
23.24 0
23.25 0
23.26 0
23.27 2.4832
23.28 0
23.29 1.2416
23.3 1.2416
23.31 1.2416
23.32 1.2416
23.33 1.2416
23.34 1.2416
23.35 2.4832
23.36 1.2416
23.37 2.4832
23.38 1.2416
23.39 2.4832
23.4 1.2416
23.41 2.4832
23.42 1.2416
23.43 1.2416
23.44 0
23.45 0
23.46 0
23.47 0
23.48 0
23.49 1.2416
23.5 0
23.51 1.2416
23.52 0
23.53 0
23.54 0
23.55 0
23.56 1.2416
23.57 1.2416
23.58 1.2416
23.59 0
23.6 1.2416
23.61 1.2416
23.62 1.2416
23.63 2.4832
23.64 1.2416
23.65 1.2416
23.66 1.2416
23.67 1.2416
23.68 1.2416
23.69 1.2416
23.7 2.4832
23.71 1.2416
23.72 2.4832
23.73 1.2416
23.74 0
23.75 0
23.76 0
23.77 0
23.78 0
23.79 1.2416
23.8 1.2416
23.81 0
23.82 0
23.83 0
23.84 0
23.85 0
23.86 1.2416
23.87 1.2416
23.88 1.2416
23.89 1.2416
23.9 1.2416
23.91 1.2416
23.92 1.2416
23.93 2.4832
23.94 2.4832
23.95 1.2416
23.96 1.2416
23.97 1.2416
23.98 0
23.99 0
24 0
24.01 0
24.02 0
24.03 0
24.04 0
24.05 0
24.06 0
24.07 0
24.08 0
24.09 0
24.1 1.2416
24.11 1.2416
24.12 1.2416
24.13 2.4832
24.14 1.2416
24.15 2.4832
24.16 2.4832
24.17 1.2416
24.18 0
24.19 0
24.2 0
24.21 0
24.22 0
24.23 0
24.24 0
24.25 0
24.26 0
24.27 0
24.28 1.2416
24.29 2.4832
24.3 1.2416
24.31 2.4832
24.32 2.4832
24.33 1.2416
24.34 2.4832
24.35 0
24.36 0
24.37 0
24.38 0
24.39 0
24.4 0
24.41 0
24.42 0
24.43 0
24.44 0
24.45 2.4832
24.46 1.2416
24.47 2.4832
24.48 1.2416
24.49 2.4832
24.5 1.2416
24.51 2.4832
24.52 1.2416
24.53 0
24.54 0
24.55 0
24.56 0
24.57 0
24.58 0
24.59 0
24.6 0
24.61 0
24.62 1.2416
24.63 2.4832
24.64 1.2416
24.65 2.4832
24.66 1.2416
24.67 2.4832
24.68 1.2416
24.69 2.4832
24.7 1.2416
24.71 0
24.72 0
24.73 0
24.74 0
24.75 0
24.76 0
24.77 0
24.78 0
24.79 0
24.8 1.2416
24.81 2.4832
24.82 2.4832
24.83 1.2416
24.84 2.4832
24.85 1.2416
24.86 2.4832
24.87 1.2416
24.88 2.4832
24.89 0
24.9 0
24.91 0
24.92 0
24.93 0
24.94 0
24.95 0
24.96 0
24.97 0
24.98 1.2416
24.99 1.2416
