175.043 54
175.264 55
175.464 56
175.627 57
175.78 58
175.902 59
176.02 60
176.129 61
176.234 62
176.359 63
176.414 64
176.497 65
176.579 66
176.653 67
176.691 46
176.957 47
177.012 48
177.014 49
177.015 50
177.08 51
177.262 52
177.302 53
177.407 54
177.53 55
177.657 56
177.723 57
177.862 39
178.12 40
178.187 41
178.278 42
178.512 43
178.657 44
178.775 45
179.021 46
179.274 47
179.532 48
181.397 33
181.829 34
181.83 35
181.875 36
181.937 37
182.022 38
182.12 39
182.217 40
182.326 41
182.444 42
182.574 43
182.719 44
182.886 45
183.123 46
183.368 47
183.688 48
184.113 33
184.411 34
184.42 35
184.431 36
184.551 37
184.642 38
184.699 39
184.801 40
184.909 41
185.027 42
185.225 43
185.475 44
185.637 45
185.899 46
186.166 47
186.436 48
186.709 33
186.959 34
186.984 35
186.985 36
187.067 37
187.251 38
187.378 39
187.465 40
187.575 41
187.718 42
187.857 43
188.023 44
188.171 45
188.432 46
188.693 47
188.956 48
190.286 33
190.601 34
190.602 35
190.621 36
190.717 37
190.806 38
190.889 39
191.004 40
191.101 41
191.236 42
191.382 43
191.51 44
191.719 45
191.969 46
192.222 47
192.486 48
193.091 33
193.389 34
193.397 35
193.429 36
193.495 37
193.588 38
193.701 39
193.922 40
193.977 41
194.153 42
194.282 43
194.447 44
194.631 45
194.88 46
195.134 47
195.388 48
197.977 49
198.312 50
198.558 51
198.771 52
198.942 53
198.966 37
199.281 38
199.283 39
199.295 40
199.394 41
199.484 42
199.553 43
199.709 44
199.745 45
199.859 46
199.971 47
