175.177 42
175.42 43
175.567 44
175.829 45
176.098 46
178.736 47
179.09 48
179.333 49
179.531 50
179.7 51
179.846 52
179.973 53
180.092 54
180.2 55
180.302 56
180.344 39
180.691 40
180.692 41
180.705 42
180.772 43
180.879 44
180.936 45
181.023 46
181.118 47
181.218 48
181.345 49
181.466 50
181.72 51
181.887 52
181.985 53
182.247 54
182.514 55
182.777 56
183.618 39
183.969 40
183.973 41
183.976 42
184.049 43
184.181 44
184.212 45
184.307 46
184.433 47
184.641 48
184.724 49
184.881 50
184.986 51
185.171 52
185.384 53
185.501 54
185.767 55
186.039 56
187.008 39
187.29 40
187.294 41
187.298 42
187.37 43
187.449 44
187.534 45
187.663 46
187.73 47
187.83 48
188.045 49
188.176 50
188.319 51
188.487 52
188.64 53
188.9 54
189.167 55
189.433 56
190.286 39
190.652 40
190.653 41
190.654 42
190.735 43
190.819 44
190.925 45
191.029 46
191.18 47
191.287 48
191.408 49
191.536 50
191.676 51
191.847 52
192.049 53
192.195 54
192.464 55
192.736 56
193.702 39
193.959 40
193.961 41
193.962 42
194.074 43
194.118 44
194.203 45
194.298 46
194.406 47
194.597 48
194.699 49
194.851 50
195.026 51
195.16 52
195.351 53
195.472 54
195.732 55
195.996 56
198.666 57
199.019 58
199.268 59
199.465 60
199.556 42
199.992 43
199.993 44
199.995 45
