950.048 21
950.18 22
950.319 23
950.42 11
950.562 12
950.562 14
950.638 15
950.732 16
950.833 17
950.94 18
951.054 19
951.173 20
951.3 21
951.433 22
951.575 23
951.721 24
951.872 25
952.03 26
952.193 27
952.364 28
952.527 14
952.729 15
952.754 16
952.855 17
952.962 18
953.076 19
953.196 20
953.322 21
953.454 22
953.593 23
953.738 24
953.889 25
954.002 12
954.341 13
954.398 14
954.486 15
954.582 16
954.684 17
954.793 18
954.91 19
955.005 9
955.119 10
955.119 12
955.192 13
955.274 14
955.362 15
955.457 16
955.557 17
955.665 18
955.778 19
955.899 20
956.025 21
956.157 22
956.296 23
956.441 24
956.592 25
956.75 26
956.914 27
957.084 28
957.261 29
957.444 30
957.633 31
957.828 32
957.929 16
958.131 18
958.219 19
958.339 20
958.465 21
958.598 22
958.736 23
958.881 24
959.033 25
959.19 26
959.354 27
959.524 28
959.701 29
959.884 30
960.079 15
960.287 16
960.287 17
960.381 18
960.495 19
960.615 20
960.741 21
960.873 22
961.012 23
961.157 24
961.308 25
961.466 26
961.63 27
961.8 28
961.976 29
962.159 30
962.354 15
962.537 16
962.537 18
962.638 19
962.758 20
962.884 21
963.016 22
963.155 23
963.3 24
963.451 25
963.609 26
963.773 27
963.943 28
964.119 29
964.303 30
964.492 31
964.687 32
964.889 33
965.097 34
965.311 35
965.532 36
965.759 37
965.992 38
966.232 39
966.478 40
966.73 41
966.988 42
967.253 43
967.524 44
967.801 45
967.871 22
968.185 23
968.261 24
968.412 25
968.57 26
968.734 27
968.904 28
969.081 29
969.144 14
969.321 16
969.377 17
969.484 18
969.598 19
969.718 20
969.844 21
969.976 22
970.115 23
970.26 24
970.411 25
970.569 26
970.733 27
970.903 28
971.079 29
971.231 14
971.407 15
971.407 17
971.502 18
971.615 19
971.735 20
971.861 21
971.993 22
972.132 23
972.277 24
972.428 25
972.586 26
972.75 27
972.92 28
973.097 29
973.279 30
973.468 31
973.601 15
973.847 16
973.847 17
973.954 18
974.067 19
974.187 20
974.313 21
974.446 22
974.584 23
974.723 11
974.989 12
974.989 13
975.071 14
975.161 15
975.257 16
975.357 17
975.465 18
975.581 19
975.703 20
975.83 21
975.962 22
976.101 23
976.246 24
976.397 25
976.555 26
976.719 27
976.889 28
977.066 29
977.249 30
977.438 31
977.583 15
977.772 16
977.772 18
977.866 19
977.986 20
978.112 21
978.245 22
978.383 23
978.528 24
978.686 12
978.837 13
978.837 14
978.913 15
979.008 16
979.108 17
979.216 18
979.329 19
979.449 20
979.511 10
979.631 12
979.668 13
979.75 14
979.838 15
979.933 16
980.033 17
980.141 18
980.254 19
980.374 20
980.501 21
980.569 10
980.739 11
980.811 12
980.887 13
980.969 14
981.06 15
981.156 16
981.26 17
981.368 18
981.444 9
981.578 10
981.643 11
981.714 12
981.79 13
981.873 14
981.961 15
982.056 16
982.157 17
982.265 18
982.378 19
982.5 20
982.629 21
982.763 22
982.902 23
983.047 24
983.199 25
983.356 26
983.52 27
983.69 28
983.867 29
984.05 30
984.239 31
984.434 32
984.636 33
984.844 34
985.059 35
985.279 36
985.506 37
985.739 38
985.979 39
986.225 40
986.477 41
986.735 42
986.988 21
987.246 22
987.246 24
987.385 25
987.542 26
987.706 27
987.876 28
988.053 29
988.236 30
988.425 31
988.62 32
988.822 33
989.03 34
989.244 35
989.465 36
989.692 37
989.925 38
990.165 39
990.411 40
990.663 41
990.921 42
991.186 43
991.457 44
991.734 45
991.804 22
992.087 24
992.213 25
992.371 26
992.535 27
992.705 28
992.882 29
993.064 30
993.253 31
993.449 32
993.651 33
993.751 16
993.953 18
993.972 19
994.092 20
994.218 21
994.35 22
994.489 23
994.634 24
994.785 25
994.943 26
995.107 27
995.277 28
995.454 29
995.636 30
995.826 31
996.021 32
996.223 33
996.431 34
996.645 35
996.866 36
997.093 37
997.326 38
997.566 39
997.673 19
997.912 21
997.944 22
998.083 23
998.228 24
998.379 25
998.537 26
998.7 27
998.871 28
999.047 29
999.23 30
999.287 15
999.475 16
999.557 17
999.665 18
999.778 19
999.898 20
1000.02 21
1000.16 22
1000.29 23
1000.4 11
1000.6 12
1000.65 13
1000.73 14
1000.82 15
1000.91 16
1001.01 17
1001.12 18
1001.23 19
1001.36 20
1001.48 21
1001.62 22
1001.75 23
1001.9 24
1002.05 25
1002.21 12
1002.38 13
1002.38 14
1002.45 15
1002.54 16
1002.64 17
1002.75 18
1002.86 19
1002.89 9
1003.01 11
1003.07 12
1003.14 13
1003.23 14
1003.31 15
1003.41 16
1003.51 17
1003.62 18
1003.73 19
1003.85 20
1003.98 21
1004.11 22
1004.25 23
1004.4 24
1004.55 25
1004.71 26
1004.87 27
1005.04 28
1005.22 29
1005.4 30
1005.59 31
1005.78 32
1005.99 33
1006.19 34
1006.41 35
1006.63 36
1006.86 37
1007.09 38
1007.15 19
1007.4 20
1007.49 21
1007.62 22
1007.76 23
1007.91 24
1008.07 12
1008.21 13
1008.21 15
1008.29 16
1008.39 17
1008.5 18
1008.61 19
1008.73 20
1008.86 21
1008.99 22
1009.13 23
1009.21 11
1009.35 14
1009.43 15
1009.53 16
1009.63 17
1009.74 18
1009.85 9
1010 10
1010 11
1010.07 12
1010.15 13
1010.23 14
1010.32 15
1010.42 16
1010.52 17
1010.63 18
1010.74 19
1010.86 20
1010.99 21
1011.12 22
1011.23 11
1011.38 12
1011.38 13
1011.42 14
1011.51 15
1011.6 16
1011.7 17
1011.81 18
1011.93 19
1012.05 20
1012.17 21
1012.31 22
1012.44 23
1012.59 24
1012.74 25
1012.9 26
1013.06 27
1013.23 28
1013.41 29
1013.59 30
1013.64 15
1013.83 17
1013.92 18
1014.03 19
1014.15 20
1014.28 21
1014.41 22
1014.55 23
1014.7 24
1014.85 25
1015 26
1015.17 27
1015.24 13
1015.41 14
1015.42 15
1015.52 16
1015.62 17
1015.72 18
1015.84 19
1015.96 20
1016.08 21
1016.21 22
1016.35 23
1016.5 24
1016.65 25
1016.81 26
1016.97 27
1017.14 28
1017.32 29
1017.5 30
1017.69 31
1017.89 32
1018.09 33
1018.3 34
1018.51 35
1018.73 36
1018.9 18
1019.12 19
1019.12 21
1019.24 22
1019.38 23
1019.52 24
1019.68 25
1019.71 12
1019.98 13
1020.05 14
1020.14 15
1020.23 16
1020.34 17
1020.44 18
1020.56 19
1020.68 20
1020.81 21
1020.94 22
1021.08 23
1021.22 24
1021.38 25
1021.53 26
1021.61 13
1021.77 14
1021.8 15
1021.89 16
1021.99 17
1022.1 18
1022.21 19
1022.33 20
1022.46 21
1022.59 10
1022.71 11
1022.71 13
1022.78 14
1022.87 15
1022.96 16
1023.07 17
1023.17 18
1023.29 19
1023.37 9
1023.53 10
1023.55 11
1023.62 12
1023.7 13
1023.78 14
1023.87 15
1023.97 16
1024.07 17
1024.18 18
1024.29 19
1024.41 20
1024.45 10
1024.57 12
1024.62 13
1024.71 14
1024.8 15
1024.89 16
1024.99 17
1025.1 18
1025.22 19
1025.34 9
1025.48 10
1025.5 11
1025.58 12
1025.65 13
1025.74 14
1025.82 15
1025.92 16
1026.02 17
1026.13 18
1026.25 19
1026.37 20
1026.49 21
1026.63 22
1026.76 23
1026.91 24
1027.06 25
1027.16 12
1027.31 14
1027.36 15
1027.45 16
1027.55 17
1027.66 18
1027.77 19
1027.89 20
1028.02 21
1028.15 22
1028.29 23
1028.44 24
1028.59 25
1028.74 26
1028.91 27
1029 13
1029.16 16
1029.26 17
1029.37 18
1029.48 19
1029.6 20
1029.73 21
1029.88 10
1030.02 11
1030.02 12
1030.06 13
1030.14 14
1030.23 15
1030.33 16
1030.43 17
1030.53 18
1030.65 19
1030.77 20
1030.9 21
1031.03 22
1031.17 23
1031.32 24
1031.47 25
1031.63 26
1031.79 27
1031.96 28
1032.14 29
1032.32 30
1032.51 31
1032.7 32
1032.91 33
1033.11 34
1033.33 35
1033.44 17
1033.66 20
1033.78 21
1033.91 22
1034.05 23
1034.2 24
1034.35 25
1034.43 12
1034.58 15
1034.68 16
1034.78 17
1034.88 18
1035 19
1035.12 20
1035.26 10
1036.36 1
1036.5 2
1036.58 3
1036.58 4
1036.65 5
1036.65 5
1036.66 6
1036.74 7
1036.81 8
1036.89 9
1036.98 10
1037.06 11
1037.13 12
1037.21 13
1037.29 14
1037.38 15
1037.47 16
1037.57 17
1037.68 18
1037.83 9
1038.05 10
1038.05 11
1038.13 12
1038.2 13
1038.28 14
1038.37 15
1038.47 16
1038.57 17
1038.68 18
1038.8 19
1038.92 20
1039.04 21
1039.18 22
1039.31 23
1039.46 24
1039.61 25
1039.77 26
1039.93 27
1040.1 28
1040.28 29
1040.46 30
1040.65 31
1040.85 32
1041.05 33
1041.26 34
1041.47 35
1041.69 36
1041.91 18
1042.14 19
1042.14 20
1042.18 21
1042.31 22
1042.45 23
1042.6 24
1042.75 25
1042.91 26
1043.07 27
1043.2 13
1043.39 14
1043.42 15
1043.51 16
1043.61 17
1043.72 18
1043.83 19
1043.95 20
1044.08 21
1044.22 22
1044.36 23
1044.5 24
1044.65 25
1044.81 26
1044.97 27
1045.14 28
1045.23 14
1045.4 16
1045.43 17
1045.53 18
1045.65 19
1045.77 20
1045.89 21
1046.03 22
1046.13 11
1046.3 12
1046.32 13
1046.4 14
1046.49 15
1046.59 16
1046.69 17
1046.8 18
1046.91 19
1047.07 9
1047.25 10
1047.3 11
1047.37 12
1047.44 13
1047.52 14
1047.61 15
1047.71 16
1047.81 17
1047.92 18
1047.99 9
1048.12 11
1048.14 12
1048.23 13
1048.31 14
1048.4 15
1048.49 16
1048.59 17
1048.7 18
1048.82 19
1048.94 20
1049.07 21
1049.2 22
1049.34 23
1049.48 24
1049.63 25
1049.79 26
1049.95 27
1050.13 28
1050.3 29
1050.48 30
1050.67 31
1050.87 32
1051.07 33
1051.13 16
1051.33 18
1051.39 19
1051.51 20
1051.64 21
1051.77 10
1052 11
1052.02 5
1052.09 6
1052.13 7
1052.2 8
1052.27 9
1052.34 10
1052.41 11
1052.49 12
1052.56 13
1052.65 14
1052.74 15
1052.83 16
1052.97 8
1053.1 9
1053.1 10
1053.16 11
1053.24 12
1053.31 13
1053.39 14
1053.48 15
1053.58 16
1053.68 17
1053.79 18
1053.89 9
1054.14 11
1054.22 12
1054.3 13
1054.38 14
1054.47 15
1054.56 16
1054.67 17
1054.78 18
1054.89 19
1055.01 20
1055.14 21
1055.27 22
1055.41 23
1055.55 24
1055.7 25
1055.86 26
1056.03 27
1056.2 28
1056.37 29
1056.56 30
1056.73 15
1056.93 16
1056.93 17
1057 18
1057.12 19
1057.24 20
1057.36 21
1057.5 22
1057.63 23
1057.78 24
1057.93 25
1058.09 26
1058.16 13
1058.33 14
1058.35 15
1058.45 16
1058.55 17
1058.65 18
1058.77 19
1058.89 20
1059.01 21
1059.15 22
1059.29 23
1059.43 24
1059.58 25
1059.74 26
1059.9 27
1060.07 28
1060.25 29
1060.43 30
1060.62 31
1060.82 32
1061.02 33
1061.23 34
1061.44 35
1061.66 36
1061.89 37
1062.12 38
1062.36 39
1062.61 40
1062.86 41
1063.12 42
1063.39 21
1063.65 22
1063.65 24
1063.8 25
1063.98 12
1064.15 13
1064.15 14
1064.21 15
1064.3 16
1064.4 17
1064.51 18
1064.62 19
1064.72 9
1064.84 10
1064.84 12
1064.92 13
1065 14
1065.09 15
1065.19 16
1065.29 17
1065.4 18
1065.51 19
1065.63 20
1065.76 21
1065.9 22
1066.03 23
1066.18 24
1066.33 25
1066.49 26
1066.65 27
1066.82 13
1067.78 1
1067.86 2
1067.94 6
1067.94 7
1068.05 8
1068.12 9
1068.19 10
1068.26 11
1068.34 12
1068.41 13
1068.5 14
1068.59 15
1068.68 16
1068.79 17
1068.89 18
1069.01 19
1069.13 20
1069.25 21
1069.39 22
1069.52 23
1069.67 24
1069.82 25
1070 12
1070.16 13
1070.16 14
1070.24 15
1070.33 16
1070.43 17
1070.54 18
1070.65 19
1070.77 20
1070.9 21
1070.96 10
1071.92 1
1072.07 2
1072.14 3
1072.15 4
1072.21 5
1072.22 5
1072.23 6
1072.31 7
1072.39 8
1072.46 9
1072.53 10
1072.61 11
1072.68 12
1072.75 13
1072.84 14
1072.93 15
1073.02 16
1073.13 17
1073.23 18
1073.35 19
1073.47 20
1073.59 21
1073.73 22
1073.86 23
1074.01 24
1074.14 12
1074.31 13
1074.31 14
1074.36 15
1074.45 16
1074.55 17
1074.66 18
1074.77 19
1074.87 9
1074.99 10
1074.99 12
1075.06 13
1075.14 14
1075.23 15
1075.32 16
1075.42 17
1075.53 18
1075.64 19
1075.76 20
1075.9 10
1076.04 11
1076.04 12
1076.09 6
1076.17 7
1076.17 9
1076.25 10
1076.32 11
1076.39 12
1076.47 13
1076.56 14
1076.65 15
1076.74 16
1076.84 17
1076.95 18
1077.06 19
1077.18 20
1077.31 21
1077.44 22
1077.58 23
1077.72 24
1077.86 12
1078 13
1078 15
1078.08 16
1078.18 17
1078.29 18
1078.4 19
1078.52 20
1078.65 21
1078.78 22
1078.92 23
1079.01 11
1079.2 12
1079.23 13
1079.31 14
1079.4 15
1079.5 16
1079.6 17
1079.71 18
1079.82 19
1079.94 20
1080.07 21
1080.2 22
1080.34 23
1080.49 24
1080.64 25
1080.79 26
1080.96 27
1081.13 28
1081.31 29
1081.49 30
1081.68 31
1081.87 32
1082.07 33
1082.28 34
1082.5 35
1082.72 36
1082.94 37
1083.18 38
1083.42 39
1083.66 40
1083.92 41
1084.17 42
1084.44 43
1084.71 44
1084.99 45
1085.27 46
1085.37 23
1085.66 25
1085.72 26
1085.89 27
1086.06 28
1086.24 29
1086.29 14
1086.49 15
1086.56 16
1086.66 17
1086.77 18
1086.88 19
1087 9
1087.16 10
1087.18 11
1087.26 12
1087.33 13
1087.41 14
1087.5 15
1087.6 16
1087.7 17
1087.81 18
1087.93 9
1088.07 10
1088.07 11
1088.12 12
1088.2 13
1088.28 14
1088.37 15
1088.46 16
1088.56 17
1088.67 18
1088.79 19
1088.91 20
1089.04 21
1089.17 22
1089.31 23
1089.45 24
1089.61 25
1089.76 26
1089.85 13
1090.07 14
1090.12 15
1090.21 16
1090.31 17
1090.42 18
1090.54 19
1090.65 9
1090.9 10
1090.9 11
1090.96 12
1091.04 13
1091.12 14
1091.21 15
1091.31 16
1091.41 17
1091.47 8
1091.69 9
1091.74 10
1091.81 11
1091.88 12
1091.96 13
1092.04 14
1092.13 15
1092.22 16
1092.32 17
1092.43 18
1092.55 19
1092.66 9
1092.81 10
1092.81 11
1092.86 12
1092.93 13
1093.01 14
1093.1 15
1093.2 16
1093.3 17
1093.4 18
1093.52 19
1093.64 20
1093.77 21
1093.83 10
1094.8 1
1094.94 2
1095 3
1095.01 4
1095.07 5
1095.08 5
1095.08 6
1095.15 7
1095.23 8
1095.3 9
1095.37 10
1095.44 11
1095.52 12
1095.59 13
1095.68 14
1095.77 15
1095.86 16
1095.96 17
1096.07 18
1096.19 19
1096.31 20
1096.43 21
1096.56 22
1096.7 23
1096.85 24
1097 25
1097.16 26
1097.32 27
1097.49 28
1097.67 29
1097.85 30
1098 15
1098.18 16
1098.18 17
1098.22 18
1098.34 19
1098.45 20
1098.58 21
1098.71 22
1098.8 11
1099.76 1
1099.9 2
1099.96 3
1099.97 4
1100.03 5
1100.03 5
1100.04 6
1100.11 7
1100.18 8
1100.26 9
1100.33 10
1100.41 11
1100.49 12
1100.55 6
1100.62 9
1100.71 10
1100.78 11
1100.85 12
1100.93 13
1101.01 14
1101.1 15
1101.2 16
1101.3 17
1101.41 18
1101.52 19
1101.57 9
1101.68 11
1101.73 12
1101.8 13
1101.89 14
1101.97 15
1102.07 16
1102.17 17
1102.28 18
1102.39 19
1102.51 20
1102.64 21
1102.77 22
1102.91 23
1103.06 24
1103.21 25
1103.37 26
1103.53 27
1103.7 28
1103.88 29
1104.06 30
1104.25 31
1104.44 32
1104.54 16
1104.73 18
1104.77 19
1104.89 20
1105.01 21
1105.14 22
1105.28 23
1105.34 11
1105.49 13
1105.55 14
1105.64 15
1105.74 16
1105.84 17
1105.95 18
1106.06 19
1106.13 9
1106.3 10
1106.32 11
1106.4 12
1106.48 13
1106.57 6
1106.85 7
1106.85 8
1106.92 9
1106.99 10
1107.07 11
1107.15 12
1107.19 6
1107.27 8
1107.32 9
1107.39 10
1107.47 11
1107.54 12
1107.61 13
1107.7 14
1107.78 15
1107.88 16
1107.98 17
1108.09 18
1108.21 19
1108.33 20
1108.45 21
1108.59 22
1108.72 23
1108.87 24
1109.02 25
1109.18 26
1109.34 27
1109.51 28
1109.69 29
1109.87 30
1110.07 15
1110.26 16
1110.26 18
1110.36 19
1110.48 20
1110.6 21
1110.74 22
1110.87 23
1111.02 24
1111.17 25
1111.33 26
1111.49 27
1111.66 28
1111.84 29
1112.03 14
1112.21 15
1112.21 17
1112.32 18
1112.43 19
1112.55 20
1112.68 21
1112.81 22
1112.95 23
1113.09 24
1113.25 25
1113.4 26
1113.59 13
1113.74 14
1113.74 16
1113.83 17
1113.94 18
1114.05 19
1114.17 20
1114.3 21
1114.43 22
1114.57 23
1114.7 11
1114.87 12
1114.89 13
1114.97 14
1115.06 15
1115.16 16
1115.26 17
1115.36 18
1115.48 19
1115.6 20
1115.72 21
1115.86 22
1116 23
1116.14 24
1116.3 25
1116.45 26
1116.62 27
1116.79 28
1116.96 29
1117.15 30
1117.34 31
1117.53 32
1117.73 33
1117.94 34
1118.16 35
1118.38 36
1118.6 37
1118.84 38
1119.08 39
1119.32 40
1119.38 20
1119.64 21
1119.71 22
1119.85 23
1119.99 24
1120.14 25
1120.3 26
1120.46 27
1120.63 28
1120.81 14
1121.04 15
1121.09 16
1121.19 17
1121.3 18
1121.41 19
1121.53 20
1121.65 21
1121.79 22
1121.92 11
1122.13 12
1122.17 13
1122.25 14
1122.34 15
1122.43 16
1122.53 17
1122.64 18
1122.75 19
1122.88 20
1123 21
1123.14 22
1123.28 23
1123.42 24
1123.57 25
1123.73 26
1123.89 27
1124.06 28
1124.24 29
1124.42 30
1124.61 31
1124.81 32
1125.01 33
1125.22 34
1125.43 35
1125.65 36
1125.81 18
1126.05 19
1126.05 20
1126.14 21
1126.27 22
1126.41 23
1126.55 24
1126.71 25
1126.86 26
1127.01 13
1127.23 14
1127.23 15
1127.32 16
1127.42 17
1127.53 18
1127.65 19
1127.76 20
1127.89 10
1128.14 11
1128.14 12
1128.21 13
1128.29 14
1128.38 15
1128.47 16
1128.57 17
1128.68 18
1128.8 19
1128.92 20
1129.05 21
1129.18 22
1129.32 23
1129.46 24
1129.61 25
1129.77 26
1129.93 27
1130.11 28
1130.28 29
1130.46 30
1130.65 31
1130.85 32
1131.05 33
1131.21 16
1131.44 17
1131.44 18
1131.49 19
1131.61 20
1131.74 21
1131.87 22
1132.01 23
1132.15 24
1132.29 12
1132.47 13
1132.47 14
1132.53 15
1132.62 16
1132.72 17
1132.83 18
1132.94 19
1133.06 20
1133.19 21
1133.33 10
1133.45 11
1133.45 13
1133.53 14
1133.61 15
1133.71 16
1133.81 17
1133.92 18
1134.03 19
1134.07 9
1134.24 10
1134.3 11
1134.37 12
1134.45 13
1134.53 14
1134.62 15
1134.71 16
1134.81 17
1134.92 18
1135.04 19
1135.16 20
1135.29 21
1135.42 22
1135.56 23
1135.7 24
1135.85 25
1136.01 26
1136.18 27
1136.35 28
1136.52 29
1136.7 30
1136.89 31
1137.09 32
1137.29 33
1137.5 34
1137.71 35
1137.93 36
1138.16 37
1138.39 38
1138.63 39
1138.88 40
1139.13 41
1139.3 20
1139.56 21
1139.56 22
1139.63 23
1139.79 11
1140.03 12
1140.05 13
1140.13 14
1140.22 15
1140.31 16
1140.41 17
1140.52 18
1140.63 19
1140.75 20
1140.88 21
1141.01 22
1141.15 23
1141.3 24
1141.45 25
1141.61 26
1141.77 27
1141.94 28
1142.14 14
1142.36 15
1142.4 16
1142.5 17
1142.6 18
1142.72 19
1142.84 20
1142.94 10
1143.1 11
1143.12 12
1143.2 13
1143.28 14
1143.37 15
1143.47 16
1143.57 17
1143.68 18
1143.79 19
1143.91 20
1144.04 21
1144.17 22
1144.31 23
1144.46 24
1144.61 25
1144.77 26
1144.93 27
1145.1 28
1145.28 29
1145.46 30
1145.65 31
1145.84 32
1146.05 33
1146.25 34
1146.47 35
1146.52 17
1146.78 18
1146.86 19
1146.98 20
1147.11 21
1147.24 22
1147.38 23
1147.49 11
1147.69 12
1147.71 13
1147.8 14
1147.88 15
1147.98 16
1148.08 17
1148.19 18
1148.3 19
1148.42 20
1148.55 21
1148.68 22
1148.82 23
1148.97 24
1149.12 25
1149.28 26
1149.44 27
1149.61 28
1149.79 29
1149.97 30
1150.16 31
1150.35 32
1150.55 16
1150.74 17
1150.74 19
1150.86 20
1150.99 21
1151.12 22
1151.26 23
1151.41 24
1151.56 12
1151.72 13
1151.72 14
1151.77 15
1151.87 16
1151.97 17
1152.08 18
1152.19 19
1152.31 20
1152.43 21
1152.52 10
1152.66 12
1152.68 13
1152.77 14
1152.86 15
1152.95 16
1153.05 17
1153.16 18
1153.27 19
1153.4 20
1153.52 21
1153.58 10
1153.72 12
1153.76 13
1153.85 14
1153.94 15
1154.03 16
1154.13 17
1154.24 18
1154.35 19
1154.47 20
1154.6 21
1154.73 22
1154.87 23
1155.02 24
1155.17 25
1155.33 26
1155.49 27
1155.66 28
1155.79 14
1155.97 15
1155.97 16
1156.04 17
1156.15 18
1156.27 19
1156.39 20
1156.51 21
1156.64 22
1156.73 11
1156.86 13
1156.89 14
1156.98 15
1157.07 16
1157.17 17
1157.28 18
1157.4 19
1157.52 20
1157.64 21
1157.78 22
1157.92 23
1158.06 24
1158.21 25
1158.37 26
1158.54 27
1158.71 28
1158.88 29
1159.06 30
1159.25 31
1159.45 32
1159.65 33
1159.86 34
1160.07 35
1160.29 36
1160.52 37
1160.75 38
1160.99 39
1161.24 40
1161.49 41
1161.75 42
1162.02 43
1162.08 21
1162.36 23
1162.48 24
1162.63 25
1162.78 12
1162.95 13
1162.95 14
1163.02 15
1163.11 16
1163.21 17
1163.32 18
1163.43 19
1163.55 20
1163.68 21
1163.74 10
1163.88 12
1163.91 13
1164 14
1164.08 15
1164.18 16
1164.28 17
1164.39 18
1164.51 19
1164.59 9
1164.7 10
1164.7 12
1164.77 13
1164.85 14
1164.94 15
1165.03 16
1165.13 17
1165.24 18
1165.36 19
1165.48 20
1165.61 21
1165.74 22
1165.88 23
1166.02 24
1166.18 25
1166.33 26
1166.5 27
1166.67 28
1166.84 29
1167.03 30
1167.22 31
1167.41 32
1167.61 33
1167.82 34
1168.04 35
1168.26 36
1168.48 37
1168.72 38
1168.86 19
1169.09 21
1169.13 22
1169.26 23
1169.41 24
1169.54 12
1169.7 13
1169.7 14
1169.78 15
1169.87 16
1169.97 17
1170.08 18
1170.19 19
1170.31 20
1170.44 21
1170.57 22
1170.71 23
1170.86 24
1171.01 25
1171.17 26
1171.33 27
1171.5 28
1171.68 29
1171.81 14
1172.77 1
1172.84 4
1172.91 7
1172.92 8
1173.01 9
1173.08 10
1173.15 11
1173.22 12
1173.3 13
1173.38 14
1173.47 15
1173.57 16
1173.67 17
1173.78 18
1173.89 19
1174.01 20
1174.14 21
1174.27 22
1174.41 23
1174.55 24
1174.71 25
1174.86 26
1175.03 27
1175.2 28
1175.37 29
1175.56 30
1175.75 31
1175.94 32
1176.14 33
1176.35 34
1176.57 35
1176.79 36
1177.01 37
1177.25 38
1177.45 19
1177.68 20
1177.68 22
1177.81 23
1177.95 24
1178.1 25
1178.26 26
1178.43 27
1178.6 28
1178.77 29
1178.96 30
1179.14 31
1179.21 15
1179.4 17
1179.47 18
1179.59 19
1179.71 20
1179.83 21
1179.96 22
1180.1 23
1180.25 24
1180.4 25
1180.56 26
1180.72 27
1180.89 28
1181.07 29
1181.25 30
1181.44 31
1181.63 32
1181.84 33
1182.04 34
1182.16 17
1182.38 18
1182.4 19
1182.52 20
1182.65 21
1182.78 22
1182.92 23
1183.07 24
1183.22 25
1183.27 12
1183.42 14
1183.46 15
1183.56 16
1183.66 17
1183.77 18
1183.88 19
1184 20
1184.12 21
1184.28 10
1184.4 11
1184.4 13
1184.47 14
1184.56 15
1184.66 16
1184.76 17
1184.87 18
1184.98 19
1185.1 20
1185.23 21
1185.36 22
1185.5 23
1185.64 24
1185.79 25
1185.95 26
1186.12 27
1186.29 28
1186.46 29
1186.64 30
1186.83 31
1187.03 32
1187.23 33
1187.44 34
1187.65 35
1187.87 36
1188.1 37
1188.16 18
1188.43 19
1188.54 20
1188.67 21
1188.8 22
1188.94 23
1189.01 11
1189.19 12
1189.24 13
1189.33 14
1189.41 15
1189.51 16
1189.61 17
1189.72 18
1189.83 19
1189.96 20
1190.08 21
1190.21 22
1190.35 23
1190.5 24
1190.65 25
1190.81 26
1190.97 27
1191.14 28
1191.32 29
1191.5 30
1191.69 31
1191.88 32
1192.09 33
1192.29 34
1192.51 35
1192.73 36
1192.96 37
1193.19 38
1193.43 39
1193.67 40
1193.96 20
1194.22 21
1194.22 22
1194.29 23
1194.44 24
1194.59 25
1194.75 26
1194.85 13
1195.08 14
1195.15 15
1195.24 16
1195.34 17
1195.45 18
1195.56 19
1195.68 20
1195.81 21
1195.94 22
1196.08 23
1196.23 24
1196.38 25
1196.54 26
1196.7 27
1196.87 28
1197.05 29
1197.23 30
1197.42 31
1197.61 32
1197.81 33
1197.98 16
1198.21 17
1198.24 18
1198.35 19
1198.47 20
1198.6 21
1198.73 22
1198.87 23
1199.02 24
1199.17 25
1199.33 26
1199.49 27
1199.66 28
1199.84 29
1200.02 30
1200.21 31
1200.4 32
1200.61 33
1200.81 34
1201.03 35
1201.1 17
1201.35 18
1201.39 19
1201.51 20
1201.64 21
1201.77 22
1201.91 23
1202.06 24
1202.21 12
1202.42 13
1202.42 14
1202.51 15
1202.6 16
1202.7 17
1202.81 18
1202.92 19
1203.04 20
1203.17 21
1203.3 22
1203.44 23
1203.59 24
1203.74 25
1203.9 26
1204.06 27
1204.23 28
1204.41 29
1204.59 30
1204.78 31
1204.97 32
1205.18 33
1205.38 34
1205.6 35
1205.82 36
1206.05 37
1206.28 38
1206.45 19
1206.68 20
1206.68 22
1206.81 23
1206.95 24
1207.1 25
1207.26 26
1207.43 27
1207.6 28
1207.77 29
1207.96 30
1208.06 15
1208.31 16
1208.38 17
1208.48 18
1208.6 19
1208.72 20
1208.84 21
1208.98 22
1209.12 23
1209.26 24
1209.41 25
1209.57 26
1209.73 27
1209.9 28
1210.08 29
1210.26 30
1210.45 31
1210.65 32
1210.85 33
1211.06 34
1211.27 35
1211.49 36
1211.72 37
1211.95 38
1212.16 19
1212.41 20
1212.41 21
1212.5 22
1212.64 23
1212.78 24
1212.94 25
1213.09 26
1213.16 13
1213.33 15
1213.43 16
1213.53 17
1213.64 18
1213.75 19
1213.87 20
1213.99 21
1214.13 22
1214.27 23
1214.41 24
1214.56 25
1214.72 26
1214.88 27
1215.05 28
1215.23 29
1215.41 30
1215.6 31
1215.81 15
1216 16
1216 18
1216.1 19
1216.22 20
1216.35 21
1216.48 22
1216.62 23
1216.76 24
1216.91 25
1217.07 26
1217.24 27
1217.41 28
1217.58 29
1217.76 30
1217.95 31
1218.15 32
1218.35 33
1218.56 34
1218.77 35
1218.99 36
1219.22 37
1219.45 38
1219.69 39
1219.86 19
1220.1 20
1220.1 22
1220.22 23
1220.36 24
1220.51 25
1220.67 26
1220.78 13
1220.94 14
1220.94 16
1221.02 17
1221.13 18
1221.24 19
1221.36 20
1221.49 21
1221.62 22
1221.73 11
1221.87 12
1221.87 13
1221.92 14
1222.01 15
1222.1 16
1222.2 17
1222.31 18
1222.43 19
1222.54 20
1222.67 21
1222.76 10
1222.89 11
1222.89 13
1222.93 6
1223.04 8
1223.12 9
1223.19 10
1223.27 11
1223.34 12
1223.41 13
1223.5 14
1223.59 15
1223.68 16
1223.78 17
1223.89 18
1224.01 19
1224.13 20
1224.16 10
1224.28 12
1224.35 13
1224.44 14
1224.52 15
1224.62 16
1224.72 17
1224.83 18
1224.94 19
1225.07 20
1225.19 10
1225.33 11
1225.33 12
1225.4 13
1225.48 14
1225.57 15
1225.66 16
1225.76 17
1225.87 18
1225.99 19
1226.11 20
1226.24 21
1226.37 22
1226.51 23
1226.65 24
1226.8 25
1226.96 26
1227.13 27
1227.18 13
1227.34 15
1227.41 16
1227.51 17
1227.62 18
1227.73 19
1227.83 9
1227.97 10
1227.99 11
1228.07 12
1228.14 13
1228.22 14
1228.31 15
1228.41 16
1228.51 17
1228.62 18
1228.73 19
1228.85 20
1228.98 21
1229.11 22
1229.25 23
1229.4 24
1229.55 25
1229.71 26
1229.87 27
1229.99 13
1230.15 14
1230.15 16
1230.23 17
1230.34 18
1230.46 19
1230.58 20
1230.7 21
1230.83 22
1230.97 23
1231.12 24
1231.27 25
1231.43 26
1231.59 27
1231.76 28
1231.94 29
1232.12 30
1232.31 31
1232.5 32
1232.71 33
1232.91 34
1233.02 17
1233.23 19
1233.29 20
1233.42 21
1233.55 22
1233.69 23
1233.75 11
1233.88 13
1233.92 14
1234.01 15
1234.1 16
1234.2 17
1234.31 18
1234.46 9
1234.61 10
1234.65 11
1234.72 12
1234.8 13
1234.88 14
1234.97 15
1235.06 16
1235.16 17
1235.27 18
1235.39 19
1235.51 9
1235.65 10
1235.65 11
1235.7 12
1235.77 13
1235.86 14
1235.94 15
1236.04 16
1236.14 17
1236.25 18
1236.36 19
1236.48 20
1236.61 21
1236.65 10
1236.8 11
1236.82 12
1236.89 13
1236.98 14
1237.07 15
1237.16 16
1237.26 17
1237.37 18
1237.49 19
1237.61 20
1237.73 21
1237.87 22
1238.01 23
1238.15 24
1238.3 25
1238.46 26
1238.62 27
1238.79 28
1238.97 29
1239.15 30
1239.34 31
1239.54 32
1239.74 33
1239.95 34
1240.16 35
1240.38 36
1240.61 37
1240.84 38
1241.08 39
1241.33 40
1241.58 41
1241.84 42
1242.1 43
1242.38 44
1242.65 45
1242.94 46
1243.23 47
1243.47 23
1243.76 24
1243.76 25
1243.78 26
1243.95 27
1244.12 28
1244.29 29
1244.44 14
1244.61 15
1244.61 17
1244.7 18
1244.82 19
1244.94 20
1245.06 21
1245.19 22
1245.26 11
1245.44 12
1245.49 13
1245.57 14
1245.66 15
1245.76 16
1245.86 17
1245.97 18
1246.08 19
1246.2 20
1246.33 21
1246.46 22
1246.6 23
1246.75 24
1246.9 25
1247.05 26
1247.22 27
1247.39 28
1247.57 29
1247.75 30
1247.96 15
1248.14 16
1248.14 18
1248.24 19
1248.36 20
1248.49 21
1248.62 22
1248.76 23
1248.9 24
1249.05 25
1249.21 12
1249.51 13
1249.52 14
1249.61 15
1249.71 16
1249.81 17
1249.92 18
1250.04 19
1250.16 9
1250.27 10
1250.27 12
1250.34 13
1250.42 14
1250.51 15
1250.61 16
1250.71 17
1250.84 8
1250.95 9
1250.95 11
1251.04 12
1251.11 13
1251.2 14
1251.29 15
1251.38 16
1251.48 17
1251.6 18
1251.63 9
1251.78 10
1251.85 11
1251.92 12
1251.99 13
1252.08 14
1252.16 15
1252.26 16
1252.36 17
1252.47 18
1252.59 19
1252.71 20
1252.83 21
1252.97 22
1253.11 23
1253.25 24
1253.4 25
1253.56 26
1253.72 27
1253.89 28
1254.07 29
1254.25 30
1254.44 31
1254.64 32
1254.84 33
1255.05 34
1255.26 35
1255.48 36
1255.71 37
1255.94 38
1256.18 39
1256.43 40
1256.68 41
1256.94 42
1257.2 43
1257.47 44
1257.74 22
1258.02 23
1258.02 24
1258.07 25
1258.23 26
1258.39 27
1258.56 28
1258.72 14
1258.91 15
1258.91 16
1258.97 17
1259.08 18
1259.19 19
1259.31 20
1259.43 21
1259.57 22
1259.71 23
1259.85 24
1260 25
1260.1 12
1260.25 15
1260.34 16
1260.44 17
1260.55 18
1260.66 19
1260.78 20
1260.91 21
1261.04 22
1261.18 23
1261.33 24
1261.48 25
1261.5 12
1261.65 14
1261.72 15
1261.82 16
1261.92 17
1262.03 18
1262.14 19
1262.26 20
1262.38 21
1262.45 10
1262.57 12
1262.61 6
1262.72 7
1262.72 8
1262.74 9
1262.83 10
1262.9 11
1262.97 12
1263.05 13
1263.13 14
1263.22 15
1263.32 16
1263.42 17
1263.53 18
1263.62 9
1263.78 10
1263.84 11
1263.92 12
1263.99 13
1264.08 14
1264.17 15
1264.26 16
1264.36 17
1264.47 18
1264.58 19
1264.7 20
1264.83 21
1264.96 22
1265.01 11
1265.14 13
1265.19 14
1265.28 15
1265.37 16
1265.47 17
1265.58 18
1265.69 19
1265.81 20
1265.94 21
1266.08 22
1266.21 23
1266.36 24
1266.51 25
1266.67 26
1266.82 13
1266.98 14
1266.98 16
1267.07 17
1267.18 18
1267.29 19
1267.41 20
1267.54 21
1267.67 22
1267.81 23
1267.95 11
1268.09 12
1268.09 14
1268.16 15
1268.25 16
1268.36 17
1268.46 18
1268.58 19
1268.7 20
1268.82 21
1268.96 22
1269.03 11
1269.2 12
1269.23 13
1269.31 14
1269.4 15
1269.49 16
1269.59 17
1269.7 18
1269.81 19
1269.93 20
1270.06 21
1270.18 10
1270.31 11
1270.31 13
1270.39 14
1270.48 15
1270.58 16
1270.68 17
1270.79 18
1270.9 19
1271 9
1271.98 1
1272.12 2
1272.2 3
1272.2 4
1272.27 4
1272.27 5
1272.34 6
1272.42 7
1272.49 8
1272.57 9
1272.65 10
1272.73 11
1272.81 12
1272.89 13
1272.97 14
1273.06 15
1273.15 16
1273.25 17
1273.36 18
1273.48 19
1273.6 20
1273.73 21
1273.86 22
1274 23
1274.14 24
1274.29 25
1274.45 26
1274.61 27
1274.79 28
1274.96 29
1275.14 30
1275.33 31
1275.53 32
1275.73 33
1275.94 34
1276.15 35
1276.37 36
1276.6 37
1276.83 38
1277.07 39
1277.32 40
1277.57 41
1277.83 42
1278.09 43
1278.37 44
1278.51 22
1278.81 24
1278.93 25
1279.07 12
1279.24 13
1279.24 14
1279.31 15
1279.41 16
1279.51 17
1279.61 18
1279.73 19
1279.85 20
1279.89 10
1280.21 11
1280.28 12
1280.35 13
1280.44 14
1280.52 15
1280.62 16
1280.72 17
1280.83 18
1280.95 19
1281.01 9
1281.14 10
1281.2 11
1281.27 12
1281.35 13
1281.43 14
1281.52 15
1281.62 16
1281.72 17
1281.81 8
1281.93 9
1281.93 11
1282 12
1282.07 13
1282.16 14
1282.25 15
1282.34 16
1282.45 17
1282.55 18
1282.67 19
1282.79 20
1282.92 21
1283.05 22
1283.19 23
1283.33 24
1283.48 25
1283.64 26
1283.8 27
1283.97 28
1284.15 29
1284.33 30
1284.52 31
1284.72 32
1284.92 33
1285.13 34
1285.34 35
1285.56 36
1285.79 37
1286.02 38
1286.26 39
1286.51 40
1286.76 41
1287.02 42
1287.28 43
1287.56 44
1287.83 45
1288.12 46
1288.41 47
1288.7 48
1288.89 24
1289.25 25
1289.26 26
1289.42 27
1289.59 28
1289.77 29
1289.92 14
1290.1 15
1290.1 17
1290.18 18
1290.3 19
1290.42 20
1290.54 21
1290.64 10
1290.76 11
1290.76 13
1290.83 14
1290.92 15
1291.02 16
1291.12 17
1291.23 18
1291.39 9
1291.51 10
1291.51 11
1291.57 12
1291.65 13
1291.73 14
1291.82 15
1291.91 16
1292.02 17
1292.13 18
1292.24 19
1292.36 20
1292.49 21
1292.62 22
1292.76 23
1292.9 24
1293.05 25
1293.21 26
1293.37 27
1293.54 28
1293.72 29
1293.9 30
1294.09 31
1294.29 32
1294.49 33
1294.7 34
1294.91 35
1295.13 36
1295.36 37
1295.59 38
1295.64 19
1295.87 21
1295.97 22
1296.11 23
1296.26 24
1296.41 25
1296.56 26
1296.63 13
1296.83 14
1296.89 15
1296.99 16
1297.09 17
1297.19 18
1297.31 19
1297.43 20
1297.55 21
1297.69 22
1297.82 23
1297.97 24
1298.12 25
1298.28 26
1298.44 27
1298.61 28
1298.79 29
1298.97 30
1299.16 31
1299.36 32
1299.56 33
1299.77 34
1299.98 35
1300.2 36
1300.43 37
1300.66 38
1300.9 39
1301.15 40
1301.4 41
1301.66 42
1301.92 43
1302.19 44
1302.47 45
1302.75 46
1303.01 23
1303.31 24
1303.31 25
1303.37 26
1303.53 27
1303.7 28
1303.88 29
1304.06 30
1304.25 31
1304.44 32
1304.65 33
1304.85 34
1305.07 35
1305.16 17
1305.43 18
1305.55 19
1305.67 20
1305.79 21
1305.93 22
1306.06 23
1306.21 24
1306.36 25
1306.52 26
1306.68 27
1306.85 28
1306.98 14
1307.18 15
1307.2 16
1307.3 17
1307.4 18
1307.52 19
1307.64 20
1307.76 21
1307.9 22
1308.03 23
1308.18 24
1308.33 25
1308.49 26
1308.65 27
1308.82 28
1309 29
1309.18 30
1309.37 31
1309.57 32
1309.77 33
1309.98 34
1310.19 35
1310.41 36
1310.64 37
1310.87 38
1311.11 39
1311.36 40
1311.61 41
1311.87 42
1312.13 43
