10 2.80238
10.2 3.84896
10.4 2.60736
10.6 1.92448
10.8 3.04192
11 2.73152
11.2 2.91776
11.4 2.73152
11.6 3.53856
11.8 2.04864
12 2.54528
12.2 2.42112
12.4 2.97984
12.6 2.4832
12.8 2.42112
13 2.85568
13.2 3.104
13.4 2.42112
13.6 2.35904
13.8 2.97984
14 3.04192
14.2 2.11072
14.4 1.67616
14.6 2.42112
14.8 2.35904
15 2.04864
15.2 2.4832
15.4 2.85568
15.6 2.11072
15.8 1.42784
16 2.1728
16.2 2.35904
16.4 2.04864
16.6 1.61408
16.8 2.4832
17 2.42112
17.2 1.8624
17.4 1.92448
17.6 2.4832
17.8 2.29696
18 1.80032
18.2 2.11072
18.4 2.4832
18.6 2.1728
18.8 1.73824
19 2.29696
19.2 2.54528
19.4 2.04864
19.6 2.04864
19.8 2.66944
