10 8.86139
10.15 6.78741
10.3 5.79413
10.45 6.87019
10.6 7.11851
10.75 6.62187
10.9 6.04245
11.05 7.78069
11.2 7.53237
11.35 7.11851
11.5 6.12523
11.65 5.62859
11.8 5.54581
11.95 6.208
12.1 6.04245
12.25 6.04245
12.4 5.62859
12.55 5.29749
12.7 4.9664
12.85 5.79413
13 5.95968
13.15 6.62187
13.3 6.29077
13.45 5.95968
13.6 6.37355
13.75 6.29077
13.9 6.208
14.05 5.95968
14.2 6.45632
14.35 6.70464
14.5 6.37355
14.65 6.37355
14.8 6.208
14.95 4.71808
15.1 5.29749
15.25 6.62187
15.4 6.70464
15.55 7.36683
15.7 7.11851
15.85 7.20128
16 6.70464
16.15 6.53909
16.3 6.37355
16.45 6.12523
16.6 6.45632
16.75 7.28405
16.9 7.28405
17.05 7.78069
17.2 6.208
17.35 6.62187
17.5 7.11851
17.65 7.36683
17.8 7.78069
17.95 7.61515
18.1 7.53237
18.25 7.86347
18.4 7.28405
18.55 8.27733
18.7 8.93952
18.85 8.77397
19 9.35339
19.15 9.27061
19.3 8.85675
19.45 9.10507
19.6 8.44288
19.75 8.60843
19.9 9.02229
