10 0.91887
10.15 1.48992
10.3 1.07605
10.45 2.15211
10.6 1.48992
10.75 1.2416
10.9 1.32437
11.05 1.57269
11.2 2.15211
11.35 1.57269
11.5 1.32437
11.65 1.32437
11.8 1.48992
11.95 1.73824
12.1 1.2416
12.25 1.07605
12.4 1.15883
12.55 1.73824
12.7 1.90379
12.85 1.2416
13 1.32437
13.15 1.32437
13.3 2.06933
13.45 1.90379
13.6 1.32437
13.75 1.32437
13.9 1.32437
14.05 1.98656
14.2 1.98656
14.35 1.32437
14.5 1.32437
14.65 1.32437
14.8 1.90379
14.95 1.98656
15.1 1.40715
15.25 1.32437
15.4 1.40715
15.55 1.82101
15.7 1.90379
15.85 1.65547
16 1.40715
16.15 1.48992
16.3 2.23488
16.45 1.82101
16.6 1.2416
16.75 1.2416
16.9 1.48992
17.05 2.23488
17.2 1.90379
17.35 1.48992
17.5 1.48992
17.65 2.06933
17.8 2.31765
17.95 1.90379
18.1 1.57269
18.25 1.57269
18.4 1.57269
18.55 2.64875
18.7 2.06933
18.85 1.57269
19 1.57269
19.15 1.73824
19.3 2.64875
19.45 1.90379
19.6 1.57269
19.75 1.57269
19.9 1.73824
