10 2.79493
10.01 4.9664
10.02 4.9664
10.03 3.7248
10.04 3.7248
10.05 3.7248
10.06 3.7248
10.07 4.9664
10.08 4.9664
10.09 2.4832
10.1 2.4832
10.11 2.4832
10.12 2.4832
10.13 3.7248
10.14 3.7248
10.15 2.4832
10.16 2.4832
10.17 2.4832
10.18 3.7248
10.19 3.7248
10.2 3.7248
10.21 2.4832
10.22 2.4832
10.23 2.4832
10.24 3.7248
10.25 3.7248
10.26 3.7248
10.27 2.4832
10.28 1.2416
10.29 3.7248
10.3 3.7248
10.31 3.7248
10.32 3.7248
10.33 2.4832
10.34 2.4832
10.35 2.4832
10.36 3.7248
10.37 3.7248
10.38 3.7248
10.39 3.7248
10.4 2.4832
10.41 2.4832
10.42 2.4832
10.43 3.7248
10.44 3.7248
10.45 3.7248
10.46 2.4832
10.47 3.7248
10.48 3.7248
10.49 3.7248
10.5 4.9664
10.51 4.9664
10.52 4.9664
10.53 3.7248
10.54 2.4832
10.55 3.7248
10.56 4.9664
10.57 4.9664
10.58 4.9664
10.59 4.9664
10.6 3.7248
10.61 2.4832
10.62 3.7248
10.63 4.9664
10.64 4.9664
10.65 3.7248
10.66 3.7248
10.67 3.7248
10.68 3.7248
10.69 4.9664
10.7 4.9664
10.71 4.9664
10.72 4.9664
10.73 2.4832
10.74 3.7248
10.75 3.7248
10.76 4.9664
10.77 4.9664
10.78 4.9664
10.79 3.7248
10.8 2.4832
10.81 3.7248
10.82 4.9664
10.83 4.9664
10.84 4.9664
10.85 2.4832
10.86 3.7248
10.87 4.9664
10.88 4.9664
10.89 4.9664
10.9 2.4832
10.91 3.7248
10.92 3.7248
10.93 4.9664
10.94 4.9664
10.95 4.9664
10.96 3.7248
10.97 3.7248
10.98 2.4832
10.99 4.9664
11 4.9664
11.01 4.9664
11.02 3.7248
11.03 3.7248
11.04 2.4832
11.05 4.9664
11.06 4.9664
11.07 4.9664
11.08 2.4832
11.09 2.4832
11.1 4.9664
11.11 3.7248
11.12 3.7248
11.13 2.4832
11.14 2.4832
11.15 1.2416
11.16 2.4832
11.17 2.4832
11.18 2.4832
11.19 1.2416
11.2 1.2416
11.21 0
11.22 0
11.23 0
11.24 0
11.25 0
11.26 0
11.27 0
11.28 0
11.29 0
11.3 0
11.31 0
11.32 0
11.33 0
11.34 0
11.35 0
11.36 0
11.37 0
11.38 0
11.39 0
11.4 0
11.41 0
11.42 0
11.43 0
11.44 0
11.45 0
11.46 0
11.47 0
11.48 0
11.49 0
11.5 0
11.51 0
11.52 0
11.53 0
11.54 0
11.55 0
11.56 0
11.57 0
11.58 0
11.59 0
11.6 0
11.61 0
11.62 0
11.63 0
11.64 0
11.65 0
11.66 0
11.67 0
11.68 0
11.69 0
11.7 0
11.71 0
11.72 0
11.73 0
11.74 0
11.75 0
11.76 0
11.77 0
11.78 0
11.79 0
11.8 0
11.81 0
11.82 0
11.83 0
11.84 0
11.85 0
11.86 0
11.87 0
11.88 0
11.89 0
11.9 0
11.91 0
11.92 0
11.93 0
11.94 0
11.95 0
11.96 0
11.97 0
11.98 0
11.99 0
12 0
12.01 0
12.02 0
12.03 0
12.04 0
12.05 0
12.06 0
12.07 0
12.08 0
12.09 0
12.1 0
12.11 0
12.12 0
12.13 0
12.14 0
12.15 0
12.16 0
12.17 0
12.18 0
12.19 0
12.2 1.2416
12.21 0
12.22 2.4832
12.23 3.7248
12.24 6.208
12.25 4.9664
12.26 6.208
12.27 7.4496
12.28 7.4496
12.29 8.6912
12.3 3.7248
12.31 4.9664
12.32 4.9664
12.33 4.9664
12.34 4.9664
12.35 6.208
12.36 3.7248
12.37 3.7248
12.38 2.4832
12.39 3.7248
12.4 4.9664
12.41 4.9664
12.42 3.7248
12.43 3.7248
12.44 4.9664
12.45 2.4832
12.46 4.9664
12.47 4.9664
12.48 3.7248
12.49 3.7248
12.5 3.7248
12.51 3.7248
12.52 4.9664
12.53 4.9664
12.54 3.7248
12.55 3.7248
12.56 3.7248
12.57 3.7248
12.58 4.9664
12.59 4.9664
12.6 4.9664
12.61 3.7248
12.62 3.7248
12.63 3.7248
12.64 3.7248
12.65 4.9664
12.66 4.9664
12.67 2.4832
12.68 4.9664
12.69 3.7248
12.7 3.7248
12.71 4.9664
12.72 4.9664
12.73 4.9664
12.74 4.9664
12.75 4.9664
12.76 3.7248
12.77 4.9664
12.78 4.9664
12.79 3.7248
12.8 1.2416
12.81 3.7248
12.82 4.9664
12.83 3.7248
12.84 4.9664
12.85 3.7248
12.86 2.4832
12.87 4.9664
12.88 4.9664
12.89 3.7248
12.9 4.9664
12.91 3.7248
12.92 3.7248
12.93 3.7248
12.94 4.9664
12.95 3.7248
12.96 4.9664
12.97 3.7248
12.98 2.4832
12.99 4.9664
13 4.9664
13.01 3.7248
13.02 4.9664
13.03 3.7248
13.04 2.4832
13.05 4.9664
13.06 4.9664
13.07 3.7248
13.08 4.9664
13.09 3.7248
13.1 2.4832
13.11 4.9664
13.12 3.7248
13.13 4.9664
13.14 4.9664
13.15 2.4832
13.16 4.9664
13.17 6.208
13.18 3.7248
13.19 6.208
13.2 4.9664
13.21 3.7248
13.22 6.208
13.23 4.9664
13.24 4.9664
13.25 6.208
13.26 4.9664
13.27 3.7248
13.28 6.208
13.29 4.9664
13.3 4.9664
13.31 6.208
13.32 3.7248
13.33 3.7248
13.34 4.9664
13.35 4.9664
13.36 3.7248
13.37 3.7248
13.38 3.7248
13.39 4.9664
13.4 3.7248
13.41 4.9664
13.42 3.7248
13.43 2.4832
13.44 3.7248
13.45 2.4832
13.46 2.4832
13.47 4.9664
13.48 3.7248
13.49 3.7248
13.5 4.9664
13.51 3.7248
13.52 4.9664
13.53 3.7248
13.54 4.9664
13.55 3.7248
13.56 3.7248
13.57 4.9664
13.58 4.9664
13.59 2.4832
13.6 4.9664
13.61 3.7248
13.62 3.7248
13.63 4.9664
13.64 3.7248
13.65 3.7248
13.66 3.7248
13.67 3.7248
13.68 4.9664
13.69 4.9664
13.7 2.4832
13.71 4.9664
13.72 2.4832
13.73 4.9664
13.74 4.9664
13.75 3.7248
13.76 3.7248
13.77 3.7248
13.78 3.7248
13.79 4.9664
13.8 3.7248
13.81 3.7248
13.82 3.7248
13.83 3.7248
13.84 4.9664
13.85 4.9664
13.86 3.7248
13.87 3.7248
13.88 3.7248
13.89 3.7248
13.9 4.9664
13.91 4.9664
13.92 2.4832
13.93 4.9664
13.94 3.7248
13.95 3.7248
13.96 4.9664
13.97 3.7248
13.98 3.7248
13.99 3.7248
14 3.7248
14.01 4.9664
14.02 3.7248
14.03 3.7248
14.04 4.9664
14.05 3.7248
14.06 3.7248
14.07 4.9664
14.08 3.7248
14.09 3.7248
14.1 3.7248
14.11 3.7248
14.12 4.9664
14.13 3.7248
14.14 3.7248
14.15 4.9664
14.16 4.9664
14.17 3.7248
14.18 3.7248
14.19 4.9664
14.2 4.9664
14.21 3.7248
14.22 3.7248
14.23 3.7248
14.24 3.7248
14.25 4.9664
14.26 3.7248
14.27 3.7248
14.28 4.9664
14.29 3.7248
14.3 3.7248
14.31 4.9664
14.32 3.7248
14.33 3.7248
14.34 3.7248
14.35 4.9664
14.36 3.7248
14.37 4.9664
14.38 2.4832
14.39 3.7248
14.4 1.2416
14.41 2.4832
14.42 1.2416
14.43 1.2416
14.44 2.4832
14.45 3.7248
14.46 2.4832
14.47 2.4832
14.48 1.2416
14.49 3.7248
14.5 3.7248
14.51 3.7248
14.52 3.7248
14.53 1.2416
14.54 2.4832
14.55 3.7248
14.56 3.7248
14.57 3.7248
14.58 2.4832
14.59 2.4832
14.6 3.7248
14.61 2.4832
14.62 3.7248
14.63 3.7248
14.64 3.7248
14.65 3.7248
14.66 3.7248
14.67 2.4832
14.68 2.4832
14.69 2.4832
14.7 3.7248
14.71 3.7248
14.72 3.7248
14.73 3.7248
14.74 1.2416
14.75 2.4832
14.76 3.7248
14.77 3.7248
14.78 3.7248
14.79 2.4832
14.8 1.2416
14.81 3.7248
14.82 3.7248
14.83 4.9664
14.84 4.9664
14.85 2.4832
14.86 2.4832
14.87 4.9664
14.88 4.9664
14.89 4.9664
14.9 4.9664
14.91 3.7248
14.92 2.4832
14.93 3.7248
14.94 4.9664
14.95 4.9664
14.96 4.9664
14.97 4.9664
14.98 2.4832
14.99 2.4832
15 4.9664
15.01 4.9664
15.02 4.9664
15.03 4.9664
15.04 2.4832
15.05 2.4832
15.06 4.9664
15.07 4.9664
15.08 4.9664
15.09 4.9664
15.1 2.4832
15.11 2.4832
15.12 4.9664
15.13 4.9664
15.14 4.9664
15.15 3.7248
15.16 3.7248
15.17 3.7248
15.18 3.7248
15.19 4.9664
15.2 4.9664
15.21 4.9664
15.22 3.7248
15.23 2.4832
15.24 3.7248
15.25 4.9664
15.26 4.9664
15.27 4.9664
15.28 2.4832
15.29 3.7248
15.3 3.7248
15.31 4.9664
15.32 4.9664
15.33 4.9664
15.34 2.4832
15.35 2.4832
15.36 4.9664
15.37 4.9664
15.38 4.9664
15.39 3.7248
15.4 2.4832
15.41 3.7248
15.42 3.7248
15.43 3.7248
15.44 3.7248
15.45 1.2416
15.46 2.4832
15.47 4.9664
15.48 4.9664
15.49 4.9664
15.5 4.9664
15.51 3.7248
15.52 2.4832
15.53 3.7248
15.54 4.9664
15.55 4.9664
15.56 4.9664
15.57 2.4832
15.58 1.2416
15.59 3.7248
15.6 2.4832
15.61 3.7248
15.62 3.7248
15.63 2.4832
15.64 2.4832
15.65 2.4832
15.66 3.7248
15.67 3.7248
15.68 3.7248
15.69 2.4832
15.7 2.4832
15.71 2.4832
15.72 3.7248
15.73 3.7248
15.74 3.7248
15.75 2.4832
15.76 2.4832
15.77 2.4832
15.78 3.7248
15.79 3.7248
15.8 3.7248
15.81 2.4832
15.82 2.4832
15.83 2.4832
15.84 3.7248
15.85 3.7248
15.86 3.7248
15.87 3.7248
15.88 1.2416
15.89 2.4832
15.9 3.7248
15.91 3.7248
15.92 3.7248
15.93 2.4832
15.94 2.4832
15.95 2.4832
15.96 4.9664
15.97 4.9664
15.98 4.9664
15.99 2.4832
16 2.4832
16.01 4.9664
16.02 4.9664
16.03 4.9664
16.04 3.7248
16.05 2.4832
16.06 3.7248
16.07 4.9664
16.08 4.9664
16.09 4.9664
16.1 3.7248
16.11 3.7248
16.12 2.4832
16.13 4.9664
16.14 4.9664
16.15 4.9664
16.16 1.2416
16.17 2.4832
16.18 3.7248
16.19 3.7248
16.2 3.7248
16.21 3.7248
16.22 1.2416
16.23 2.4832
16.24 3.7248
16.25 4.9664
16.26 4.9664
16.27 2.4832
16.28 2.4832
16.29 4.9664
16.3 4.9664
16.31 4.9664
16.32 3.7248
16.33 2.4832
16.34 3.7248
16.35 4.9664
16.36 4.9664
16.37 4.9664
16.38 2.4832
16.39 2.4832
16.4 4.9664
16.41 4.9664
16.42 4.9664
16.43 4.9664
16.44 1.2416
16.45 2.4832
16.46 3.7248
16.47 2.4832
16.48 3.7248
16.49 3.7248
16.5 2.4832
16.51 2.4832
16.52 2.4832
16.53 3.7248
16.54 3.7248
16.55 3.7248
16.56 2.4832
16.57 2.4832
16.58 2.4832
16.59 3.7248
16.6 3.7248
16.61 2.4832
16.62 3.7248
16.63 2.4832
16.64 2.4832
16.65 2.4832
16.66 2.4832
16.67 2.4832
16.68 1.2416
16.69 2.4832
16.7 1.2416
16.71 1.2416
16.72 1.2416
16.73 1.2416
16.74 0
16.75 2.4832
16.76 2.4832
16.77 2.4832
16.78 2.4832
16.79 1.2416
16.8 1.2416
16.81 2.4832
16.82 2.4832
16.83 2.4832
16.84 2.4832
16.85 2.4832
16.86 0
16.87 2.4832
16.88 2.4832
16.89 2.4832
16.9 2.4832
16.91 2.4832
16.92 1.2416
16.93 1.2416
16.94 2.4832
16.95 2.4832
16.96 2.4832
16.97 2.4832
16.98 1.2416
16.99 1.2416
17 2.4832
17.01 2.4832
17.02 1.2416
17.03 1.2416
17.04 1.2416
17.05 0
17.06 1.2416
17.07 2.4832
17.08 2.4832
17.09 1.2416
17.1 1.2416
17.11 2.4832
17.12 2.4832
17.13 2.4832
17.14 2.4832
17.15 1.2416
17.16 1.2416
17.17 0
17.18 0
17.19 0
17.2 0
17.21 0
17.22 0
17.23 0
17.24 0
17.25 0
17.26 0
17.27 0
17.28 0
17.29 0
17.3 0
17.31 0
17.32 0
17.33 0
17.34 0
17.35 0
17.36 0
17.37 0
17.38 0
17.39 0
17.4 0
17.41 0
17.42 0
17.43 0
17.44 0
17.45 0
17.46 0
17.47 0
17.48 0
17.49 0
17.5 0
17.51 0
17.52 0
17.53 0
17.54 0
17.55 0
17.56 0
17.57 0
17.58 0
17.59 0
17.6 0
17.61 0
17.62 0
17.63 0
17.64 0
17.65 0
17.66 0
17.67 0
17.68 0
17.69 0
17.7 0
17.71 0
17.72 0
17.73 0
17.74 0
17.75 0
17.76 0
17.77 0
17.78 0
17.79 0
17.8 0
17.81 0
17.82 0
17.83 0
17.84 0
17.85 0
17.86 0
17.87 0
17.88 0
17.89 0
17.9 0
17.91 0
17.92 0
17.93 0
17.94 0
17.95 0
17.96 0
17.97 0
17.98 0
17.99 0
18 0
18.01 0
18.02 0
18.03 0
18.04 0
18.05 0
18.06 0
18.07 0
18.08 0
18.09 0
18.1 0
18.11 0
18.12 0
18.13 0
18.14 0
18.15 0
18.16 0
18.17 1.2416
18.18 2.4832
18.19 3.7248
18.2 2.4832
18.21 6.208
18.22 8.6912
18.23 11.1744
18.24 7.4496
18.25 8.6912
18.26 9.9328
18.27 11.1744
18.28 8.6912
18.29 8.6912
18.3 9.9328
18.31 8.6912
18.32 9.9328
18.33 9.9328
18.34 8.6912
18.35 9.9328
18.36 8.6912
18.37 8.6912
18.38 9.9328
18.39 9.9328
18.4 7.4496
18.41 9.9328
18.42 9.9328
18.43 9.9328
18.44 8.6912
18.45 9.9328
18.46 8.6912
18.47 7.4496
18.48 8.6912
18.49 7.4496
18.5 8.6912
18.51 7.4496
18.52 6.208
18.53 4.9664
18.54 7.4496
18.55 6.208
18.56 6.208
18.57 6.208
18.58 7.4496
18.59 4.9664
18.6 6.208
18.61 6.208
18.62 6.208
18.63 6.208
18.64 6.208
18.65 6.208
18.66 4.9664
18.67 7.4496
18.68 4.9664
18.69 7.4496
18.7 6.208
18.71 4.9664
18.72 6.208
18.73 7.4496
18.74 4.9664
18.75 7.4496
18.76 4.9664
18.77 7.4496
18.78 6.208
18.79 7.4496
18.8 7.4496
18.81 8.6912
18.82 7.4496
18.83 6.208
18.84 6.208
18.85 7.4496
18.86 6.208
18.87 7.4496
18.88 2.4832
18.89 4.9664
18.9 6.208
18.91 4.9664
18.92 6.208
18.93 4.9664
18.94 3.7248
18.95 4.9664
18.96 4.9664
18.97 6.208
18.98 6.208
18.99 4.9664
19 3.7248
19.01 4.9664
19.02 4.9664
19.03 6.208
19.04 6.208
19.05 4.9664
19.06 4.9664
19.07 4.9664
19.08 3.7248
19.09 6.208
19.1 6.208
19.11 4.9664
19.12 3.7248
19.13 4.9664
19.14 4.9664
19.15 6.208
19.16 6.208
19.17 3.7248
19.18 4.9664
19.19 4.9664
19.2 4.9664
19.21 7.4496
19.22 6.208
19.23 4.9664
19.24 6.208
19.25 6.208
19.26 6.208
19.27 7.4496
19.28 7.4496
19.29 4.9664
19.3 4.9664
19.31 6.208
19.32 6.208
19.33 7.4496
19.34 6.208
19.35 4.9664
19.36 6.208
19.37 6.208
19.38 6.208
19.39 7.4496
19.4 4.9664
19.41 6.208
19.42 6.208
19.43 6.208
19.44 6.208
19.45 7.4496
19.46 6.208
19.47 6.208
19.48 6.208
19.49 6.208
19.5 4.9664
19.51 7.4496
19.52 6.208
19.53 6.208
19.54 4.9664
19.55 7.4496
19.56 4.9664
19.57 7.4496
19.58 3.7248
19.59 3.7248
19.6 4.9664
19.61 3.7248
19.62 4.9664
19.63 6.208
19.64 4.9664
19.65 4.9664
19.66 6.208
19.67 3.7248
19.68 4.9664
19.69 6.208
19.7 3.7248
19.71 6.208
19.72 4.9664
19.73 3.7248
19.74 6.208
19.75 2.4832
19.76 2.4832
19.77 3.7248
19.78 3.7248
19.79 4.9664
19.8 3.7248
19.81 3.7248
19.82 2.4832
19.83 4.9664
19.84 4.9664
19.85 4.9664
19.86 3.7248
19.87 4.9664
19.88 3.7248
19.89 2.4832
19.9 4.9664
19.91 4.9664
19.92 4.9664
19.93 3.7248
19.94 3.7248
19.95 0
19.96 2.4832
19.97 2.4832
19.98 2.4832
19.99 3.7248
