15.006 24
15.0172 24
15.025 24
15.0326 24
15.1018 24
15.1094 24
15.1157 24
15.1227 24
15.1302 24
15.1365 24
15.1428 24
15.1491 24
15.1738 24
15.1801 24
15.1864 24
15.1927 24
15.199 24
15.2053 25
15.2116 25
15.2179 25
15.2242 25
15.2306 25
15.2369 25
15.2432 25
15.2495 25
15.2573 25
15.2638 25
15.2701 25
15.3353 25
15.3423 25
15.3486 25
15.3551 25
15.3625 25
15.3688 25
15.3751 25
15.3815 25
15.4015 25
15.4078 25
15.4141 25
15.4204 25
15.4267 25
15.433 25
15.4393 25
15.4456 26
15.4519 26
15.4582 26
15.4645 26
15.4709 26
15.4772 26
15.4835 26
15.4898 26
15.4961 26
15.5024 26
15.5502 26
15.5566 26
15.5629 26
15.5693 26
15.5773 26
15.5837 26
15.59 26
15.5963 26
15.6171 26
15.6234 26
15.6297 26
15.6363 26
15.6427 26
15.6493 26
15.6556 26
15.6619 26
15.6682 27
15.6745 27
15.6808 27
15.6871 27
15.6934 27
15.6997 27
15.706 27
15.7123 27
15.7186 27
15.7249 27
15.7606 27
15.7674 27
15.7741 27
15.781 27
15.7901 27
15.797 27
15.8036 27
15.81 27
15.8312 27
15.8376 27
15.8444 27
15.8514 27
15.8582 27
15.8648 27
15.8712 27
15.8775 27
15.8838 27
15.8902 27
15.8965 28
15.9028 28
15.9091 28
15.9154 28
15.9217 28
15.928 28
15.9343 28
15.9406 28
15.9469 28
15.9757 28
15.9824 28
15.9892 28
15.9963 28
16.0049 28
16.0127 28
16.0195 28
16.0263 28
16.048 28
16.0548 28
16.0619 28
16.0691 28
16.0762 28
16.0836 28
16.0901 28
16.0969 28
16.1038 28
16.1109 28
16.1177 28
16.1242 28
16.1306 29
16.137 29
16.1437 29
16.1504 29
16.1568 29
16.1633 29
16.1696 29
16.1759 29
16.1972 29
16.2036 29
16.2104 29
16.2177 29
16.2263 29
16.2348 29
16.2413 29
16.2484 29
16.2705 29
16.2777 29
16.2857 29
16.2933 29
16.3008 29
16.3089 29
16.3158 29
16.3231 29
16.3302 29
16.3381 29
16.3452 29
16.352 29
16.3592 29
16.3663 29
16.3731 30
16.3799 30
16.3862 30
16.3925 30
16.3988 30
16.4051 30
16.4114 30
16.4273 30
16.4336 30
16.4399 30
16.4466 30
16.4556 30
16.4642 30
16.471 30
16.4786 30
16.5019 30
16.5092 30
16.5176 30
16.5252 30
16.5333 30
16.5425 30
16.5505 30
16.5584 30
16.5661 30
16.5741 30
16.582 30
16.5891 30
16.5966 30
16.6037 30
16.6109 30
16.6175 30
16.6242 31
16.6309 31
16.6376 31
16.6443 31
16.6506 31
16.6569 31
16.6661 31
16.6724 31
16.6788 31
16.6858 31
16.6948 31
16.7034 31
16.7103 31
16.7188 31
16.7426 31
16.7504 31
16.7595 31
16.768 31
16.7764 31
16.7861 31
16.7946 31
16.8028 31
16.8108 31
16.8189 31
16.827 31
16.8341 31
16.8419 31
16.8493 31
16.8568 31
16.8637 31
16.8708 31
16.8771 32
16.8838 32
16.8906 32
16.8977 32
16.9044 32
16.9112 32
16.9179 32
16.9244 32
16.931 32
16.9378 32
16.9456 32
16.9545 32
16.9614 32
16.9704 32
16.9948 32
17.0032 32
17.0124 32
17.0211 32
17.0295 32
17.0385 32
17.0477 32
17.0566 32
17.0645 32
17.0731 32
17.0814 32
17.0888 32
17.0965 32
17.1042 32
17.1125 32
17.1193 32
17.1268 32
17.1336 32
17.1399 32
17.1467 33
17.1531 33
17.1599 33
17.167 33
17.1739 33
17.1806 33
17.1877 33
17.1945 33
17.201 33
17.2076 33
17.2159 33
17.2231 33
17.2333 33
17.2576 33
17.2663 33
17.2756 33
17.2848 33
17.2931 33
17.3023 33
17.3125 33
17.3214 33
17.3298 33
17.3388 33
17.3469 33
17.3546 33
17.3633 33
17.3713 33
17.3795 33
17.3866 33
17.394 33
17.4015 33
17.4083 33
17.4156 33
17.4224 33
17.429 34
17.4355 34
17.4423 34
17.4493 34
17.4561 34
17.4632 34
17.4701 34
17.4769 34
17.484 34
17.4908 34
17.4983 34
17.5087 34
17.5335 34
17.5428 34
17.5525 34
17.562 34
17.5708 34
17.58 34
17.5903 34
17.5988 34
17.6075 34
17.6165 34
17.6243 34
17.6324 34
17.6411 34
17.6491 34
17.6572 34
17.6646 34
17.6719 34
17.6793 34
17.6862 34
17.6939 34
17.7006 34
17.7075 34
17.7143 34
17.7212 35
17.7279 35
17.7344 35
17.7414 35
17.748 35
17.7549 35
17.7617 35
17.7686 35
17.775 35
17.7814 35
17.7924 35
17.8187 35
17.8282 35
17.8389 35
17.8488 35
17.8583 35
17.8675 35
17.878 35
17.8867 35
17.8961 35
17.9049 35
17.9125 35
17.9205 35
17.9289 35
17.9371 35
17.9453 35
17.9529 35
17.9603 35
17.9677 35
17.9745 35
17.982 35
17.9894 35
17.996 35
18.0032 35
18.0102 35
18.0172 35
18.0236 36
18.03 36
18.0364 36
18.0429 36
18.0494 36
18.056 36
18.0625 36
18.0695 36
18.0763 36
18.085 36
18.1135 36
18.1244 36
18.1349 36
18.146 36
18.156 36
18.1659 36
18.1773 36
18.1857 36
18.1948 36
18.2041 36
18.2116 36
18.2192 36
18.2278 36
18.2357 36
18.2433 36
18.2509 36
18.2583 36
18.2657 36
18.2726 36
18.2799 36
18.2876 36
18.2942 36
18.3011 36
18.308 36
18.3153 36
18.3221 36
18.3286 36
18.3355 37
18.3423 37
18.3491 37
18.3561 37
18.3627 37
18.3697 37
18.3765 37
18.3834 37
18.3905 37
18.4194 37
18.4308 37
18.4407 37
18.4517 37
18.462 37
18.4716 37
18.4828 37
18.491 37
18.5005 37
18.5092 37
18.5165 37
18.5247 37
18.533 37
18.5403 37
18.5478 37
18.5555 37
18.5628 37
18.5697 37
18.5764 37
18.5837 37
18.5915 37
18.5986 37
18.6061 37
18.6134 37
18.6209 37
18.6283 37
18.635 37
18.6423 37
18.6486 37
18.6549 38
18.6612 38
18.6677 38
18.6742 38
18.6809 38
18.6872 38
18.6935 38
18.6998 38
18.7255 38
18.7361 38
18.7451 38
18.7548 38
18.7628 38
18.7714 38
18.7809 38
18.7872 38
18.7948 38
18.8023 38
18.8086 38
18.8154 38
18.823 38
18.8295 38
18.836 38
18.8429 38
18.8492 38
18.8555 38
18.8618 38
18.8681 38
18.8744 38
18.8807 38
18.8874 38
18.8937 38
18.9 38
18.9063 38
18.9126 38
18.9189 38
18.9252 38
18.9315 38
18.9379 38
18.9442 39
18.9505 39
18.9568 39
18.9631 39
18.9694 39
18.9757 39
18.982 39
18.9883 39
18.9946 39
19.0009 39
19.0072 39
19.0135 39
19.0198 39
19.0261 39
19.0324 39
19.0387 39
19.045 39
19.0513 39
19.0576 39
19.0639 39
19.0702 39
19.0765 39
19.0828 39
19.0891 39
19.0955 39
19.1018 39
19.1081 39
19.1144 39
19.1207 39
19.127 39
19.1333 39
19.1396 39
19.1459 39
19.1522 39
19.1585 39
19.1648 39
19.1711 39
19.1774 39
19.1837 39
19.19 39
19.1963 40
19.2026 40
19.2089 40
19.2152 40
19.2215 40
19.2278 40
19.2341 40
19.2404 40
19.2467 40
19.2531 40
19.2594 40
19.2657 40
19.272 40
19.2783 40
19.2846 40
19.2909 40
19.2972 40
19.3035 40
19.3098 40
19.3161 40
19.3224 40
19.3287 40
19.335 40
19.3413 40
19.3476 40
19.3539 40
19.3602 40
19.3665 40
19.3728 40
19.3791 40
19.3854 40
19.3917 40
19.398 40
19.4043 40
19.4107 40
19.417 40
19.4233 40
19.4296 40
19.4359 40
19.4422 40
19.4485 40
19.4548 41
19.4611 41
19.4674 41
19.4737 41
19.48 41
19.4863 41
19.4926 41
19.4989 41
19.5052 41
19.5115 41
19.5178 41
19.5241 41
19.5304 41
19.5367 41
19.543 41
19.5493 41
19.5556 41
19.5619 41
19.5683 41
19.5746 41
19.5809 41
19.5872 41
19.5935 41
19.5998 41
19.6061 41
19.6124 41
19.6187 41
19.625 41
19.6313 41
19.6376 41
19.6439 41
19.6502 41
19.6565 41
19.6628 41
19.6691 41
19.6754 41
19.6817 41
19.688 41
19.6943 41
19.7006 41
19.7069 41
19.7132 41
19.7195 42
19.7259 42
19.7322 42
19.7385 42
19.7448 42
19.7511 42
19.7574 42
19.7637 42
19.77 42
19.7763 42
19.7826 42
19.7889 42
19.7952 42
19.8015 42
19.8078 42
19.8141 42
19.8204 42
19.8267 42
19.833 42
19.8393 42
19.8456 42
19.8519 42
19.8582 42
19.8645 42
19.8708 42
19.8771 42
19.8835 42
19.8898 42
19.8961 42
19.9024 42
19.9087 42
19.915 42
19.9213 42
19.9276 42
19.9339 42
19.9402 42
19.9465 42
19.9528 42
19.9591 42
19.9654 42
19.9717 42
19.978 42
19.9843 42
19.9906 43
19.9969 43
20.0032 43
20.0095 43
20.0158 43
20.0221 43
20.0284 43
20.0347 43
20.0411 43
20.0474 43
20.0537 43
20.06 43
20.0663 43
20.0726 43
20.0789 43
20.0852 43
20.0915 43
20.0978 43
20.1041 43
20.1104 43
20.1167 43
20.123 43
20.1293 43
20.1356 43
20.1419 43
20.1482 43
20.1545 43
20.1608 43
20.1671 43
20.1734 43
20.1797 43
20.186 43
20.1923 43
20.1987 43
20.205 43
20.2113 43
20.2176 43
20.2239 43
20.2302 43
20.2365 43
20.2428 43
20.2491 43
20.2554 43
20.2617 43
20.268 44
20.2743 44
20.2806 44
20.2869 44
20.2932 44
20.2995 44
20.3058 44
20.3121 44
20.3184 44
20.3247 44
20.331 44
20.3373 44
20.3436 44
20.3499 44
20.3563 44
20.3626 44
20.3689 44
20.3752 44
20.3815 44
20.3878 44
20.3941 44
20.4004 44
20.4067 44
20.413 44
20.4193 44
20.4261 44
20.4327 44
20.4392 44
20.4459 44
20.4523 44
20.4588 44
20.4651 44
20.4715 44
20.4778 44
20.4842 44
20.4905 44
20.4971 44
20.5038 44
20.5102 44
20.5166 44
20.5232 44
20.5295 44
20.5358 44
20.5421 44
20.5484 44
20.5548 45
20.5611 45
20.5674 45
20.5737 45
20.5804 45
20.5872 45
20.5939 45
20.6003 45
20.607 45
20.6138 45
20.6208 45
20.6275 45
20.6341 45
20.6406 45
20.6475 45
20.6546 45
20.6611 45
20.6678 45
20.6747 45
20.6814 45
20.6882 45
20.695 45
20.7016 45
20.7083 45
20.7148 45
20.7215 45
20.728 45
20.7344 45
20.7407 45
20.7471 45
20.7536 45
20.76 45
20.7663 45
20.7726 45
20.7789 45
20.7852 45
20.7917 45
20.7982 45
20.8045 45
20.8108 45
20.8171 45
20.8234 45
20.8297 45
20.8362 45
20.8431 45
20.8495 45
20.8563 45
20.8628 46
20.8695 46
20.8765 46
20.8831 46
20.8898 46
20.8964 46
20.9032 46
20.91 46
20.9169 46
20.9235 46
20.9305 46
20.9372 46
20.944 46
20.9508 46
20.9578 46
20.9646 46
20.9711 46
20.9775 46
20.9838 46
20.9901 46
20.9965 46
21.0028 46
21.0091 46
21.0154 46
21.0218 46
21.0284 46
21.0348 46
21.0412 46
21.0476 46
21.0541 46
21.0608 46
21.0672 46
21.0739 46
21.0803 46
21.0869 46
21.0936 46
21.1 46
21.1066 46
21.1132 46
21.1198 46
21.1266 46
21.1332 46
21.1397 46
21.146 46
21.1525 46
21.159 46
21.1656 46
21.1722 47
21.1785 47
21.185 47
21.1919 47
21.1983 47
21.2049 47
21.2116 47
21.2183 47
21.2252 47
21.2321 47
21.2389 47
21.2456 47
21.2519 47
21.2586 47
21.2653 47
21.2716 47
21.278 47
21.2845 47
21.2908 47
21.2976 47
21.3041 47
21.3108 47
21.3175 47
21.324 47
21.3306 47
21.3373 47
21.344 47
21.3506 47
21.3575 47
21.364 47
21.3704 47
21.377 47
21.3835 47
21.39 47
21.3963 47
21.4026 47
21.409 47
21.4153 47
21.4216 47
21.4281 47
21.4345 47
21.4409 47
21.4472 47
21.4535 47
21.4598 47
21.4661 47
21.4724 47
21.4787 47
21.4855 48
21.4919 48
21.4988 48
21.5056 48
21.5125 48
21.5193 48
21.5262 48
21.5331 48
21.54 48
21.5468 48
21.5535 48
21.5606 48
21.5669 48
21.5736 48
21.5801 48
21.5867 48
21.5933 48
21.6 48
21.6065 48
21.6135 48
21.6203 48
21.6268 48
21.6336 48
21.64 48
21.6467 48
21.653 48
21.6593 48
21.6656 48
21.6719 48
21.6782 48
21.6845 48
21.6908 48
21.6971 48
21.7034 48
21.7097 48
21.716 48
21.7223 48
21.7286 48
21.7349 48
21.7414 48
21.748 48
21.7547 48
21.761 48
21.7673 48
21.7736 48
21.7802 48
21.7867 48
21.7936 48
21.8007 48
21.8072 49
21.8142 49
21.8208 49
21.8277 49
21.8349 49
21.8415 49
21.8484 49
21.855 49
21.8619 49
21.8687 49
21.8755 49
21.8822 49
21.8886 49
21.8951 49
21.9019 49
21.9084 49
21.9147 49
21.9212 49
21.9276 49
21.9339 49
21.9402 49
21.9466 49
21.953 49
21.9594 49
21.9657 49
21.972 49
21.9785 49
21.9848 49
21.9911 49
21.9975 49
22.0041 49
22.0107 49
22.0175 49
22.0238 49
22.0301 49
22.0368 49
22.0431 49
22.0494 49
22.0562 49
22.0626 49
22.069 49
22.0758 49
22.0823 49
22.0887 49
22.0954 49
22.1017 49
22.1082 49
22.115 49
22.1216 49
22.1284 49
22.1349 50
22.1419 50
22.149 50
22.1555 50
22.162 50
22.1686 50
22.1752 50
22.1815 50
22.1878 50
22.1942 50
22.2006 50
22.2069 50
22.2135 50
22.2198 50
22.2263 50
22.2326 50
22.2389 50
22.2452 50
22.2516 50
22.2581 50
22.2644 50
22.2707 50
22.277 50
22.2833 50
22.2896 50
22.296 50
22.3023 50
22.3086 50
22.3149 50
22.3212 50
22.3276 50
22.3339 50
22.3402 50
22.3465 50
22.3528 50
22.3591 50
22.3655 50
22.3718 50
22.3781 50
22.3844 50
22.3907 50
22.397 50
22.4033 50
22.4096 50
22.4159 50
22.4222 50
22.4285 50
22.4348 50
22.4411 50
22.4474 50
22.4537 50
22.46 50
22.4663 51
22.4726 51
22.4789 51
22.4852 51
22.4915 51
22.4978 51
22.5041 51
22.5104 51
22.5167 51
22.5231 51
22.5294 51
22.5357 51
22.542 51
22.5483 51
22.5546 51
22.5609 51
22.5672 51
22.5735 51
22.5798 51
22.5861 51
22.5924 51
22.5987 51
22.605 51
22.6113 51
22.6176 51
22.6239 51
22.6302 51
22.6365 51
22.6428 51
22.6491 51
22.6554 51
22.6617 51
22.668 51
22.6743 51
22.6807 51
22.687 51
22.6933 51
22.6996 51
22.7059 51
22.7122 51
22.7185 51
22.7248 51
22.7311 51
22.7374 51
22.7437 51
22.75 51
22.7563 51
22.7626 51
22.7689 51
22.7752 51
22.7815 51
22.7878 51
22.7941 52
22.8004 52
22.8067 52
22.813 52
22.8193 52
22.8256 52
22.8319 52
22.8383 52
22.8446 52
22.8509 52
22.8572 52
22.8635 52
22.8698 52
22.8761 52
22.8824 52
22.8887 52
22.895 52
22.9013 52
22.9076 52
22.9139 52
22.9202 52
22.9265 52
22.9328 52
22.9391 52
22.9454 52
22.9517 52
22.958 52
22.9643 52
22.9706 52
22.9769 52
22.9832 52
22.9895 52
22.9959 52
23.0022 52
23.0085 52
23.0148 52
23.0211 52
23.0274 52
23.0337 52
23.04 52
23.0463 52
23.0526 52
23.0589 52
23.0652 52
23.0715 52
23.0778 52
23.0841 52
23.0904 52
23.0967 52
23.103 52
23.1093 52
23.1156 52
23.1219 52
23.1282 52
23.1345 53
23.1408 53
23.1471 53
23.1535 53
23.1598 53
23.1661 53
23.1724 53
23.1787 53
23.185 53
23.1913 53
23.1976 53
23.2039 53
23.2102 53
23.2165 53
23.2228 53
23.2291 53
23.2354 53
23.2417 53
23.248 53
23.2543 53
23.2606 53
23.2669 53
23.2732 53
23.2795 53
23.2858 53
23.2921 53
23.2984 53
23.3047 53
23.3111 53
23.3174 53
23.3237 53
23.33 53
23.3363 53
23.3426 53
23.3489 53
23.3552 53
23.3615 53
23.3678 53
23.3741 53
23.3804 53
23.3867 53
23.393 53
23.3993 53
23.4056 53
23.4119 53
23.4182 53
23.4245 53
23.4308 53
23.4371 53
23.4434 53
23.4497 53
23.456 53
23.4623 53
23.4687 53
23.475 54
23.4813 54
23.4876 54
23.4939 54
23.5002 54
23.5065 54
23.5128 54
23.5191 54
23.5254 54
23.5317 54
23.538 54
23.5443 54
23.5506 54
23.5569 54
23.5632 54
23.5695 54
23.5758 54
23.5821 54
23.5884 54
23.5947 54
23.601 54
23.6073 54
23.6136 54
23.6199 54
23.6263 54
23.6326 54
23.6389 54
23.6452 54
23.6515 54
23.6578 54
23.6641 54
23.6704 54
23.6767 54
23.683 54
23.6893 54
23.6956 54
23.7019 54
23.7082 54
23.7145 54
23.7208 54
23.7271 54
23.7334 54
23.7397 54
23.746 54
23.7523 54
23.7586 54
23.7649 54
23.7712 54
23.7775 54
23.7839 54
23.7902 54
23.7965 54
23.8028 54
23.8091 54
23.8154 54
23.8217 54
23.828 55
23.8343 55
23.8406 55
23.8469 55
23.8532 55
23.8595 55
23.8658 55
23.8721 55
23.8784 55
23.8847 55
23.891 55
23.8973 55
23.9036 55
23.9099 55
23.9162 55
23.9225 55
23.9288 55
23.9351 55
23.9415 55
23.9478 55
23.9541 55
23.9604 55
23.9667 55
23.973 55
23.9793 55
23.9856 55
23.9919 55
23.9982 55
24.0045 55
24.0108 55
24.0171 55
24.0234 55
24.0297 55
24.036 55
24.0423 55
24.0486 55
24.0549 55
24.0612 55
24.0675 55
24.0738 55
24.0801 55
24.0864 55
24.0927 55
24.0991 55
24.1054 55
24.1117 55
24.118 55
24.1243 55
24.1306 55
24.1369 55
24.1432 55
24.1495 55
24.1558 55
24.1621 55
24.1684 55
24.1747 55
24.181 56
24.1873 56
24.1936 56
24.1999 56
24.2062 56
24.2125 56
24.2188 56
24.2251 56
24.2314 56
24.2377 56
24.244 56
24.2503 56
24.2567 56
24.263 56
24.2693 56
24.2756 56
24.2819 56
24.2882 56
24.2945 56
24.3008 56
24.3071 56
24.3134 56
24.3197 56
24.326 56
24.3323 56
24.3386 56
24.3449 56
24.3512 56
24.3575 56
24.3638 56
24.3701 56
24.3764 56
24.3827 56
24.389 56
24.3953 56
24.4016 56
24.4079 56
24.4143 56
24.4206 56
24.4269 56
24.4332 56
24.4395 56
24.4458 56
24.4521 56
24.4584 56
24.4647 56
24.471 56
24.4773 56
24.4836 56
24.4899 56
24.4962 56
24.5025 56
24.5088 56
24.5151 56
24.5214 56
24.5277 56
24.534 56
24.5403 56
24.5466 57
24.5529 57
24.5592 57
24.5655 57
24.5719 57
24.5782 57
24.5845 57
24.5908 57
24.5971 57
24.6034 57
24.6097 57
24.616 57
24.6223 57
24.6286 57
24.6349 57
24.6412 57
24.6475 57
24.6538 57
24.6601 57
24.6664 57
24.6727 57
24.679 57
24.6853 57
24.6916 57
24.6979 57
24.7042 57
24.7105 57
24.7168 57
24.7231 57
24.7295 57
24.7358 57
24.7421 57
24.7484 57
24.7547 57
24.761 57
24.7673 57
24.7736 57
24.7799 57
24.7862 57
24.7925 57
24.7988 57
24.8051 57
24.8114 57
24.8177 57
24.824 57
24.8303 57
24.8366 57
24.8429 57
24.8492 57
24.8555 57
24.8618 57
24.8681 57
24.8744 57
24.8807 57
24.8871 57
24.8934 57
24.8997 57
24.906 57
24.9123 58
24.9186 58
24.9249 58
24.9312 58
24.9375 58
24.9438 58
24.9501 58
24.9564 58
24.9627 58
24.969 58
24.9753 58
24.9816 58
24.9879 58
24.9942 58
