15.0053 39
15.0116 39
15.0179 39
15.0242 39
15.0305 39
15.0368 39
15.0431 39
15.0494 39
15.0557 39
15.062 39
15.0683 39
15.0746 39
15.0809 39
15.0872 39
15.0936 39
15.0999 39
15.1062 39
15.1125 39
15.1188 39
15.1251 40
15.1314 40
15.1377 40
15.144 40
15.1503 40
15.1566 40
15.1629 40
15.1692 40
15.1755 40
15.1818 40
15.1881 40
15.1944 40
15.2007 40
15.207 40
15.2133 40
15.2196 40
15.2259 40
15.2322 40
15.2385 40
15.2448 40
15.2512 40
15.2575 40
15.2638 40
15.2701 40
15.2764 40
15.2827 40
15.289 40
15.2953 40
15.3016 40
15.3079 40
15.3142 40
15.3205 40
15.3268 40
15.3331 40
15.3394 40
15.3457 40
15.352 40
15.3583 40
15.3646 40
15.3709 40
15.3772 40
15.3835 41
15.3898 41
15.3961 41
15.4024 41
15.4088 41
15.4151 41
15.4214 41
15.4277 41
15.434 41
15.4403 41
15.4466 41
15.4529 41
15.4592 41
15.4655 41
15.4718 41
15.4781 41
15.4844 41
15.4907 41
15.497 41
15.5033 41
15.5096 41
15.5159 41
15.5222 41
15.5285 41
15.5348 41
15.5411 41
15.5474 41
15.5537 41
15.56 41
15.5664 41
15.5727 41
15.579 41
15.5853 41
15.5916 41
15.5979 41
15.6042 41
15.6105 41
15.6168 41
15.6231 41
15.6294 41
15.6357 41
15.642 41
15.6483 42
15.6546 42
15.6609 42
15.6672 42
15.6735 42
15.6798 42
15.6861 42
15.6924 42
15.6987 42
15.705 42
15.7113 42
15.7176 42
15.724 42
15.7303 42
15.7366 42
15.7429 42
15.7492 42
15.7555 42
15.7618 42
15.7681 42
15.7744 42
15.7807 42
15.787 42
15.7933 42
15.7996 42
15.8059 42
15.8122 42
15.8185 42
15.8248 42
15.8311 42
15.8374 42
15.8437 42
15.85 42
15.8563 42
15.8626 42
15.8689 42
15.8752 42
15.8816 42
15.8879 42
15.8942 42
15.9005 42
15.9068 42
15.9131 42
15.9194 43
15.9257 43
15.932 43
15.9383 43
15.9446 43
15.9509 43
15.9572 43
15.9635 43
15.9698 43
15.9761 43
15.9824 43
15.9887 43
15.995 43
16.0013 43
16.0076 43
16.0139 43
16.0202 43
16.0265 43
16.0328 43
16.0392 43
16.0455 43
16.0518 43
16.0581 43
16.0644 43
16.0707 43
16.077 43
16.0833 43
16.0896 43
16.0959 43
16.1022 43
16.1085 43
16.1148 43
16.1211 43
16.1274 43
16.1337 43
16.14 43
16.1463 43
16.1526 43
16.1589 43
16.1652 43
16.1715 43
16.1778 43
16.1841 43
16.1904 43
16.1968 44
16.2031 44
16.2094 44
16.2157 44
16.222 44
16.2283 44
16.2346 44
16.2409 44
16.2472 44
16.2535 44
16.2598 44
16.2661 44
16.2724 44
16.2787 44
16.285 44
16.2913 44
16.2976 44
16.3039 44
16.3102 44
16.3165 44
16.3228 44
16.3291 44
16.3354 44
16.3417 44
16.348 44
16.3544 44
16.3607 44
16.367 44
16.3733 44
16.3796 44
16.3859 44
16.3922 44
16.3985 44
16.4048 44
16.4111 44
16.4174 44
16.4237 44
16.43 44
16.4363 44
16.4426 44
16.4489 44
16.4552 44
16.4615 44
16.4678 44
16.4741 44
16.4804 44
16.4867 45
16.493 45
16.4993 45
16.5056 45
16.512 45
16.5183 45
16.5246 45
16.5309 45
16.5372 45
16.5435 45
16.5498 45
16.5561 45
16.5624 45
16.5687 45
16.575 45
16.5813 45
16.5876 45
16.5939 45
16.6002 45
16.6065 45
16.6128 45
16.6191 45
16.6254 45
16.6317 45
16.638 45
16.6443 45
16.6506 45
16.6569 45
16.6632 45
16.6696 45
16.6759 45
16.6822 45
16.6885 45
16.6948 45
16.7011 45
16.7074 45
16.7137 45
16.72 45
16.7263 45
16.7326 45
16.7389 45
16.7452 45
16.7515 45
16.7578 45
16.7641 45
16.7704 45
16.7767 46
16.783 46
16.7893 46
16.7956 46
16.8019 46
16.8082 46
16.8145 46
16.8208 46
16.8272 46
16.8335 46
16.8398 46
16.8461 46
16.8524 46
16.8587 46
16.865 46
16.8713 46
16.8776 46
16.8839 46
16.8902 46
16.8965 46
16.9028 46
16.9091 46
16.9154 46
16.9217 46
16.928 46
16.9343 46
16.9406 46
16.9469 46
16.9532 46
16.9595 46
16.9658 46
16.9721 46
16.9784 46
16.9848 46
16.9911 46
16.9974 46
17.0037 46
17.01 46
17.0163 46
17.0226 46
17.0289 46
17.0352 46
17.0415 46
17.0478 46
17.0541 46
17.0604 46
17.0667 46
17.073 47
17.0793 47
17.0856 47
17.0919 47
17.0982 47
17.1045 47
17.1108 47
17.1171 47
17.1234 47
17.1297 47
17.136 47
17.1424 47
17.1487 47
17.155 47
17.1613 47
17.1676 47
17.1739 47
17.1802 47
17.1865 47
17.1928 47
17.1991 47
17.2054 47
17.2117 47
17.218 47
17.2243 47
17.2306 47
17.2369 47
17.2432 47
17.2495 47
17.2558 47
17.2621 47
17.2684 47
17.2747 47
17.281 47
17.2873 47
17.2936 47
17.3 47
17.3063 47
17.3126 47
17.3189 47
17.3252 47
17.3315 47
17.3378 47
17.3441 47
17.3504 47
17.3567 47
17.363 47
17.3693 47
17.3756 48
17.3819 48
17.3882 48
17.3945 48
17.4008 48
17.4071 48
17.4134 48
17.4197 48
17.426 48
17.4323 48
17.4386 48
17.4449 48
17.4512 48
17.4576 48
17.4639 48
17.4702 48
17.4765 48
17.4828 48
17.4891 48
17.4954 48
17.5017 48
17.508 48
17.5143 48
17.5206 48
17.5269 48
17.5332 48
17.5395 48
17.5458 48
17.5521 48
17.5584 48
17.5647 48
17.571 48
17.5773 48
17.5836 48
17.5899 48
17.5962 48
17.6025 48
17.6088 48
17.6152 48
17.6215 48
17.6278 48
17.6341 48
17.6404 48
17.6467 48
17.653 48
17.6593 48
17.6656 48
17.6719 48
17.6782 48
17.6845 48
17.6908 49
17.6971 49
17.7034 49
17.7097 49
17.716 49
17.7223 49
17.7286 49
17.7349 49
17.7412 49
17.7475 49
17.7538 49
17.7601 49
17.7664 49
17.7728 49
17.7791 49
17.7854 49
17.7917 49
17.798 49
17.8043 49
17.8106 49
17.8169 49
17.8232 49
17.8295 49
17.8358 49
17.8421 49
17.8484 49
17.8547 49
17.861 49
17.8673 49
17.8736 49
17.8799 49
17.8862 49
17.8925 49
17.8988 49
17.9051 49
17.9114 49
17.9177 49
17.924 49
17.9304 49
17.9367 49
17.943 49
17.9493 49
17.9556 49
17.9619 49
17.9682 49
17.9745 49
17.9808 49
17.9871 49
17.9934 49
17.9997 49
18.006 50
18.0123 50
18.0186 50
18.0249 50
18.0312 50
18.0375 50
18.0438 50
18.0501 50
18.0564 50
18.0627 50
18.069 50
18.0753 50
18.0816 50
18.088 50
18.0943 50
18.1006 50
18.1069 50
18.1132 50
18.1195 50
18.1258 50
18.1321 50
18.1384 50
18.1447 50
18.151 50
18.1573 50
18.1636 50
18.1699 50
18.1762 50
18.1825 50
18.1888 50
18.1951 50
18.2014 50
18.2077 50
18.214 50
18.2203 50
18.2266 50
18.2329 50
18.2392 50
18.2456 50
18.2519 50
18.2582 50
18.2645 50
18.2708 50
18.2771 50
18.2834 50
18.2897 50
18.296 50
18.3023 50
18.3086 50
18.3149 50
18.3212 50
18.3275 51
18.3338 51
18.3401 51
18.3464 51
18.3527 51
18.359 51
18.3653 51
18.3716 51
18.3779 51
18.3842 51
18.3905 51
18.3968 51
18.4032 51
18.4095 51
18.4158 51
18.4221 51
18.4284 51
18.4347 51
18.441 51
18.4473 51
18.4536 51
18.4599 51
18.4662 51
18.4725 51
18.4788 51
18.4851 51
18.4914 51
18.4977 51
18.504 51
18.5103 51
18.5166 51
18.5229 51
18.5292 51
18.5355 51
18.5418 51
18.5481 51
18.5544 51
18.5608 51
18.5671 51
18.5734 51
18.5797 51
18.586 51
18.5923 51
18.6173 24
18.9324 24
18.9496 24
18.9559 24
18.9624 24
18.9688 24
18.9751 24
18.9814 24
18.9877 24
18.994 24
19.0003 24
19.0066 24
19.0129 24
19.0192 25
19.0255 25
19.0318 25
19.0381 25
19.0444 25
19.0507 25
19.057 25
19.0633 25
19.0696 25
19.0759 25
19.0822 25
19.0885 25
19.0948 25
19.1011 25
19.1074 25
19.1137 25
19.12 25
19.1264 25
19.1327 25
19.139 25
19.1453 25
19.1516 25
19.1579 25
19.1642 25
19.1705 25
19.1768 25
19.1831 26
19.1894 26
19.1957 26
19.202 26
19.2083 26
19.2146 26
19.2209 26
19.2272 26
19.2335 26
19.2398 26
19.2461 26
19.2524 26
19.2587 26
19.265 26
19.2713 26
19.2776 26
19.284 26
19.2903 26
19.2966 26
19.3029 26
19.3092 26
19.3155 26
19.3218 26
19.3281 26
19.3344 26
19.3407 26
19.347 27
19.3533 27
19.3596 27
19.3659 27
19.3722 27
19.3785 27
19.3848 27
19.3911 27
19.3974 27
19.4037 27
19.41 27
19.4163 27
19.4226 27
19.4289 27
19.4352 27
19.4416 27
19.4479 27
19.4542 27
19.4605 27
19.4668 27
19.4731 27
19.4794 27
19.4857 27
19.492 27
19.4983 27
19.5046 27
19.5109 27
19.5172 27
19.5235 28
19.5298 28
19.5361 28
19.5424 28
19.5487 28
19.555 28
19.5613 28
19.5676 28
19.5739 28
19.5802 28
19.5865 28
19.5928 28
19.5992 28
19.6055 28
19.6118 28
19.6181 28
19.6244 28
19.6307 28
19.637 28
19.6433 28
19.6496 28
19.6559 28
19.6622 28
19.6685 28
19.6748 28
19.6811 28
19.6874 28
19.6937 28
19.7 28
19.7063 29
19.7126 29
19.7189 29
19.7252 29
19.7315 29
19.7378 29
19.7441 29
19.7504 29
19.7568 29
19.7631 29
19.7694 29
19.7757 29
19.782 29
19.7883 29
19.7946 29
19.8009 29
19.8072 29
19.8135 29
19.8198 29
19.8261 29
19.8324 29
19.8387 29
19.845 29
19.8513 29
19.8576 29
19.8639 29
19.8702 29
19.8765 29
19.8828 29
19.8891 29
19.8954 30
19.9017 30
19.908 30
19.9144 30
19.9207 30
19.927 30
19.9333 30
19.9396 30
19.9459 30
19.9522 30
19.9585 30
19.9648 30
19.9711 30
19.9774 30
19.9837 30
19.99 30
19.9963 30
20.0026 30
20.0089 30
20.0152 30
20.0215 30
20.0278 30
20.0341 30
20.0404 30
20.0467 30
20.053 30
20.0593 30
20.0656 30
20.072 30
20.0783 30
20.0846 31
20.0909 31
20.0972 31
20.1035 31
20.1098 31
20.1161 31
20.1224 31
20.1287 31
20.1351 31
20.1415 31
20.1481 31
20.1545 31
20.1608 31
20.1673 31
20.1738 31
20.1802 31
20.1865 31
20.1929 31
20.1992 31
20.2056 31
20.2119 31
20.2182 31
20.2245 31
20.2309 31
20.2374 31
20.2438 31
20.2503 31
20.2569 31
20.2635 31
20.27 31
20.2766 31
20.2831 31
20.2897 32
20.296 32
20.3025 32
20.3094 32
20.316 32
20.3228 32
20.3299 32
20.3367 32
20.3437 32
20.3505 32
20.3573 32
20.3642 32
20.3709 32
20.3774 32
20.3844 32
20.3908 32
20.3972 32
20.4035 32
20.4098 32
20.4161 32
20.4225 32
20.4289 32
20.4353 32
20.4417 32
20.4483 32
20.455 32
20.4614 32
20.4677 32
20.474 32
20.4803 32
20.4868 32
20.4932 32
20.4995 32
20.5058 33
20.5121 33
20.5188 33
20.5253 33
20.5318 33
20.5386 33
20.5453 33
20.5523 33
20.5591 33
20.5656 33
20.572 33
20.5789 33
20.586 33
20.5926 33
20.5992 33
20.6064 33
20.6132 33
20.6198 33
20.6266 33
20.6334 33
20.6398 33
20.6467 33
20.6534 33
20.6599 33
20.6663 33
20.6726 33
20.679 33
20.6855 33
20.6918 33
20.6981 33
20.7044 33
20.7108 33
20.7171 33
20.7235 33
20.7301 34
20.7366 34
20.7429 34
20.7494 34
20.7557 34
20.762 34
20.7684 34
20.775 34
20.7813 34
20.7878 34
20.7943 34
20.8012 34
20.808 34
20.8146 34
20.8215 34
20.8282 34
20.835 34
20.8417 34
20.8485 34
20.8552 34
20.862 34
20.8688 34
20.8755 34
20.8824 34
20.8891 34
20.896 34
20.9031 34
20.9094 34
20.9159 34
20.9225 34
20.9288 34
20.9351 34
20.9414 34
20.9477 34
20.954 34
20.9604 35
20.9669 35
20.9733 35
20.9798 35
20.9862 35
20.9926 35
20.9993 35
21.0057 35
21.0124 35
21.0189 35
21.0254 35
21.0319 35
21.0383 35
21.0449 35
21.0515 35
21.0583 35
21.0648 35
21.0714 35
21.0781 35
21.0845 35
21.0909 35
21.0977 35
21.1043 35
21.1106 35
21.1169 35
21.1237 35
21.1304 35
21.1369 35
21.1438 35
21.1501 35
21.157 35
21.1638 35
21.1706 35
21.1773 35
21.1838 35
21.1905 35
21.1972 36
21.2036 36
21.2099 36
21.2165 36
21.2228 36
21.2294 36
21.2358 36
21.2426 36
21.2493 36
21.2558 36
21.2624 36
21.2691 36
21.2758 36
21.2824 36
21.2893 36
21.2956 36
21.3024 36
21.309 36
21.3157 36
21.3223 36
21.3286 36
21.3349 36
21.3413 36
21.3476 36
21.3539 36
21.3602 36
21.3667 36
21.3731 36
21.3794 36
21.3857 36
21.392 36
21.3983 36
21.4046 36
21.4109 36
21.4172 36
21.4235 36
21.4303 36
21.4373 37
21.4444 37
21.451 37
21.4577 37
21.4648 37
21.4716 37
21.4786 37
21.4854 37
21.4924 37
21.4992 37
21.5055 37
21.512 37
21.5187 37
21.525 37
21.5318 37
21.5385 37
21.5452 37
21.5521 37
21.5588 37
21.5651 37
21.5719 37
21.5785 37
21.585 37
21.5913 37
21.5976 37
21.6039 37
21.6102 37
21.6165 37
21.6228 37
21.6292 37
21.6355 37
21.6418 37
21.6481 37
21.6544 37
21.6607 37
21.667 37
21.6733 37
21.6798 37
21.6864 38
21.6931 38
21.6994 38
21.7059 38
21.7122 38
21.7188 38
21.7253 38
21.7322 38
21.7386 38
21.7456 38
21.7526 38
21.7593 38
21.7663 38
21.7731 38
21.7799 38
21.7866 38
21.7936 38
21.8004 38
21.807 38
21.8137 38
21.8204 38
21.827 38
21.8335 38
21.8405 38
21.8468 38
21.8532 38
21.8598 38
21.8661 38
21.8725 38
21.8789 38
21.8853 38
21.8916 38
21.898 38
21.9043 38
21.9108 38
21.9172 38
21.9235 38
21.9298 38
21.9362 38
21.9426 39
21.9489 39
21.9556 39
21.9619 39
21.9687 39
21.9754 39
21.9817 39
21.9881 39
21.9945 39
22.0008 39
22.0078 39
22.0141 39
22.0207 39
22.0273 39
22.0336 39
22.04 39
22.0467 39
22.0531 39
22.0602 39
22.0668 39
22.0736 39
22.0805 39
22.0873 39
22.094 39
22.1007 39
22.1072 39
22.1135 39
22.1199 39
22.1262 39
22.1328 39
22.1394 39
22.1648 18
22.405 18
22.5002 18
22.5065 18
22.5128 18
22.5191 18
22.5254 18
22.5317 18
22.5381 18
22.5444 18
22.5507 19
22.557 19
22.5633 19
22.5696 19
22.5759 19
22.5822 19
22.5885 19
22.5948 19
22.6011 19
22.6074 19
22.666 19
22.6723 19
22.6787 19
22.685 19
22.6913 19
22.6976 19
22.7039 19
22.7102 19
22.7165 19
22.7228 19
22.7291 20
22.7354 20
22.7417 20
22.748 20
22.7543 20
22.7606 20
22.7669 20
22.7732 20
22.7795 20
22.8141 20
22.8204 20
22.8267 20
22.833 20
22.8393 20
22.8456 20
22.8519 20
22.8582 20
22.8645 20
22.8708 20
22.8771 20
22.8834 21
22.8897 21
22.896 21
22.9023 21
22.9086 21
22.9149 21
22.9212 21
22.9275 21
22.9338 21
22.9547 21
22.961 21
22.9674 21
22.9738 21
22.9805 21
22.987 21
22.9936 21
22.9999 21
23.0062 21
23.0126 21
23.0189 21
23.0254 21
23.0318 21
23.0382 22
23.0445 22
23.0508 22
23.0571 22
23.0634 22
23.0697 22
23.076 22
23.0823 22
23.0951 22
23.1014 22
23.1077 22
23.114 22
23.1203 22
23.1266 22
23.1333 22
23.14 22
23.1463 22
23.1529 22
23.1594 22
23.1657 22
23.172 22
23.1783 22
23.1846 23
23.1909 23
23.1972 23
23.2035 23
23.2098 23
23.2161 23
23.2224 23
23.2287 23
23.235 23
23.2413 23
23.2479 23
23.2547 23
23.2614 23
23.2681 23
23.2751 23
23.2819 23
23.2884 23
23.2953 23
23.3016 23
23.3079 23
23.3142 23
23.3205 23
23.3268 23
23.3331 23
23.3394 24
23.3457 24
23.352 24
23.3583 24
23.3646 24
23.3709 24
23.3772 24
23.3835 24
23.3898 24
23.3961 24
23.4024 24
23.4088 24
23.4151 24
23.4214 24
23.4277 24
23.434 24
23.4403 24
23.4466 24
23.4529 24
23.4592 24
23.4655 24
23.4718 24
23.4781 24
23.4846 24
23.4914 24
23.4978 25
23.5041 25
23.5104 25
23.5167 25
23.523 25
23.5293 25
23.5356 25
23.5419 25
23.5482 25
23.5545 25
23.5608 25
23.5671 25
23.5734 25
23.5797 25
23.586 25
23.5923 25
23.5987 25
23.605 25
23.6113 25
23.6176 25
23.624 25
23.6307 25
23.6375 25
23.6442 25
23.6506 25
23.6573 26
23.664 26
23.6705 26
23.6771 26
23.6835 26
23.6903 26
23.6974 26
23.704 26
23.7111 26
23.7177 26
23.7241 26
23.7305 26
23.7368 26
23.7433 26
23.7496 26
23.7559 26
23.7622 26
23.7685 26
23.7748 26
23.7811 26
23.7874 26
23.7937 26
23.8 26
23.8063 26
23.8127 26
23.8192 26
23.8256 26
23.8319 27
23.8382 27
23.8445 27
23.8508 27
23.8575 27
23.8639 27
23.871 27
23.8778 27
23.8845 27
23.891 27
23.8978 27
23.9046 27
23.9112 27
23.9175 27
23.9242 27
23.9306 27
23.937 27
23.9436 27
23.9504 27
23.9571 27
23.9642 27
23.971 27
23.9775 27
23.9838 27
23.9901 27
23.9964 27
24.0027 27
24.009 27
24.0153 28
24.0219 28
24.0288 28
24.0354 28
24.0418 28
24.0485 28
24.0556 28
24.0622 28
24.069 28
24.0757 28
24.0822 28
24.0887 28
24.0954 28
24.102 28
24.1083 28
24.1146 28
24.121 28
24.1273 28
24.1336 28
24.14 28
24.1466 28
24.1529 28
24.1593 28
24.1659 28
24.1723 28
24.179 28
24.1858 28
24.1927 28
24.1997 28
24.2062 29
24.213 29
24.2197 29
24.2264 29
24.2327 29
24.2391 29
24.2458 29
24.2525 29
24.2591 29
24.2657 29
24.2722 29
24.2788 29
24.2853 29
24.2921 29
24.2985 29
24.3055 29
24.3123 29
24.3188 29
24.3255 29
24.3322 29
24.3387 29
24.3452 29
24.3515 29
24.3579 29
24.3642 29
24.3708 29
24.3773 29
24.3837 29
24.3903 29
24.3966 30
24.403 30
24.4097 30
24.416 30
24.4223 30
24.4289 30
24.4358 30
24.4424 30
24.4488 30
24.4554 30
24.4617 30
24.4683 30
24.4752 30
24.4817 30
24.4885 30
24.4955 30
24.5023 30
24.5088 30
24.5153 30
24.5218 30
24.5285 30
24.535 30
24.5416 30
24.548 30
24.5546 30
24.5613 30
24.568 30
24.5746 30
24.5812 30
24.5879 30
24.5946 30
24.6009 31
24.6075 31
24.6141 31
24.6209 31
24.6276 31
24.6344 31
24.6407 31
24.6471 31
24.6537 31
24.6602 31
24.6667 31
24.673 31
24.6793 31
24.6856 31
24.6921 31
24.6984 31
24.7047 31
24.7112 31
24.7176 31
24.7242 31
24.7308 31
24.7374 31
24.7441 31
24.7509 31
24.758 31
24.7648 31
24.7716 31
24.7786 31
24.7856 31
24.7925 31
24.7989 31
24.8057 31
24.8123 32
24.8186 32
24.8249 32
24.8312 32
24.8375 32
24.8438 32
24.8501 32
24.8564 32
24.863 32
24.8697 32
24.8761 32
24.8828 32
24.8895 32
24.8958 32
24.9023 32
24.9091 32
24.9159 32
24.9226 32
24.9293 32
24.9359 32
24.9427 32
24.9493 32
24.9556 32
24.9622 32
24.9686 32
24.9752 32
24.9818 32
24.9883 32
24.9946 32
