15.0059 35
15.0122 35
15.0185 35
15.0248 35
15.0311 35
15.0374 35
15.0437 35
15.05 35
15.0563 35
15.0626 35
15.0689 35
15.0752 35
15.0815 35
15.0878 35
15.0941 35
15.1004 35
15.1067 35
15.113 35
15.1193 35
15.1256 35
15.1319 35
15.1382 35
15.1446 35
15.1509 35
15.1572 35
15.1635 35
15.1698 35
15.1761 35
15.1824 35
15.1887 35
15.195 35
15.2013 35
15.2076 35
15.2139 35
15.2202 35
15.2265 36
15.2328 36
15.2391 36
15.2454 36
15.2517 36
15.258 36
15.2643 36
15.2706 36
15.2769 36
15.2832 36
15.2895 36
15.2958 36
15.3022 36
15.3085 36
15.3148 36
15.3211 36
15.3274 36
15.3337 36
15.34 36
15.3463 36
15.3526 36
15.3589 36
15.3652 36
15.3715 36
15.3778 36
15.3841 36
15.3904 36
15.3967 36
15.403 36
15.4093 36
15.4156 36
15.4219 36
15.4282 36
15.4345 36
15.4408 36
15.4471 36
15.4534 36
15.4598 37
15.4661 37
15.4724 37
15.4787 37
15.485 37
15.4913 37
15.4976 37
15.5039 37
15.5102 37
15.5165 37
15.5228 37
15.5291 37
15.5354 37
15.5417 37
15.548 37
15.5543 37
15.5606 37
15.5669 37
15.5732 37
15.5795 37
15.5858 37
15.5921 37
15.5984 37
15.6047 37
15.611 37
15.6174 37
15.6237 37
15.63 37
15.6363 37
15.6426 37
15.6489 37
15.6552 37
15.6615 37
15.6678 37
15.6741 37
15.6804 37
15.6867 37
15.693 37
15.6993 38
15.7056 38
15.7119 38
15.7182 38
15.7245 38
15.7308 38
15.7371 38
15.7434 38
15.7497 38
15.756 38
15.7623 38
15.7686 38
15.775 38
15.7813 38
15.7876 38
15.7939 38
15.8002 38
15.8065 38
15.8128 38
15.8191 38
15.8254 38
15.8317 38
15.838 38
15.8443 38
15.8506 38
15.8569 38
15.8632 38
15.8695 38
15.8758 38
15.8821 38
15.8884 38
15.8947 38
15.901 38
15.9073 38
15.9136 38
15.9199 38
15.9262 38
15.9326 38
15.9389 38
15.9452 39
15.9515 39
15.9578 39
15.9641 39
15.9704 39
15.9767 39
15.983 39
15.9893 39
15.9956 39
16.0019 39
16.0082 39
16.0145 39
16.0208 39
16.0271 39
16.0334 39
16.0397 39
16.046 39
16.0523 39
16.0586 39
16.0649 39
16.0712 39
16.0775 39
16.0838 39
16.0902 39
16.0965 39
16.1028 39
16.1091 39
16.1154 39
16.1217 39
16.128 39
16.1343 39
16.1406 39
16.1469 39
16.1532 39
16.1595 39
16.1658 39
16.1721 39
16.1784 39
16.1847 39
16.191 39
16.1973 40
16.2036 40
16.2099 40
16.2162 40
16.2225 40
16.2288 40
16.2351 40
16.2414 40
16.2478 40
16.2541 40
16.2604 40
16.2667 40
16.273 40
16.2793 40
16.2856 40
16.2919 40
16.2982 40
16.3045 40
16.3108 40
16.3171 40
16.3234 40
16.3297 40
16.336 40
16.3423 40
16.3486 40
16.3549 40
16.3612 40
16.3675 40
16.3738 40
16.3801 40
16.3864 40
16.3927 40
16.399 40
16.4054 40
16.4117 40
16.418 40
16.4243 40
16.4306 40
16.4369 40
16.4432 40
16.4495 40
16.4558 41
16.4621 41
16.4684 41
16.4747 41
16.481 41
16.4873 41
16.4936 41
16.4999 41
16.5062 41
16.5125 41
16.5188 41
16.5251 41
16.5314 41
16.5377 41
16.544 41
16.5503 41
16.5566 41
16.563 41
16.5693 41
16.5756 41
16.5819 41
16.5882 41
16.5945 41
16.6008 41
16.6071 41
16.6134 41
16.6197 41
16.626 41
16.6323 41
16.6386 41
16.6449 41
16.6512 41
16.6575 41
16.6638 41
16.6701 41
16.6764 41
16.6827 41
16.689 41
16.6953 41
16.7016 41
16.7079 41
16.7142 41
16.7206 41
16.7269 42
16.7332 42
16.7395 42
16.7458 42
16.7521 42
16.7584 42
16.7647 42
16.771 42
16.7773 42
16.7836 42
16.7899 42
16.7962 42
16.8025 42
16.8088 42
16.8151 42
16.8214 42
16.8277 42
16.834 42
16.8403 42
16.8466 42
16.8529 42
16.8592 42
16.8655 42
16.8718 42
16.8782 42
16.8845 42
16.8908 42
16.8971 42
16.9034 42
16.9097 42
16.916 42
16.9223 42
16.9286 42
16.9349 42
16.9412 42
16.9475 42
16.9538 42
16.9601 42
16.9664 42
16.9727 42
16.979 42
16.9853 42
16.9916 42
16.9979 43
17.0042 43
17.0105 43
17.0168 43
17.0231 43
17.0294 43
17.0358 43
17.0421 43
17.0484 43
17.0547 43
17.061 43
17.0673 43
17.0736 43
17.0799 43
17.0862 43
17.0925 43
17.0988 43
17.1051 43
17.1114 43
17.1177 43
17.124 43
17.1303 43
17.1366 43
17.1429 43
17.1492 43
17.1555 43
17.1618 43
17.1681 43
17.1744 43
17.1807 43
17.187 43
17.1934 43
17.1997 43
17.206 43
17.2123 43
17.2186 43
17.2249 43
17.2312 43
17.2375 43
17.2438 43
17.2501 43
17.2564 43
17.2627 43
17.269 43
17.2753 44
17.2816 44
17.2879 44
17.2942 44
17.3005 44
17.3068 44
17.3131 44
17.3194 44
17.3257 44
17.332 44
17.3383 44
17.3446 44
17.351 44
17.3573 44
17.3636 44
17.3699 44
17.3762 44
17.3825 44
17.3888 44
17.3951 44
17.4014 44
17.4077 44
17.414 44
17.4203 44
17.4266 44
17.4329 44
17.4392 44
17.4455 44
17.4518 44
17.4581 44
17.4644 44
17.4707 44
17.477 44
17.4833 44
17.4896 44
17.4959 44
17.5022 44
17.5086 44
17.5149 44
17.5212 44
17.5275 44
17.5338 44
17.5401 44
17.5464 44
17.5527 44
17.559 45
17.5653 45
17.5716 45
17.5779 45
17.5842 45
17.5905 45
17.5968 45
17.6031 45
17.6094 45
17.6157 45
17.622 45
17.6283 45
17.6346 45
17.6409 45
17.6472 45
17.6535 45
17.6598 45
17.6662 45
17.6725 45
17.6788 45
17.6851 45
17.6914 45
17.6977 45
17.704 45
17.7103 45
17.7166 45
17.7229 45
17.7292 45
17.7355 45
17.7418 45
17.7481 45
17.7544 45
17.7607 45
17.767 45
17.7733 45
17.7796 45
17.7859 45
17.7922 45
17.7985 45
17.8048 45
17.8111 45
17.8174 45
17.8238 45
17.8301 45
17.8364 45
17.8427 45
17.849 46
17.8553 46
17.8616 46
17.8679 46
17.8742 46
17.8805 46
17.8868 46
17.8931 46
17.8994 46
17.9057 46
17.912 46
17.9183 46
17.9246 46
17.9309 46
17.9372 46
17.9435 46
17.9498 46
17.9561 46
17.9624 46
17.9687 46
17.975 46
17.9814 46
17.9877 46
17.994 46
18.0003 46
18.0066 46
18.0129 46
18.0192 46
18.0255 46
18.0318 46
18.0381 46
18.0444 46
18.0507 46
18.057 46
18.0633 46
18.0696 46
18.0759 46
18.0822 46
18.0885 46
18.0948 46
18.1011 46
18.1074 46
18.1137 46
18.12 46
18.1263 46
18.1326 46
18.139 46
18.1453 47
18.1516 47
18.1579 47
18.1642 47
18.1705 47
18.1768 47
18.1831 47
18.1894 47
18.1957 47
18.202 47
18.2083 47
18.2146 47
18.2209 47
18.2272 47
18.2335 47
18.2398 47
18.2461 47
18.2524 47
18.2587 47
18.265 47
18.2713 47
18.2776 47
18.2839 47
18.2902 47
18.2966 47
18.3029 47
18.3092 47
18.3155 47
18.3218 47
18.3281 47
18.3344 47
18.3407 47
18.347 47
18.3533 47
18.3596 47
18.3659 47
18.388 22
18.7294 22
18.7357 22
18.742 22
18.7483 22
18.7546 22
18.7609 22
18.7672 22
18.7735 22
18.7798 22
18.7861 22
18.7924 22
18.7987 23
18.805 23
18.8113 23
18.8176 23
18.8239 23
18.8302 23
18.8365 23
18.8428 23
18.8491 23
18.8554 23
18.8617 23
18.8742 23
18.8805 23
18.8868 23
18.8931 23
18.8995 23
18.9058 23
18.9121 23
18.9184 23
18.9247 23
18.931 23
18.9373 23
18.9436 23
18.9499 23
18.9562 24
18.9625 24
18.9688 24
18.9751 24
18.9814 24
18.9877 24
18.994 24
19.0003 24
19.0066 24
19.0129 24
19.0192 24
19.0255 24
19.0318 24
19.0381 24
19.0444 24
19.0507 24
19.0571 24
19.0634 24
19.0697 24
19.076 24
19.0823 24
19.0886 24
19.0949 24
19.1012 24
19.1075 25
19.1138 25
19.1201 25
19.1264 25
19.1327 25
19.139 25
19.1453 25
19.1516 25
19.1579 25
19.1642 25
19.1705 25
19.1768 25
19.1831 25
19.1894 25
19.1957 25
19.202 25
19.2083 25
19.2147 25
19.221 25
19.2273 25
19.2336 25
19.2399 25
19.2462 25
19.2525 25
19.2588 25
19.2651 25
19.2714 26
19.2777 26
19.284 26
19.2903 26
19.2966 26
19.3029 26
19.3092 26
19.3155 26
19.3218 26
19.3281 26
19.3344 26
19.3407 26
19.347 26
19.3533 26
19.3596 26
19.3659 26
19.3723 26
19.3786 26
19.3849 26
19.3912 26
19.3975 26
19.4038 26
19.4101 26
19.4164 26
19.4227 26
19.429 26
19.4353 26
19.4416 27
19.4479 27
19.4542 27
19.4605 27
19.4668 27
19.4731 27
19.4794 27
19.4857 27
19.492 27
19.4983 27
19.5046 27
19.5109 27
19.5172 27
19.5235 27
19.5299 27
19.5362 27
19.5425 27
19.5488 27
19.5551 27
19.5614 27
19.5677 27
19.574 27
19.5803 27
19.5866 27
19.5929 27
19.5992 27
19.6055 27
19.6118 28
19.6181 28
19.6244 28
19.6307 28
19.637 28
19.6433 28
19.6496 28
19.6559 28
19.6622 28
19.6685 28
19.6748 28
19.6811 28
19.6875 28
19.6938 28
19.7001 28
19.7064 28
19.7127 28
19.719 28
19.7253 28
19.7316 28
19.7379 28
19.7442 28
19.7505 28
19.7568 28
19.7631 28
19.7694 28
19.7757 28
19.782 28
19.7883 28
19.7946 29
19.8009 29
19.8072 29
19.8135 29
19.8198 29
19.8261 29
19.8324 29
19.8387 29
19.8451 29
19.8514 29
19.8577 29
19.864 29
19.8703 29
19.8766 29
19.8829 29
19.8892 29
19.8955 29
19.9018 29
19.9081 29
19.9144 29
19.9207 29
19.927 29
19.9333 29
19.9396 29
19.9459 29
19.9522 29
19.9585 29
19.9648 29
19.9711 29
19.9774 29
19.9837 30
19.99 30
19.9963 30
20.0027 30
20.009 30
20.0153 30
20.0216 30
20.0279 30
20.0342 30
20.0405 30
20.0468 30
20.0531 30
20.0594 30
20.0657 30
20.072 30
20.0783 30
20.0846 30
20.0909 30
20.0972 30
20.1035 30
20.1098 30
20.1161 30
20.1224 30
20.1287 30
20.135 30
20.1413 30
20.1476 30
20.154 30
20.1603 30
20.1666 30
20.1729 30
20.1792 31
20.1855 31
20.1918 31
20.1981 31
20.2044 31
20.2107 31
20.217 31
20.2233 31
20.2296 31
20.2359 31
20.2422 31
20.2485 31
20.2548 31
20.2611 31
20.2674 31
20.2737 31
20.28 31
20.2863 31
20.2926 31
20.2989 31
20.3052 31
20.3115 31
20.3179 31
20.3242 31
20.3305 31
20.3368 31
20.3431 31
20.3494 31
20.3557 31
20.362 31
20.3683 31
20.3746 31
20.3809 32
20.3872 32
20.3935 32
20.3998 32
20.4061 32
20.4124 32
20.4187 32
20.425 32
20.4313 32
20.4376 32
20.4439 32
20.4502 32
20.4565 32
20.4628 32
20.4691 32
20.4755 32
20.4818 32
20.4881 32
20.4944 32
20.5007 32
20.507 32
20.5133 32
20.5196 32
20.5259 32
20.5322 32
20.5385 32
20.5448 32
20.5511 32
20.5574 32
20.5637 32
20.57 32
20.5763 32
20.5826 33
20.5889 33
20.5952 33
20.6015 33
20.6078 33
20.6141 33
20.6204 33
20.6267 33
20.6331 33
20.6394 33
20.6457 33
20.652 33
20.6583 33
20.6646 33
20.6709 33
20.6772 33
20.6835 33
20.6898 33
20.6961 33
20.7024 33
20.7087 33
20.715 33
20.7213 33
20.7276 33
20.7339 33
20.7402 33
20.7467 33
20.7532 33
20.7595 33
20.7659 33
20.7726 33
20.7793 33
20.7862 33
20.7928 33
20.7996 34
20.8063 34
20.813 34
20.8199 34
20.8268 34
20.8334 34
20.8402 34
20.8471 34
20.8538 34
20.8606 34
20.8674 34
20.8744 34
20.8813 34
20.8876 34
20.8943 34
20.9007 34
20.907 34
20.9133 34
20.9196 34
20.9259 34
20.9322 34
20.9385 34
20.9451 34
20.9517 34
20.9582 34
20.9645 34
20.9709 34
20.9775 34
20.9841 34
20.9906 34
20.9969 34
21.0037 34
21.0103 34
21.0166 34
21.0231 34
21.0298 35
21.0365 35
21.0429 35
21.0496 35
21.0564 35
21.0627 35
21.0693 35
21.0761 35
21.0824 35
21.0888 35
21.0953 35
21.1021 35
21.1086 35
21.1152 35
21.1219 35
21.1282 35
21.1351 35
21.1418 35
21.1487 35
21.1554 35
21.1618 35
21.1686 35
21.1752 35
21.1818 35
21.1881 35
21.1947 35
21.201 35
21.2075 35
21.2139 35
21.2207 35
21.2274 35
21.234 35
21.2406 35
21.2472 35
21.2541 35
21.2607 35
21.2675 36
21.2738 36
21.2806 36
21.2873 36
21.294 36
21.3004 36
21.3068 36
21.3131 36
21.3196 36
21.3259 36
21.3322 36
21.3386 36
21.3449 36
21.3515 36
21.3578 36
21.3641 36
21.3704 36
21.3767 36
21.383 36
21.3893 36
21.3956 36
21.4019 36
21.4087 36
21.4156 36
21.4227 36
21.4292 36
21.4359 36
21.4431 36
21.4498 36
21.4569 36
21.4635 36
21.4707 36
21.4774 36
21.4837 36
21.4903 36
21.497 36
21.5033 36
21.5102 37
21.5169 37
21.5234 37
21.5302 37
21.5369 37
21.5432 37
21.5502 37
21.5566 37
21.5633 37
21.5696 37
21.5759 37
21.5822 37
21.5885 37
21.5948 37
21.6011 37
21.6074 37
21.6137 37
21.62 37
21.6263 37
21.6326 37
21.6389 37
21.6452 37
21.6515 37
21.658 37
21.6646 37
21.6712 37
21.6775 37
21.6843 37
21.6906 37
21.697 37
21.7036 37
21.7103 37
21.717 37
21.7238 37
21.7306 37
21.7375 37
21.7446 37
21.7514 37
21.7582 38
21.7648 38
21.7715 38
21.7783 38
21.7853 38
21.792 38
21.7988 38
21.8053 38
21.8119 38
21.8186 38
21.8251 38
21.8316 38
21.8381 38
21.8444 38
21.8508 38
21.8573 38
21.8636 38
21.8699 38
21.8762 38
21.8825 38
21.8892 38
21.8955 38
21.9018 38
21.9081 38
21.9145 38
21.9208 38
21.9271 38
21.9338 38
21.9401 38
21.947 38
21.9536 38
21.9599 38
21.9665 38
21.9728 38
21.9792 38
21.986 38
21.9924 38
21.999 38
22.0054 38
22.012 39
22.0183 39
22.025 39
22.0313 39
22.0386 39
22.045 39
22.0518 39
22.0589 39
22.0657 39
22.0724 39
22.0791 39
22.0855 39
22.0918 39
22.0981 39
22.1045 39
22.1109 39
22.1177 39
22.124 39
22.1303 39
22.1366 39
22.143 39
22.1493 39
22.1556 39
22.1619 39
22.1683 39
22.1748 39
22.1811 39
22.1874 39
22.1937 39
22.2 39
22.2063 39
22.2126 39
22.2189 39
22.2252 39
22.2316 39
22.2379 39
22.2442 39
22.2505 39
22.2569 39
22.2635 39
22.2698 40
22.2761 40
22.2824 40
22.2887 40
22.295 40
22.3013 40
22.3076 40
22.3139 40
22.3202 40
22.3265 40
22.3328 40
22.3391 40
22.3454 40
22.3517 40
22.358 40
22.3644 40
22.3707 40
22.377 40
22.3833 40
22.3896 40
22.3959 40
22.4022 40
22.4085 40
22.4148 40
22.4211 40
22.4274 40
22.4337 40
22.44 40
22.4463 40
22.4526 40
22.4589 40
22.4652 40
22.4715 40
22.4778 40
22.4841 40
22.4904 40
22.4967 40
22.503 40
22.5093 40
22.5156 40
22.522 40
22.5283 41
22.5346 41
22.5409 41
22.5472 41
22.5535 41
22.5598 41
22.5661 41
22.5724 41
22.5787 41
22.585 41
22.5913 41
22.5976 41
22.6039 41
22.6102 41
22.6165 41
22.6228 41
22.6291 41
22.6354 41
22.6417 41
22.648 41
22.6543 41
22.6606 41
22.6669 41
22.6732 41
22.6796 41
22.6859 41
22.6922 41
22.6985 41
22.7048 41
22.7111 41
22.7174 41
22.7237 41
22.73 41
22.7363 41
22.7426 41
22.7489 41
22.7552 41
22.7615 41
22.7678 41
22.7741 41
22.7804 41
22.7867 41
22.793 42
22.7993 42
22.8056 42
22.8119 42
22.8182 42
22.8245 42
22.8308 42
22.8372 42
22.8435 42
22.8498 42
22.8561 42
22.8624 42
22.8687 42
22.875 42
22.8813 42
22.8876 42
22.8939 42
22.9002 42
22.9065 42
22.9128 42
22.9191 42
22.9254 42
22.9317 42
22.938 42
22.9443 42
22.9506 42
22.9569 42
22.9632 42
22.9695 42
22.9758 42
22.9821 42
22.9884 42
22.9948 42
23.0011 42
23.0074 42
23.0137 42
23.02 42
23.0263 42
23.0326 42
23.0389 42
23.0452 42
23.0515 42
23.0578 42
23.0641 43
23.0704 43
23.0767 43
23.083 43
23.0893 43
23.0956 43
23.1019 43
23.1082 43
23.1145 43
23.1208 43
23.1271 43
23.1334 43
23.1397 43
23.146 43
23.1524 43
23.1587 43
23.165 43
23.1713 43
23.1776 43
23.1839 43
23.1902 43
23.1965 43
23.2028 43
23.2091 43
23.2154 43
23.2217 43
23.228 43
23.2343 43
23.2406 43
23.2469 43
23.2532 43
23.2595 43
23.2658 43
23.2721 43
23.2784 43
23.2847 43
23.291 43
23.2973 43
23.3036 43
23.31 43
23.3163 43
23.3226 43
23.3289 43
23.3352 43
23.3415 44
23.3478 44
23.3541 44
23.3604 44
23.3667 44
23.373 44
23.3793 44
23.3856 44
23.3919 44
23.3982 44
23.4045 44
23.4108 44
23.4171 44
23.4234 44
23.4297 44
23.436 44
23.4423 44
23.4486 44
23.4549 44
23.4612 44
23.4676 44
23.4739 44
23.4802 44
23.4865 44
23.4928 44
23.4991 44
23.5054 44
23.5117 44
23.518 44
23.5243 44
23.5306 44
23.5369 44
23.5432 44
23.5495 44
23.5558 44
23.5621 44
23.5684 44
23.5747 44
23.581 44
23.5873 44
23.5936 44
23.5999 44
23.6062 44
23.6125 44
23.6188 44
23.6252 44
23.6315 45
23.6378 45
23.6441 45
23.6504 45
23.6567 45
23.663 45
23.6693 45
23.6756 45
23.6819 45
23.6882 45
23.6945 45
23.7008 45
23.7071 45
23.7134 45
23.7197 45
23.726 45
23.7323 45
23.7386 45
23.7449 45
23.7512 45
23.7575 45
23.7638 45
23.7701 45
23.7764 45
23.7828 45
23.7891 45
23.7954 45
23.8017 45
23.808 45
23.8143 45
23.8206 45
23.8269 45
23.8332 45
23.8395 45
23.8458 45
23.8521 45
23.8584 45
23.8647 45
23.871 45
23.8773 45
23.8836 45
23.8899 45
23.8962 45
23.9025 45
23.9088 45
23.9151 45
23.9214 46
23.9277 46
23.934 46
23.9404 46
23.9467 46
23.953 46
23.9593 46
23.9656 46
23.9719 46
23.9782 46
23.9845 46
23.9908 46
23.9971 46
24.0034 46
24.0097 46
24.016 46
24.0223 46
24.0286 46
24.0349 46
24.0412 46
24.0475 46
24.0538 46
24.0601 46
24.0664 46
24.0727 46
24.079 46
24.0853 46
24.0916 46
24.098 46
24.1043 46
24.1106 46
24.1169 46
24.1232 46
24.1295 46
24.1358 46
24.1421 46
24.1484 46
24.1547 46
24.161 46
24.1673 46
24.1736 46
24.1799 46
24.1862 46
24.1925 46
24.1988 46
24.2051 46
24.2114 46
24.2177 47
24.224 47
24.2303 47
24.2366 47
24.2429 47
24.2492 47
24.2556 47
24.2619 47
24.2682 47
24.2745 47
24.2808 47
24.2871 47
24.2934 47
24.2997 47
24.306 47
24.3123 47
24.3186 47
24.3249 47
24.3312 47
24.3375 47
24.3438 47
24.3501 47
24.3564 47
24.3627 47
24.369 47
24.3753 47
24.3816 47
24.3879 47
24.3942 47
24.4005 47
24.4068 47
24.4132 47
24.4195 47
24.4258 47
24.4321 47
24.4384 47
24.4447 47
24.451 47
24.4573 47
24.4636 47
24.4699 47
24.4762 47
24.4825 47
24.4888 47
24.4951 47
24.5014 47
24.5077 47
24.514 47
24.5203 48
24.5266 48
24.5329 48
24.5392 48
24.5455 48
24.5518 48
24.5581 48
24.5644 48
24.5708 48
24.5771 48
24.5834 48
24.5897 48
24.596 48
24.6023 48
24.6086 48
24.6149 48
24.6212 48
24.6275 48
24.6338 48
24.6401 48
24.6464 48
24.6527 48
24.659 48
24.6653 48
24.6716 48
24.6779 48
24.6842 48
24.6905 48
24.6968 48
24.7031 48
24.7094 48
24.7157 48
24.722 48
24.7284 48
24.7347 48
24.741 48
24.7473 48
24.7536 48
24.7599 48
24.7662 48
24.7725 48
24.7788 48
24.7851 48
24.7914 48
24.7977 48
24.804 48
24.8103 48
24.8166 48
24.8229 48
24.8292 48
24.8355 49
24.8418 49
24.8481 49
24.8544 49
24.8607 49
24.867 49
24.8733 49
24.8796 49
24.886 49
24.8923 49
24.8986 49
24.9049 49
24.9112 49
24.9175 49
24.9238 49
24.9301 49
24.9364 49
24.9427 49
24.949 49
24.9553 49
24.9616 49
24.9679 49
24.9742 49
24.9805 49
24.9868 49
24.9931 49
24.9994 49
