15.0026 59
15.0089 59
15.0152 59
15.0215 59
15.0278 59
15.0341 59
15.0404 59
15.0467 59
15.053 59
15.0593 59
15.0656 59
15.0719 59
15.0782 59
15.0845 59
15.0908 59
15.0971 59
15.1034 59
15.1097 59
15.116 59
15.1223 59
15.1286 59
15.1349 59
15.1413 59
15.1476 59
15.1539 59
15.1602 59
15.1665 59
15.1728 59
15.1791 59
15.1854 59
15.1917 59
15.198 59
15.2043 59
15.2106 59
15.2169 59
15.2232 59
15.2295 59
15.2358 59
15.2421 59
15.2484 59
15.2547 59
15.261 60
15.2673 60
15.2736 60
15.2799 60
15.2862 60
15.2925 60
15.2989 60
15.3052 60
15.3115 60
15.3178 60
15.3241 60
15.3304 60
15.3367 60
15.343 60
15.3493 60
15.3556 60
15.3619 60
15.3682 60
15.3745 60
15.3808 60
15.3871 60
15.3934 60
15.3997 60
15.406 60
15.4123 60
15.4186 60
15.4249 60
15.4312 60
15.4375 60
15.4438 60
15.4501 60
15.4565 60
15.4628 60
15.4691 60
15.4754 60
15.4817 60
15.488 60
15.4943 60
15.5006 60
15.5069 60
15.5132 60
15.5195 60
15.5258 60
15.5321 60
15.5384 60
15.5447 60
15.551 60
15.5573 60
15.5636 60
15.5699 60
15.5762 60
15.5825 60
15.5888 60
15.5951 60
15.6014 60
15.6077 60
15.6141 60
15.6204 60
15.6267 60
15.633 60
15.6393 60
15.6456 60
15.6519 60
15.6582 61
15.6645 61
15.6708 61
15.6771 61
15.6834 61
15.6897 61
15.696 61
15.7023 61
15.7086 61
15.7149 61
15.7212 61
15.7275 61
15.7338 61
15.7401 61
15.7464 61
15.7527 61
15.759 61
15.7653 61
15.7717 61
15.778 61
15.7843 61
15.7906 61
15.7969 61
15.8032 61
15.8095 61
15.8158 61
15.8221 61
15.8284 61
15.8347 61
15.841 61
15.8473 61
15.8536 61
15.8599 61
15.8662 61
15.8725 61
15.8788 61
15.8851 61
15.8914 61
15.8977 61
15.904 61
15.9103 61
15.9166 61
15.9229 61
15.9293 61
15.9356 61
15.9419 61
15.9482 61
15.9545 61
15.9608 61
15.9671 61
15.9734 61
15.9797 61
15.986 61
15.9923 61
15.9986 61
16.0049 61
16.0112 61
16.0175 61
16.0238 61
16.0301 61
16.0364 61
16.0427 61
16.049 62
16.0553 62
16.0616 62
16.0679 62
16.0742 62
16.0805 62
16.0869 62
16.0932 62
16.0995 62
16.1058 62
16.1121 62
16.1184 62
16.1247 62
16.131 62
16.1373 62
16.1436 62
16.1499 62
16.1562 62
16.1625 62
16.1688 62
16.1751 62
16.1814 62
16.1877 62
16.194 62
16.2003 62
16.2066 62
16.2129 62
16.2192 62
16.2255 62
16.2318 62
16.2381 62
16.2445 62
16.2508 62
16.2571 62
16.2634 62
16.2697 62
16.276 62
16.2823 62
16.2886 62
16.2949 62
16.3012 62
16.3075 62
16.3138 62
16.3201 62
16.3264 62
16.3327 62
16.339 62
16.3453 62
16.3516 62
16.3579 62
16.3642 62
16.3705 62
16.3768 62
16.3831 62
16.3894 62
16.3957 62
16.4021 62
16.4084 62
16.4147 62
16.421 62
16.4273 62
16.4336 62
16.4399 62
16.4462 62
16.4525 63
16.4588 63
16.4651 63
16.4714 63
16.4777 63
16.484 63
16.4903 63
16.4966 63
16.5029 63
16.5092 63
16.5155 63
16.5218 63
16.5281 63
16.5344 63
16.5407 63
16.547 63
16.5533 63
16.5597 63
16.566 63
16.5723 63
16.5786 63
16.5849 63
16.5912 63
16.5975 63
16.6038 63
16.6101 63
16.6164 63
16.6227 63
16.629 63
16.6353 63
16.6416 63
16.6479 63
16.6542 63
16.6605 63
16.6668 63
16.6731 63
16.6794 63
16.6857 63
16.692 63
16.6983 63
16.7046 63
16.7109 63
16.7173 63
16.7236 63
16.7299 63
16.7362 63
16.7425 63
16.7488 63
16.7551 63
16.7614 63
16.7677 63
16.774 63
16.7803 63
16.7866 63
16.7929 63
16.7992 63
16.8055 63
16.8118 63
16.8181 63
16.8244 63
16.8307 63
16.837 63
16.8433 63
16.8496 63
16.8559 63
16.8622 64
16.8685 64
16.8749 64
16.8812 64
16.8875 64
16.8938 64
16.9001 64
16.9064 64
16.9127 64
16.919 64
16.9253 64
16.9316 64
16.9379 64
16.9442 64
16.9505 64
16.9568 64
16.9631 64
16.9694 64
16.9757 64
16.982 64
16.9883 64
16.9946 64
17.0009 64
17.0072 64
17.0135 64
17.0198 64
17.0261 64
17.0325 64
17.0388 64
17.0451 64
17.0514 64
17.0577 64
17.064 64
17.0703 64
17.0766 64
17.0829 64
17.0892 64
17.0955 64
17.1018 64
17.1081 64
17.1144 64
17.1207 64
17.127 64
17.1333 64
17.1396 64
17.1459 64
17.1522 64
17.1585 64
17.1648 64
17.1711 64
17.1774 64
17.1837 64
17.1901 64
17.1964 64
17.2027 64
17.209 64
17.2153 64
17.2216 64
17.2279 64
17.2342 64
17.2405 64
17.2468 64
17.2531 64
17.2594 64
17.2657 64
17.272 64
17.2783 65
17.2846 65
17.2909 65
17.2972 65
17.3035 65
17.3098 65
17.3161 65
17.3224 65
17.3287 65
17.335 65
17.3413 65
17.3477 65
17.354 65
17.3603 65
17.3666 65
17.3729 65
17.3792 65
17.3855 65
17.3918 65
17.3981 65
17.4044 65
17.4107 65
17.417 65
17.4233 65
17.4296 65
17.4359 65
17.4422 65
17.4485 65
17.4548 65
17.4611 65
17.4674 65
17.4737 65
17.48 65
17.4863 65
17.4926 65
17.4989 65
17.5053 65
17.5116 65
17.5179 65
17.5242 65
17.5305 65
17.5368 65
17.5431 65
17.5494 65
17.5557 65
17.562 65
17.5683 65
17.5746 65
17.5809 65
17.5872 65
17.5935 65
17.5998 65
17.6061 65
17.6124 65
17.6187 65
17.625 65
17.6313 65
17.6376 65
17.6439 65
17.6502 65
17.6565 65
17.6629 65
17.6692 65
17.6755 65
17.6818 65
17.6881 65
17.6944 65
17.7007 66
17.707 66
17.7133 66
17.7196 66
17.7259 66
17.7322 66
17.7385 66
17.7448 66
17.7511 66
17.7574 66
17.7637 66
17.77 66
17.7763 66
17.7826 66
17.7889 66
17.7952 66
17.8015 66
17.8078 66
17.8141 66
17.8205 66
17.8268 66
17.8331 66
17.8394 66
17.8457 66
17.852 66
17.8583 66
17.8646 66
17.8709 66
17.8772 66
17.8835 66
17.8898 66
17.8961 66
17.9024 66
17.9087 66
17.915 66
17.9213 66
17.9276 66
17.9339 66
17.9402 66
17.9465 66
17.9528 66
17.9591 66
17.9654 66
17.9717 66
17.9781 66
17.9844 66
17.9907 66
17.997 66
18.0033 66
18.0096 66
18.0159 66
18.0222 66
18.0285 66
18.0348 66
18.0411 66
18.0474 66
18.0537 66
18.06 66
18.0663 66
18.0726 66
18.0789 66
18.0852 66
18.0915 66
18.0978 66
18.1041 66
18.1104 66
18.1167 66
18.123 66
18.1293 67
18.1357 67
18.142 67
18.1483 67
18.1546 67
18.1609 67
18.1672 67
18.1735 67
18.1798 67
18.1861 67
18.1924 67
18.1987 67
18.205 67
18.2113 67
18.2176 67
18.2239 67
18.2302 67
18.2365 67
18.2428 67
18.2491 67
18.2554 67
18.2617 67
18.268 67
18.2743 67
18.2806 67
18.2869 67
18.2933 67
18.2996 67
18.3059 67
18.3122 67
18.3185 67
18.3248 67
18.3311 67
18.3374 67
18.3437 67
18.35 67
18.3563 67
18.3626 67
18.3689 67
18.3752 67
18.3815 67
18.3878 67
18.4188 32
18.8465 32
18.8528 32
18.8591 32
18.8654 32
18.8717 32
18.878 32
18.8843 32
18.8906 32
18.8969 32
18.9032 32
18.9095 32
18.9158 32
18.9221 32
18.9284 32
18.9347 32
18.941 32
18.9473 32
18.9536 32
18.96 32
18.9663 32
18.9726 32
18.9789 32
18.9852 32
18.9915 32
18.9978 32
19.0041 32
19.0104 32
19.0167 32
19.023 32
19.0293 32
19.0356 32
19.0419 32
19.0482 33
19.0545 33
19.0608 33
19.0671 33
19.0734 33
19.0797 33
19.086 33
19.0923 33
19.0986 33
19.1049 33
19.1112 33
19.1176 33
19.1239 33
19.1302 33
19.1365 33
19.1428 33
19.1491 33
19.1554 33
19.1617 33
19.168 33
19.1743 33
19.1806 33
19.1869 33
19.1932 33
19.1995 33
19.2058 33
19.2121 33
19.2184 33
19.2247 33
19.231 33
19.2373 33
19.2436 33
19.2499 33
19.2562 33
19.2625 34
19.2688 34
19.2752 34
19.2815 34
19.2878 34
19.2941 34
19.3004 34
19.3067 34
19.313 34
19.3193 34
19.3256 34
19.3319 34
19.3382 34
19.3445 34
19.3508 34
19.3571 34
19.3634 34
19.3697 34
19.376 34
19.3823 34
19.3886 34
19.3949 34
19.4012 34
19.4075 34
19.4138 34
19.4201 34
19.4264 34
19.4328 34
19.4391 34
19.4454 34
19.4517 34
19.458 34
19.4643 34
19.4706 34
19.4769 34
19.4832 35
19.4895 35
19.4958 35
19.5021 35
19.5084 35
19.5147 35
19.521 35
19.5273 35
19.5336 35
19.5399 35
19.5462 35
19.5525 35
19.5588 35
19.5651 35
19.5714 35
19.5777 35
19.584 35
19.5904 35
19.5967 35
19.603 35
19.6093 35
19.6156 35
19.6219 35
19.6282 35
19.6345 35
19.6408 35
19.6471 35
19.6534 35
19.6597 35
19.666 35
19.6723 35
19.6786 35
19.6849 35
19.6912 35
19.6975 35
19.7038 35
19.7101 36
19.7164 36
19.7227 36
19.729 36
19.7353 36
19.7416 36
19.748 36
19.7543 36
19.7606 36
19.7669 36
19.7732 36
19.7795 36
19.7858 36
19.7921 36
19.7984 36
19.8047 36
19.811 36
19.8173 36
19.8236 36
19.8299 36
19.8362 36
19.8425 36
19.8488 36
19.8551 36
19.8614 36
19.8677 36
19.874 36
19.8803 36
19.8866 36
19.8929 36
19.8992 36
19.9056 36
19.9119 36
19.9182 36
19.9245 36
19.9308 36
19.9371 36
19.9434 37
19.9497 37
19.956 37
19.9623 37
19.9686 37
19.9749 37
19.9812 37
19.9875 37
19.9938 37
20.0001 37
20.0064 37
20.0127 37
20.019 37
20.0253 37
20.0316 37
20.0379 37
20.0442 37
20.0505 37
20.0568 37
20.0632 37
20.0695 37
20.0758 37
20.0821 37
20.0884 37
20.0947 37
20.101 37
20.1073 37
20.1136 37
20.1199 37
20.1262 37
20.1325 37
20.1388 37
20.1451 37
20.1514 37
20.1577 37
20.164 37
20.1703 37
20.1766 37
20.1829 38
20.1892 38
20.1955 38
20.2018 38
20.2081 38
20.2144 38
20.2208 38
20.2271 38
20.2334 38
20.2397 38
20.246 38
20.2523 38
20.2586 38
20.2649 38
20.2712 38
20.2775 38
20.2838 38
20.2901 38
20.2964 38
20.3027 38
20.309 38
20.3153 38
20.3216 38
20.3279 38
20.3342 38
20.3405 38
20.3468 38
20.3531 38
20.3594 38
20.3657 38
20.372 38
20.3784 38
20.3847 38
20.391 38
20.3973 38
20.4036 38
20.4099 38
20.4162 38
20.4225 38
20.4288 39
20.4351 39
20.4414 39
20.4477 39
20.454 39
20.4603 39
20.4666 39
20.4729 39
20.4792 39
20.4855 39
20.4918 39
20.4981 39
20.5044 39
20.5107 39
20.517 39
20.5233 39
20.5297 39
20.536 39
20.5423 39
20.5486 39
20.5549 39
20.5612 39
20.5675 39
20.5738 39
20.5801 39
20.5864 39
20.5927 39
20.599 39
20.6053 39
20.6116 39
20.6179 39
20.6242 39
20.6305 39
20.6368 39
20.6431 39
20.6494 39
20.6557 39
20.662 39
20.6683 39
20.6746 39
20.6809 40
20.6872 40
20.6936 40
20.6999 40
20.7062 40
20.7125 40
20.7188 40
20.7251 40
20.7314 40
20.7377 40
20.744 40
20.7503 40
20.7566 40
20.7629 40
20.7692 40
20.7755 40
20.7818 40
20.7881 40
20.7944 40
20.8007 40
20.807 40
20.8133 40
20.8196 40
20.8259 40
20.8322 40
20.8385 40
20.8449 40
20.8512 40
20.8575 40
20.8638 40
20.8701 40
20.8764 40
20.8827 40
20.889 40
20.8953 40
20.9016 40
20.9079 40
20.9142 40
20.9205 40
20.9268 40
20.9331 40
20.9394 41
20.9457 41
20.952 41
20.9583 41
20.9646 41
20.9709 41
20.9772 41
20.9835 41
20.9898 41
20.9961 41
21.0024 41
21.0088 41
21.0151 41
21.0214 41
21.0277 41
21.034 41
21.0403 41
21.0466 41
21.0529 41
21.0592 41
21.0655 41
21.0718 41
21.0781 41
21.0844 41
21.0907 41
21.097 41
21.1033 41
21.1096 41
21.1159 41
21.1222 41
21.1285 41
21.1348 41
21.1411 41
21.1474 41
21.1537 41
21.16 41
21.1664 41
21.1727 41
21.179 41
21.1853 41
21.1916 41
21.1979 41
21.2042 42
21.2105 42
21.2168 42
21.2231 42
21.2294 42
21.2357 42
21.242 42
21.2483 42
21.2546 42
21.2609 42
21.2672 42
21.2735 42
21.2798 42
21.2861 42
21.2924 42
21.2987 42
21.305 42
21.3113 42
21.3176 42
21.324 42
21.3303 42
21.3366 42
21.3429 42
21.3492 42
21.3555 42
21.3618 42
21.3681 42
21.3744 42
21.3807 42
21.387 42
21.3933 42
21.3996 42
21.4059 42
21.4122 42
21.4185 42
21.4248 42
21.4311 42
21.4374 42
21.4437 42
21.45 42
21.4563 42
21.4626 42
21.4689 42
21.4752 43
21.4816 43
21.4879 43
21.4942 43
21.5005 43
21.5068 43
21.5131 43
21.5194 43
21.5257 43
21.532 43
21.5383 43
21.5446 43
21.5509 43
21.5572 43
21.5635 43
21.5698 43
21.5761 43
21.5824 43
21.5887 43
21.595 43
21.6013 43
21.6076 43
21.6139 43
21.6202 43
21.6265 43
21.6328 43
21.6392 43
21.6455 43
21.6518 43
21.6581 43
21.6644 43
21.6707 43
21.677 43
21.6833 43
21.6896 43
21.6959 43
21.7022 43
21.7085 43
21.7148 43
21.7211 43
21.7274 43
21.7337 43
21.74 43
21.7463 43
21.7526 44
21.7589 44
21.7652 44
21.7715 44
21.7778 44
21.7841 44
21.7904 44
21.7968 44
21.8031 44
21.8094 44
21.8157 44
21.822 44
21.8283 44
21.8346 44
21.8409 44
21.8472 44
21.8535 44
21.8598 44
21.8661 44
21.8724 44
21.8787 44
21.885 44
21.8913 44
21.8976 44
21.9039 44
21.9102 44
21.9165 44
21.9228 44
21.9291 44
21.9354 44
21.9417 44
21.948 44
21.9544 44
21.9607 44
21.967 44
21.9733 44
21.9796 44
21.9859 44
21.9922 44
21.9985 44
22.0048 44
22.0111 44
22.0174 44
22.0237 44
22.03 44
22.0363 45
22.0426 45
22.0489 45
22.0552 45
22.0615 45
22.0678 45
22.0741 45
22.0804 45
22.0867 45
22.093 45
22.0993 45
22.1056 45
22.112 45
22.1183 45
22.1246 45
22.1309 45
22.1372 45
22.1435 45
22.1498 45
22.1561 45
22.1624 45
22.1687 45
22.175 45
22.1813 45
22.1876 45
22.1939 45
22.2002 45
22.2065 45
22.2128 45
22.2191 45
22.2254 45
22.2317 45
22.238 45
22.2443 45
22.2506 45
22.2569 45
22.2632 45
22.2696 45
22.2759 45
22.2822 45
22.2885 45
22.2948 45
22.3011 45
22.3074 45
22.3137 45
22.32 45
22.3263 45
22.3326 46
22.3389 46
22.3452 46
22.3515 46
22.3578 46
22.3641 46
22.3704 46
22.3767 46
22.383 46
22.3893 46
22.3956 46
22.4019 46
22.4082 46
22.4145 46
22.4208 46
22.4272 46
22.4335 46
22.4398 46
22.4461 46
22.4524 46
22.4587 46
22.465 46
22.4713 46
22.4776 46
22.4839 46
22.4902 46
22.4965 46
22.5028 46
22.5091 46
22.5154 46
22.5217 46
22.528 46
22.5343 46
22.5406 46
22.5469 46
22.5532 46
22.5595 46
22.5658 46
22.5721 46
22.5784 46
22.5848 46
22.5911 46
22.5974 46
22.6037 46
22.61 46
22.6163 46
22.6226 46
22.6289 47
22.6352 47
22.6415 47
22.6478 47
22.6541 47
22.6604 47
22.6667 47
22.673 47
22.6793 47
22.6856 47
22.6919 47
22.6982 47
22.7045 47
22.7108 47
22.7171 47
22.7234 47
22.7297 47
22.736 47
22.7424 47
22.7487 47
22.755 47
22.7613 47
22.7676 47
22.7739 47
22.7802 47
22.7865 47
22.7928 47
22.7991 47
22.8054 47
22.8117 47
22.818 47
22.8243 47
22.8306 47
22.8369 47
22.8432 47
22.8495 47
22.8558 47
22.8621 47
22.8684 47
22.8747 47
22.881 47
22.8873 47
22.8936 47
22.9 47
22.9063 47
22.9126 47
22.9189 47
22.9252 47
22.9315 48
22.9378 48
22.9441 48
22.9504 48
22.9567 48
22.963 48
22.9693 48
22.9756 48
22.9819 48
22.9882 48
22.9945 48
23.0008 48
23.0071 48
23.0134 48
23.0197 48
23.026 48
23.0323 48
23.0386 48
23.0449 48
23.0512 48
23.0576 48
23.0639 48
23.0702 48
23.0765 48
23.0828 48
23.0891 48
23.0954 48
23.1017 48
23.108 48
23.1143 48
23.1206 48
23.1269 48
23.1332 48
23.1395 48
23.1458 48
23.1521 48
23.1584 48
23.1647 48
23.171 48
23.1773 48
23.1836 48
23.1899 48
23.1962 48
23.2025 48
23.2088 48
23.2152 48
23.2215 48
23.2278 48
23.2341 48
23.2404 49
23.2467 49
23.253 49
23.2593 49
23.2656 49
23.2719 49
23.2782 49
23.2845 49
23.2908 49
23.2971 49
23.3034 49
23.3097 49
23.316 49
23.3223 49
23.3286 49
23.3349 49
23.3412 49
23.3475 49
23.3538 49
23.3601 49
23.3664 49
23.3728 49
23.3791 49
23.3854 49
23.3917 49
23.398 49
23.4043 49
23.4106 49
23.4169 49
23.4232 49
23.4295 49
23.4358 49
23.4421 49
23.4484 49
23.4547 49
23.461 49
23.4673 49
23.4736 49
23.4799 49
23.4862 49
23.4925 49
23.4988 49
23.5051 49
23.5114 49
23.5177 49
23.524 49
23.5304 49
23.5367 49
23.543 49
23.5493 49
23.5556 50
23.5619 50
23.5682 50
23.5745 50
23.5808 50
23.5871 50
23.5934 50
23.5997 50
23.606 50
23.6123 50
23.6186 50
23.6249 50
23.6312 50
23.6375 50
23.6438 50
23.6501 50
23.6564 50
23.6627 50
23.669 50
23.6753 50
23.6816 50
23.688 50
23.6943 50
23.7006 50
23.7069 50
23.7132 50
23.7195 50
23.7258 50
23.7321 50
23.7384 50
23.7447 50
23.751 50
23.7573 50
23.7636 50
23.7699 50
23.7762 50
23.7825 50
23.7888 50
23.7951 50
23.8014 50
23.8077 50
23.814 50
23.8203 50
23.8266 50
23.8329 50
23.8392 50
23.8456 50
23.8519 50
23.8582 50
23.8645 50
23.8708 50
23.8771 50
23.8834 51
23.8897 51
23.896 51
23.9023 51
23.9086 51
23.9149 51
23.9212 51
23.9275 51
23.9338 51
23.9401 51
23.9464 51
23.9527 51
23.959 51
23.9653 51
23.9716 51
23.9779 51
23.9842 51
23.9905 51
23.9968 51
24.0032 51
24.0095 51
24.0158 51
24.0221 51
24.0284 51
24.0347 51
24.041 51
24.0473 51
24.0536 51
24.0599 51
24.0662 51
24.0725 51
24.0788 51
24.0851 51
24.0914 51
24.0977 51
24.104 51
24.1103 51
24.1166 51
24.1229 51
24.1292 51
24.1355 51
24.1418 51
24.1481 51
24.1544 51
24.1608 51
24.1671 51
24.1734 51
24.1797 51
24.186 51
24.1923 51
24.1986 51
24.2049 51
24.2112 52
24.2175 52
24.2238 52
24.2301 52
24.2364 52
24.2427 52
24.249 52
24.2553 52
24.2616 52
24.2679 52
24.2742 52
24.2805 52
24.2868 52
24.2931 52
24.2994 52
24.3057 52
24.312 52
24.3184 52
24.3247 52
24.331 52
24.3373 52
24.3436 52
24.3499 52
24.3562 52
24.3625 52
24.3688 52
24.3751 52
24.3814 52
24.3877 52
24.394 52
24.4003 52
24.4066 52
24.4129 52
24.4192 52
24.4255 52
24.4318 52
24.4381 52
24.4444 52
24.4507 52
24.457 52
24.4633 52
24.4696 52
24.476 52
24.4823 52
24.4886 52
24.4949 52
24.5012 52
24.5075 52
24.5138 52
24.5201 52
24.5264 52
24.5327 52
24.539 52
24.5453 52
24.5516 53
24.5579 53
24.5642 53
24.5705 53
24.5768 53
24.5831 53
24.5894 53
24.5957 53
24.602 53
24.6083 53
24.6146 53
24.6209 53
24.6272 53
24.6336 53
24.6399 53
24.6462 53
24.6525 53
24.6588 53
24.6651 53
24.6714 53
24.6777 53
24.684 53
24.6903 53
24.6966 53
24.7029 53
24.7092 53
24.7155 53
24.7218 53
24.7281 53
24.7344 53
24.7407 53
24.747 53
24.7533 53
24.7596 53
24.7659 53
24.7722 53
24.7785 53
24.7848 53
24.7912 53
24.7975 53
24.8038 53
24.8101 53
24.8164 53
24.8227 53
24.829 53
24.8353 53
24.8416 53
24.8479 53
24.8542 53
24.8605 53
24.8668 53
24.8731 53
24.8794 53
24.8857 53
24.892 54
24.8983 54
24.9046 54
24.9109 54
24.9172 54
24.9235 54
24.9298 54
24.9361 54
24.9424 54
24.9488 54
24.9551 54
24.9614 54
24.9677 54
24.974 54
24.9803 54
24.9866 54
24.9929 54
24.9992 54
