175.029 77
175.067 78
175.105 79
175.142 80
175.18 81
175.218 82
175.25 83
175.281 84
175.319 85
175.357 86
175.382 87
175.413 88
175.445 89
175.476 90
175.508 91
175.54 92
175.571 93
175.602 65
176.579 66
176.586 67
176.592 68
176.617 69
176.724 70
176.831 71
176.92 72
177.008 73
177.096 74
177.184 75
177.28 76
177.344 53
177.816 54
177.823 55
177.886 56
178.006 57
178.138 58
178.283 59
178.447 60
178.642 61
178.894 62
179.203 63
179.44 44
179.831 45
179.837 46
179.844 47
180.033 48
180.266 49
180.462 50
180.651 51
180.972 52
181.301 53
182.902 37
183.299 38
183.306 39
183.312 40
183.318 41
183.381 42
183.469 43
183.566 44
183.667 45
183.773 46
183.893 47
184.019 48
184.265 49
184.529 50
184.742 51
185.064 52
185.392 53
187.844 54
188.197 55
188.417 38
188.893 39
188.899 40
188.906 41
188.912 42
188.956 43
189.04 44
189.131 45
189.226 46
189.326 47
189.435 48
189.554 49
189.685 50
189.833 51
189.995 52
190.059 36
190.486 37
190.492 38
190.637 39
190.812 40
191.013 41
191.17 42
191.444 43
191.722 44
192.012 30
192.355 31
192.361 32
192.368 33
192.399 34
192.613 35
192.683 36
192.799 37
192.96 38
193.084 39
193.242 40
193.439 41
193.65 42
193.928 43
194.199 44
194.981 30
195.253 31
195.322 32
195.328 33
195.334 34
195.366 35
195.467 36
195.577 37
195.698 38
195.91 39
196.136 40
196.302 41
196.573 42
196.85 43
197.13 44
197.31 30
197.738 31
197.745 32
197.751 33
197.903 34
198.01 35
198.152 36
198.269 37
198.41 38
198.533 39
198.676 40
198.82 41
199.069 42
199.233 43
199.396 30
199.732 31
199.738 32
199.833 33
