175 0
175.2 5
175.4 7
175.6 0
175.8 0
176 0
176.2 0
176.4 0
176.6 0
176.8 0
177 0
177.2 8
177.4 0
177.6 0
177.8 5
178 0
178.2 0
178.4 0
178.6 0
178.8 0
179 2
179.2 0
179.4 0
179.6 12
179.8 0
180 0
180.2 0
180.4 0
180.6 0
180.8 0
181 0
181.2 0
181.4 0
181.6 0
181.8 0
182 0
182.2 12
182.4 0
182.6 12
182.8 0
183 2
183.2 0
183.4 0
183.6 5
183.8 0
184 0
184.2 0
184.4 0
184.6 0
184.8 1
185 0
185.2 14
185.4 0
185.6 0
185.8 13
186 0
186.2 5
186.4 0
186.6 0
186.8 4
187 0
187.2 3
187.4 0
187.6 0
187.8 1
188 0
188.2 0
188.4 6
188.6 6
188.8 0
189 4
189.2 0
189.4 0
189.6 8
189.8 0
190 3
190.2 0
190.4 0
190.6 4
190.8 0
191 4
191.2 0
191.4 8
191.6 0
191.8 9
192 0
192.2 0
192.4 0
192.6 0
192.8 3
193 0
193.2 0
193.4 3
193.6 3
193.8 10
194 2
194.2 12
194.4 0
194.6 0
194.8 0
195 0
195.2 3
195.4 4
195.6 0
195.8 0
196 4
196.2 0
196.4 0
196.6 0
196.8 0
197 0
197.2 0
197.4 5
197.6 0
197.8 0
198 0
198.2 0
198.4 0
198.6 8
198.8 0
199 12
199.2 0
199.4 1
199.6 0
199.8 0
