10 2.95137
10.01 0
10.02 3.7248
10.03 1.2416
10.04 2.4832
10.05 3.7248
10.06 0
10.07 3.7248
10.08 1.2416
10.09 2.4832
10.1 3.7248
10.11 0
10.12 3.7248
10.13 1.2416
10.14 2.4832
10.15 3.7248
10.16 0
10.17 3.7248
10.18 1.2416
10.19 3.7248
10.2 3.7248
10.21 1.2416
10.22 4.9664
10.23 0
10.24 4.9664
10.25 2.4832
10.26 2.4832
10.27 4.9664
10.28 0
10.29 4.9664
10.3 2.4832
10.31 2.4832
10.32 4.9664
10.33 0
10.34 4.9664
10.35 1.2416
10.36 3.7248
10.37 4.9664
10.38 0
10.39 4.9664
10.4 0
10.41 4.9664
10.42 2.4832
10.43 2.4832
10.44 4.9664
10.45 0
10.46 4.9664
10.47 1.2416
10.48 3.7248
10.49 3.7248
10.5 1.2416
10.51 4.9664
10.52 1.2416
10.53 3.7248
10.54 3.7248
10.55 1.2416
10.56 4.9664
10.57 0
10.58 3.7248
10.59 0
10.6 3.7248
10.61 2.4832
10.62 1.2416
10.63 3.7248
10.64 1.2416
10.65 2.4832
10.66 3.7248
10.67 0
10.68 3.7248
10.69 0
10.7 2.4832
10.71 2.4832
10.72 2.4832
10.73 0
10.74 2.4832
10.75 2.4832
10.76 0
10.77 2.4832
10.78 0
10.79 2.4832
10.8 0
10.81 0
10.82 0
10.83 0
10.84 0
10.85 0
10.86 0
10.87 0
10.88 0
10.89 0
10.9 0
10.91 0
10.92 0
10.93 0
10.94 0
10.95 0
10.96 0
10.97 0
10.98 0
10.99 0
11 0
11.01 0
11.02 0
11.03 0
11.04 0
11.05 0
11.06 0
11.07 0
11.08 0
11.09 0
11.1 0
11.11 0
11.12 0
11.13 0
11.14 0
11.15 0
11.16 0
11.17 0
11.18 0
11.19 0
11.2 0
11.21 0
11.22 0
11.23 0
11.24 0
11.25 0
11.26 0
11.27 0
11.28 0
11.29 0
11.3 0
11.31 0
11.32 0
11.33 0
11.34 0
11.35 0
11.36 0
11.37 0
11.38 0
11.39 0
11.4 0
11.41 0
11.42 0
11.43 0
11.44 0
11.45 0
11.46 0
11.47 0
11.48 0
11.49 0
11.5 0
11.51 0
11.52 0
11.53 0
11.54 0
11.55 0
11.56 0
11.57 0
11.58 0
11.59 0
11.6 0
11.61 0
11.62 0
11.63 0
11.64 0
11.65 0
11.66 0
11.67 0
11.68 0
11.69 0
11.7 0
11.71 0
11.72 0
11.73 0
11.74 0
11.75 0
11.76 0
11.77 0
11.78 0
11.79 0
11.8 1.2416
11.81 0
11.82 2.4832
11.83 0
11.84 3.7248
11.85 1.2416
11.86 6.208
11.87 6.208
11.88 3.7248
11.89 8.6912
11.9 2.4832
11.91 8.6912
11.92 2.4832
11.93 4.9664
11.94 6.208
11.95 3.7248
11.96 7.4496
11.97 3.7248
11.98 4.9664
11.99 6.208
12 3.7248
12.01 7.4496
12.02 3.7248
12.03 4.9664
12.04 4.9664
12.05 4.9664
12.06 7.4496
12.07 3.7248
12.08 4.9664
12.09 4.9664
12.1 4.9664
12.11 7.4496
12.12 3.7248
12.13 4.9664
12.14 4.9664
12.15 4.9664
12.16 7.4496
12.17 3.7248
12.18 6.208
12.19 6.208
12.2 3.7248
12.21 8.6912
12.22 3.7248
12.23 7.4496
12.24 4.9664
12.25 4.9664
12.26 6.208
12.27 4.9664
12.28 8.6912
12.29 3.7248
12.3 4.9664
12.31 4.9664
12.32 3.7248
12.33 6.208
12.34 3.7248
12.35 3.7248
12.36 4.9664
12.37 2.4832
12.38 6.208
12.39 4.9664
12.4 3.7248
12.41 3.7248
12.42 3.7248
12.43 6.208
12.44 3.7248
12.45 4.9664
12.46 3.7248
12.47 2.4832
12.48 6.208
12.49 1.2416
12.5 3.7248
12.51 4.9664
12.52 1.2416
12.53 2.4832
12.54 1.2416
12.55 3.7248
12.56 1.2416
12.57 2.4832
12.58 4.9664
12.59 0
12.6 4.9664
12.61 2.4832
12.62 2.4832
12.63 3.7248
12.64 1.2416
12.65 4.9664
12.66 1.2416
12.67 3.7248
12.68 3.7248
12.69 1.2416
12.7 1.2416
12.71 0
12.72 1.2416
12.73 0
12.74 1.2416
12.75 0
12.76 1.2416
12.77 0
12.78 0
12.79 0
12.8 0
12.81 0
12.82 0
12.83 0
12.84 0
12.85 0
12.86 0
12.87 0
12.88 0
12.89 0
12.9 0
12.91 0
12.92 0
12.93 0
12.94 0
12.95 0
12.96 0
12.97 0
12.98 0
12.99 0
13 0
13.01 0
13.02 0
13.03 0
13.04 0
13.05 0
13.06 0
13.07 0
13.08 0
13.09 0
13.1 0
13.11 0
13.12 0
13.13 0
13.14 0
13.15 0
13.16 0
13.17 0
13.18 0
13.19 0
13.2 0
13.21 0
13.22 0
13.23 0
13.24 0
13.25 0
13.26 0
13.27 0
13.28 0
13.29 0
13.3 0
13.31 0
13.32 0
13.33 0
13.34 0
13.35 0
13.36 0
13.37 0
13.38 0
13.39 0
13.4 0
13.41 0
13.42 0
13.43 0
13.44 0
13.45 0
13.46 0
13.47 0
13.48 0
13.49 0
13.5 0
13.51 0
13.52 0
13.53 0
13.54 0
13.55 0
13.56 0
13.57 0
13.58 0
13.59 0
13.6 0
13.61 0
13.62 0
13.63 0
13.64 0
13.65 0
13.66 0
13.67 0
13.68 0
13.69 0
13.7 1.2416
13.71 0
13.72 3.7248
13.73 0
13.74 4.9664
13.75 1.2416
13.76 8.6912
13.77 3.7248
13.78 3.7248
13.79 7.4496
13.8 2.4832
13.81 7.4496
13.82 4.9664
13.83 3.7248
13.84 7.4496
13.85 2.4832
13.86 7.4496
13.87 3.7248
13.88 4.9664
13.89 6.208
13.9 2.4832
13.91 8.6912
13.92 3.7248
13.93 4.9664
13.94 3.7248
13.95 3.7248
13.96 6.208
13.97 1.2416
13.98 6.208
13.99 1.2416
14 4.9664
14.01 3.7248
14.02 2.4832
14.03 6.208
14.04 2.4832
14.05 3.7248
14.06 3.7248
14.07 2.4832
14.08 6.208
14.09 1.2416
14.1 4.9664
14.11 2.4832
14.12 3.7248
14.13 3.7248
14.14 1.2416
14.15 3.7248
14.16 1.2416
14.17 3.7248
14.18 3.7248
14.19 1.2416
14.2 4.9664
14.21 1.2416
14.22 2.4832
14.23 2.4832
14.24 1.2416
14.25 2.4832
14.26 0
14.27 3.7248
14.28 3.7248
14.29 1.2416
14.3 4.9664
14.31 0
14.32 4.9664
14.33 2.4832
14.34 2.4832
14.35 4.9664
14.36 0
14.37 4.9664
14.38 3.7248
14.39 1.2416
14.4 4.9664
14.41 0
14.42 4.9664
14.43 2.4832
14.44 2.4832
14.45 4.9664
14.46 0
14.47 4.9664
14.48 2.4832
14.49 2.4832
14.5 4.9664
14.51 0
14.52 4.9664
14.53 1.2416
14.54 3.7248
14.55 4.9664
14.56 0
14.57 4.9664
14.58 0
14.59 4.9664
14.6 4.9664
14.61 0
14.62 4.9664
14.63 1.2416
14.64 3.7248
14.65 3.7248
14.66 1.2416
14.67 4.9664
14.68 0
14.69 4.9664
14.7 1.2416
14.71 2.4832
14.72 3.7248
14.73 0
14.74 3.7248
14.75 2.4832
14.76 1.2416
14.77 3.7248
14.78 0
14.79 3.7248
14.8 1.2416
14.81 2.4832
14.82 3.7248
14.83 0
14.84 3.7248
14.85 1.2416
14.86 2.4832
14.87 2.4832
14.88 1.2416
14.89 3.7248
14.9 0
14.91 3.7248
14.92 2.4832
14.93 1.2416
14.94 3.7248
14.95 0
14.96 3.7248
14.97 2.4832
14.98 1.2416
14.99 3.7248
15 0
15.01 3.7248
15.02 1.2416
15.03 2.4832
15.04 3.7248
15.05 0
15.06 3.7248
15.07 0
15.08 3.7248
15.09 1.2416
15.1 1.2416
15.11 2.4832
15.12 0
15.13 2.4832
15.14 1.2416
15.15 2.4832
15.16 3.7248
15.17 0
15.18 3.7248
15.19 1.2416
15.2 2.4832
15.21 3.7248
15.22 0
15.23 3.7248
15.24 0
15.25 3.7248
15.26 1.2416
15.27 2.4832
15.28 3.7248
15.29 0
15.3 3.7248
15.31 1.2416
15.32 1.2416
15.33 2.4832
15.34 0
15.35 2.4832
15.36 0
15.37 3.7248
15.38 2.4832
15.39 1.2416
15.4 3.7248
15.41 0
15.42 3.7248
15.43 1.2416
15.44 2.4832
15.45 3.7248
15.46 0
15.47 3.7248
15.48 0
15.49 2.4832
15.5 1.2416
15.51 1.2416
15.52 2.4832
15.53 0
15.54 2.4832
15.55 0
15.56 2.4832
15.57 2.4832
15.58 0
15.59 3.7248
15.6 0
15.61 3.7248
15.62 3.7248
15.63 0
15.64 3.7248
15.65 0
15.66 1.2416
15.67 0
15.68 1.2416
15.69 1.2416
15.7 0
15.71 2.4832
15.72 0
15.73 3.7248
15.74 2.4832
15.75 1.2416
15.76 3.7248
15.77 0
15.78 3.7248
15.79 2.4832
15.8 1.2416
15.81 3.7248
15.82 0
15.83 3.7248
15.84 1.2416
15.85 2.4832
15.86 3.7248
15.87 0
15.88 3.7248
15.89 1.2416
15.9 2.4832
15.91 2.4832
15.92 1.2416
15.93 3.7248
15.94 1.2416
15.95 2.4832
15.96 2.4832
15.97 1.2416
15.98 3.7248
15.99 0
16 3.7248
16.01 0
16.02 2.4832
16.03 1.2416
16.04 1.2416
16.05 2.4832
16.06 0
16.07 3.7248
16.08 1.2416
16.09 2.4832
16.1 3.7248
16.11 0
16.12 3.7248
16.13 2.4832
16.14 1.2416
16.15 3.7248
16.16 0
16.17 3.7248
16.18 2.4832
16.19 1.2416
16.2 3.7248
16.21 0
16.22 3.7248
16.23 1.2416
16.24 2.4832
16.25 3.7248
16.26 0
16.27 2.4832
16.28 0
16.29 2.4832
16.3 1.2416
16.31 1.2416
16.32 3.7248
16.33 0
16.34 3.7248
16.35 0
16.36 3.7248
16.37 2.4832
16.38 1.2416
16.39 3.7248
16.4 0
16.41 2.4832
16.42 1.2416
16.43 1.2416
16.44 2.4832
16.45 0
16.46 3.7248
16.47 0
16.48 3.7248
16.49 3.7248
16.5 0
16.51 3.7248
16.52 1.2416
16.53 2.4832
16.54 2.4832
16.55 1.2416
16.56 3.7248
16.57 0
16.58 3.7248
16.59 2.4832
16.6 1.2416
16.61 3.7248
16.62 0
16.63 3.7248
16.64 1.2416
16.65 2.4832
16.66 3.7248
16.67 0
16.68 3.7248
16.69 0
16.7 3.7248
16.71 3.7248
16.72 0
16.73 3.7248
16.74 0
16.75 2.4832
16.76 1.2416
16.77 1.2416
16.78 2.4832
16.79 0
16.8 3.7248
16.81 0
16.82 3.7248
16.83 2.4832
16.84 1.2416
16.85 3.7248
16.86 0
16.87 2.4832
16.88 1.2416
16.89 1.2416
16.9 2.4832
16.91 0
16.92 3.7248
16.93 1.2416
16.94 2.4832
16.95 3.7248
16.96 0
16.97 3.7248
16.98 1.2416
16.99 2.4832
17 2.4832
17.01 1.2416
17.02 3.7248
17.03 1.2416
17.04 2.4832
17.05 2.4832
17.06 1.2416
17.07 3.7248
17.08 0
17.09 3.7248
17.1 1.2416
17.11 2.4832
17.12 1.2416
17.13 1.2416
17.14 2.4832
17.15 0
17.16 2.4832
17.17 3.7248
17.18 0
17.19 3.7248
17.2 0
17.21 3.7248
17.22 3.7248
17.23 0
17.24 3.7248
17.25 0
17.26 3.7248
17.27 2.4832
17.28 1.2416
17.29 3.7248
17.3 0
17.31 3.7248
17.32 1.2416
17.33 3.7248
17.34 3.7248
17.35 1.2416
17.36 4.9664
17.37 0
17.38 4.9664
17.39 2.4832
17.4 2.4832
17.41 4.9664
17.42 0
17.43 4.9664
17.44 1.2416
17.45 3.7248
17.46 3.7248
17.47 1.2416
17.48 4.9664
17.49 0
17.5 4.9664
17.51 2.4832
17.52 2.4832
17.53 3.7248
17.54 0
17.55 3.7248
17.56 1.2416
17.57 1.2416
17.58 1.2416
17.59 1.2416
17.6 2.4832
17.61 0
17.62 2.4832
17.63 2.4832
17.64 0
17.65 2.4832
17.66 0
17.67 1.2416
17.68 0
17.69 1.2416
17.7 1.2416
17.71 0
17.72 2.4832
17.73 0
17.74 2.4832
17.75 2.4832
17.76 0
17.77 2.4832
17.78 0
17.79 2.4832
17.8 2.4832
17.81 0
17.82 2.4832
17.83 0
17.84 2.4832
17.85 1.2416
17.86 1.2416
17.87 2.4832
17.88 0
17.89 2.4832
17.9 0
17.91 2.4832
17.92 2.4832
17.93 0
17.94 2.4832
17.95 0
17.96 2.4832
17.97 2.4832
17.98 0
17.99 2.4832
18 0
18.01 2.4832
18.02 0
18.03 2.4832
18.04 2.4832
18.05 0
18.06 2.4832
18.07 0
18.08 1.2416
18.09 1.2416
18.1 0
18.11 1.2416
18.12 0
18.13 1.2416
18.14 1.2416
18.15 1.2416
18.16 2.4832
18.17 0
18.18 2.4832
18.19 1.2416
18.2 0
18.21 1.2416
18.22 0
18.23 1.2416
18.24 0
18.25 2.4832
18.26 1.2416
18.27 0
18.28 1.2416
18.29 0
18.3 1.2416
18.31 1.2416
18.32 0
18.33 2.4832
18.34 0
18.35 2.4832
18.36 1.2416
18.37 1.2416
18.38 2.4832
18.39 0
18.4 2.4832
18.41 0
18.42 1.2416
18.43 1.2416
18.44 0
18.45 1.2416
18.46 0
18.47 2.4832
18.48 0
18.49 2.4832
18.5 2.4832
18.51 0
18.52 2.4832
18.53 0
18.54 2.4832
18.55 2.4832
18.56 0
18.57 2.4832
18.58 0
18.59 2.4832
18.6 0
18.61 2.4832
18.62 2.4832
18.63 0
18.64 2.4832
18.65 0
18.66 2.4832
18.67 2.4832
18.68 0
18.69 2.4832
18.7 0
18.71 2.4832
18.72 1.2416
18.73 1.2416
18.74 2.4832
18.75 0
18.76 2.4832
18.77 0
18.78 2.4832
18.79 2.4832
18.8 0
18.81 2.4832
18.82 0
18.83 2.4832
18.84 1.2416
18.85 1.2416
18.86 2.4832
18.87 0
18.88 2.4832
18.89 1.2416
18.9 1.2416
18.91 2.4832
18.92 0
18.93 2.4832
18.94 0
18.95 2.4832
18.96 2.4832
18.97 0
18.98 2.4832
18.99 0
19 2.4832
19.01 1.2416
19.02 1.2416
19.03 2.4832
19.04 0
19.05 2.4832
19.06 0
19.07 2.4832
19.08 2.4832
19.09 1.2416
19.1 3.7248
19.11 0
19.12 3.7248
19.13 3.7248
19.14 0
19.15 3.7248
19.16 1.2416
19.17 2.4832
19.18 2.4832
19.19 1.2416
19.2 3.7248
19.21 0
19.22 3.7248
19.23 1.2416
19.24 2.4832
19.25 3.7248
19.26 0
19.27 3.7248
19.28 0
19.29 3.7248
19.3 2.4832
19.31 1.2416
19.32 3.7248
19.33 0
19.34 3.7248
19.35 1.2416
19.36 2.4832
19.37 3.7248
19.38 0
19.39 3.7248
19.4 0
19.41 3.7248
19.42 2.4832
19.43 1.2416
19.44 3.7248
19.45 0
19.46 3.7248
19.47 1.2416
19.48 2.4832
19.49 2.4832
19.5 0
19.51 2.4832
19.52 1.2416
19.53 1.2416
19.54 3.7248
19.55 0
19.56 3.7248
19.57 1.2416
19.58 2.4832
19.59 2.4832
19.6 1.2416
19.61 3.7248
19.62 1.2416
19.63 2.4832
19.64 1.2416
19.65 2.4832
19.66 3.7248
19.67 0
19.68 3.7248
19.69 1.2416
19.7 2.4832
19.71 2.4832
19.72 0
19.73 2.4832
19.74 1.2416
19.75 1.2416
19.76 2.4832
19.77 0
19.78 3.7248
19.79 1.2416
19.8 2.4832
19.81 3.7248
19.82 0
19.83 3.7248
19.84 0
19.85 3.7248
19.86 2.4832
19.87 1.2416
19.88 3.7248
19.89 0
19.9 2.4832
19.91 1.2416
19.92 1.2416
19.93 2.4832
19.94 0
19.95 3.7248
19.96 0
19.97 2.4832
19.98 2.4832
19.99 0
