10 2.95261
10.01 3.7248
10.02 1.2416
10.03 2.4832
10.04 1.2416
10.05 2.4832
10.06 3.7248
10.07 1.2416
10.08 2.4832
10.09 2.4832
10.1 1.2416
10.11 3.7248
10.12 1.2416
10.13 2.4832
10.14 1.2416
10.15 2.4832
10.16 3.7248
10.17 1.2416
10.18 2.4832
10.19 1.2416
10.2 1.2416
10.21 1.2416
10.22 0
10.23 1.2416
10.24 0
10.25 1.2416
10.26 1.2416
10.27 0
10.28 0
10.29 0
10.3 0
10.31 0
10.32 0
10.33 0
10.34 0
10.35 0
10.36 0
10.37 0
10.38 0
10.39 0
10.4 0
10.41 0
10.42 0
10.43 0
10.44 0
10.45 0
10.46 0
10.47 0
10.48 0
10.49 0
10.5 0
10.51 0
10.52 0
10.53 0
10.54 0
10.55 0
10.56 0
10.57 0
10.58 0
10.59 0
10.6 0
10.61 0
10.62 0
10.63 0
10.64 0
10.65 0
10.66 0
10.67 0
10.68 0
10.69 0
10.7 0
10.71 0
10.72 0
10.73 0
10.74 0
10.75 0
10.76 0
10.77 0
10.78 0
10.79 0
10.8 0
10.81 0
10.82 0
10.83 0
10.84 0
10.85 0
10.86 0
10.87 0
10.88 0
10.89 0
10.9 0
10.91 0
10.92 0
10.93 0
10.94 0
10.95 0
10.96 0
10.97 0
10.98 0
10.99 0
11 0
11.01 0
11.02 0
11.03 0
11.04 0
11.05 0
11.06 0
11.07 0
11.08 0
11.09 0
11.1 0
11.11 0
11.12 0
11.13 0
11.14 0
11.15 0
11.16 0
11.17 0
11.18 0
11.19 0
11.2 0
11.21 1.2416
11.22 0
11.23 1.2416
11.24 0
11.25 1.2416
11.26 1.2416
11.27 0
11.28 1.2416
11.29 1.2416
11.3 1.2416
11.31 2.4832
11.32 0
11.33 2.4832
11.34 1.2416
11.35 1.2416
11.36 2.4832
11.37 0
11.38 2.4832
11.39 1.2416
11.4 1.2416
11.41 2.4832
11.42 0
11.43 2.4832
11.44 2.4832
11.45 0
11.46 2.4832
11.47 2.4832
11.48 0
11.49 2.4832
11.5 1.2416
11.51 1.2416
11.52 2.4832
11.53 0
11.54 2.4832
11.55 1.2416
11.56 1.2416
11.57 2.4832
11.58 0
11.59 2.4832
11.6 0
11.61 2.4832
11.62 2.4832
11.63 0
11.64 2.4832
11.65 0
11.66 2.4832
11.67 0
11.68 1.2416
11.69 1.2416
11.7 0
11.71 1.2416
11.72 1.2416
11.73 1.2416
11.74 3.7248
11.75 0
11.76 3.7248
11.77 0
11.78 3.7248
11.79 3.7248
11.8 0
11.81 3.7248
11.82 0
11.83 3.7248
11.84 1.2416
11.85 0
11.86 1.2416
11.87 0
11.88 1.2416
11.89 1.2416
11.9 0
11.91 1.2416
11.92 0
11.93 2.4832
11.94 2.4832
11.95 1.2416
11.96 3.7248
11.97 1.2416
11.98 2.4832
11.99 3.7248
12 2.4832
12.01 1.2416
12.02 3.7248
12.03 1.2416
12.04 2.4832
12.05 3.7248
12.06 0
12.07 3.7248
12.08 2.4832
12.09 1.2416
12.1 3.7248
12.11 0
12.12 3.7248
12.13 3.7248
12.14 0
12.15 3.7248
12.16 1.2416
12.17 2.4832
12.18 3.7248
12.19 0
12.2 3.7248
12.21 1.2416
12.22 2.4832
12.23 3.7248
12.24 0
12.25 2.4832
12.26 0
12.27 2.4832
12.28 1.2416
12.29 1.2416
12.3 1.2416
12.31 0
12.32 1.2416
12.33 0
12.34 1.2416
12.35 0
12.36 0
12.37 0
12.38 0
12.39 0
12.4 0
12.41 0
12.42 0
12.43 0
12.44 0
12.45 0
12.46 0
12.47 0
12.48 0
12.49 0
12.5 0
12.51 0
12.52 0
12.53 0
12.54 0
12.55 0
12.56 0
12.57 0
12.58 0
12.59 0
12.6 0
12.61 0
12.62 0
12.63 0
12.64 0
12.65 0
12.66 0
12.67 0
12.68 0
12.69 0
12.7 0
12.71 0
12.72 0
12.73 0
12.74 0
12.75 0
12.76 0
12.77 0
12.78 0
12.79 0
12.8 0
12.81 0
12.82 0
12.83 0
12.84 0
12.85 0
12.86 0
12.87 0
12.88 0
12.89 0
12.9 0
12.91 0
12.92 0
12.93 0
12.94 0
12.95 0
12.96 0
12.97 0
12.98 0
12.99 0
13 0
13.01 0
13.02 0
13.03 0
13.04 0
13.05 0
13.06 0
13.07 0
13.08 0
13.09 0
13.1 0
13.11 0
13.12 0
13.13 0
13.14 0
13.15 0
13.16 0
13.17 0
13.18 0
13.19 0
13.2 0
13.21 0
13.22 0
13.23 0
13.24 0
13.25 0
13.26 0
13.27 0
13.28 0
13.29 0
13.3 1.2416
13.31 0
13.32 2.4832
13.33 1.2416
13.34 2.4832
13.35 3.7248
13.36 0
13.37 3.7248
13.38 0
13.39 3.7248
13.4 1.2416
13.41 2.4832
13.42 3.7248
13.43 0
13.44 3.7248
13.45 2.4832
13.46 1.2416
13.47 3.7248
13.48 0
13.49 2.4832
13.5 2.4832
13.51 0
13.52 2.4832
13.53 2.4832
13.54 0
13.55 2.4832
13.56 2.4832
13.57 0
13.58 2.4832
13.59 2.4832
13.6 0
13.61 2.4832
13.62 2.4832
13.63 0
13.64 2.4832
13.65 2.4832
13.66 0
13.67 2.4832
13.68 1.2416
13.69 1.2416
13.7 2.4832
13.71 0
13.72 2.4832
13.73 2.4832
13.74 0
13.75 2.4832
13.76 0
13.77 2.4832
13.78 1.2416
13.79 1.2416
13.8 2.4832
13.81 0
13.82 2.4832
13.83 0
13.84 2.4832
13.85 2.4832
13.86 0
13.87 2.4832
13.88 0
13.89 2.4832
13.9 2.4832
13.91 0
13.92 2.4832
13.93 0
13.94 2.4832
13.95 1.2416
13.96 1.2416
13.97 2.4832
13.98 0
13.99 2.4832
14 1.2416
14.01 1.2416
14.02 2.4832
14.03 0
14.04 2.4832
14.05 2.4832
14.06 0
14.07 2.4832
14.08 2.4832
14.09 0
14.1 2.4832
14.11 0
14.12 2.4832
14.13 1.2416
14.14 1.2416
14.15 2.4832
14.16 0
14.17 2.4832
14.18 1.2416
14.19 1.2416
14.2 2.4832
14.21 0
14.22 2.4832
14.23 2.4832
14.24 0
14.25 2.4832
14.26 2.4832
14.27 0
14.28 2.4832
14.29 1.2416
14.3 1.2416
14.31 2.4832
14.32 0
14.33 2.4832
14.34 2.4832
14.35 0
14.36 2.4832
14.37 0
14.38 2.4832
14.39 3.7248
14.4 0
14.41 3.7248
14.42 0
14.43 3.7248
14.44 1.2416
14.45 2.4832
14.46 2.4832
14.47 0
14.48 2.4832
14.49 0
14.5 2.4832
14.51 2.4832
14.52 1.2416
14.53 3.7248
14.54 0
14.55 3.7248
14.56 1.2416
14.57 2.4832
14.58 3.7248
14.59 0
14.6 3.7248
14.61 0
14.62 3.7248
14.63 3.7248
14.64 0
14.65 3.7248
14.66 0
14.67 3.7248
14.68 1.2416
14.69 2.4832
14.7 3.7248
14.71 0
14.72 3.7248
14.73 1.2416
14.74 2.4832
14.75 2.4832
14.76 0
14.77 2.4832
14.78 0
14.79 2.4832
14.8 1.2416
14.81 2.4832
14.82 3.7248
14.83 0
14.84 3.7248
14.85 1.2416
14.86 2.4832
14.87 3.7248
14.88 0
14.89 3.7248
14.9 0
14.91 3.7248
14.92 2.4832
14.93 1.2416
14.94 3.7248
14.95 0
14.96 3.7248
14.97 1.2416
14.98 2.4832
14.99 3.7248
15 0
15.01 3.7248
15.02 1.2416
15.03 2.4832
15.04 3.7248
15.05 0
15.06 3.7248
15.07 0
15.08 3.7248
15.09 2.4832
15.1 1.2416
15.11 3.7248
15.12 0
15.13 3.7248
15.14 1.2416
15.15 2.4832
15.16 3.7248
15.17 0
15.18 3.7248
15.19 1.2416
15.2 2.4832
15.21 3.7248
15.22 0
15.23 3.7248
15.24 3.7248
15.25 0
15.26 3.7248
15.27 0
15.28 3.7248
15.29 1.2416
15.3 1.2416
15.31 2.4832
15.32 1.2416
15.33 1.2416
15.34 3.7248
15.35 0
15.36 3.7248
15.37 1.2416
15.38 1.2416
15.39 2.4832
15.4 0
15.41 2.4832
15.42 2.4832
15.43 0
15.44 3.7248
15.45 2.4832
15.46 1.2416
15.47 3.7248
15.48 0
15.49 3.7248
15.5 2.4832
15.51 1.2416
15.52 3.7248
15.53 1.2416
15.54 2.4832
15.55 2.4832
15.56 1.2416
15.57 3.7248
15.58 1.2416
15.59 2.4832
15.6 3.7248
15.61 0
15.62 3.7248
15.63 0
15.64 3.7248
15.65 2.4832
15.66 1.2416
15.67 2.4832
15.68 0
15.69 2.4832
15.7 1.2416
15.71 1.2416
15.72 3.7248
15.73 0
15.74 3.7248
15.75 0
15.76 3.7248
15.77 3.7248
15.78 0
15.79 3.7248
15.8 1.2416
15.81 2.4832
15.82 3.7248
15.83 0
15.84 3.7248
15.85 1.2416
15.86 2.4832
15.87 3.7248
15.88 0
15.89 3.7248
15.9 1.2416
15.91 1.2416
15.92 2.4832
15.93 0
15.94 2.4832
15.95 1.2416
15.96 1.2416
15.97 3.7248
15.98 0
15.99 3.7248
16 1.2416
16.01 2.4832
16.02 3.7248
16.03 0
16.04 3.7248
16.05 1.2416
16.06 2.4832
16.07 3.7248
16.08 0
16.09 3.7248
16.1 1.2416
16.11 2.4832
16.12 3.7248
16.13 0
16.14 3.7248
16.15 2.4832
16.16 1.2416
16.17 3.7248
16.18 0
16.19 3.7248
16.2 1.2416
16.21 2.4832
16.22 3.7248
16.23 0
16.24 3.7248
16.25 3.7248
16.26 1.2416
16.27 4.9664
16.28 0
16.29 4.9664
16.3 3.7248
16.31 1.2416
16.32 4.9664
16.33 0
16.34 4.9664
16.35 3.7248
16.36 1.2416
16.37 4.9664
16.38 0
16.39 4.9664
16.4 3.7248
16.41 1.2416
16.42 4.9664
16.43 0
16.44 4.9664
16.45 2.4832
16.46 2.4832
16.47 4.9664
16.48 0
16.49 4.9664
16.5 2.4832
16.51 2.4832
16.52 4.9664
16.53 0
16.54 4.9664
16.55 1.2416
16.56 3.7248
16.57 4.9664
16.58 0
16.59 4.9664
16.6 1.2416
16.61 3.7248
16.62 3.7248
16.63 1.2416
16.64 4.9664
16.65 0
16.66 4.9664
16.67 2.4832
16.68 2.4832
16.69 4.9664
16.7 0
16.71 3.7248
16.72 1.2416
16.73 2.4832
16.74 2.4832
16.75 2.4832
16.76 1.2416
16.77 1.2416
16.78 1.2416
16.79 2.4832
16.8 1.2416
16.81 1.2416
16.82 2.4832
16.83 0
16.84 2.4832
16.85 1.2416
16.86 1.2416
16.87 1.2416
16.88 1.2416
16.89 2.4832
16.9 1.2416
16.91 1.2416
16.92 1.2416
16.93 1.2416
16.94 2.4832
16.95 1.2416
16.96 1.2416
16.97 1.2416
16.98 1.2416
16.99 1.2416
17 0
17.01 1.2416
17.02 0
17.03 1.2416
17.04 2.4832
17.05 0
17.06 2.4832
17.07 2.4832
17.08 0
17.09 2.4832
17.1 2.4832
17.11 0
17.12 2.4832
17.13 0
17.14 2.4832
17.15 2.4832
17.16 0
17.17 2.4832
17.18 1.2416
17.19 1.2416
17.2 2.4832
17.21 0
17.22 2.4832
17.23 1.2416
17.24 1.2416
17.25 2.4832
17.26 0
17.27 2.4832
17.28 2.4832
17.29 0
17.3 2.4832
17.31 2.4832
17.32 0
17.33 2.4832
17.34 1.2416
17.35 1.2416
17.36 2.4832
17.37 1.2416
17.38 1.2416
17.39 2.4832
17.4 0
17.41 2.4832
17.42 2.4832
17.43 0
17.44 2.4832
17.45 2.4832
17.46 1.2416
17.47 3.7248
17.48 1.2416
17.49 2.4832
17.5 3.7248
17.51 0
17.52 3.7248
17.53 2.4832
17.54 1.2416
17.55 3.7248
17.56 1.2416
17.57 2.4832
17.58 3.7248
17.59 0
17.6 3.7248
17.61 2.4832
17.62 1.2416
17.63 3.7248
17.64 0
17.65 3.7248
17.66 2.4832
17.67 1.2416
17.68 3.7248
17.69 0
17.7 3.7248
17.71 1.2416
17.72 2.4832
17.73 3.7248
17.74 0
17.75 3.7248
17.76 1.2416
17.77 2.4832
17.78 3.7248
17.79 0
17.8 3.7248
17.81 3.7248
17.82 0
17.83 3.7248
17.84 1.2416
17.85 2.4832
17.86 2.4832
17.87 1.2416
17.88 3.7248
17.89 2.4832
17.9 1.2416
17.91 3.7248
17.92 1.2416
17.93 2.4832
17.94 3.7248
17.95 0
17.96 3.7248
17.97 1.2416
17.98 2.4832
17.99 3.7248
18 0
18.01 3.7248
18.02 1.2416
18.03 2.4832
18.04 3.7248
18.05 0
18.06 3.7248
18.07 1.2416
18.08 2.4832
18.09 3.7248
18.1 0
18.11 3.7248
18.12 1.2416
18.13 2.4832
18.14 3.7248
18.15 0
18.16 3.7248
18.17 1.2416
18.18 2.4832
18.19 2.4832
18.2 1.2416
18.21 3.7248
18.22 1.2416
18.23 2.4832
18.24 2.4832
18.25 1.2416
18.26 2.4832
18.27 0
18.28 2.4832
18.29 1.2416
18.3 1.2416
18.31 3.7248
18.32 1.2416
18.33 2.4832
18.34 3.7248
18.35 1.2416
18.36 2.4832
18.37 1.2416
18.38 2.4832
18.39 3.7248
18.4 1.2416
18.41 2.4832
18.42 3.7248
18.43 1.2416
18.44 2.4832
18.45 2.4832
18.46 1.2416
18.47 3.7248
18.48 1.2416
18.49 2.4832
18.5 3.7248
18.51 1.2416
18.52 2.4832
18.53 1.2416
18.54 2.4832
18.55 3.7248
18.56 1.2416
18.57 2.4832
18.58 2.4832
18.59 1.2416
18.6 3.7248
18.61 1.2416
18.62 2.4832
18.63 3.7248
18.64 1.2416
18.65 2.4832
18.66 1.2416
18.67 2.4832
18.68 1.2416
18.69 2.4832
18.7 3.7248
18.71 1.2416
18.72 2.4832
18.73 1.2416
18.74 2.4832
18.75 2.4832
18.76 2.4832
18.77 2.4832
18.78 1.2416
18.79 2.4832
18.8 1.2416
18.81 1.2416
18.82 2.4832
18.83 1.2416
18.84 1.2416
18.85 1.2416
18.86 2.4832
18.87 2.4832
18.88 0
18.89 2.4832
18.9 0
18.91 2.4832
18.92 1.2416
18.93 2.4832
18.94 3.7248
18.95 0
18.96 3.7248
18.97 0
18.98 2.4832
18.99 2.4832
19 0
19.01 2.4832
19.02 3.7248
19.03 0
19.04 3.7248
19.05 1.2416
19.06 0
19.07 1.2416
19.08 0
19.09 1.2416
19.1 1.2416
19.11 0
19.12 2.4832
19.13 0
19.14 3.7248
19.15 0
19.16 2.4832
19.17 2.4832
19.18 0
19.19 2.4832
19.2 1.2416
19.21 1.2416
19.22 3.7248
19.23 0
19.24 3.7248
19.25 0
19.26 3.7248
19.27 3.7248
19.28 0
19.29 3.7248
19.3 0
19.31 3.7248
19.32 1.2416
19.33 3.7248
19.34 2.4832
19.35 1.2416
19.36 3.7248
19.37 0
19.38 3.7248
19.39 3.7248
19.4 0
19.41 3.7248
19.42 1.2416
19.43 2.4832
19.44 3.7248
19.45 0
19.46 3.7248
19.47 3.7248
19.48 0
19.49 3.7248
19.5 2.4832
19.51 1.2416
19.52 3.7248
19.53 0
19.54 3.7248
19.55 3.7248
19.56 0
19.57 3.7248
19.58 2.4832
19.59 1.2416
19.6 3.7248
19.61 0
19.62 3.7248
19.63 2.4832
19.64 1.2416
19.65 3.7248
19.66 0
19.67 3.7248
19.68 2.4832
19.69 1.2416
19.7 3.7248
19.71 0
19.72 4.9664
19.73 3.7248
19.74 1.2416
19.75 4.9664
19.76 1.2416
19.77 3.7248
19.78 2.4832
19.79 2.4832
19.8 4.9664
19.81 1.2416
19.82 3.7248
19.83 4.9664
19.84 0
19.85 4.9664
19.86 1.2416
19.87 3.7248
19.88 4.9664
19.89 0
19.9 4.9664
19.91 2.4832
19.92 2.4832
19.93 4.9664
19.94 0
19.95 4.9664
19.96 1.2416
19.97 3.7248
19.98 4.9664
19.99 0
