10 1.98292
10.01 2.4832
10.02 3.7248
10.03 3.7248
10.04 2.4832
10.05 1.2416
10.06 3.7248
10.07 3.7248
10.08 3.7248
10.09 2.4832
10.1 1.2416
10.11 3.7248
10.12 3.7248
10.13 3.7248
10.14 1.2416
10.15 2.4832
10.16 3.7248
10.17 3.7248
10.18 2.4832
10.19 1.2416
10.2 3.7248
10.21 3.7248
10.22 2.4832
10.23 1.2416
10.24 3.7248
10.25 3.7248
10.26 2.4832
10.27 2.4832
10.28 2.4832
10.29 3.7248
10.3 3.7248
10.31 3.7248
10.32 0
10.33 3.7248
10.34 3.7248
10.35 3.7248
10.36 1.2416
10.37 2.4832
10.38 3.7248
10.39 4.9664
10.4 2.4832
10.41 2.4832
10.42 4.9664
10.43 4.9664
10.44 2.4832
10.45 2.4832
10.46 4.9664
10.47 4.9664
10.48 2.4832
10.49 2.4832
10.5 4.9664
10.51 4.9664
10.52 3.7248
10.53 2.4832
10.54 3.7248
10.55 4.9664
10.56 4.9664
10.57 2.4832
10.58 2.4832
10.59 4.9664
10.6 4.9664
10.61 2.4832
10.62 2.4832
10.63 4.9664
10.64 4.9664
10.65 4.9664
10.66 4.9664
10.67 2.4832
10.68 2.4832
10.69 3.7248
10.7 2.4832
10.71 1.2416
10.72 1.2416
10.73 2.4832
10.74 3.7248
10.75 2.4832
10.76 1.2416
10.77 3.7248
10.78 3.7248
10.79 3.7248
10.8 1.2416
10.81 2.4832
10.82 3.7248
10.83 3.7248
10.84 3.7248
10.85 3.7248
10.86 3.7248
10.87 3.7248
10.88 1.2416
10.89 2.4832
10.9 3.7248
10.91 3.7248
10.92 3.7248
10.93 3.7248
10.94 1.2416
10.95 2.4832
10.96 3.7248
10.97 3.7248
10.98 3.7248
10.99 1.2416
11 2.4832
11.01 3.7248
11.02 3.7248
11.03 3.7248
11.04 3.7248
11.05 1.2416
11.06 2.4832
11.07 3.7248
11.08 3.7248
11.09 3.7248
11.1 2.4832
11.11 3.7248
11.12 4.9664
11.13 4.9664
11.14 4.9664
11.15 1.2416
11.16 3.7248
11.17 4.9664
11.18 4.9664
11.19 3.7248
11.2 3.7248
11.21 2.4832
11.22 4.9664
11.23 4.9664
11.24 4.9664
11.25 3.7248
11.26 1.2416
11.27 4.9664
11.28 4.9664
11.29 4.9664
11.3 2.4832
11.31 2.4832
11.32 4.9664
11.33 4.9664
11.34 2.4832
11.35 2.4832
11.36 4.9664
11.37 4.9664
11.38 3.7248
11.39 2.4832
11.4 3.7248
11.41 4.9664
11.42 4.9664
11.43 1.2416
11.44 3.7248
11.45 4.9664
11.46 4.9664
11.47 3.7248
11.48 3.7248
11.49 2.4832
11.5 4.9664
11.51 4.9664
11.52 3.7248
11.53 3.7248
11.54 2.4832
11.55 4.9664
11.56 4.9664
11.57 3.7248
11.58 1.2416
11.59 4.9664
11.6 4.9664
11.61 3.7248
11.62 2.4832
11.63 3.7248
11.64 4.9664
11.65 4.9664
11.66 3.7248
11.67 3.7248
11.68 2.4832
11.69 4.9664
11.7 4.9664
11.71 3.7248
11.72 2.4832
11.73 3.7248
11.74 4.9664
11.75 3.7248
11.76 2.4832
11.77 3.7248
11.78 4.9664
11.79 4.9664
11.8 3.7248
11.81 3.7248
11.82 6.208
11.83 6.208
11.84 2.4832
11.85 2.4832
11.86 3.7248
11.87 4.9664
11.88 4.9664
11.89 1.2416
11.9 3.7248
11.91 4.9664
11.92 4.9664
11.93 2.4832
11.94 2.4832
11.95 4.9664
11.96 4.9664
11.97 4.9664
11.98 2.4832
11.99 2.4832
12 4.9664
12.01 4.9664
12.02 2.4832
12.03 2.4832
12.04 4.9664
12.05 4.9664
12.06 4.9664
12.07 2.4832
12.08 2.4832
12.09 4.9664
12.1 4.9664
12.11 3.7248
12.12 2.4832
12.13 3.7248
12.14 4.9664
12.15 4.9664
12.16 2.4832
12.17 2.4832
12.18 4.9664
12.19 4.9664
12.2 3.7248
12.21 2.4832
12.22 4.9664
12.23 6.208
12.24 3.7248
12.25 3.7248
12.26 4.9664
12.27 6.208
12.28 4.9664
12.29 2.4832
12.3 4.9664
12.31 6.208
12.32 6.208
12.33 3.7248
12.34 3.7248
12.35 4.9664
12.36 6.208
12.37 4.9664
12.38 3.7248
12.39 3.7248
12.4 6.208
12.41 6.208
12.42 3.7248
12.43 3.7248
12.44 4.9664
12.45 6.208
12.46 4.9664
12.47 2.4832
12.48 4.9664
12.49 6.208
12.5 4.9664
12.51 3.7248
12.52 3.7248
12.53 6.208
12.54 4.9664
12.55 4.9664
12.56 4.9664
12.57 3.7248
12.58 6.208
12.59 6.208
12.6 3.7248
12.61 3.7248
12.62 4.9664
12.63 6.208
12.64 3.7248
12.65 3.7248
12.66 4.9664
12.67 6.208
12.68 3.7248
12.69 3.7248
12.7 3.7248
12.71 4.9664
12.72 3.7248
12.73 2.4832
12.74 3.7248
12.75 4.9664
12.76 4.9664
12.77 2.4832
12.78 2.4832
12.79 4.9664
12.8 4.9664
12.81 3.7248
12.82 2.4832
12.83 3.7248
12.84 4.9664
12.85 3.7248
12.86 2.4832
12.87 3.7248
12.88 4.9664
12.89 3.7248
12.9 2.4832
12.91 3.7248
12.92 4.9664
12.93 3.7248
12.94 2.4832
12.95 3.7248
12.96 4.9664
12.97 4.9664
12.98 2.4832
12.99 3.7248
13 4.9664
13.01 6.208
13.02 4.9664
13.03 2.4832
13.04 4.9664
13.05 6.208
13.06 6.208
13.07 3.7248
13.08 4.9664
13.09 3.7248
13.1 6.208
13.11 6.208
13.12 2.4832
13.13 3.7248
13.14 6.208
13.15 6.208
13.16 3.7248
13.17 3.7248
13.18 4.9664
13.19 6.208
13.2 3.7248
13.21 3.7248
13.22 4.9664
13.23 6.208
13.24 4.9664
13.25 3.7248
13.26 3.7248
13.27 6.208
13.28 6.208
13.29 2.4832
13.3 3.7248
13.31 6.208
13.32 6.208
13.33 3.7248
13.34 4.9664
13.35 3.7248
13.36 6.208
13.37 6.208
13.38 3.7248
13.39 2.4832
13.4 6.208
13.41 6.208
13.42 4.9664
13.43 2.4832
13.44 4.9664
13.45 6.208
13.46 4.9664
13.47 3.7248
13.48 3.7248
13.49 6.208
13.5 6.208
13.51 2.4832
13.52 4.9664
13.53 4.9664
13.54 6.208
13.55 6.208
13.56 4.9664
13.57 2.4832
13.58 4.9664
13.59 6.208
13.6 4.9664
13.61 3.7248
13.62 4.9664
13.63 4.9664
13.64 6.208
13.65 4.9664
13.66 2.4832
13.67 4.9664
13.68 4.9664
13.69 4.9664
13.7 2.4832
13.71 2.4832
13.72 3.7248
13.73 4.9664
13.74 3.7248
13.75 2.4832
13.76 3.7248
13.77 4.9664
13.78 3.7248
13.79 3.7248
13.8 3.7248
13.81 3.7248
13.82 4.9664
13.83 3.7248
13.84 2.4832
13.85 3.7248
13.86 4.9664
13.87 3.7248
13.88 3.7248
13.89 2.4832
13.9 4.9664
13.91 4.9664
13.92 3.7248
13.93 2.4832
13.94 3.7248
13.95 4.9664
13.96 3.7248
13.97 2.4832
13.98 3.7248
13.99 4.9664
14 4.9664
14.01 2.4832
14.02 3.7248
14.03 3.7248
14.04 4.9664
14.05 4.9664
14.06 2.4832
14.07 3.7248
14.08 6.208
14.09 6.208
14.1 2.4832
14.11 3.7248
14.12 6.208
14.13 6.208
14.14 3.7248
14.15 3.7248
14.16 4.9664
14.17 6.208
14.18 6.208
14.19 2.4832
14.2 4.9664
14.21 4.9664
14.22 6.208
14.23 3.7248
14.24 3.7248
14.25 4.9664
14.26 6.208
14.27 6.208
14.28 2.4832
14.29 4.9664
14.3 4.9664
14.31 6.208
14.32 3.7248
14.33 3.7248
14.34 4.9664
14.35 6.208
14.36 6.208
14.37 4.9664
14.38 3.7248
14.39 6.208
14.4 6.208
14.41 4.9664
14.42 3.7248
14.43 3.7248
14.44 4.9664
14.45 6.208
14.46 3.7248
14.47 3.7248
14.48 4.9664
14.49 6.208
14.5 4.9664
14.51 2.4832
14.52 4.9664
14.53 6.208
14.54 6.208
14.55 3.7248
14.56 3.7248
14.57 4.9664
14.58 4.9664
14.59 3.7248
14.6 1.2416
14.61 3.7248
14.62 4.9664
14.63 4.9664
14.64 2.4832
14.65 2.4832
14.66 4.9664
14.67 4.9664
14.68 3.7248
14.69 1.2416
14.7 4.9664
14.71 4.9664
14.72 4.9664
14.73 3.7248
14.74 1.2416
14.75 4.9664
14.76 4.9664
14.77 4.9664
14.78 2.4832
14.79 2.4832
14.8 4.9664
14.81 4.9664
14.82 2.4832
14.83 2.4832
14.84 4.9664
14.85 4.9664
14.86 3.7248
14.87 1.2416
14.88 4.9664
14.89 4.9664
14.9 3.7248
14.91 2.4832
14.92 3.7248
14.93 4.9664
14.94 4.9664
14.95 3.7248
14.96 2.4832
14.97 3.7248
14.98 4.9664
14.99 3.7248
15 2.4832
15.01 3.7248
15.02 4.9664
15.03 4.9664
15.04 1.2416
15.05 3.7248
15.06 4.9664
15.07 4.9664
15.08 2.4832
15.09 2.4832
15.1 4.9664
15.11 4.9664
15.12 3.7248
15.13 3.7248
15.14 2.4832
15.15 4.9664
15.16 4.9664
15.17 2.4832
15.18 2.4832
15.19 4.9664
15.2 4.9664
15.21 3.7248
15.22 2.4832
15.23 3.7248
15.24 4.9664
15.25 3.7248
15.26 2.4832
15.27 3.7248
15.28 4.9664
15.29 4.9664
15.3 2.4832
15.31 2.4832
15.32 4.9664
15.33 4.9664
15.34 2.4832
15.35 3.7248
15.36 3.7248
15.37 4.9664
15.38 4.9664
15.39 2.4832
15.4 2.4832
15.41 4.9664
15.42 4.9664
15.43 2.4832
15.44 2.4832
15.45 4.9664
15.46 4.9664
15.47 3.7248
15.48 1.2416
15.49 4.9664
15.5 4.9664
15.51 3.7248
15.52 2.4832
15.53 3.7248
15.54 3.7248
15.55 3.7248
15.56 0
15.57 3.7248
15.58 4.9664
15.59 4.9664
15.6 1.2416
15.61 3.7248
15.62 4.9664
15.63 4.9664
15.64 3.7248
15.65 2.4832
15.66 3.7248
15.67 4.9664
15.68 4.9664
15.69 3.7248
15.7 1.2416
15.71 4.9664
15.72 4.9664
15.73 3.7248
15.74 2.4832
15.75 3.7248
15.76 4.9664
15.77 4.9664
15.78 1.2416
15.79 3.7248
15.8 4.9664
15.81 4.9664
15.82 3.7248
15.83 1.2416
15.84 4.9664
15.85 4.9664
15.86 3.7248
15.87 2.4832
15.88 3.7248
15.89 4.9664
15.9 4.9664
15.91 1.2416
15.92 3.7248
15.93 4.9664
15.94 4.9664
15.95 2.4832
15.96 2.4832
15.97 4.9664
15.98 4.9664
15.99 2.4832
16 2.4832
16.01 4.9664
16.02 4.9664
16.03 3.7248
16.04 2.4832
16.05 3.7248
16.06 3.7248
16.07 3.7248
16.08 1.2416
16.09 1.2416
16.1 3.7248
16.11 3.7248
16.12 3.7248
16.13 2.4832
16.14 1.2416
16.15 3.7248
16.16 3.7248
16.17 3.7248
16.18 1.2416
16.19 1.2416
16.2 2.4832
16.21 2.4832
16.22 1.2416
16.23 1.2416
16.24 3.7248
16.25 3.7248
16.26 2.4832
16.27 1.2416
16.28 3.7248
16.29 3.7248
16.3 2.4832
16.31 1.2416
16.32 3.7248
16.33 3.7248
16.34 3.7248
16.35 0
16.36 3.7248
16.37 3.7248
16.38 3.7248
16.39 1.2416
16.4 2.4832
16.41 3.7248
16.42 3.7248
16.43 2.4832
16.44 1.2416
16.45 3.7248
16.46 3.7248
16.47 2.4832
16.48 0
16.49 2.4832
16.5 2.4832
16.51 3.7248
16.52 1.2416
16.53 2.4832
16.54 3.7248
16.55 3.7248
16.56 2.4832
16.57 1.2416
16.58 3.7248
16.59 3.7248
16.6 3.7248
16.61 0
16.62 3.7248
16.63 3.7248
16.64 3.7248
16.65 1.2416
16.66 2.4832
16.67 3.7248
16.68 3.7248
16.69 2.4832
16.7 1.2416
16.71 3.7248
16.72 3.7248
16.73 2.4832
16.74 1.2416
16.75 3.7248
16.76 2.4832
16.77 2.4832
16.78 0
16.79 2.4832
16.8 2.4832
16.81 2.4832
16.82 1.2416
16.83 1.2416
16.84 2.4832
16.85 2.4832
16.86 2.4832
16.87 1.2416
16.88 3.7248
16.89 3.7248
16.9 3.7248
16.91 2.4832
16.92 1.2416
16.93 3.7248
16.94 3.7248
16.95 2.4832
16.96 1.2416
16.97 3.7248
16.98 3.7248
16.99 3.7248
17 1.2416
17.01 2.4832
17.02 3.7248
17.03 3.7248
17.04 1.2416
17.05 2.4832
17.06 3.7248
17.07 3.7248
17.08 2.4832
17.09 1.2416
17.1 3.7248
17.11 3.7248
17.12 3.7248
17.13 0
17.14 3.7248
17.15 3.7248
17.16 3.7248
17.17 3.7248
17.18 2.4832
17.19 1.2416
17.2 3.7248
17.21 3.7248
17.22 3.7248
17.23 1.2416
17.24 2.4832
17.25 3.7248
17.26 3.7248
17.27 2.4832
17.28 1.2416
17.29 3.7248
17.3 3.7248
17.31 2.4832
17.32 1.2416
17.33 3.7248
17.34 3.7248
17.35 3.7248
17.36 1.2416
17.37 4.9664
17.38 4.9664
17.39 3.7248
17.4 1.2416
17.41 4.9664
17.42 4.9664
17.43 3.7248
17.44 2.4832
17.45 3.7248
17.46 4.9664
17.47 3.7248
17.48 2.4832
17.49 3.7248
17.5 4.9664
17.51 4.9664
17.52 2.4832
17.53 1.2416
17.54 3.7248
17.55 2.4832
17.56 3.7248
17.57 0
17.58 3.7248
17.59 3.7248
17.6 3.7248
17.61 2.4832
17.62 1.2416
17.63 3.7248
17.64 3.7248
17.65 3.7248
17.66 0
17.67 3.7248
17.68 3.7248
17.69 3.7248
17.7 2.4832
17.71 1.2416
17.72 3.7248
17.73 3.7248
17.74 3.7248
17.75 0
17.76 3.7248
17.77 3.7248
17.78 3.7248
17.79 1.2416
17.8 2.4832
17.81 3.7248
17.82 3.7248
17.83 1.2416
17.84 2.4832
17.85 3.7248
17.86 3.7248
17.87 2.4832
17.88 1.2416
17.89 3.7248
17.9 3.7248
17.91 3.7248
17.92 2.4832
17.93 3.7248
17.94 4.9664
17.95 4.9664
17.96 1.2416
17.97 3.7248
17.98 4.9664
17.99 4.9664
18 1.2416
18.01 3.7248
18.02 4.9664
18.03 4.9664
18.04 2.4832
18.05 2.4832
18.06 4.9664
18.07 4.9664
18.08 2.4832
18.09 2.4832
18.1 4.9664
18.11 4.9664
18.12 4.9664
18.13 1.2416
18.14 3.7248
18.15 3.7248
18.16 3.7248
18.17 2.4832
18.18 1.2416
18.19 2.4832
18.2 2.4832
18.21 2.4832
18.22 1.2416
18.23 1.2416
18.24 3.7248
18.25 3.7248
18.26 1.2416
18.27 2.4832
18.28 3.7248
18.29 3.7248
18.3 2.4832
18.31 1.2416
18.32 3.7248
18.33 2.4832
18.34 1.2416
18.35 1.2416
18.36 2.4832
18.37 3.7248
18.38 3.7248
18.39 1.2416
18.4 2.4832
18.41 3.7248
18.42 3.7248
18.43 1.2416
18.44 2.4832
18.45 3.7248
18.46 3.7248
18.47 2.4832
18.48 2.4832
18.49 2.4832
18.5 3.7248
18.51 2.4832
18.52 2.4832
18.53 2.4832
18.54 3.7248
18.55 3.7248
18.56 1.2416
18.57 2.4832
18.58 3.7248
18.59 3.7248
18.6 1.2416
18.61 2.4832
18.62 3.7248
18.63 3.7248
18.64 1.2416
18.65 2.4832
18.66 3.7248
18.67 3.7248
18.68 3.7248
18.69 1.2416
18.7 2.4832
18.71 3.7248
18.72 3.7248
18.73 2.4832
18.74 1.2416
18.75 3.7248
18.76 3.7248
18.77 2.4832
18.78 2.4832
18.79 2.4832
18.8 3.7248
18.81 2.4832
18.82 1.2416
18.83 3.7248
18.84 3.7248
18.85 3.7248
18.86 1.2416
18.87 2.4832
18.88 3.7248
18.89 3.7248
18.9 2.4832
18.91 1.2416
18.92 3.7248
18.93 3.7248
18.94 2.4832
18.95 1.2416
18.96 3.7248
18.97 3.7248
18.98 2.4832
18.99 2.4832
19 2.4832
19.01 3.7248
19.02 1.2416
19.03 2.4832
19.04 1.2416
19.05 2.4832
19.06 3.7248
19.07 1.2416
19.08 2.4832
19.09 3.7248
19.1 3.7248
19.11 1.2416
19.12 3.7248
19.13 2.4832
19.14 3.7248
19.15 3.7248
19.16 2.4832
19.17 2.4832
19.18 2.4832
19.19 3.7248
19.2 2.4832
19.21 2.4832
19.22 2.4832
19.23 3.7248
19.24 2.4832
19.25 2.4832
19.26 2.4832
19.27 3.7248
19.28 3.7248
19.29 1.2416
19.3 2.4832
19.31 3.7248
19.32 3.7248
19.33 2.4832
19.34 2.4832
19.35 2.4832
19.36 3.7248
19.37 2.4832
19.38 2.4832
19.39 2.4832
19.4 3.7248
19.41 2.4832
19.42 2.4832
19.43 2.4832
19.44 3.7248
19.45 2.4832
19.46 2.4832
19.47 2.4832
19.48 3.7248
19.49 3.7248
19.5 2.4832
19.51 3.7248
19.52 4.9664
19.53 4.9664
19.54 4.9664
19.55 2.4832
19.56 2.4832
19.57 4.9664
19.58 4.9664
19.59 2.4832
19.6 3.7248
19.61 3.7248
19.62 4.9664
19.63 3.7248
19.64 2.4832
19.65 2.4832
19.66 3.7248
19.67 3.7248
19.68 1.2416
19.69 2.4832
19.7 3.7248
19.71 3.7248
19.72 1.2416
19.73 2.4832
19.74 3.7248
19.75 3.7248
19.76 2.4832
19.77 1.2416
19.78 3.7248
19.79 3.7248
19.8 3.7248
19.81 1.2416
19.82 2.4832
19.83 3.7248
19.84 3.7248
19.85 1.2416
19.86 2.4832
19.87 3.7248
19.88 3.7248
19.89 2.4832
19.9 1.2416
19.91 3.7248
19.92 3.7248
19.93 3.7248
19.94 1.2416
19.95 2.4832
19.96 3.7248
19.97 3.7248
19.98 1.2416
19.99 2.4832
