175.078 65
175.429 66
175.676 67
175.87 68
176.038 69
176.182 70
176.313 71
176.431 72
176.54 73
176.642 74
176.735 75
176.824 76
176.908 77
176.924 53
177.141 54
177.146 55
177.203 56
177.262 57
177.32 58
177.402 59
177.447 60
177.544 61
177.584 62
177.658 63
177.734 64
177.814 65
177.897 66
178.002 67
178.081 68
178.181 69
178.29 70
178.409 71
178.54 72
178.697 73
178.85 74
179.057 75
179.246 52
179.431 53
179.479 54
179.585 55
179.685 56
179.802 57
179.959 58
180.082 59
180.25 60
180.466 61
180.689 62
180.848 43
181.069 44
181.127 45
181.244 46
181.399 47
181.529 48
181.686 49
181.886 50
182.13 51
182.482 52
185.2 53
185.55 54
185.799 55
185.998 56
186.161 57
186.306 58
186.438 59
186.557 60
186.663 61
186.767 62
186.86 63
186.948 64
187.032 65
187.112 66
187.187 67
187.261 68
187.331 69
187.399 70
187.463 71
187.527 72
187.584 73
187.645 74
187.7 75
187.759 76
187.808 77
187.862 78
187.912 79
187.962 80
188.009 81
188.057 82
188.104 83
188.15 84
188.193 85
188.238 86
188.281 87
188.322 88
188.362 89
188.406 90
188.444 91
188.481 92
188.52 93
188.56 94
188.595 95
188.633 96
188.667 97
188.723 98
188.807 99
188.841 100
188.889 101
188.938 102
188.991 103
189.026 104
189.063 105
189.094 106
189.13 107
189.173 108
189.204 109
189.233 110
189.266 111
189.299 112
189.339 113
189.368 114
189.392 115
189.42 116
189.451 117
189.482 118
189.517 119
189.543 120
189.565 121
189.59 122
189.614 123
189.639 124
189.671 125
189.708 126
189.725 88
189.946 89
189.952 90
190.018 91
190.082 92
190.135 93
190.212 94
190.246 95
190.288 96
190.35 97
190.388 98
190.437 99
190.503 100
190.545 101
190.598 102
190.654 103
190.714 104
190.76 105
190.837 106
190.893 107
190.968 108
191.03 109
191.106 110
191.187 111
191.237 112
191.312 113
191.398 114
191.475 115
191.554 116
191.638 117
191.743 118
191.862 119
191.968 120
192.136 121
192.3 122
192.469 123
192.632 124
192.802 125
193.101 126
195.395 88
195.616 89
195.617 90
195.645 91
195.687 92
195.73 93
195.774 94
195.818 95
195.863 96
195.91 97
195.957 98
196.006 99
196.055 100
196.107 101
196.158 102
196.212 103
196.278 104
196.324 105
196.382 106
196.444 107
196.505 108
196.575 109
196.637 110
196.707 111
196.779 112
196.856 113
196.936 114
197.019 115
197.108 116
197.203 117
197.303 118
197.436 119
197.613 120
197.803 121
197.853 84
198.076 85
198.171 86
198.225 87
198.311 88
198.391 89
198.474 90
198.56 91
198.657 92
198.759 93
198.827 94
198.966 95
199.103 96
199.253 97
199.396 98
199.544 99
199.698 100
199.872 101
