175.009 37
175.013 38
175.03 39
175.122 40
175.216 41
175.316 42
175.424 43
175.545 44
175.674 45
175.817 46
175.983 47
176.181 48
176.429 49
176.588 34
176.829 35
176.833 36
176.926 37
177.091 38
177.29 39
177.536 40
177.89 41
180.605 42
180.955 43
181.204 44
181.399 45
181.45 31
181.637 32
181.692 33
181.697 34
181.71 35
181.806 36
181.906 37
182.013 38
182.134 39
182.265 40
182.42 41
182.574 42
182.771 43
183.02 44
183.372 45
184.565 31
184.809 32
184.813 33
184.817 34
184.885 35
184.981 36
185.079 37
185.188 38
185.304 39
185.436 40
185.579 41
185.748 42
185.943 43
186.193 44
186.545 45
188.193 31
188.428 32
188.433 33
188.437 34
188.501 35
188.612 36
188.697 37
188.808 38
188.926 39
188.947 27
189.137 28
189.208 29
189.272 30
189.466 31
189.75 32
190.065 33
190.498 23
190.718 24
190.723 25
190.75 26
190.899 27
191.031 28
191.141 29
191.31 30
191.507 31
191.764 32
192.104 33
192.958 23
193.323 24
193.327 25
193.362 26
193.472 27
193.601 28
193.746 29
193.914 30
194.112 31
194.357 32
194.703 22
194.886 23
194.955 24
195.073 25
195.318 26
195.687 27
197.664 18
197.848 19
197.916 20
197.923 21
198.025 22
198.172 23
198.342 24
198.493 16
198.676 17
198.719 18
198.726 19
199.295 20
199.832 14
