175.154 61
175.305 62
175.431 63
175.551 64
175.658 65
175.759 66
175.942 67
176.03 68
176.151 47
176.574 48
176.58 49
176.586 50
176.593 51
176.631 52
176.725 53
176.857 54
176.946 55
177.059 56
177.173 57
177.292 58
177.412 59
177.532 60
177.658 61
177.786 62
177.915 63
178.097 64
178.256 65
178.46 66
178.695 67
179.095 68
180.175 47
180.608 48
180.615 49
180.621 50
180.627 51
180.634 52
180.665 53
180.742 54
180.894 55
180.976 56
181.11 57
181.265 58
181.371 59
181.447 41
181.968 42
181.974 43
182.056 44
182.206 45
182.372 46
182.564 47
182.789 48
183.112 49
183.439 50
183.574 35
183.887 36
183.974 37
183.98 38
183.987 39
184.044 40
184.142 41
184.288 42
184.423 43
184.599 44
184.742 45
184.915 46
185.066 47
185.257 48
185.566 49
185.894 50
188.323 51
188.676 52
188.922 53
189.121 54
189.289 55
189.434 56
189.566 57
189.68 58
189.793 59
189.894 60
189.989 61
190.121 62
190.316 63
190.386 64
190.512 65
190.613 66
190.714 67
190.778 68
190.86 69
190.935 70
190.998 71
191.068 72
191.137 73
191.194 74
191.257 75
191.32 76
191.37 77
191.427 78
191.484 79
191.534 80
191.585 81
191.641 82
191.692 83
191.742 84
191.793 85
191.83 86
191.875 87
191.919 88
191.969 89
192.007 90
192.051 91
192.095 92
192.139 93
192.183 94
192.221 95
192.259 96
192.297 97
192.335 98
192.373 99
192.41 100
192.448 101
192.486 102
192.524 103
192.562 104
192.6 105
192.637 106
192.663 107
192.694 108
192.732 109
192.763 110
192.795 111
192.826 112
192.858 113
192.89 114
192.921 115
192.971 80
194.074 81
194.08 82
194.086 83
194.093 84
194.175 85
194.25 86
194.339 87
194.427 88
194.502 89
194.578 90
194.654 91
194.736 92
194.818 93
194.9 94
194.969 95
195.051 96
195.133 97
195.215 98
195.303 99
195.391 100
195.48 101
195.568 102
195.656 103
195.763 104
195.87 105
195.978 106
196.091 107
196.135 74
197.206 75
197.213 76
197.25 77
197.339 78
197.496 79
197.648 80
197.761 81
197.893 82
198.038 83
198.164 84
198.341 85
198.517 86
198.694 87
198.965 88
199.242 89
199.804 90
199.903 62
