175.017 23
175.093 24
175.241 25
175.436 26
175.598 27
175.898 28
175.988 19
176.37 20
176.477 21
176.731 22
177.124 23
179.817 24
180.146 25
180.393 26
180.594 27
180.757 28
180.955 29
181.036 30
181.186 31
181.26 32
181.363 33
181.45 23
181.812 24
181.824 25
181.967 26
182.049 27
182.18 28
182.326 29
182.493 30
182.688 31
182.938 32
183.288 33
186.008 34
186.356 35
186.607 36
186.803 37
186.966 38
187.116 39
187.242 40
187.362 41
187.469 42
187.571 43
187.666 44
187.754 45
187.842 46
187.918 47
187.994 48
188.069 49
188.139 50
188.208 51
188.271 52
188.334 53
188.391 54
188.454 55
188.511 56
188.561 57
188.618 58
188.668 59
188.719 60
188.769 61
188.819 62
188.864 63
188.914 64
188.958 65
189.002 66
189.046 67
189.091 68
189.128 69
189.173 70
189.21 71
189.248 72
189.292 73
189.33 74
189.368 75
189.406 76
189.475 77
189.544 78
189.614 79
189.702 80
189.778 81
189.841 82
189.897 83
189.954 84
190.005 85
190.049 86
190.093 87
190.137 88
190.181 89
190.219 90
190.257 91
190.295 92
190.332 93
190.37 94
190.408 95
190.446 96
190.477 97
190.515 98
190.547 99
190.578 100
190.61 101
190.642 102
190.673 103
190.705 72
191.694 73
191.751 74
191.839 75
191.952 76
192.028 77
192.123 78
192.186 79
192.268 80
192.35 81
192.432 82
192.514 83
192.595 84
192.677 85
192.759 86
192.848 87
192.928 60
193.472 61
193.478 62
193.654 63
193.818 64
193.982 65
194.108 66
194.253 67
194.423 68
194.575 69
194.75 48
195.179 49
195.192 50
195.419 51
195.551 52
195.696 53
195.86 54
196.055 55
196.27 38
196.611 39
196.642 40
196.775 41
197.008 42
197.273 43
197.525 44
197.682 45
197.966 46
198.067 32
198.35 33
198.371 34
198.51 35
198.619 36
198.735 37
198.849 38
198.976 39
199.096 40
199.227 41
199.381 42
199.577 43
199.769 44
