10 8.23065
10.2 8.50496
10.4 8.3808
10.6 6.8288
10.8 6.89088
11 6.95296
11.2 6.5184
11.4 5.46304
11.6 5.83552
11.8 6.39424
12 6.02176
12.2 6.27008
12.4 6.45632
12.6 6.08384
12.8 6.208
13 6.08384
13.2 6.39424
13.4 6.208
13.6 6.33216
13.8 6.33216
14 6.39424
14.2 6.208
14.4 5.21472
14.6 5.02848
14.8 5.15264
15 5.5872
15.2 5.83552
15.4 5.8976
15.6 6.08384
15.8 6.33216
16 6.27008
16.2 6.208
16.4 6.27008
16.6 6.33216
16.8 6.5184
17 6.27008
17.2 6.39424
17.4 6.45632
17.6 6.08384
17.8 5.71136
18 4.78016
18.2 4.90432
18.4 5.40096
18.6 5.77344
18.8 5.71136
19 6.08384
19.2 6.45632
19.4 6.208
19.6 6.33216
19.8 6.08384
