15.0062 32
15.0127 32
15.0195 32
15.0262 32
15.0333 32
15.0396 32
15.0464 32
15.0527 32
15.059 32
15.0654 32
15.0717 32
15.078 32
15.0843 32
15.0906 32
15.0969 32
15.1032 32
15.1095 32
15.1158 32
15.1221 32
15.1284 32
15.1347 32
15.141 32
15.1473 32
15.1536 32
15.1599 32
15.1662 32
15.1725 32
15.1788 32
15.281 32
15.2873 32
15.2936 33
15.3002 33
15.3073 33
15.3136 33
15.3203 33
15.3273 33
15.3342 33
15.3409 33
15.3472 33
15.3535 33
15.3598 33
15.3661 33
15.3724 33
15.3787 33
15.385 33
15.3913 33
15.3976 33
15.4039 33
15.4102 33
15.4165 33
15.4228 33
15.4292 33
15.4367 33
15.4432 33
15.4503 33
15.4566 33
15.4629 33
15.4693 33
15.476 33
15.4826 33
15.5867 33
15.593 33
15.5996 33
15.6059 33
15.6122 34
15.6186 34
15.6252 34
15.6317 34
15.6385 34
15.645 34
15.6513 34
15.6576 34
15.6639 34
15.6704 34
15.6767 34
15.683 34
15.6893 34
15.6956 34
15.7019 34
15.7083 34
15.7146 34
15.7209 34
15.7272 34
15.7335 34
15.7408 34
15.7471 34
15.7539 34
15.7605 34
15.7676 34
15.7743 34
15.7813 34
15.7881 34
15.7949 34
15.9039 34
15.9109 34
15.9177 34
15.9242 34
15.9307 34
15.937 34
15.9433 35
15.9496 35
15.9559 35
15.9622 35
15.9685 35
15.9748 35
15.9811 35
15.9874 35
15.9938 35
16.0012 35
16.0075 35
16.0139 35
16.0203 35
16.0269 35
16.0332 35
16.0402 35
16.047 35
16.0536 35
16.06 35
16.0667 35
16.0736 35
16.0803 35
16.0868 35
16.0934 35
16.1001 35
16.1064 35
16.1131 35
16.1199 35
16.2296 35
16.2379 35
16.2455 35
16.2519 35
16.2595 35
16.2659 35
16.2726 35
16.2793 35
16.2857 36
16.2923 36
16.2988 36
16.3056 36
16.3127 36
16.3191 36
16.3258 36
16.3326 36
16.339 36
16.3454 36
16.352 36
16.3584 36
16.3649 36
16.3714 36
16.3779 36
16.3842 36
16.3907 36
16.3973 36
16.4043 36
16.4116 36
16.4186 36
16.4256 36
16.4322 36
16.4391 36
16.4463 36
16.4529 36
16.4604 36
16.5767 36
16.5845 36
16.594 36
16.6008 36
16.6091 36
16.6159 36
16.6227 36
16.6293 36
16.6356 36
16.6419 36
16.6482 37
16.6545 37
16.6608 37
16.6671 37
16.6734 37
16.6797 37
16.686 37
16.6926 37
16.6994 37
16.706 37
16.7126 37
16.7189 37
16.7253 37
16.7319 37
16.7385 37
16.7449 37
16.7517 37
16.7582 37
16.7649 37
16.7735 37
16.7816 37
16.7893 37
16.7966 37
16.8029 37
16.8102 37
16.82 37
16.9397 37
16.9485 37
16.958 37
16.9648 37
16.974 37
16.981 37
16.9878 37
16.9941 37
17.001 37
17.0076 37
17.0139 37
17.0203 37
17.0266 38
17.0329 38
17.0392 38
17.0455 38
17.0518 38
17.0582 38
17.0646 38
17.0713 38
17.078 38
17.0846 38
17.0911 38
17.0978 38
17.1045 38
17.111 38
17.118 38
17.1244 38
17.1318 38
17.1389 38
17.1458 38
17.1535 38
17.1618 38
17.1685 38
17.1756 38
17.183 38
17.1939 38
17.3124 38
17.3206 38
17.3296 38
17.3374 38
17.3459 38
17.353 38
17.3595 38
17.3662 38
17.3728 38
17.3797 38
17.3864 38
17.3928 38
17.3995 38
17.4058 38
17.4121 39
17.4185 39
17.4251 39
17.432 39
17.4386 39
17.4449 39
17.4512 39
17.4577 39
17.464 39
17.4707 39
17.4777 39
17.4842 39
17.4911 39
17.4976 39
17.5046 39
17.5113 39
17.5182 39
17.5255 39
17.533 39
17.5412 39
17.548 39
17.5546 39
17.5634 39
17.5745 39
17.6964 39
17.7042 39
17.7153 39
17.7228 39
17.7311 39
17.7391 39
17.7455 39
17.7523 39
17.7588 39
17.7661 39
17.7734 39
17.7797 39
17.7865 39
17.793 39
17.7997 39
17.806 39
17.8123 40
17.819 40
17.8253 40
17.8322 40
17.8387 40
17.8453 40
17.8519 40
17.8583 40
17.8647 40
17.8711 40
17.8777 40
17.8845 40
17.8908 40
17.8975 40
17.9039 40
17.911 40
17.9173 40
17.9249 40
17.9346 40
17.9424 40
17.9495 40
17.9581 40
17.9695 40
18.0917 40
18.0993 40
18.1118 40
18.1196 40
18.1286 40
18.136 40
18.1431 40
18.1504 40
18.1568 40
18.1664 40
18.174 40
18.1805 40
18.1872 40
18.1938 40
18.2002 40
18.2069 40
18.2132 40
18.2195 40
18.2258 41
18.2327 41
18.2391 41
18.2456 41
18.2524 41
18.26 41
18.2663 41
18.2733 41
18.2799 41
18.2867 41
18.294 41
18.3003 41
18.3071 41
18.3137 41
18.3203 41
18.327 41
18.3334 41
18.3414 41
18.3505 41
18.3578 41
18.3658 41
18.3775 41
18.4975 41
18.5072 41
18.5197 41
18.5268 41
18.5358 41
18.5431 41
18.5511 41
18.5584 41
18.565 41
18.5747 41
18.5827 41
18.59 41
18.5963 41
18.6035 41
18.6107 41
18.6184 41
18.626 41
18.633 41
18.6393 41
18.6456 41
18.6521 42
18.6585 42
18.6654 42
18.6723 42
18.6791 42
18.686 42
18.6923 42
18.6987 42
18.7053 42
18.7117 42
18.718 42
18.7243 42
18.7306 42
18.7369 42
18.7434 42
18.7499 42
18.7582 42
18.7668 42
18.7741 42
18.7823 42
18.7937 42
18.9117 42
18.922 42
18.9348 42
18.9416 42
18.9525 42
18.9607 42
18.9677 42
18.9752 42
18.984 42
18.9944 42
19.0034 42
19.0111 42
19.0181 42
19.0264 42
19.0347 42
19.0437 42
19.0513 42
19.0579 42
19.0646 42
19.0709 42
19.0774 42
19.0839 42
19.0902 43
19.0965 43
19.1028 43
19.1095 43
19.1158 43
19.1229 43
19.1298 43
19.1366 43
19.1432 43
19.1495 43
19.156 43
19.1623 43
19.1686 43
19.1749 43
19.1812 43
19.1875 43
19.1938 43
19.2002 43
19.2071 43
19.2187 43
19.3352 43
19.3465 43
19.36 43
19.3672 43
19.3789 43
19.3874 43
19.3954 43
19.4045 43
19.414 43
19.4267 43
19.4371 43
19.4451 43
19.4524 43
19.4615 43
19.47 43
19.4784 43
19.4871 43
19.4949 43
19.502 43
19.5087 43
19.5154 43
19.5218 43
19.5281 43
19.5344 43
19.5407 44
19.5475 44
19.5538 44
19.5604 44
19.5668 44
19.5731 44
19.5794 44
19.5857 44
19.592 44
19.5983 44
19.6046 44
19.6109 44
19.6172 44
19.6235 44
19.6298 44
19.6361 44
19.6424 44
19.6488 44
19.6558 44
19.7797 44
19.792 44
19.8086 44
19.8177 44
19.8302 44
19.8382 44
19.8477 44
19.8572 44
19.8674 44
19.8804 44
19.8903 44
19.8994 44
19.9073 44
19.9168 44
19.9251 44
19.9337 44
19.9426 44
19.9513 44
19.9591 44
19.9656 44
19.972 44
19.9783 44
19.9846 44
19.9909 44
19.9972 44
20.0035 44
20.0098 45
20.0161 45
20.0224 45
20.0287 45
20.035 45
20.0413 45
20.0476 45
20.0539 45
20.0603 45
20.0666 45
20.0729 45
20.0792 45
20.0855 45
20.0919 45
20.0982 45
20.1045 45
20.1111 45
20.1174 45
20.2414 45
20.2543 45
20.2719 45
20.3116 21
20.6928 21
20.8286 21
20.8349 21
20.8412 21
20.8475 21
20.8538 21
20.8601 21
20.8664 21
20.8727 21
20.879 21
20.8853 22
20.8916 22
20.8979 22
20.9042 22
20.9105 22
20.9168 22
20.9661 22
20.9724 22
20.9809 22
20.9932 22
20.9995 22
21.0058 22
21.1314 22
21.1381 22
21.1448 22
21.1513 22
21.158 22
21.1647 22
21.1711 22
21.1777 22
21.1843 22
21.1909 22
21.1975 22
21.2038 23
21.2101 23
21.2164 23
21.2227 23
21.229 23
21.2697 23
21.276 23
21.2845 23
21.2968 23
21.3035 23
21.3101 23
21.4364 23
21.4431 23
21.45 23
21.4565 23
21.4629 23
21.4695 23
21.4765 23
21.4832 23
21.4897 23
21.4965 23
21.5028 23
21.5094 23
21.5163 23
21.5231 24
21.53 24
21.5365 24
21.543 24
21.5776 24
21.5841 24
21.5928 24
21.605 24
21.6121 24
21.6186 24
21.7412 24
21.7475 24
21.7543 24
21.7611 24
21.7676 24
21.7745 24
21.783 24
21.7904 24
21.7975 24
21.8045 24
21.8112 24
21.8175 24
21.8238 24
21.8306 24
21.8371 25
21.8435 25
21.8498 25
21.8562 25
21.8869 25
21.8938 25
21.9026 25
21.9151 25
21.9222 25
21.9287 25
22.0485 25
22.0551 25
22.0622 25
22.0699 25
22.0775 25
22.0848 25
22.0932 25
22.1012 25
22.1084 25
22.1158 25
22.123 25
22.1298 25
22.1364 25
22.1434 25
22.1502 25
22.1569 25
22.1636 26
22.1699 26
22.1762 26
22.2006 26
22.2076 26
22.2176 26
22.2302 26
22.238 26
22.2448 26
22.3624 26
22.3702 26
22.3774 26
22.385 26
22.3922 26
22.3999 26
22.4095 26
22.4169 26
22.4238 26
22.4321 26
22.4399 26
22.4469 26
22.4537 26
22.461 26
22.4676 26
22.4748 26
22.4813 26
22.4876 26
22.4941 27
22.5004 27
22.5193 27
22.5261 27
22.5373 27
22.5507 27
22.558 27
22.565 27
22.6832 27
22.6915 27
22.699 27
22.707 27
22.7148 27
22.7224 27
22.7332 27
22.7413 27
22.7476 27
22.7552 27
22.764 27
22.7704 27
22.7769 27
22.785 27
22.7917 27
22.799 27
22.8056 27
22.8124 27
22.8195 27
22.8263 27
22.8334 28
22.8478 28
22.8541 28
22.8647 28
22.8772 28
22.8857 28
22.8926 28
23.0149 28
23.0233 28
23.0304 28
23.0402 28
23.0482 28
23.0555 28
23.067 28
23.0745 28
23.0811 28
23.0894 28
23.0994 28
23.1063 28
23.1132 28
23.1227 28
23.1297 28
23.1379 28
23.145 28
23.1519 28
23.1591 28
23.1661 28
23.1746 28
23.1811 29
23.1896 29
23.1966 29
23.2068 29
23.2199 29
23.2285 29
23.2362 29
23.3649 29
23.3739 29
23.381 29
23.3912 29
23.4009 29
23.4079 29
23.4202 29
23.427 29
23.4345 29
23.4427 29
23.4539 29
23.4613 29
23.4682 29
23.4795 29
23.4864 29
23.4946 29
23.5026 29
23.5105 29
23.5178 29
23.5248 29
23.5339 29
23.5408 29
23.5479 29
23.5545 30
23.5617 30
23.5696 30
23.5841 30
23.594 30
23.6026 30
23.7313 30
23.7406 30
23.7477 30
23.7586 30
23.7685 30
23.775 30
23.7879 30
23.7952 30
23.804 30
23.8127 30
23.8234 30
23.8318 30
23.8381 30
23.8495 30
23.8567 30
23.8648 30
23.8731 30
23.8815 30
23.8887 30
23.8954 30
23.9054 30
23.9125 30
23.9204 30
23.9269 30
23.9332 30
23.9395 31
23.9458 31
23.9568 31
23.9665 31
23.9761 31
24.0988 31
24.1076 31
24.114 31
24.1254 31
24.135 31
24.1421 31
24.1541 31
24.1613 31
24.1686 31
24.178 31
24.1868 31
24.1956 31
24.2019 31
24.2116 31
24.2194 31
24.2273 31
24.2344 31
24.2432 31
24.2498 31
24.2564 31
24.2639 31
24.2705 31
24.2787 31
24.285 31
24.2913 31
24.2976 31
24.3039 31
24.3102 32
24.3165 32
24.3228 32
24.3291 32
24.4292 32
24.437 32
24.4433 32
24.4526 32
24.4636 32
24.4699 32
24.4813 32
24.4876 32
24.4947 32
24.504 32
24.5136 32
24.5215 32
24.5279 32
24.538 32
24.5452 32
24.5523 32
24.5586 32
24.5682 32
24.5745 32
24.5814 32
24.5887 32
24.5951 32
24.6041 32
24.6104 32
24.617 32
24.6235 32
24.6299 32
24.6364 32
24.6431 32
24.6497 33
24.6561 33
24.6626 33
24.7519 33
24.7602 33
24.7668 33
24.7757 33
24.7874 33
24.7937 33
24.8056 33
24.8123 33
24.8213 33
24.8304 33
24.8418 33
24.8498 33
24.8566 33
24.8666 33
24.8744 33
24.8813 33
24.8876 33
24.8972 33
24.9036 33
24.9106 33
24.9187 33
24.925 33
24.9334 33
24.9397 33
24.946 33
24.9523 33
24.9586 33
24.9654 33
24.9721 33
24.9788 33
24.9857 34
24.9928 34
24.9997 34
