15.0045 39
15.0108 39
15.0171 39
15.0234 39
15.0297 39
15.036 39
15.0423 39
15.0606 39
15.0669 39
15.0735 39
15.0798 39
15.0861 39
15.0924 39
15.0988 39
15.1051 39
15.1114 39
15.1177 39
15.1245 39
15.1308 39
15.138 39
15.1447 39
15.1517 39
15.158 39
15.1645 39
15.1713 39
15.1784 39
15.185 39
15.1914 39
15.198 40
15.2044 40
15.2107 40
15.217 40
15.2237 40
15.2303 40
15.2366 40
15.2431 40
15.2496 40
15.2559 40
15.2622 40
15.2685 40
15.2752 40
15.2817 40
15.2884 40
15.2952 40
15.3019 40
15.3091 40
15.3215 40
15.3278 40
15.3341 40
15.3405 40
15.3468 40
15.3531 40
15.3594 40
15.3657 40
15.372 40
15.3789 40
15.3854 40
15.3922 40
15.3992 40
15.4065 40
15.4135 40
15.42 40
15.4266 40
15.4336 40
15.4411 40
15.4485 40
15.4553 40
15.4629 40
15.4694 40
15.4762 41
15.4826 41
15.4891 41
15.4957 41
15.5021 41
15.5089 41
15.5157 41
15.5221 41
15.5284 41
15.5349 41
15.5418 41
15.5482 41
15.5549 41
15.5616 41
15.568 41
15.5752 41
15.5818 41
15.5917 41
15.5984 41
15.605 41
15.6117 41
15.6181 41
15.6245 41
15.6308 41
15.6371 41
15.6436 41
15.6516 41
15.658 41
15.6643 41
15.6708 41
15.6777 41
15.6849 41
15.6915 41
15.6978 41
15.7047 41
15.7131 41
15.7223 41
15.7297 41
15.7369 41
15.7434 41
15.7507 41
15.758 41
15.7655 42
15.7722 42
15.779 42
15.7863 42
15.7927 42
15.7998 42
15.8065 42
15.813 42
15.8194 42
15.8257 42
15.8321 42
15.8384 42
15.8447 42
15.851 42
15.8574 42
15.8638 42
15.8711 42
15.8784 42
15.8871 42
15.8942 42
15.901 42
15.9077 42
15.914 42
15.9203 42
15.9266 42
15.9334 42
15.9398 42
15.9462 42
15.9525 42
15.9593 42
15.968 42
15.9748 42
15.982 42
15.9886 42
15.9967 42
16.0068 42
16.0141 42
16.0211 42
16.028 42
16.0357 42
16.0446 42
16.0526 42
16.0591 42
16.0657 43
16.0724 43
16.0787 43
16.0852 43
16.0921 43
16.0986 43
16.1049 43
16.1116 43
16.118 43
16.1243 43
16.1306 43
16.1369 43
16.1433 43
16.15 43
16.1563 43
16.1628 43
16.1696 43
16.1768 43
16.1834 43
16.1916 43
16.1986 43
16.2054 43
16.2118 43
16.2182 43
16.226 43
16.2326 43
16.2392 43
16.2458 43
16.2532 43
16.262 43
16.2692 43
16.2769 43
16.2841 43
16.2926 43
16.3037 43
16.3104 43
16.3175 43
16.3253 43
16.3338 43
16.3421 43
16.3501 43
16.3564 43
16.3631 43
16.3698 43
16.3767 44
16.3836 44
16.3905 44
16.3978 44
16.4048 44
16.4115 44
16.4186 44
16.4251 44
16.4327 44
16.4394 44
16.4459 44
16.4525 44
16.4593 44
16.4662 44
16.4732 44
16.4799 44
16.4868 44
16.4933 44
16.5002 44
16.5083 44
16.5162 44
16.523 44
16.5293 44
16.5365 44
16.543 44
16.55 44
16.5568 44
16.5643 44
16.5757 44
16.5829 44
16.5903 44
16.5986 44
16.607 44
16.6161 44
16.6224 44
16.6308 44
16.6387 44
16.647 44
16.6553 44
16.6651 44
16.6716 44
16.6784 44
16.6849 44
16.692 44
16.6985 44
16.705 45
16.7116 45
16.7181 45
16.7249 45
16.7314 45
16.7381 45
16.7452 45
16.7537 45
16.7607 45
16.7678 45
16.7745 45
16.7814 45
16.7886 45
16.7957 45
16.803 45
16.8099 45
16.8167 45
16.8249 45
16.8335 45
16.8413 45
16.8499 45
16.8562 45
16.8636 45
16.8699 45
16.8765 45
16.8844 45
16.8921 45
16.9036 45
16.9108 45
16.9179 45
16.9263 45
16.9355 45
16.9439 45
16.9502 45
16.9598 45
16.968 45
16.9764 45
16.9857 45
16.9943 45
17.0008 45
17.0075 45
17.0141 45
17.0207 45
17.0279 45
17.0351 45
17.0424 45
17.0488 45
17.0551 46
17.0614 46
17.0685 46
17.0759 46
17.083 46
17.0896 46
17.0961 46
17.1031 46
17.1094 46
17.1167 46
17.1239 46
17.1315 46
17.1395 46
17.1468 46
17.1541 46
17.1619 46
17.1711 46
17.1792 46
17.1874 46
17.1937 46
17.2008 46
17.2071 46
17.2134 46
17.2212 46
17.2299 46
17.2403 46
17.2473 46
17.2545 46
17.2625 46
17.2721 46
17.2809 46
17.2873 46
17.2951 46
17.305 46
17.3123 46
17.3207 46
17.3308 46
17.3377 46
17.3444 46
17.3508 46
17.3579 46
17.3651 46
17.3721 46
17.3804 46
17.3876 46
17.3939 46
17.4002 46
17.407 47
17.4135 47
17.4198 47
17.4262 47
17.433 47
17.4394 47
17.4461 47
17.4527 47
17.4595 47
17.4662 47
17.4742 47
17.4818 47
17.4892 47
17.4965 47
17.5054 47
17.5146 47
17.5225 47
17.5316 47
17.5388 47
17.5463 47
17.5529 47
17.5593 47
17.567 47
17.5766 47
17.5863 47
17.5932 47
17.6022 47
17.609 47
17.6192 47
17.6282 47
17.6347 47
17.6428 47
17.6536 47
17.6605 47
17.6692 47
17.6799 47
17.6863 47
17.693 47
17.6997 47
17.708 47
17.7149 47
17.7219 47
17.7308 47
17.738 47
17.7449 47
17.7512 47
17.7575 47
17.7641 47
17.7704 48
17.7767 48
17.7831 48
17.7896 48
17.796 48
17.8033 48
17.8096 48
17.8162 48
17.823 48
17.8294 48
17.8361 48
17.8428 48
17.8505 48
17.8585 48
17.8694 48
17.8776 48
17.8876 48
17.8955 48
17.903 48
17.9103 48
17.9176 48
17.9267 48
17.9358 48
17.9468 48
17.9535 48
17.9618 48
17.9685 48
17.9807 48
17.9882 48
17.9948 48
18.0042 48
18.0137 48
18.02 48
18.0286 48
18.0388 48
18.0451 48
18.0521 48
18.0585 48
18.0677 48
18.0752 48
18.0821 48
18.0909 48
18.0988 48
18.1061 48
18.1126 48
18.12 48
18.1268 48
18.1336 48
18.1407 48
18.1474 49
18.1539 49
18.1604 49
18.1667 49
18.173 49
18.1793 49
18.186 49
18.1923 49
18.1986 49
18.2054 49
18.2117 49
18.2183 49
18.2249 49
18.2375 49
18.2457 49
18.256 49
18.2656 49
18.2727 49
18.281 49
18.2876 49
18.2982 49
18.307 49
18.3186 49
18.3253 49
18.3327 49
18.3394 49
18.352 49
18.3593 49
18.3662 49
18.3749 49
18.3845 49
18.3908 49
18.3988 49
18.4081 49
18.4144 49
18.4222 49
18.4291 49
18.4371 49
18.4438 49
18.4511 49
18.4612 49
18.4685 49
18.4763 49
18.4826 49
18.4905 49
18.4974 49
18.5049 49
18.512 49
18.5187 49
18.525 49
18.5318 50
18.5382 50
18.5448 50
18.5513 50
18.5576 50
18.5646 50
18.5711 50
18.5796 50
18.5861 50
18.593 50
18.5994 50
18.6064 50
18.6146 50
18.622 50
18.6334 50
18.6435 50
18.6523 50
18.6599 50
18.6664 50
18.6784 50
18.6868 50
18.6981 50
18.7049 50
18.7136 50
18.7208 50
18.7331 50
18.7397 50
18.7466 50
18.7556 50
18.7648 50
18.7711 50
18.7788 50
18.788 50
18.7947 50
18.8016 50
18.8083 50
18.8165 50
18.8238 50
18.8316 50
18.8402 50
18.8475 50
18.8556 50
18.8619 50
18.8698 50
18.8764 50
18.8832 50
18.8902 50
18.8975 50
18.9038 50
18.911 50
18.9173 50
18.9245 50
18.9316 51
18.9388 51
18.9465 51
18.9531 51
18.9598 51
18.9661 51
18.9728 51
18.9796 51
18.9864 51
18.9931 51
19.0023 51
19.0106 51
19.0231 51
19.0327 51
19.0424 51
19.0492 51
19.0564 51
19.068 51
19.0759 51
19.0883 51
19.0953 51
19.1054 51
19.1126 51
19.125 51
19.1314 51
19.138 51
19.1454 51
19.1558 51
19.1621 51
19.1684 51
19.1754 51
19.1818 51
19.1888 51
19.1962 51
19.2039 51
19.2107 51
19.2183 51
19.2265 51
19.234 51
19.2429 51
19.2492 51
19.2556 51
19.2623 51
19.269 51
19.2767 51
19.2835 51
19.29 51
19.2983 51
19.3049 51
19.3126 51
19.3202 51
19.3265 51
19.3334 52
19.34 52
19.3466 52
19.3532 52
19.3599 52
19.3672 52
19.3747 52
19.3824 52
19.3898 52
19.398 52
19.4084 52
19.4223 52
19.4313 52
19.4421 52
19.4486 52
19.4565 52
19.4691 52
19.4767 52
19.4895 52
19.4967 52
19.5073 52
19.5149 52
19.5274 52
19.534 52
19.5403 52
19.5471 52
19.5571 52
19.5635 52
19.5698 52
19.5769 52
19.5832 52
19.59 52
19.5973 52
19.6041 52
19.611 52
19.62 52
19.6279 52
19.6356 52
19.644 52
19.6511 52
19.6584 52
19.6662 52
19.6732 52
19.6805 52
19.6871 52
19.694 52
19.7033 52
19.7101 52
19.7189 52
19.7265 52
19.7344 52
19.7422 52
19.7489 52
19.7561 52
19.7629 53
19.7701 53
19.7771 53
19.7841 53
19.791 53
19.7976 53
19.8047 53
19.8139 53
19.8242 53
19.8385 53
19.8487 53
19.86 53
19.8665 53
19.8745 53
19.8878 53
19.8961 53
19.9087 53
19.9166 53
19.9271 53
19.9349 53
19.9473 53
19.9542 53
19.9605 53
19.9669 53
19.9763 53
19.9826 53
19.9889 53
19.9953 53
20.0017 53
20.0084 53
20.0155 53
20.0218 53
20.0287 53
20.0384 53
20.0469 53
20.0548 53
20.0646 53
20.0709 53
20.0785 53
20.0866 53
20.1165 25
20.6894 25
20.6957 25
20.702 25
20.7083 25
20.7146 25
20.7209 25
20.7272 25
20.7335 25
20.7398 25
20.7461 25
20.7524 25
20.7587 25
20.765 26
20.7713 26
20.7776 26
20.7839 26
20.7902 26
20.7965 26
20.8028 26
20.8091 26
20.8154 26
20.8217 26
20.8281 26
20.8344 26
20.9601 26
20.9664 26
20.9727 26
20.979 26
20.9853 26
20.9916 26
20.9979 26
21.0042 26
21.0105 26
21.0168 26
21.0231 26
21.0294 26
21.0357 26
21.042 26
21.0483 26
21.0546 27
21.0609 27
21.0672 27
21.0735 27
21.0798 27
21.0861 27
21.0924 27
21.0988 27
21.1051 27
21.1114 27
21.1177 27
21.2284 27
21.2347 27
21.241 27
21.2473 27
21.2536 27
21.2599 27
21.2662 27
21.2725 27
21.2788 27
21.2851 27
21.2914 27
21.2977 27
21.304 27
21.3103 27
21.3166 27
21.3229 27
21.3292 27
21.3355 28
21.3418 28
21.3481 28
21.3544 28
21.3607 28
21.367 28
21.3733 28
21.3797 28
21.386 28
21.3923 28
21.4998 28
21.5062 28
21.5126 28
21.5192 28
21.5255 28
21.5318 28
21.5381 28
21.5444 28
21.5508 28
21.5574 28
21.5643 28
21.571 28
21.5773 28
21.5836 28
21.5899 28
21.5962 28
21.6025 28
21.6088 28
21.6151 28
21.6214 29
21.6278 29
21.6341 29
21.6404 29
21.6467 29
21.653 29
21.6593 29
21.6656 29
21.6719 29
21.7712 29
21.778 29
21.7847 29
21.791 29
21.7973 29
21.8036 29
21.8099 29
21.8162 29
21.8225 29
21.8293 29
21.8378 29
21.8447 29
21.8511 29
21.8574 29
21.8641 29
21.8711 29
21.8774 29
21.8837 29
21.89 29
21.8963 29
21.9026 30
21.9089 30
21.9152 30
21.9215 30
21.9278 30
21.9341 30
21.9404 30
21.9467 30
21.953 30
22.0448 30
22.0519 30
22.0588 30
22.0653 30
22.0718 30
22.0784 30
22.0847 30
22.0911 30
22.0978 30
22.1051 30
22.115 30
22.1225 30
22.129 30
22.1357 30
22.1424 30
22.1488 30
22.1554 30
22.1617 30
22.168 30
22.1743 30
22.1806 30
22.1872 30
22.1938 31
22.2001 31
22.2064 31
22.2127 31
22.2193 31
22.2256 31
22.2319 31
22.2382 31
22.3218 31
22.3298 31
22.3367 31
22.344 31
22.3508 31
22.3575 31
22.3638 31
22.3704 31
22.377 31
22.3845 31
22.3957 31
22.4025 31
22.4093 31
22.4162 31
22.4225 31
22.4289 31
22.4358 31
22.4428 31
22.4503 31
22.4567 31
22.4632 31
22.47 31
22.4765 31
22.4831 31
22.4895 32
22.4959 32
22.5026 32
22.5089 32
22.5155 32
22.5223 32
22.529 32
22.6051 32
22.6122 32
22.619 32
22.6269 32
22.6341 32
22.641 32
22.6477 32
22.6548 32
22.6623 32
22.6699 32
22.6818 32
22.6888 32
22.6961 32
22.7031 32
22.7096 32
22.7161 32
22.7237 32
22.731 32
22.7379 32
22.7446 32
22.7513 32
22.7577 32
22.7646 32
22.7715 32
22.7782 32
22.7849 32
22.7917 33
22.7985 33
22.8054 33
22.8119 33
22.8184 33
22.8248 33
22.8971 33
22.9052 33
22.9119 33
22.9192 33
22.9261 33
22.9328 33
22.9391 33
22.9468 33
22.9563 33
22.9636 33
22.9769 33
22.9835 33
22.9913 33
22.9994 33
23.0068 33
23.0135 33
23.0211 33
23.0284 33
23.0349 33
23.0421 33
23.0494 33
23.0562 33
23.063 33
23.0708 33
23.0787 33
23.0855 33
23.0925 33
23.0995 33
23.1064 34
23.113 34
23.12 34
23.1267 34
23.1336 34
23.204 34
23.2136 34
23.221 34
23.2283 34
23.2356 34
23.2434 34
23.2512 34
23.2602 34
23.27 34
23.2775 34
23.2921 34
23.2986 34
23.3059 34
23.3134 34
23.3216 34
23.3279 34
23.3362 34
23.3432 34
23.3501 34
23.3572 34
23.3646 34
23.3723 34
23.3792 34
23.3873 34
23.3955 34
23.4021 34
23.4094 34
23.4169 34
23.4249 34
23.4319 34
23.4391 35
23.4458 35
23.4521 35
23.459 35
23.529 35
23.5393 35
23.5493 35
23.5564 35
23.5637 35
23.5734 35
23.5821 35
23.5904 35
23.6014 35
23.6091 35
23.6238 35
23.6304 35
23.639 35
23.6468 35
23.6538 35
23.6603 35
23.6693 35
23.6763 35
23.6826 35
23.6894 35
23.6963 35
23.7028 35
23.7093 35
23.7177 35
23.7265 35
23.7335 35
23.741 35
23.7483 35
23.7573 35
23.7654 35
23.7725 35
23.7795 35
23.7858 36
23.7921 36
23.7985 36
23.8639 36
23.8747 36
23.8848 36
23.8924 36
23.9002 36
23.9098 36
23.918 36
23.9265 36
23.9376 36
23.9454 36
23.9611 36
23.9676 36
23.9756 36
23.9841 36
23.9912 36
23.9975 36
24.006 36
24.0124 36
24.0187 36
24.025 36
24.0313 36
24.0376 36
24.0439 36
24.0502 36
24.0576 36
24.0651 36
24.0729 36
24.0795 36
24.0875 36
24.0957 36
24.1034 36
24.1104 36
24.1167 36
24.123 36
24.1293 37
24.1356 37
24.19 37
24.201 37
24.2106 37
24.2182 37
24.2251 37
24.2339 37
24.241 37
24.2485 37
24.2596 37
24.2663 37
24.2808 37
24.2873 37
24.2941 37
24.3013 37
24.3076 37
24.3139 37
24.3202 37
24.3265 37
24.3328 37
24.3391 37
24.3454 37
24.3517 37
24.358 37
24.3643 37
24.3706 37
24.3769 37
24.3832 37
24.3895 37
24.3958 37
24.4021 37
24.4084 37
24.4147 37
24.421 37
24.4273 37
24.4336 37
24.4399 37
24.4462 38
24.4803 38
24.4925 38
24.5006 38
24.5073 38
24.5154 38
24.5235 38
24.53 38
24.5368 38
24.5484 38
24.5549 38
24.5699 38
24.5763 38
24.5839 38
24.5917 38
24.5981 38
24.6045 38
24.6108 38
24.6171 38
24.6237 38
24.6302 38
24.6365 38
24.6428 38
24.6493 38
24.6556 38
24.6619 38
24.6682 38
24.6745 38
24.6809 38
24.6872 38
24.6935 38
24.6998 38
24.7061 38
24.7124 38
24.7187 38
24.725 38
24.7313 38
24.7376 38
24.7439 38
24.7675 39
24.781 39
24.7904 39
24.7971 39
24.8063 39
24.8153 39
24.8225 39
24.8294 39
24.8414 39
24.8478 39
24.8627 39
24.8692 39
24.8773 39
24.8855 39
24.892 39
24.8984 39
24.9047 39
24.911 39
24.9173 39
24.9236 39
24.9299 39
24.9362 39
24.9425 39
24.9488 39
24.9551 39
24.962 39
24.969 39
24.9765 39
24.9828 39
24.9891 39
24.9954 39
