15.0001 33
15.0064 33
15.0128 33
15.0192 33
15.0259 33
15.0325 33
15.039 33
15.0456 33
15.0522 33
15.0586 33
15.0649 33
15.0712 33
15.0775 33
15.0838 34
15.0901 34
15.0964 34
15.1027 34
15.109 34
15.1153 34
15.1216 34
15.1279 34
15.1342 34
15.1405 34
15.1468 34
15.1852 34
15.1926 34
15.1994 34
15.2085 34
15.2157 34
15.2221 34
15.2287 34
15.2352 34
15.2453 34
15.2524 34
15.2588 34
15.2654 34
15.2717 34
15.2786 34
15.285 34
15.2917 34
15.2981 34
15.3047 34
15.3111 34
15.3175 34
15.324 34
15.3307 34
15.3372 34
15.3435 34
15.3498 35
15.3561 35
15.3624 35
15.3687 35
15.375 35
15.3813 35
15.3877 35
15.394 35
15.4003 35
15.4066 35
15.4371 35
15.4441 35
15.4509 35
15.4608 35
15.4683 35
15.4749 35
15.4813 35
15.4879 35
15.4985 35
15.5053 35
15.5116 35
15.5184 35
15.5247 35
15.5321 35
15.5386 35
15.5449 35
15.5513 35
15.5579 35
15.5643 35
15.5709 35
15.5773 35
15.5842 35
15.5906 35
15.5971 35
15.6034 35
15.6097 35
15.6161 36
15.6227 36
15.629 36
15.6353 36
15.6416 36
15.6479 36
15.6542 36
15.6605 36
15.6668 36
15.6901 36
15.6967 36
15.7035 36
15.7141 36
15.7213 36
15.7278 36
15.7344 36
15.7408 36
15.7518 36
15.7588 36
15.7653 36
15.7721 36
15.7786 36
15.7857 36
15.7922 36
15.7988 36
15.8053 36
15.8119 36
15.8185 36
15.8252 36
15.8315 36
15.8384 36
15.845 36
15.8513 36
15.8576 36
15.8639 36
15.8703 36
15.8769 36
15.8834 37
15.8897 37
15.8961 37
15.9024 37
15.9088 37
15.9152 37
15.9216 37
15.9279 37
15.9447 37
15.951 37
15.9577 37
15.9686 37
15.9754 37
15.9821 37
15.9886 37
15.9951 37
16.0066 37
16.0135 37
16.0198 37
16.0264 37
16.0329 37
16.0401 37
16.0468 37
16.0531 37
16.0601 37
16.0668 37
16.0739 37
16.0814 37
16.0879 37
16.095 37
16.1017 37
16.1082 37
16.1148 37
16.1213 37
16.128 37
16.1345 37
16.1414 37
16.1477 37
16.1541 38
16.1604 38
16.1667 38
16.1731 38
16.1795 38
16.1861 38
16.1927 38
16.2031 38
16.2094 38
16.2165 38
16.2262 38
16.2329 38
16.2398 38
16.2465 38
16.2534 38
16.2648 38
16.2718 38
16.2782 38
16.2852 38
16.2923 38
16.3 38
16.3067 38
16.3132 38
16.3208 38
16.3275 38
16.3343 38
16.3418 38
16.3484 38
16.3556 38
16.3625 38
16.3691 38
16.3762 38
16.3832 38
16.3901 38
16.3966 38
16.4036 38
16.4103 38
16.4171 38
16.4235 38
16.4301 39
16.4366 39
16.4432 39
16.4497 39
16.4563 39
16.4627 39
16.469 39
16.4756 39
16.482 39
16.491 39
16.4979 39
16.505 39
16.5115 39
16.5191 39
16.5303 39
16.5374 39
16.5438 39
16.5514 39
16.5588 39
16.5666 39
16.5734 39
16.5802 39
16.5873 39
16.5942 39
16.6012 39
16.6094 39
16.6167 39
16.6237 39
16.6309 39
16.6375 39
16.6443 39
16.651 39
16.6579 39
16.6646 39
16.6716 39
16.6782 39
16.685 39
16.6918 39
16.6989 39
16.7053 39
16.7117 40
16.7182 40
16.7247 40
16.731 40
16.7376 40
16.744 40
16.7506 40
16.7571 40
16.7637 40
16.7702 40
16.7769 40
16.7835 40
16.7908 40
16.8014 40
16.8093 40
16.816 40
16.8238 40
16.8314 40
16.8386 40
16.8455 40
16.8526 40
16.8598 40
16.8676 40
16.8748 40
16.8833 40
16.8901 40
16.897 40
16.9042 40
16.9111 40
16.9181 40
16.9256 40
16.9325 40
16.9393 40
16.9467 40
16.9536 40
16.9602 40
16.9667 40
16.9735 40
16.9803 40
16.987 40
16.9933 40
16.9996 41
17.0059 41
17.0122 41
17.0185 41
17.0248 41
17.0312 41
17.0375 41
17.0438 41
17.0504 41
17.0567 41
17.0634 41
17.0697 41
17.077 41
17.0857 41
17.093 41
17.101 41
17.1081 41
17.1154 41
17.1224 41
17.1303 41
17.1376 41
17.1457 41
17.1525 41
17.1608 41
17.1681 41
17.1757 41
17.183 41
17.1902 41
17.1974 41
17.2045 41
17.2115 41
17.2182 41
17.2256 41
17.233 41
17.2396 41
17.2461 41
17.2527 41
17.2598 41
17.2665 41
17.2728 41
17.2791 41
17.2854 41
17.2917 42
17.298 42
17.3043 42
17.3106 42
17.3169 42
17.3232 42
17.3295 42
17.3358 42
17.3421 42
17.3486 42
17.355 42
17.3614 42
17.368 42
17.3745 42
17.3814 42
17.3884 42
17.3956 42
17.4025 42
17.4117 42
17.419 42
17.4271 42
17.4339 42
17.4417 42
17.4504 42
17.4584 42
17.4658 42
17.4729 42
17.4802 42
17.4874 42
17.495 42
17.5025 42
17.5102 42
17.5181 42
17.5248 42
17.5313 42
17.5378 42
17.5447 42
17.5514 42
17.5581 42
17.5645 42
17.5711 42
17.5779 42
17.5843 42
17.5906 43
17.5973 43
17.6039 43
17.6102 43
17.6165 43
17.623 43
17.6295 43
17.6359 43
17.6422 43
17.6485 43
17.6549 43
17.6617 43
17.6682 43
17.6745 43
17.6808 43
17.6872 43
17.6939 43
17.7006 43
17.7078 43
17.7171 43
17.7241 43
17.7324 43
17.7403 43
17.7494 43
17.7572 43
17.7644 43
17.7714 43
17.7786 43
17.7864 43
17.7944 43
17.8028 43
17.8101 43
17.817 43
17.8238 43
17.8302 43
17.8374 43
17.8439 43
17.8507 43
17.8577 43
17.8647 43
17.8721 43
17.8786 43
17.8851 43
17.8915 43
17.8982 44
17.9047 44
17.9111 44
17.9176 44
17.9243 44
17.9309 44
17.9376 44
17.9443 44
17.9509 44
17.9574 44
17.9638 44
17.9703 44
17.9766 44
17.9834 44
17.9897 44
17.9965 44
18.0029 44
18.0092 44
18.0159 44
18.0236 44
18.031 44
18.0388 44
18.0491 44
18.0564 44
18.0632 44
18.0699 44
18.0768 44
18.0857 44
18.0939 44
18.1016 44
18.1093 44
18.1165 44
18.1238 44
18.1302 44
18.1374 44
18.1445 44
18.1514 44
18.1584 44
18.1653 44
18.1725 44
18.1792 44
18.1856 44
18.1923 44
18.1986 44
18.2049 44
18.2112 44
18.2175 45
18.2238 45
18.2301 45
18.2364 45
18.2427 45
18.249 45
18.2555 45
18.2618 45
18.2683 45
18.2746 45
18.2811 45
18.2874 45
18.2937 45
18.3 45
18.3065 45
18.3128 45
18.3194 45
18.3258 45
18.3332 45
18.3412 45
18.3508 45
18.3587 45
18.3659 45
18.3722 45
18.3795 45
18.3873 45
18.3948 45
18.403 45
18.4105 45
18.4171 45
18.4238 45
18.4301 45
18.4367 45
18.4443 45
18.4519 45
18.4587 45
18.4656 45
18.4724 45
18.4789 45
18.4853 45
18.4917 45
18.498 45
18.5048 45
18.5112 45
18.5175 45
18.5238 45
18.5301 46
18.5364 46
18.5427 46
18.549 46
18.5553 46
18.5616 46
18.5679 46
18.5742 46
18.5805 46
18.5868 46
18.5931 46
18.5995 46
18.6062 46
18.6125 46
18.6191 46
18.6256 46
18.6321 46
18.6385 46
18.6448 46
18.6517 46
18.6593 46
18.6673 46
18.6738 46
18.6812 46
18.689 46
18.6961 46
18.7042 46
18.712 46
18.7183 46
18.7252 46
18.7315 46
18.7381 46
18.7452 46
18.7525 46
18.759 46
18.7656 46
18.7729 46
18.7792 46
18.7856 46
18.7924 46
18.7987 46
18.805 46
18.8113 46
18.8177 46
18.824 46
18.8303 46
18.8366 46
18.8429 47
18.8492 47
18.8555 47
18.8618 47
18.8681 47
18.8744 47
18.8807 47
18.887 47
18.8933 47
18.8996 47
18.9059 47
18.9122 47
18.9185 47
18.9248 47
18.9311 47
18.9374 47
18.9437 47
18.95 47
18.9563 47
18.9626 47
18.9689 47
18.9753 47
18.9816 47
18.9894 47
18.9965 47
19.004 47
19.0123 47
19.019 47
19.0264 47
19.0327 47
19.0395 47
19.0465 47
19.0539 47
19.0605 47
19.067 47
19.0737 47
19.08 47
19.0863 47
19.0928 47
19.0991 47
19.1056 47
19.1119 47
19.1182 47
19.1245 47
19.1308 47
19.1374 47
19.1437 47
19.15 47
19.1563 48
19.1626 48
19.1689 48
19.1752 48
19.1815 48
19.1878 48
19.1941 48
19.2004 48
19.2067 48
19.213 48
19.2193 48
19.2256 48
19.232 48
19.2383 48
19.2446 48
19.2509 48
19.2572 48
19.2635 48
19.2698 48
19.2761 48
19.2824 48
19.2887 48
19.295 48
19.3013 48
19.3076 48
19.3139 48
19.3202 48
19.3265 48
19.3329 48
19.34 48
19.348 48
19.3554 48
19.3622 48
19.3689 48
19.3755 48
19.3821 48
19.3888 48
19.3955 48
19.4022 48
19.4091 48
19.4156 48
19.4221 48
19.4288 48
19.4354 48
19.442 48
19.4487 48
19.455 48
19.4614 48
19.4677 48
19.4741 48
19.4808 49
19.4873 49
19.4937 49
19.5 49
19.5065 49
19.5131 49
19.5195 49
19.5258 49
19.5323 49
19.5388 49
19.5452 49
19.5517 49
19.5581 49
19.5644 49
19.5707 49
19.577 49
19.5833 49
19.5896 49
19.5959 49
19.6022 49
19.6085 49
19.6149 49
19.6212 49
19.6275 49
19.6338 49
19.6401 49
19.6464 49
19.6527 49
19.659 49
19.6653 49
19.6717 49
19.678 49
19.6844 49
19.6909 49
19.6974 49
19.7039 49
19.7103 49
19.717 49
19.7235 49
19.7301 49
19.737 49
19.7436 49
19.7503 49
19.7573 49
19.7636 49
19.7704 49
19.7768 49
19.7834 49
19.7905 49
19.7973 49
19.8037 50
19.8103 50
19.8169 50
19.8234 50
19.8302 50
19.8366 50
19.843 50
19.8498 50
19.8562 50
19.8627 50
19.869 50
19.8756 50
19.8819 50
19.8884 50
19.895 50
19.9014 50
19.9077 50
19.9144 50
19.9207 50
19.927 50
19.9333 50
19.9399 50
19.9463 50
19.9526 50
19.959 50
19.9656 50
19.9719 50
19.9783 50
19.9846 50
19.9909 50
19.9972 50
20.0035 50
20.0098 50
20.0161 50
20.0224 50
20.0287 50
20.035 50
20.0413 50
20.0476 50
20.0539 50
20.0602 50
20.0666 50
20.0729 50
20.0792 50
20.0855 50
20.0918 50
20.0981 50
20.1059 50
20.1128 50
20.1194 50
20.1258 50
20.1322 51
20.1388 51
20.1453 51
20.1519 51
20.1582 51
20.1646 51
20.171 51
20.1776 51
20.184 51
20.1906 51
20.197 51
20.2034 51
20.2102 51
20.2169 51
20.2232 51
20.2296 51
20.2361 51
20.2427 51
20.2492 51
20.2556 51
20.2622 51
20.2687 51
20.2753 51
20.2818 51
20.2881 51
20.2944 51
20.3007 51
20.307 51
20.3136 51
20.32 51
20.3263 51
20.3326 51
20.339 51
20.3453 51
20.3516 51
20.3579 51
20.3642 51
20.3705 51
20.3768 51
20.3832 51
20.3895 51
20.3958 51
20.4021 51
20.4084 51
20.4147 51
20.421 51
20.4273 51
20.4336 51
20.4399 51
20.4462 51
20.4525 51
20.4588 51
20.4651 52
20.4714 52
20.4777 52
20.484 52
20.4903 52
20.4966 52
20.5029 52
20.5096 52
20.516 52
20.5226 52
20.529 52
20.5354 52
20.5419 52
20.5483 52
20.555 52
20.5613 52
20.5676 52
20.5739 52
20.5802 52
20.5865 52
20.5928 52
20.5991 52
20.6054 52
20.6117 52
20.618 52
20.6243 52
20.6306 52
20.6369 52
20.6432 52
20.6495 52
20.6558 52
20.6621 52
20.6684 52
20.6748 52
20.6811 52
20.6874 52
20.6937 52
20.7 52
20.7063 52
20.7126 52
20.7189 52
20.7252 52
20.7315 52
20.7378 52
20.7441 52
20.7504 52
20.7567 52
20.763 52
20.7693 52
20.7756 52
20.7819 52
20.7882 52
20.7945 52
20.8008 52
20.8071 53
20.8134 53
20.8197 53
20.826 53
20.8324 53
20.8387 53
20.845 53
20.8513 53
20.8576 53
20.8639 53
20.8702 53
20.8765 53
20.8828 53
20.8891 53
20.8954 53
20.9017 53
20.908 53
20.9143 53
20.9206 53
20.9269 53
20.9332 53
20.9395 53
20.9458 53
20.9521 53
20.9584 53
20.9647 53
20.971 53
20.9773 53
20.9836 53
20.99 53
20.9963 53
21.0026 53
21.0089 53
21.0152 53
21.0215 53
21.0278 53
21.0341 53
21.0404 53
21.0467 53
21.053 53
21.0593 53
21.0656 53
21.0719 53
21.0782 53
21.0845 53
21.0908 53
21.0971 53
21.1034 53
21.1097 53
21.116 53
21.1223 53
21.1286 53
21.1349 53
21.1412 53
21.1476 54
21.1539 54
21.1602 54
21.1665 54
21.1728 54
21.1791 54
21.1854 54
21.1917 54
21.198 54
21.2043 54
21.2106 54
21.2169 54
21.2232 54
21.2295 54
21.2358 54
21.2421 54
21.2484 54
21.2547 54
21.261 54
21.2673 54
21.2736 54
21.2799 54
21.2862 54
21.2925 54
21.2988 54
21.3052 54
21.3115 54
21.3178 54
21.3241 54
21.3304 54
21.3367 54
21.343 54
21.3493 54
21.3556 54
21.3619 54
21.3682 54
21.3745 54
21.3808 54
21.3871 54
21.3934 54
21.3997 54
21.406 54
21.4123 54
21.4186 54
21.4249 54
21.4312 54
21.4375 54
21.4438 54
21.4501 54
21.4564 54
21.4628 54
21.4691 54
21.4754 54
21.4817 54
21.488 54
21.4943 54
21.5006 55
21.5069 55
21.5132 55
21.5195 55
21.5258 55
21.5321 55
21.5384 55
21.5447 55
21.551 55
21.5573 55
21.5636 55
21.5699 55
21.5762 55
21.5825 55
21.5888 55
21.5951 55
21.6014 55
21.6077 55
21.614 55
21.6204 55
21.6267 55
21.633 55
21.6393 55
21.6456 55
21.6519 55
21.6582 55
21.6645 55
21.6708 55
21.6771 55
21.6834 55
21.6897 55
21.696 55
21.7023 55
21.7086 55
21.7149 55
21.7212 55
21.7275 55
21.7338 55
21.7401 55
21.7464 55
21.7527 55
21.759 55
21.7653 55
21.7716 55
21.778 55
21.7843 55
21.7906 55
21.7969 55
21.8032 55
21.8095 55
21.8158 55
21.8221 55
21.8284 55
21.8347 55
21.841 55
21.8473 55
21.8536 56
21.8599 56
21.8662 56
21.8725 56
21.8788 56
21.8851 56
21.8914 56
21.8977 56
21.904 56
21.9103 56
21.9166 56
21.9229 56
21.9292 56
21.9356 56
21.9419 56
21.9482 56
21.9545 56
21.9608 56
21.9671 56
21.9734 56
21.9797 56
21.986 56
21.9923 56
21.9986 56
22.0049 56
22.0112 56
22.0175 56
22.0238 56
22.0301 56
22.0364 56
22.0427 56
22.049 56
22.0553 56
22.0616 56
22.0679 56
22.0742 56
22.0805 56
22.0868 56
22.0932 56
22.0995 56
22.1058 56
22.1121 56
22.1184 56
22.1247 56
22.131 56
22.1373 56
22.1436 56
22.1499 56
22.1562 56
22.1625 56
22.1688 56
22.1751 56
22.1814 56
22.1877 56
22.194 56
22.2003 56
22.2066 56
22.2129 56
22.2192 57
22.2255 57
22.2318 57
22.2381 57
22.2444 57
22.2508 57
22.2571 57
22.2634 57
22.2697 57
22.276 57
22.2823 57
22.2886 57
22.2949 57
22.3012 57
22.3075 57
22.3138 57
22.3201 57
22.3264 57
22.3327 57
22.339 57
22.3453 57
22.3516 57
22.3579 57
22.3642 57
22.3705 57
22.3768 57
22.3831 57
22.3894 57
22.3957 57
22.402 57
22.4084 57
22.4147 57
22.421 57
22.4273 57
22.4336 57
22.4399 57
22.4462 57
22.4525 57
22.4588 57
22.4651 57
22.4714 57
22.4777 57
22.484 57
22.4903 57
22.4966 57
22.5029 57
22.5092 57
22.5155 57
22.5218 57
22.5281 57
22.5344 57
22.5407 57
22.547 57
22.5533 57
22.5596 57
22.566 57
22.5723 57
22.5786 57
22.5849 57
22.5912 58
22.5975 58
22.6038 58
22.6101 58
22.6164 58
22.6227 58
22.629 58
22.6353 58
22.6416 58
22.6479 58
22.6542 58
22.6605 58
22.6668 58
22.6731 58
22.6794 58
22.6857 58
22.692 58
22.6983 58
22.7046 58
22.7109 58
22.7172 58
22.7236 58
22.7299 58
22.7362 58
22.7425 58
22.7488 58
22.7551 58
22.7614 58
22.7677 58
22.774 58
22.7803 58
22.7866 58
22.7929 58
22.7992 58
22.8055 58
22.8118 58
22.8181 58
22.8244 58
22.8307 58
22.837 58
22.8433 58
22.8496 58
22.8559 58
22.8622 58
22.8685 58
22.8748 58
22.8812 58
22.8875 58
22.8938 58
22.9001 58
22.9064 58
22.9127 58
22.919 58
22.9253 58
22.9316 58
22.9379 58
22.9442 58
22.9505 58
22.9568 58
22.9631 58
22.9694 59
22.9757 59
22.982 59
22.9883 59
22.9946 59
23.0009 59
23.0072 59
23.0135 59
23.0198 59
23.0261 59
23.0324 59
23.0388 59
23.0451 59
23.0514 59
23.0577 59
23.064 59
23.0703 59
23.0766 59
23.0829 59
23.0892 59
23.0955 59
23.1018 59
23.1081 59
23.1144 59
23.1207 59
23.127 59
23.1333 59
23.1396 59
23.1459 59
23.1522 59
23.1585 59
23.1648 59
23.1711 59
23.1774 59
23.1837 59
23.19 59
23.1964 59
23.2027 59
23.209 59
23.2153 59
23.2216 59
23.2279 59
23.2342 59
23.2405 59
23.2468 59
23.2531 59
23.2594 59
23.2657 59
23.272 59
23.2783 59
23.2846 59
23.2909 59
23.2972 59
23.3035 59
23.3098 59
23.3161 59
23.3224 59
23.3287 59
23.335 59
23.3413 59
23.3476 60
23.354 60
23.3603 60
23.3666 60
23.3729 60
23.3792 60
23.3855 60
23.3918 60
23.3981 60
23.4044 60
23.4107 60
23.417 60
23.4233 60
23.4296 60
23.4359 60
23.4422 60
23.4485 60
23.4548 60
23.4611 60
23.4674 60
23.4737 60
23.48 60
23.4863 60
23.4926 60
23.4989 60
23.5052 60
23.5116 60
23.5179 60
23.5242 60
23.5305 60
23.5368 60
23.5431 60
23.5494 60
23.5557 60
23.562 60
23.5683 60
23.5746 60
23.5809 60
23.5872 60
23.5935 60
23.5998 60
23.6061 60
23.6124 60
23.6187 60
23.625 60
23.6313 60
23.6376 60
23.644 60
23.6504 60
23.6567 60
23.6632 60
23.6695 60
23.6758 60
23.6822 60
23.6885 60
23.6948 60
23.7197 29
24.237 29
24.2433 29
24.2496 29
24.2559 29
24.2622 29
24.2685 29
24.2748 29
24.2811 29
24.2874 29
24.2937 29
24.3 29
24.3063 29
24.3126 29
24.3189 29
24.3252 29
24.3315 29
24.3378 29
24.3442 29
24.3505 29
24.3568 29
24.3631 29
24.3694 29
24.3757 29
24.382 29
24.3883 29
24.3946 29
24.4009 29
24.4072 29
24.5229 29
24.5294 30
24.5357 30
24.542 30
24.5483 30
24.5546 30
24.5609 30
24.5672 30
24.5735 30
24.5798 30
24.5861 30
24.5924 30
24.5987 30
24.605 30
24.6113 30
24.6176 30
24.6239 30
24.6302 30
24.6365 30
24.6428 30
24.6491 30
24.6554 30
24.6618 30
24.6681 30
24.6744 30
24.6807 30
24.687 30
24.6933 30
24.6996 30
24.8095 30
24.8163 30
24.8229 30
24.8293 31
24.8357 31
24.8421 31
24.8485 31
24.8549 31
24.8612 31
24.8675 31
24.8738 31
24.8801 31
24.8864 31
24.8927 31
24.899 31
24.9053 31
24.9116 31
24.9179 31
24.9242 31
24.9305 31
24.9368 31
24.9431 31
24.9494 31
24.9558 31
24.9621 31
24.9684 31
24.9747 31
24.981 31
24.9873 31
24.9936 31
