15.004 43
15.0103 43
15.0166 43
15.0229 43
15.0292 43
15.0355 43
15.0418 43
15.0481 43
15.0544 43
15.0607 43
15.067 43
15.0733 43
15.0796 43
15.0859 43
15.0923 43
15.0986 43
15.1049 44
15.1112 44
15.1175 44
15.1238 44
15.1301 44
15.1364 44
15.1427 44
15.149 44
15.1553 44
15.1616 44
15.1679 44
15.1742 44
15.1805 44
15.1868 44
15.1931 44
15.1994 44
15.2057 44
15.212 44
15.2183 44
15.2246 44
15.2309 44
15.2372 44
15.2435 44
15.2499 44
15.2562 44
15.2625 44
15.2688 44
15.2751 44
15.2814 44
15.2877 44
15.294 44
15.3003 44
15.3066 44
15.3129 44
15.3192 44
15.3255 44
15.3318 44
15.3381 44
15.3444 44
15.3507 44
15.357 44
15.3633 44
15.3696 44
15.3759 44
15.3822 44
15.3885 45
15.3948 45
15.4011 45
15.4075 45
15.4138 45
15.4201 45
15.4264 45
15.4327 45
15.439 45
15.4453 45
15.4516 45
15.4579 45
15.4642 45
15.4705 45
15.4768 45
15.4831 45
15.4894 45
15.4957 45
15.502 45
15.5083 45
15.5146 45
15.5209 45
15.5272 45
15.5335 45
15.5398 45
15.5461 45
15.5524 45
15.5587 45
15.5651 45
15.5714 45
15.5777 45
15.584 45
15.5903 45
15.5966 45
15.6029 45
15.6092 45
15.6155 45
15.6218 45
15.6281 45
15.6344 45
15.6407 45
15.647 45
15.6533 45
15.6596 45
15.6659 45
15.6722 45
15.6785 46
15.6848 46
15.6911 46
15.6974 46
15.7037 46
15.71 46
15.7163 46
15.7227 46
15.729 46
15.7353 46
15.7416 46
15.7479 46
15.7542 46
15.7605 46
15.7668 46
15.7731 46
15.7794 46
15.7857 46
15.792 46
15.7983 46
15.8046 46
15.8109 46
15.8172 46
15.8235 46
15.8298 46
15.8361 46
15.8424 46
15.8487 46
15.855 46
15.8613 46
15.8676 46
15.8739 46
15.8803 46
15.8866 46
15.8929 46
15.8992 46
15.9055 46
15.9118 46
15.9181 46
15.9244 46
15.9307 46
15.937 46
15.9433 46
15.9496 46
15.9559 46
15.9622 46
15.9685 46
15.9748 47
15.9811 47
15.9874 47
15.9937 47
16 47
16.0063 47
16.0126 47
16.0189 47
16.0252 47
16.0315 47
16.0379 47
16.0442 47
16.0505 47
16.0568 47
16.0631 47
16.0694 47
16.0757 47
16.082 47
16.0883 47
16.0946 47
16.1009 47
16.1072 47
16.1135 47
16.1198 47
16.1261 47
16.1324 47
16.1387 47
16.145 47
16.1513 47
16.1576 47
16.1639 47
16.1702 47
16.1765 47
16.1828 47
16.1891 47
16.1955 47
16.2018 47
16.2081 47
16.2144 47
16.2207 47
16.227 47
16.2333 47
16.2396 47
16.2459 47
16.2522 47
16.2585 47
16.2648 47
16.2711 47
16.2774 48
16.2837 48
16.29 48
16.2963 48
16.3026 48
16.3089 48
16.3152 48
16.3215 48
16.3278 48
16.3341 48
16.3404 48
16.3467 48
16.3531 48
16.3594 48
16.3657 48
16.372 48
16.3783 48
16.3846 48
16.3909 48
16.3972 48
16.4035 48
16.4098 48
16.4161 48
16.4224 48
16.4287 48
16.435 48
16.4413 48
16.4476 48
16.4539 48
16.4602 48
16.4665 48
16.4728 48
16.4791 48
16.4854 48
16.4917 48
16.498 48
16.5043 48
16.5107 48
16.517 48
16.5233 48
16.5296 48
16.5359 48
16.5422 48
16.5485 48
16.5548 48
16.5611 48
16.5674 48
16.5737 48
16.58 48
16.5863 48
16.5926 49
16.5989 49
16.6052 49
16.6115 49
16.6178 49
16.6241 49
16.6304 49
16.6367 49
16.643 49
16.6493 49
16.6556 49
16.6619 49
16.6683 49
16.6746 49
16.6809 49
16.6872 49
16.6935 49
16.6998 49
16.7061 49
16.7124 49
16.7187 49
16.725 49
16.7313 49
16.7376 49
16.7439 49
16.7502 49
16.7565 49
16.7628 49
16.7691 49
16.7754 49
16.7817 49
16.788 49
16.7943 49
16.8006 49
16.8069 49
16.8132 49
16.8195 49
16.8259 49
16.8322 49
16.8385 49
16.8448 49
16.8511 49
16.8574 49
16.8637 49
16.87 49
16.8763 49
16.8826 49
16.8889 49
16.8952 49
16.9015 49
16.9078 50
16.9141 50
16.9204 50
16.9267 50
16.933 50
16.9393 50
16.9456 50
16.9519 50
16.9582 50
16.9645 50
16.9708 50
16.9771 50
16.9835 50
16.9898 50
16.9961 50
17.0024 50
17.0087 50
17.015 50
17.0213 50
17.0276 50
17.0339 50
17.0402 50
17.0465 50
17.0528 50
17.0591 50
17.0654 50
17.0717 50
17.078 50
17.0843 50
17.0906 50
17.0969 50
17.1032 50
17.1095 50
17.1158 50
17.1221 50
17.1284 50
17.1347 50
17.1411 50
17.1474 50
17.1537 50
17.16 50
17.1663 50
17.1726 50
17.1789 50
17.1852 50
17.1915 50
17.1978 50
17.2041 50
17.2104 50
17.2167 50
17.223 50
17.2293 50
17.2356 51
17.2419 51
17.2482 51
17.2545 51
17.2608 51
17.2671 51
17.2734 51
17.2797 51
17.286 51
17.2924 51
17.2987 51
17.305 51
17.3113 51
17.3176 51
17.3239 51
17.3302 51
17.3365 51
17.3428 51
17.3491 51
17.3554 51
17.3617 51
17.368 51
17.3743 51
17.3806 51
17.3869 51
17.3932 51
17.3995 51
17.4058 51
17.4121 51
17.4184 51
17.4247 51
17.431 51
17.4373 51
17.4436 51
17.4499 51
17.4563 51
17.4626 51
17.4689 51
17.4752 51
17.4815 51
17.4878 51
17.4941 51
17.5004 51
17.5067 51
17.513 51
17.5193 51
17.5256 51
17.5319 51
17.5382 51
17.5445 51
17.5508 51
17.5571 51
17.5634 52
17.5697 52
17.576 52
17.5823 52
17.5886 52
17.5949 52
17.6012 52
17.6075 52
17.6139 52
17.6202 52
17.6265 52
17.6328 52
17.6391 52
17.6454 52
17.6517 52
17.658 52
17.6643 52
17.6706 52
17.6769 52
17.6832 52
17.6895 52
17.6958 52
17.7021 52
17.7084 52
17.7147 52
17.721 52
17.7273 52
17.7336 52
17.7399 52
17.7462 52
17.7525 52
17.7588 52
17.7651 52
17.7715 52
17.7778 52
17.7841 52
17.7904 52
17.7967 52
17.803 52
17.8093 52
17.8156 52
17.8219 52
17.8282 52
17.8345 52
17.8408 52
17.8471 52
17.8534 52
17.8597 52
17.866 52
17.8723 52
17.8786 52
17.8849 52
17.8912 52
17.8975 53
17.9038 53
17.9101 53
17.9164 53
17.9227 53
17.9291 53
17.9354 53
17.9417 53
17.948 53
17.9543 53
17.9606 53
17.9669 53
17.9732 53
17.9795 53
17.9858 53
17.9921 53
17.9984 53
18.0047 53
18.011 53
18.0173 53
18.0236 53
18.0299 53
18.0362 53
18.0425 53
18.0488 53
18.0551 53
18.0614 53
18.0677 53
18.074 53
18.0803 53
18.0867 53
18.093 53
18.0993 53
18.1056 53
18.1119 53
18.1182 53
18.1245 53
18.1308 53
18.1371 53
18.1434 53
18.1497 53
18.156 53
18.1623 53
18.1686 53
18.1749 53
18.1812 53
18.1875 53
18.1938 53
18.2001 53
18.2064 53
18.2127 53
18.219 53
18.2253 53
18.2316 53
18.2379 53
18.2443 54
18.2506 54
18.2569 54
18.2632 54
18.2695 54
18.2758 54
18.2821 54
18.2884 54
18.2947 54
18.301 54
18.3073 54
18.3136 54
18.3199 54
18.3262 54
18.3325 54
18.3388 54
18.3451 54
18.3514 54
18.3577 54
18.364 54
18.3703 54
18.3766 54
18.3829 54
18.3892 54
18.3955 54
18.4019 54
18.4082 54
18.4145 54
18.4208 54
18.4271 54
18.4334 54
18.4397 54
18.446 54
18.4523 54
18.4586 54
18.4649 54
18.4712 54
18.4775 54
18.4838 54
18.4901 54
18.4964 54
18.5027 54
18.509 54
18.5153 54
18.5216 54
18.5279 54
18.5342 54
18.5405 54
18.5468 54
18.5531 54
18.5595 54
18.5658 54
18.5721 54
18.5784 54
18.5847 54
18.591 55
18.5973 55
18.6036 55
18.6099 55
18.6162 55
18.6225 55
18.6288 55
18.6351 55
18.6414 55
18.6477 55
18.654 55
18.6603 55
18.6666 55
18.6729 55
18.6792 55
18.6855 55
18.6918 55
18.6981 55
18.7044 55
18.7107 55
18.7171 55
18.7234 55
18.7297 55
18.736 55
18.7423 55
18.7486 55
18.7549 55
18.7612 55
18.7675 55
18.7738 55
18.7801 55
18.7864 55
18.7927 55
18.799 55
18.8053 55
18.8116 55
18.8179 55
18.8242 55
18.8305 55
18.8368 55
18.8431 55
18.8494 55
18.8557 55
18.862 55
18.8683 55
18.8747 55
18.881 55
18.8873 55
18.8936 55
18.8999 55
18.9062 55
18.9125 55
18.9188 55
18.9251 55
18.9314 55
18.9377 55
18.944 55
18.9503 56
18.9566 56
18.9629 56
18.9692 56
18.9755 56
18.9818 56
18.9881 56
18.9944 56
19.0007 56
19.007 56
19.0133 56
19.0196 56
19.0259 56
19.0323 56
19.0386 56
19.0449 56
19.0512 56
19.0575 56
19.0638 56
19.0701 56
19.0764 56
19.0827 56
19.089 56
19.0953 56
19.1016 56
19.1079 56
19.1142 56
19.1205 56
19.1268 56
19.1331 56
19.1394 56
19.1457 56
19.152 56
19.1583 56
19.1646 56
19.1709 56
19.1772 56
19.1835 56
19.1899 56
19.1962 56
19.2025 56
19.2088 56
19.2151 56
19.2214 56
19.2277 56
19.234 56
19.2403 56
19.2466 56
19.2529 56
19.2592 56
19.2655 56
19.2718 56
19.2781 56
19.2844 56
19.2907 56
19.297 56
19.3033 56
19.3096 57
19.3159 57
19.3222 57
19.3285 57
19.3348 57
19.3411 57
19.3475 57
19.3538 57
19.3601 57
19.3664 57
19.3727 57
19.379 57
19.3853 57
19.3916 57
19.3979 57
19.4042 57
19.4105 57
19.4168 57
19.4231 57
19.4294 57
19.4357 57
19.442 57
19.4483 57
19.4546 57
19.4609 57
19.4672 57
19.4735 57
19.4798 57
19.4861 57
19.4924 57
19.4987 57
19.5051 57
19.5114 57
19.5177 57
19.524 57
19.5303 57
19.5366 57
19.5429 57
19.5492 57
19.5555 57
19.5618 57
19.5681 57
19.5744 57
19.5807 57
19.587 57
19.5933 57
19.5996 57
19.6059 57
19.6122 57
19.6185 57
19.6248 57
19.6311 57
19.6374 57
19.6437 57
19.65 57
19.6563 57
19.6627 57
19.669 57
19.6753 57
19.6816 58
19.6879 58
19.6942 58
19.7005 58
19.7068 58
19.7131 58
19.7194 58
19.7257 58
19.732 58
19.7383 58
19.7446 58
19.7509 58
19.7572 58
19.7635 58
19.7698 58
19.7761 58
19.7824 58
19.7887 58
19.795 58
19.8013 58
19.8076 58
19.8139 58
19.8203 58
19.8266 58
19.8329 58
19.8392 58
19.8455 58
19.8518 58
19.8581 58
19.8644 58
19.8707 58
19.877 58
19.8833 58
19.8896 58
19.8959 58
19.9022 58
19.9085 58
19.9148 58
19.9211 58
19.9274 58
19.9337 58
19.94 58
19.9463 58
19.9526 58
19.9589 58
19.9652 58
19.9715 58
19.9779 58
19.9842 58
19.9905 58
19.9968 58
20.0031 58
20.0094 58
20.0157 58
20.022 58
20.0283 58
20.0346 58
20.0409 58
20.0472 58
20.0535 58
20.0598 59
20.0661 59
20.0724 59
20.0787 59
20.085 59
20.0913 59
20.0976 59
20.1039 59
20.1102 59
20.1165 59
20.1228 59
20.1291 59
20.1355 59
20.1418 59
20.1481 59
20.1544 59
20.1607 59
20.167 59
20.1733 59
20.1796 59
20.1859 59
20.1922 59
20.1985 59
20.2048 59
20.2111 59
20.2174 59
20.2237 59
20.23 59
20.2363 59
20.2426 59
20.2489 59
20.2552 59
20.2615 59
20.2678 59
20.2741 59
20.2804 59
20.2867 59
20.2931 59
20.2994 59
20.3057 59
20.312 59
20.3183 59
20.3246 59
20.3309 59
20.3372 59
20.3435 59
20.3498 59
20.3561 59
20.3624 59
20.3687 59
20.375 59
20.3813 59
20.3876 59
20.3939 59
20.4002 59
20.4065 59
20.4128 59
20.4191 59
20.4254 59
20.4317 59
20.438 60
20.4443 60
20.4507 60
20.457 60
20.4633 60
20.4696 60
20.4759 60
20.4822 60
20.4885 60
20.4948 60
20.5011 60
20.5074 60
20.5137 60
20.52 60
20.5263 60
20.5326 60
20.5389 60
20.5452 60
20.5515 60
20.5578 60
20.5641 60
20.5704 60
20.5767 60
20.583 60
20.5893 60
20.5956 60
20.6019 60
20.6083 60
20.6146 60
20.6209 60
20.6272 60
20.6335 60
20.6398 60
20.6461 60
20.6524 60
20.6587 60
20.665 60
20.6713 60
20.6776 60
20.6839 60
20.6902 60
20.6965 60
20.7028 60
20.7091 60
20.7154 60
20.7217 60
20.728 60
20.7343 60
20.7406 60
20.7469 60
20.7532 60
20.7595 60
20.7659 60
20.7722 60
20.7785 60
20.7848 60
20.7911 60
20.7974 60
20.8037 60
20.81 60
20.8163 60
20.8226 60
20.8289 61
20.8352 61
20.8415 61
20.8478 61
20.8541 61
20.8604 61
20.8667 61
20.873 61
20.8793 61
20.8856 61
20.8919 61
20.8982 61
20.9045 61
20.9108 61
20.9171 61
20.9235 61
20.9298 61
20.9361 61
20.9424 61
20.9487 61
20.955 61
20.9613 61
20.9676 61
20.9739 61
20.9802 61
20.9865 61
20.9928 61
20.9991 61
21.0054 61
21.0117 61
21.018 61
21.0243 61
21.0306 61
21.0369 61
21.0432 61
21.0495 61
21.0558 61
21.0621 61
21.0684 61
21.0747 61
21.0811 61
21.0874 61
21.0937 61
21.1 61
21.1063 61
21.1126 61
21.1189 61
21.1252 61
21.1315 61
21.1378 61
21.1441 61
21.1504 61
21.1567 61
21.163 61
21.1693 61
21.1756 61
21.1819 61
21.1882 61
21.1945 61
21.2008 61
21.2071 61
21.2134 61
21.2197 61
21.226 62
21.2323 62
21.2387 62
21.245 62
21.2513 62
21.2576 62
21.2639 62
21.2702 62
21.2765 62
21.2828 62
21.2891 62
21.2954 62
21.3017 62
21.308 62
21.3143 62
21.3206 62
21.3269 62
21.3332 62
21.3395 62
21.3458 62
21.3521 62
21.3584 62
21.3647 62
21.371 62
21.3773 62
21.3836 62
21.3899 62
21.3963 62
21.4026 62
21.4089 62
21.4152 62
21.4215 62
21.4278 62
21.4341 62
21.4404 62
21.4467 62
21.453 62
21.4593 62
21.4656 62
21.4719 62
21.4782 62
21.4845 62
21.4908 62
21.4971 62
21.5034 62
21.5097 62
21.516 62
21.5223 62
21.5286 62
21.5349 62
21.5412 62
21.5475 62
21.5539 62
21.5602 62
21.5665 62
21.5728 62
21.5791 62
21.5854 62
21.5917 62
21.598 62
21.6043 62
21.6106 62
21.6169 62
21.6232 62
21.6295 63
21.6358 63
21.6421 63
21.6484 63
21.6547 63
21.661 63
21.6673 63
21.6736 63
21.6799 63
21.6862 63
21.6925 63
21.6988 63
21.7051 63
21.7115 63
21.7178 63
21.7241 63
21.7304 63
21.7367 63
21.743 63
21.7493 63
21.7556 63
21.7619 63
21.7682 63
21.7745 63
21.7808 63
21.7871 63
21.7934 63
21.7997 63
21.806 63
21.8123 63
21.8186 63
21.8249 63
21.8312 63
21.8375 63
21.8438 63
21.8501 63
21.8564 63
21.8627 63
21.8691 63
21.8754 63
21.8817 63
21.888 63
21.8943 63
21.9006 63
21.9069 63
21.9132 63
21.9195 63
21.9258 63
21.9321 63
21.9384 63
21.9447 63
21.951 63
21.9573 63
21.9636 63
21.9699 63
21.9762 63
21.9825 63
21.9888 63
21.9951 63
22.0014 63
22.0077 63
22.014 63
22.0203 63
22.0267 63
22.033 63
22.0393 64
22.0456 64
22.0519 64
22.0582 64
22.0645 64
22.0708 64
22.0771 64
22.0834 64
22.0897 64
22.096 64
22.1023 64
22.1086 64
22.1149 64
22.1212 64
22.1275 64
22.1338 64
22.1401 64
22.1464 64
22.1527 64
22.159 64
22.1653 64
22.1716 64
22.1779 64
22.1843 64
22.1906 64
22.1969 64
22.2032 64
22.2095 64
22.2158 64
22.2221 64
22.2284 64
22.2347 64
22.241 64
22.2473 64
22.2536 64
22.2599 64
22.2662 64
22.2725 64
22.2788 64
22.2851 64
22.2914 64
22.2977 64
22.304 64
22.3103 64
22.3166 64
22.3229 64
22.3292 64
22.3355 64
22.3419 64
22.3482 64
22.3545 64
22.3608 64
22.3671 64
22.3734 64
22.3797 64
22.386 64
22.3923 64
22.3986 64
22.4049 64
22.4112 64
22.4175 64
22.4238 64
22.4301 64
22.4364 64
22.4427 64
22.449 65
22.4553 65
22.4616 65
22.4679 65
22.4742 65
22.4805 65
22.4868 65
22.4931 65
22.4995 65
22.5058 65
22.5121 65
22.5184 65
22.5247 65
22.531 65
22.5373 65
22.5436 65
22.5499 65
22.5562 65
22.5625 65
22.5688 65
22.5751 65
22.5814 65
22.5877 65
22.594 65
22.6003 65
22.6066 65
22.6129 65
22.6192 65
22.6255 65
22.6318 65
22.6381 65
22.6444 65
22.6507 65
22.6571 65
22.6634 65
22.6697 65
22.676 65
22.6823 65
22.6886 65
22.6949 65
22.7012 65
22.7075 65
22.7138 65
22.7201 65
22.7264 65
22.7327 65
22.739 65
22.7453 65
22.7516 65
22.7579 65
22.7642 65
22.7705 65
22.7768 65
22.7831 65
22.7894 65
22.7957 65
22.802 65
22.8083 65
22.8147 65
22.821 65
22.8273 65
22.8336 65
22.8399 65
22.8462 65
22.8525 65
22.8588 65
22.8651 65
22.8714 65
22.8777 66
22.884 66
22.8903 66
22.8966 66
22.9029 66
22.9092 66
22.9155 66
22.9218 66
22.9281 66
22.9344 66
22.9407 66
22.947 66
22.9533 66
22.9596 66
22.9659 66
22.9723 66
22.9786 66
22.9849 66
22.9912 66
22.9975 66
23.0038 66
23.0101 66
23.0164 66
23.0227 66
23.029 66
23.0353 66
23.0416 66
23.0479 66
23.0542 66
23.0605 66
23.0668 66
23.0731 66
23.0794 66
23.0857 66
23.092 66
23.0983 66
23.1046 66
23.1109 66
23.1172 66
23.1236 66
23.1299 66
23.1362 66
23.1425 66
23.1488 66
23.1551 66
23.1614 66
23.1677 66
23.174 66
23.1803 66
23.1866 66
23.1929 66
23.1992 66
23.2055 66
23.2118 66
23.2181 66
23.2244 66
23.2307 66
23.237 66
23.2433 66
23.2496 66
23.2559 66
23.2622 66
23.2685 66
23.2748 66
23.2811 66
23.2875 66
23.2938 66
23.3001 66
23.3064 67
23.3127 67
23.319 67
23.3253 67
23.3316 67
23.3379 67
23.3442 67
23.3505 67
23.3568 67
23.3631 67
23.3694 67
23.3757 67
23.382 67
23.3883 67
23.3946 67
23.4009 67
23.4072 67
23.4135 67
23.4198 67
23.4261 67
23.4324 67
23.4387 67
23.4451 67
23.4514 67
23.4577 67
23.464 67
23.4703 67
23.4766 67
23.4829 67
23.4892 67
23.4955 67
23.5018 67
23.5081 67
23.5144 67
23.5207 67
23.527 67
23.5333 67
23.5396 67
23.5459 67
23.5522 67
23.5585 67
23.5648 67
23.5711 67
23.5774 67
23.5837 67
23.59 67
23.5963 67
23.6027 67
23.609 67
23.6153 67
23.6216 67
23.6279 67
23.6342 67
23.6405 67
23.6468 67
23.6531 67
23.6594 67
23.6657 67
23.672 67
23.6783 67
23.6846 67
23.6909 67
23.6972 67
23.7035 67
23.7098 67
23.7161 67
23.7224 67
23.7287 67
23.735 68
23.7413 68
23.7476 68
23.7539 68
23.7603 68
23.7666 68
23.7729 68
23.7792 68
23.7855 68
23.7918 68
23.7981 68
23.8044 68
23.8107 68
23.817 68
23.8233 68
23.8296 68
23.8359 68
23.8422 68
23.8485 68
23.8548 68
23.8611 68
23.8674 68
23.8737 68
23.88 68
23.8863 68
23.8926 68
23.8989 68
23.9052 68
23.9115 68
23.9179 68
23.9242 68
23.9305 68
23.9368 68
23.9431 68
23.9494 68
23.9557 68
23.962 68
23.9683 68
23.9746 68
23.9809 68
23.9872 68
23.9935 68
23.9998 68
24.0061 68
24.0124 68
24.0187 68
24.025 68
24.0313 68
24.0376 68
24.0439 68
24.0502 68
24.0565 68
24.0628 68
24.0691 68
24.0755 68
24.0818 68
24.0881 68
24.0944 68
24.1007 68
24.107 68
24.1133 68
24.1196 68
24.1259 68
24.1322 68
24.1385 68
24.1448 68
24.1511 68
24.1574 68
24.1637 68
24.17 68
24.1763 68
24.1826 69
24.1889 69
24.1952 69
24.2015 69
24.2078 69
24.2141 69
24.2204 69
24.2267 69
24.2331 69
24.2394 69
24.2457 69
24.252 69
24.2583 69
24.2646 69
24.2709 69
24.2772 69
24.2835 69
24.2898 69
24.2961 69
24.3024 69
24.3087 69
24.315 69
24.3213 69
24.3276 69
24.3339 69
24.3402 69
24.3465 69
24.3528 69
24.3591 69
24.3654 69
24.3717 69
24.378 69
24.3843 69
24.3907 69
24.397 69
24.4033 69
24.4096 69
24.4159 69
24.4222 69
24.4285 69
24.4348 69
24.4411 69
24.4474 69
24.4537 69
24.46 69
24.4663 69
24.4726 69
24.4789 69
24.4852 69
24.4915 69
24.4978 69
24.5041 69
24.5104 69
24.5167 69
24.523 69
24.5293 69
24.5356 69
24.5419 69
24.5483 69
24.5546 69
24.5609 69
24.5672 69
24.5735 69
24.5798 69
24.5861 69
24.5924 69
24.5987 69
24.605 69
24.6113 69
24.6176 69
24.6239 69
24.6302 70
24.6365 70
24.6428 70
24.6491 70
24.6554 70
24.6617 70
24.668 70
24.6743 70
24.6806 70
24.6869 70
24.6932 70
24.6995 70
24.7059 70
24.7122 70
24.7185 70
24.7248 70
24.7311 70
24.7374 70
24.7437 70
24.75 70
24.7563 70
24.7626 70
24.7689 70
24.7752 70
24.7815 70
24.7878 70
24.7941 70
24.8004 70
24.8067 70
24.813 70
24.8193 70
24.8256 70
24.8319 70
24.8382 70
24.8445 70
24.8508 70
24.8571 70
24.8635 70
24.8698 70
24.8761 70
24.8824 70
24.8887 70
24.895 70
24.9013 70
24.9076 70
24.9139 70
24.9202 70
24.9265 70
24.9328 70
24.9391 70
24.9454 70
24.9517 70
24.958 70
24.9643 70
24.9706 70
24.9769 70
24.9832 70
24.9895 70
24.9958 70
