15.0045 43
15.0108 43
15.0171 43
15.0234 43
15.0297 43
15.036 43
15.0423 43
15.0486 43
15.0549 43
15.0612 43
15.0675 43
15.0738 43
15.0801 43
15.0864 43
15.0927 43
15.099 43
15.1053 44
15.1117 44
15.118 44
15.1243 44
15.1306 44
15.1369 44
15.1432 44
15.1495 44
15.1558 44
15.1621 44
15.1684 44
15.1747 44
15.181 44
15.1873 44
15.1936 44
15.1999 44
15.2062 44
15.2125 44
15.2188 44
15.2251 44
15.2314 44
15.2377 44
15.244 44
15.2503 44
15.2566 44
15.2629 44
15.2693 44
15.2756 44
15.2819 44
15.2882 44
15.2945 44
15.3008 44
15.3071 44
15.3134 44
15.3197 44
15.326 44
15.3323 44
15.3386 44
15.3449 44
15.3512 44
15.3575 44
15.3638 44
15.3701 44
15.3764 44
15.3827 44
15.389 45
15.3953 45
15.4016 45
15.4079 45
15.4142 45
15.4205 45
15.4269 45
15.4332 45
15.4395 45
15.4458 45
15.4521 45
15.4584 45
15.4647 45
15.471 45
15.4773 45
15.4836 45
15.4899 45
15.4962 45
15.5025 45
15.5088 45
15.5151 45
15.5214 45
15.5277 45
15.534 45
15.5403 45
15.5466 45
15.5529 45
15.5592 45
15.5655 45
15.5718 45
15.5781 45
15.5845 45
15.5908 45
15.5971 45
15.6034 45
15.6097 45
15.616 45
15.6223 45
15.6286 45
15.6349 45
15.6412 45
15.6475 45
15.6538 45
15.6601 45
15.6664 45
15.6727 45
15.679 46
15.6853 46
15.6916 46
15.6979 46
15.7042 46
15.7105 46
15.7168 46
15.7231 46
15.7294 46
15.7357 46
15.7421 46
15.7484 46
15.7547 46
15.761 46
15.7673 46
15.7736 46
15.7799 46
15.7862 46
15.7925 46
15.7988 46
15.8051 46
15.8114 46
15.8177 46
15.824 46
15.8303 46
15.8366 46
15.8429 46
15.8492 46
15.8555 46
15.8618 46
15.8681 46
15.8744 46
15.8807 46
15.887 46
15.8933 46
15.8997 46
15.906 46
15.9123 46
15.9186 46
15.9249 46
15.9312 46
15.9375 46
15.9438 46
15.9501 46
15.9564 46
15.9627 46
15.969 46
15.9753 47
15.9816 47
15.9879 47
15.9942 47
16.0005 47
16.0068 47
16.0131 47
16.0194 47
16.0257 47
16.032 47
16.0383 47
16.0446 47
16.0509 47
16.0573 47
16.0636 47
16.0699 47
16.0762 47
16.0825 47
16.0888 47
16.0951 47
16.1014 47
16.1077 47
16.114 47
16.1203 47
16.1266 47
16.1329 47
16.1392 47
16.1455 47
16.1518 47
16.1581 47
16.1644 47
16.1707 47
16.177 47
16.1833 47
16.1896 47
16.1959 47
16.2022 47
16.2085 47
16.2149 47
16.2212 47
16.2275 47
16.2338 47
16.2401 47
16.2464 47
16.2527 47
16.259 47
16.2653 47
16.2716 47
16.2779 48
16.2842 48
16.2905 48
16.2968 48
16.3031 48
16.3094 48
16.3157 48
16.322 48
16.3283 48
16.3346 48
16.3409 48
16.3472 48
16.3535 48
16.3598 48
16.3661 48
16.3725 48
16.3788 48
16.3851 48
16.3914 48
16.3977 48
16.404 48
16.4103 48
16.4166 48
16.4229 48
16.4292 48
16.4355 48
16.4418 48
16.4481 48
16.4544 48
16.4607 48
16.467 48
16.4733 48
16.4796 48
16.4859 48
16.4922 48
16.4985 48
16.5048 48
16.5111 48
16.5174 48
16.5237 48
16.5301 48
16.5364 48
16.5427 48
16.549 48
16.5553 48
16.5616 48
16.5679 48
16.5742 48
16.5805 48
16.5868 48
16.5931 49
16.5994 49
16.6057 49
16.612 49
16.6183 49
16.6246 49
16.6309 49
16.6372 49
16.6435 49
16.6498 49
16.6561 49
16.6624 49
16.6687 49
16.675 49
16.6813 49
16.6877 49
16.694 49
16.7003 49
16.7066 49
16.7129 49
16.7192 49
16.7255 49
16.7318 49
16.7381 49
16.7444 49
16.7507 49
16.757 49
16.7633 49
16.7696 49
16.7759 49
16.7822 49
16.7885 49
16.7948 49
16.8011 49
16.8074 49
16.8137 49
16.82 49
16.8263 49
16.8326 49
16.8389 49
16.8453 49
16.8516 49
16.8579 49
16.8642 49
16.8705 49
16.8768 49
16.8831 49
16.8894 49
16.8957 49
16.902 49
16.9083 50
16.9146 50
16.9209 50
16.9272 50
16.9335 50
16.9398 50
16.9461 50
16.9524 50
16.9587 50
16.965 50
16.9713 50
16.9776 50
16.9839 50
16.9902 50
16.9965 50
17.0029 50
17.0092 50
17.0155 50
17.0218 50
17.0281 50
17.0344 50
17.0407 50
17.047 50
17.0533 50
17.0596 50
17.0659 50
17.0722 50
17.0785 50
17.0848 50
17.0911 50
17.0974 50
17.1037 50
17.11 50
17.1163 50
17.1226 50
17.1289 50
17.1352 50
17.1415 50
17.1478 50
17.1541 50
17.1605 50
17.1668 50
17.1731 50
17.1794 50
17.1857 50
17.192 50
17.1983 50
17.2046 50
17.2109 50
17.2172 50
17.2235 50
17.2298 50
17.2361 51
17.2424 51
17.2487 51
17.255 51
17.2613 51
17.2676 51
17.2739 51
17.2802 51
17.2865 51
17.2928 51
17.2991 51
17.3054 51
17.3117 51
17.3181 51
17.3244 51
17.3307 51
17.337 51
17.3433 51
17.3496 51
17.3559 51
17.3622 51
17.3685 51
17.3748 51
17.3811 51
17.3874 51
17.3937 51
17.4 51
17.4063 51
17.4126 51
17.4189 51
17.4252 51
17.4315 51
17.4378 51
17.4441 51
17.4504 51
17.4567 51
17.463 51
17.4693 51
17.4757 51
17.482 51
17.4883 51
17.4946 51
17.5009 51
17.5072 51
17.5135 51
17.5198 51
17.5261 51
17.5324 51
17.5387 51
17.545 51
17.5513 51
17.5576 51
17.5639 52
17.5702 52
17.5765 52
17.5828 52
17.5891 52
17.5954 52
17.6017 52
17.608 52
17.6143 52
17.6206 52
17.6269 52
17.6333 52
17.6396 52
17.6459 52
17.6522 52
17.6585 52
17.6648 52
17.6711 52
17.6774 52
17.6837 52
17.69 52
17.6963 52
17.7026 52
17.7089 52
17.7152 52
17.7215 52
17.7278 52
17.7341 52
17.7404 52
17.7467 52
17.753 52
17.7593 52
17.7656 52
17.7719 52
17.7782 52
17.7845 52
17.7909 52
17.7972 52
17.8035 52
17.8098 52
17.8161 52
17.8224 52
17.8287 52
17.835 52
17.8413 52
17.8476 52
17.8539 52
17.8602 52
17.8665 52
17.8728 52
17.8791 52
17.8854 52
17.8917 52
17.898 53
17.9043 53
17.9106 53
17.9169 53
17.9232 53
17.9295 53
17.9358 53
17.9421 53
17.9485 53
17.9548 53
17.9611 53
17.9674 53
17.9737 53
17.98 53
17.9863 53
17.9926 53
17.9989 53
18.0052 53
18.0115 53
18.0178 53
18.0241 53
18.0304 53
18.0367 53
18.043 53
18.0493 53
18.0556 53
18.0619 53
18.0682 53
18.0745 53
18.0808 53
18.0871 53
18.0934 53
18.0997 53
18.1061 53
18.1124 53
18.1187 53
18.125 53
18.1313 53
18.1376 53
18.1439 53
18.1502 53
18.1565 53
18.1628 53
18.1691 53
18.1754 53
18.1817 53
18.188 53
18.1943 53
18.2006 53
18.2069 53
18.2132 53
18.2195 53
18.2258 53
18.2321 53
18.2384 53
18.2447 54
18.251 54
18.2573 54
18.2637 54
18.27 54
18.2763 54
18.2826 54
18.2889 54
18.2952 54
18.3015 54
18.3078 54
18.3141 54
18.3204 54
18.3267 54
18.333 54
18.3393 54
18.3456 54
18.3519 54
18.3582 54
18.3645 54
18.3708 54
18.3771 54
18.3834 54
18.3897 54
18.396 54
18.4023 54
18.4086 54
18.4149 54
18.4213 54
18.4276 54
18.4339 54
18.4402 54
18.4465 54
18.4528 54
18.4591 54
18.4654 54
18.4717 54
18.478 54
18.4843 54
18.4906 54
18.4969 54
18.5032 54
18.5095 54
18.5158 54
18.5221 54
18.5284 54
18.5347 54
18.541 54
18.5473 54
18.5536 54
18.5599 54
18.5662 54
18.5725 54
18.5789 54
18.5852 54
18.5915 55
18.5978 55
18.6041 55
18.6104 55
18.6167 55
18.623 55
18.6293 55
18.6356 55
18.6419 55
18.6482 55
18.6545 55
18.6608 55
18.6671 55
18.6734 55
18.6797 55
18.686 55
18.6923 55
18.6986 55
18.7049 55
18.7112 55
18.7175 55
18.7238 55
18.7301 55
18.7365 55
18.7428 55
18.7491 55
18.7554 55
18.7617 55
18.768 55
18.7743 55
18.7806 55
18.7869 55
18.7932 55
18.7995 55
18.8058 55
18.8121 55
18.8184 55
18.8247 55
18.831 55
18.8373 55
18.8436 55
18.8499 55
18.8562 55
18.8625 55
18.8688 55
18.8751 55
18.8814 55
18.8877 55
18.8941 55
18.9004 55
18.9067 55
18.913 55
18.9193 55
18.9256 55
18.9319 55
18.9382 55
18.9445 55
18.9508 56
18.9571 56
18.9634 56
18.9697 56
18.976 56
18.9823 56
18.9886 56
18.9949 56
19.0012 56
19.0075 56
19.0138 56
19.0201 56
19.0264 56
19.0327 56
19.039 56
19.0453 56
19.0517 56
19.058 56
19.0643 56
19.0706 56
19.0769 56
19.0832 56
19.0895 56
19.0958 56
19.1021 56
19.1084 56
19.1147 56
19.121 56
19.1273 56
19.1336 56
19.1399 56
19.1462 56
19.1525 56
19.1588 56
19.1651 56
19.1714 56
19.1777 56
19.184 56
19.1903 56
19.1966 56
19.2029 56
19.2093 56
19.2156 56
19.2219 56
19.2282 56
19.2345 56
19.2408 56
19.2471 56
19.2534 56
19.2597 56
19.266 56
19.2723 56
19.2786 56
19.2849 56
19.2912 56
19.2975 56
19.3038 56
19.3101 57
19.3164 57
19.3227 57
19.329 57
19.3353 57
19.3416 57
19.3479 57
19.3542 57
19.3605 57
19.3669 57
19.3732 57
19.3795 57
19.3858 57
19.3921 57
19.3984 57
19.4047 57
19.411 57
19.4173 57
19.4236 57
19.4299 57
19.4362 57
19.4425 57
19.4488 57
19.4551 57
19.4614 57
19.4677 57
19.474 57
19.4803 57
19.4866 57
19.4929 57
19.4992 57
19.5055 57
19.5118 57
19.5182 57
19.5245 57
19.5308 57
19.5371 57
19.5434 57
19.5497 57
19.556 57
19.5623 57
19.5686 57
19.5749 57
19.5812 57
19.5875 57
19.5938 57
19.6001 57
19.6064 57
19.6127 57
19.619 57
19.6253 57
19.6316 57
19.6379 57
19.6442 57
19.6505 57
19.6568 57
19.6631 57
19.6694 57
19.6757 57
19.6821 58
19.6884 58
19.6947 58
19.701 58
19.7073 58
19.7136 58
19.7199 58
19.7262 58
19.7325 58
19.7388 58
19.7451 58
19.7514 58
19.7577 58
19.764 58
19.7703 58
19.7766 58
19.7829 58
19.7892 58
19.7955 58
19.8018 58
19.8081 58
19.8144 58
19.8207 58
19.827 58
19.8334 58
19.8397 58
19.846 58
19.8523 58
19.8586 58
19.8649 58
19.8712 58
19.8775 58
19.8838 58
19.8901 58
19.8964 58
19.9027 58
19.909 58
19.9153 58
19.9216 58
19.9279 58
19.9342 58
19.9405 58
19.9468 58
19.9531 58
19.9594 58
19.9657 58
19.972 58
19.9783 58
19.9846 58
19.9909 58
19.9973 58
20.0036 58
20.0099 58
20.0162 58
20.0225 58
20.0288 58
20.0351 58
20.0414 58
20.0477 58
20.054 58
20.0603 59
20.0666 59
20.0729 59
20.0792 59
20.0855 59
20.0918 59
20.0981 59
20.1044 59
20.1107 59
20.117 59
20.1233 59
20.1296 59
20.1359 59
20.1422 59
20.1485 59
20.1549 59
20.1612 59
20.1675 59
20.1738 59
20.1801 59
20.1864 59
20.1927 59
20.199 59
20.2053 59
20.2116 59
20.2179 59
20.2242 59
20.2305 59
20.2368 59
20.2431 59
20.2494 59
20.2557 59
20.262 59
20.2683 59
20.2746 59
20.2809 59
20.2872 59
20.2935 59
20.2998 59
20.3061 59
20.3125 59
20.3188 59
20.3251 59
20.3314 59
20.3377 59
20.344 59
20.3503 59
20.3566 59
20.3629 59
20.3692 59
20.3755 59
20.3818 59
20.3881 59
20.3944 59
20.4007 59
20.407 59
20.4133 59
20.4196 59
20.4259 59
20.4322 59
20.4385 60
20.4448 60
20.4511 60
20.4574 60
20.4637 60
20.4701 60
20.4764 60
20.4827 60
20.489 60
20.4953 60
20.5016 60
20.5079 60
20.5142 60
20.5205 60
20.5268 60
20.5331 60
20.5394 60
20.5457 60
20.552 60
20.5583 60
20.5646 60
20.5709 60
20.5772 60
20.5835 60
20.5898 60
20.5961 60
20.6024 60
20.6087 60
20.615 60
20.6213 60
20.6277 60
20.634 60
20.6403 60
20.6466 60
20.6529 60
20.6592 60
20.6655 60
20.6718 60
20.6781 60
20.6844 60
20.6907 60
20.697 60
20.7033 60
20.7096 60
20.7159 60
20.7222 60
20.7285 60
20.7348 60
20.7411 60
20.7474 60
20.7537 60
20.76 60
20.7663 60
20.7726 60
20.7789 60
20.7853 60
20.7916 60
20.7979 60
20.8042 60
20.8105 60
20.8168 60
20.8231 60
20.8294 61
20.8357 61
20.842 61
20.8483 61
20.8546 61
20.8609 61
20.8672 61
20.8735 61
20.8798 61
20.8861 61
20.8924 61
20.8987 61
20.905 61
20.9113 61
20.9176 61
20.9239 61
20.9302 61
20.9365 61
20.9429 61
20.9492 61
20.9555 61
20.9618 61
20.9681 61
20.9744 61
20.9807 61
20.987 61
20.9933 61
20.9996 61
21.0059 61
21.0122 61
21.0185 61
21.0248 61
21.0311 61
21.0374 61
21.0437 61
21.05 61
21.0563 61
21.0626 61
21.0689 61
21.0752 61
21.0815 61
21.0878 61
21.0941 61
21.1005 61
21.1068 61
21.1131 61
21.1194 61
21.1257 61
21.132 61
21.1383 61
21.1446 61
21.1509 61
21.1572 61
21.1635 61
21.1698 61
21.1761 61
21.1824 61
21.1887 61
21.195 61
21.2013 61
21.2076 61
21.2139 61
21.2202 61
21.2265 62
21.2328 62
21.2391 62
21.2454 62
21.2517 62
21.2581 62
21.2644 62
21.2707 62
21.277 62
21.2833 62
21.2896 62
21.2959 62
21.3022 62
21.3085 62
21.3148 62
21.3211 62
21.3274 62
21.3337 62
21.34 62
21.3463 62
21.3526 62
21.3589 62
21.3652 62
21.3715 62
21.3778 62
21.3841 62
21.3904 62
21.3967 62
21.403 62
21.4093 62
21.4157 62
21.422 62
21.4283 62
21.4346 62
21.4409 62
21.4472 62
21.4535 62
21.4598 62
21.4661 62
21.4724 62
21.4787 62
21.485 62
21.4913 62
21.4976 62
21.5039 62
21.5102 62
21.5165 62
21.5228 62
21.5291 62
21.5354 62
21.5417 62
21.548 62
21.5543 62
21.5606 62
21.5669 62
21.5733 62
21.5796 62
21.5859 62
21.5922 62
21.5985 62
21.6048 62
21.6111 62
21.6174 62
21.6237 62
21.63 63
21.6363 63
21.6426 63
21.6489 63
21.6552 63
21.6615 63
21.6678 63
21.6741 63
21.6804 63
21.6867 63
21.693 63
21.6993 63
21.7056 63
21.7119 63
21.7182 63
21.7245 63
21.7309 63
21.7372 63
21.7435 63
21.7498 63
21.7561 63
21.7624 63
21.7687 63
21.775 63
21.7813 63
21.7876 63
21.7939 63
21.8002 63
21.8065 63
21.8128 63
21.8191 63
21.8254 63
21.8317 63
21.838 63
21.8443 63
21.8506 63
21.8569 63
21.8632 63
21.8695 63
21.8758 63
21.8821 63
21.8885 63
21.8948 63
21.9011 63
21.9074 63
21.9137 63
21.92 63
21.9263 63
21.9326 63
21.9389 63
21.9452 63
21.9515 63
21.9578 63
21.9641 63
21.9704 63
21.9767 63
21.983 63
21.9893 63
21.9956 63
22.0019 63
22.0082 63
22.0145 63
22.0208 63
22.0271 63
22.0334 63
22.0397 64
22.0461 64
22.0524 64
22.0587 64
22.065 64
22.0713 64
22.0776 64
22.0839 64
22.0902 64
22.0965 64
22.1028 64
22.1091 64
22.1154 64
22.1217 64
22.128 64
22.1343 64
22.1406 64
22.1469 64
22.1532 64
22.1595 64
22.1658 64
22.1721 64
22.1784 64
22.1847 64
22.191 64
22.1973 64
22.2037 64
22.21 64
22.2163 64
22.2226 64
22.2289 64
22.2352 64
22.2415 64
22.2478 64
22.2541 64
22.2604 64
22.2667 64
22.273 64
22.2793 64
22.2856 64
22.2919 64
22.2982 64
22.3045 64
22.3108 64
22.3171 64
22.3234 64
22.3297 64
22.336 64
22.3423 64
22.3486 64
22.3549 64
22.3613 64
22.3676 64
22.3739 64
22.3802 64
22.3865 64
22.3928 64
22.3991 64
22.4054 64
22.4117 64
22.418 64
22.4243 64
22.4306 64
22.4369 64
22.4432 64
22.4495 65
22.4558 65
22.4621 65
22.4684 65
22.4747 65
22.481 65
22.4873 65
22.4936 65
22.4999 65
22.5062 65
22.5125 65
22.5189 65
22.5252 65
22.5315 65
22.5378 65
22.5441 65
22.5504 65
22.5567 65
22.563 65
22.5693 65
22.5756 65
22.5819 65
22.5882 65
22.5945 65
22.6008 65
22.6071 65
22.6134 65
22.6197 65
22.626 65
22.6323 65
22.6386 65
22.6449 65
22.6512 65
22.6575 65
22.6638 65
22.6701 65
22.6765 65
22.6828 65
22.6891 65
22.6954 65
22.7017 65
22.708 65
22.7143 65
22.7206 65
22.7269 65
22.7332 65
22.7395 65
22.7458 65
22.7521 65
22.7584 65
22.7647 65
22.771 65
22.7773 65
22.7836 65
22.7899 65
22.7962 65
22.8025 65
22.8088 65
22.8151 65
22.8214 65
22.8277 65
22.8341 65
22.8404 65
22.8467 65
22.853 65
22.8593 65
22.8656 65
22.8719 65
22.8782 66
22.8845 66
22.8908 66
22.8971 66
22.9034 66
22.9097 66
22.916 66
22.9223 66
22.9286 66
22.9349 66
22.9412 66
22.9475 66
22.9538 66
22.9601 66
22.9664 66
22.9727 66
22.979 66
22.9853 66
22.9917 66
22.998 66
23.0043 66
23.0106 66
23.0169 66
23.0232 66
23.0295 66
23.0358 66
23.0421 66
23.0484 66
23.0547 66
23.061 66
23.0673 66
23.0736 66
23.0799 66
23.0862 66
23.0925 66
23.0988 66
23.1051 66
23.1114 66
23.1177 66
23.124 66
23.1303 66
23.1366 66
23.1429 66
23.1493 66
23.1556 66
23.1619 66
23.1682 66
23.1745 66
23.1808 66
23.1871 66
23.1934 66
23.1997 66
23.206 66
23.2123 66
23.2186 66
23.2249 66
23.2312 66
23.2375 66
23.2438 66
23.2501 66
23.2564 66
23.2627 66
23.269 66
23.2753 66
23.2816 66
23.2879 66
23.2942 66
23.3005 66
23.3069 67
23.3132 67
23.3195 67
23.3258 67
23.3321 67
23.3384 67
23.3447 67
23.351 67
23.3573 67
23.3636 67
23.3699 67
23.3762 67
23.3825 67
23.3888 67
23.3951 67
23.4014 67
23.4077 67
23.414 67
23.4203 67
23.4266 67
23.4329 67
23.4392 67
23.4455 67
23.4518 67
23.4581 67
23.4645 67
23.4708 67
23.4771 67
23.4834 67
23.4897 67
23.496 67
23.5023 67
23.5086 67
23.5149 67
23.5212 67
23.5275 67
23.5338 67
23.5401 67
23.5464 67
23.5527 67
23.559 67
23.5653 67
23.5716 67
23.5779 67
23.5842 67
23.5905 67
23.5968 67
23.6031 67
23.6094 67
23.6157 67
23.6221 67
23.6284 67
23.6347 67
23.641 67
23.6473 67
23.6536 67
23.6599 67
23.6662 67
23.6725 67
23.6788 67
23.6851 67
23.6914 67
23.6977 67
23.704 67
23.7103 67
23.7166 67
23.7229 67
23.7292 67
23.7355 68
23.7418 68
23.7481 68
23.7544 68
23.7607 68
23.767 68
23.7733 68
23.7797 68
23.786 68
23.7923 68
23.7986 68
23.8049 68
23.8112 68
23.8175 68
23.8238 68
23.8301 68
23.8364 68
23.8427 68
23.849 68
23.8553 68
23.8616 68
23.8679 68
23.8742 68
23.8805 68
23.8868 68
23.8931 68
23.9181 33
24.3404 33
24.3593 33
24.3656 33
24.3719 33
24.3782 33
24.3845 33
24.3908 33
24.3971 33
24.4034 33
24.4097 33
24.416 33
24.4223 33
24.4286 33
24.4349 33
24.4412 33
24.4475 33
24.4538 33
24.4601 33
24.4664 33
24.4727 33
24.479 33
24.4853 33
24.4916 33
24.498 33
24.5043 33
24.5106 33
24.5169 33
24.5232 33
24.5295 33
24.5358 33
24.5421 33
24.5484 33
24.5547 33
24.561 34
24.5728 34
24.5791 34
24.5854 34
24.5917 34
24.5982 34
24.6045 34
24.6108 34
24.6171 34
24.6234 34
24.6297 34
24.636 34
24.6423 34
24.6486 34
24.6549 34
24.6612 34
24.6675 34
24.6738 34
24.6801 34
24.6864 34
24.6927 34
24.699 34
24.7053 34
24.7116 34
24.7179 34
24.7243 34
24.7306 34
24.7369 34
24.7432 34
24.7495 34
24.7558 34
24.7621 34
24.7684 34
24.7747 34
24.781 34
24.7873 35
24.7936 35
24.7999 35
24.8062 35
24.8125 35
24.8188 35
24.8251 35
24.8314 35
24.8377 35
24.844 35
24.8503 35
24.8566 35
24.8629 35
24.8692 35
24.8755 35
24.8819 35
24.8882 35
24.8945 35
24.9008 35
24.9071 35
24.9134 35
24.9197 35
24.926 35
24.9323 35
24.9386 35
24.9449 35
24.9512 35
24.9575 35
24.9638 35
24.9701 35
24.9764 35
24.9827 35
24.989 35
24.9953 35
