177.161 42
177.514 43
177.762 44
177.959 45
178.123 46
178.27 47
178.401 48
178.518 49
178.628 50
178.729 51
178.821 52
178.913 53
178.998 54
179.077 55
179.153 56
179.224 57
179.292 58
179.359 59
179.427 60
179.49 61
179.549 62
179.607 63
179.666 64
179.721 65
179.771 66
179.826 67
179.927 68
180.024 69
180.099 70
180.171 71
180.242 72
180.288 73
180.347 74
180.406 75
180.448 76
180.498 77
180.549 78
180.595 79
180.641 80
180.688 81
180.734 82
180.776 83
180.818 84
180.86 85
180.902 86
180.935 87
180.973 88
181.011 89
181.049 90
181.087 91
181.125 92
181.162 93
181.2 94
181.234 95
181.276 66
181.889 67
182.024 68
182.074 69
182.171 70
182.242 71
182.314 72
182.389 73
182.465 74
182.541 75
182.616 76
182.696 77
182.759 78
182.839 79
182.919 80
183.003 81
183.087 82
183.171 83
183.255 84
183.343 85
183.448 86
183.549 87
183.671 88
183.733 61
184.297 62
184.461 63
184.557 64
184.666 65
184.801 66
184.94 67
185.078 68
185.221 69
185.364 70
185.524 71
185.721 49
186.033 50
186.121 51
186.251 52
186.449 53
186.579 54
186.692 37
186.979 38
187.088 39
187.218 40
187.365 41
187.529 42
187.728 43
187.978 44
188.327 45
191.042 46
191.075 32
191.264 33
191.336 34
191.421 35
191.51 36
191.603 37
191.707 38
191.814 39
191.93 40
192.063 41
192.209 42
192.373 43
192.571 44
192.819 45
193.172 46
195.887 47
196.24 48
196.488 49
196.681 50
196.849 51
196.996 52
197.126 53
197.244 54
197.349 55
197.454 56
197.547 57
197.635 58
197.719 59
197.799 60
197.874 61
197.946 62
198.017 63
198.085 64
198.148 65
198.211 66
198.274 67
198.333 68
198.387 69
198.442 70
198.497 71
198.547 72
198.602 73
198.648 74
198.698 75
198.745 76
198.791 77
198.837 78
198.946 79
199.051 80
199.11 81
199.177 82
199.245 83
199.287 84
199.346 85
199.396 86
199.446 87
199.493 88
199.535 89
199.581 90
199.627 91
199.665 92
199.707 93
199.749 94
199.77 65
