175 3.83953
175.15 3.55925
175.3 3.64203
175.45 2.81429
175.6 3.31093
175.75 3.06261
175.9 3.80757
176.05 3.06261
176.2 2.4832
176.35 3.7248
176.5 2.89707
176.65 2.23488
176.8 3.80757
176.95 3.80757
177.1 2.15211
177.25 2.40043
177.4 4.55253
177.55 3.64203
177.7 1.73824
177.85 4.22144
178 3.39371
178.15 1.65547
178.3 5.13195
178.45 2.89707
178.6 2.31765
178.75 5.04917
178.9 2.06933
179.05 3.55925
179.2 3.80757
179.35 2.06933
179.5 5.04917
179.65 2.40043
179.8 3.39371
179.95 5.13195
180.1 3.31093
180.25 2.89707
180.4 4.71808
180.55 3.14539
180.7 2.97984
180.85 4.55253
181 2.4832
181.15 3.22816
181.3 3.80757
181.45 2.89707
181.6 3.97312
181.75 3.06261
181.9 2.73152
182.05 3.7248
182.2 3.14539
182.35 4.22144
182.5 4.05589
182.65 4.13867
182.8 3.31093
182.95 4.71808
183.1 4.30421
183.25 3.06261
183.4 4.46976
183.55 4.38699
183.7 3.97312
183.85 4.30421
184 4.13867
184.15 4.13867
184.3 5.04917
184.45 4.38699
184.6 4.13867
184.75 5.21472
184.9 4.38699
185.05 5.46304
185.2 4.80085
185.35 4.63531
185.5 4.80085
185.65 4.22144
185.8 5.13195
185.95 4.88363
186.1 3.97312
186.25 5.46304
186.4 4.71808
186.55 4.55253
186.7 5.13195
186.85 4.9664
187 4.30421
187.15 5.29749
187.3 5.29749
187.45 4.9664
187.6 4.88363
187.75 5.46304
187.9 4.71808
188.05 5.54581
188.2 4.88363
188.35 5.13195
188.5 5.13195
188.65 4.13867
188.8 4.46976
188.95 6.37355
189.1 4.80085
189.25 3.39371
189.4 5.04917
189.55 5.87691
189.7 3.22816
189.85 4.71808
190 5.87691
190.15 3.39371
190.3 5.04917
190.45 5.13195
190.6 3.80757
190.75 5.71136
190.9 3.7248
191.05 4.05589
191.2 6.12523
191.35 3.39371
191.5 5.04917
191.65 4.13867
191.8 4.22144
191.95 5.95968
192.1 3.55925
192.25 4.46976
192.4 4.55253
192.55 5.04917
192.7 5.13195
192.85 3.55925
193 4.38699
193.15 4.55253
193.3 5.04917
193.45 4.9664
193.6 4.05589
193.75 4.88363
193.9 4.88363
194.05 4.71808
194.2 4.46976
194.35 4.55253
194.5 4.80085
194.65 6.208
194.8 5.71136
194.95 6.29077
195.1 5.29749
195.25 6.29077
195.4 6.04245
195.55 5.38027
195.7 6.37355
195.85 5.79413
196 5.13195
196.15 6.62187
196.3 5.71136
196.45 6.04245
196.6 6.45632
196.75 6.29077
196.9 6.12523
197.05 6.45632
197.2 6.78741
197.35 6.29077
197.5 7.36683
197.65 6.53909
197.8 4.63531
197.95 8.19456
198.1 7.36683
198.25 4.05589
198.4 6.78741
198.55 8.36011
198.7 4.46976
198.85 6.87019
199 7.69792
199.15 5.29749
199.3 7.94624
199.45 6.37355
199.6 6.29077
199.75 8.11179
199.9 5.95968
