175 0.735529
175.15 4.63531
175.3 0.0827733
175.45 0
175.6 0
175.75 0
175.9 0
176.05 0
176.2 0
176.35 0
176.5 0
176.65 6.62187
176.8 1.73824
176.95 0
177.1 0
177.25 0
177.4 0
177.55 0
177.7 0
177.85 0
178 0
178.15 3.47648
178.3 1.57269
178.45 0
178.6 0
178.75 0
178.9 0
179.05 0
179.2 0
179.35 0
179.5 0
179.65 3.06261
179.8 2.06933
179.95 0
180.1 0
180.25 0
180.4 0
180.55 0
180.7 0
180.85 0
181 0
181.15 3.64203
181.3 2.81429
181.45 0
181.6 0
181.75 0
181.9 0
182.05 0
182.2 0
182.35 0
182.5 0
182.65 4.63531
182.8 2.40043
182.95 0
183.1 0
183.25 0
183.4 0
183.55 0
183.7 0
183.85 0
184 0
184.15 4.22144
184.3 3.06261
184.45 0
184.6 0
184.75 0
184.9 0
185.05 0
185.2 0
185.35 0
185.5 0
185.65 3.22816
185.8 4.13867
185.95 0
186.1 0
186.25 0
186.4 0
186.55 0
186.7 0
186.85 0
187 0
187.15 2.06933
187.3 3.47648
187.45 0
187.6 0
187.75 0
187.9 0
188.05 0
188.2 0
188.35 0
188.5 0
188.65 2.15211
188.8 4.38699
188.95 0
189.1 0
189.25 0
189.4 0
189.55 0
189.7 0
189.85 0
190 0
190.15 2.40043
190.3 3.22816
190.45 0
190.6 0
190.75 0
190.9 0
191.05 0
191.2 0
191.35 0
191.5 0
191.65 1.98656
191.8 3.22816
191.95 0
192.1 0
192.25 0
192.4 0
192.55 0
192.7 0
192.85 0
193 0
193.15 2.73152
193.3 3.39371
193.45 0
193.6 0
193.75 0
193.9 0
194.05 0
194.2 0
194.35 0
194.5 0
194.65 2.81429
194.8 3.14539
194.95 0
195.1 0
195.25 0
195.4 0
195.55 0
195.7 0
195.85 0
196 0
196.15 2.81429
196.3 2.4832
196.45 0
196.6 0
196.75 0
196.9 0
197.05 0
197.2 0
197.35 0
197.5 0
197.65 1.65547
197.8 2.23488
197.95 0
198.1 0
198.25 0
198.4 0
198.55 0
198.7 0
198.85 0
199 0
199.15 1.73824
199.3 1.65547
199.45 0
199.6 0
199.75 0
199.9 0
