175 2.30023
175.2 3.7248
175.4 2.85568
175.6 2.60736
175.8 3.84896
176 2.97984
176.2 2.66944
176.4 2.85568
176.6 3.66272
176.8 2.91776
177 2.60736
177.2 2.91776
177.4 3.22816
177.6 2.97984
177.8 2.7936
178 2.54528
178.2 2.4832
178.4 2.91776
178.6 2.4832
178.8 2.54528
179 3.29024
179.2 2.42112
179.4 2.42112
179.6 3.04192
179.8 2.97984
180 2.66944
180.2 2.73152
180.4 2.7936
180.6 3.104
180.8 2.7936
181 3.29024
181.2 3.16608
181.4 3.29024
181.6 2.7936
181.8 2.7936
182 3.22816
182.2 3.04192
182.4 3.4144
182.6 3.66272
182.8 2.91776
183 2.85568
183.2 2.7936
183.4 2.91776
183.6 2.85568
183.8 2.7936
184 2.97984
184.2 2.91776
184.4 2.91776
184.6 2.7936
184.8 2.73152
185 2.66944
185.2 2.97984
185.4 2.66944
185.6 3.29024
185.8 2.73152
186 2.4832
186.2 2.91776
186.4 3.16608
186.6 2.97984
186.8 2.7936
187 2.91776
187.2 2.66944
187.4 3.104
187.6 2.66944
187.8 2.97984
188 2.35904
188.2 2.54528
188.4 2.4832
188.6 3.04192
188.8 2.7936
189 2.66944
189.2 2.97984
189.4 2.35904
189.6 2.35904
189.8 2.54528
190 2.35904
190.2 2.29696
190.4 2.85568
190.6 2.23488
190.8 2.35904
191 2.73152
191.2 2.91776
191.4 2.35904
191.6 2.29696
191.8 2.29696
192 2.29696
192.2 1.92448
192.4 2.73152
192.6 1.92448
192.8 2.35904
193 2.11072
193.2 2.7936
193.4 2.11072
193.6 1.98656
193.8 1.98656
194 1.92448
194.2 2.04864
194.4 1.80032
194.6 2.1728
194.8 2.35904
195 2.1728
195.2 2.4832
195.4 1.8624
195.6 2.29696
195.8 2.42112
196 1.98656
196.2 2.1728
196.4 2.23488
196.6 2.23488
196.8 2.29696
197 2.11072
197.2 1.98656
197.4 1.98656
197.6 2.1728
197.8 2.97984
198 2.7936
198.2 1.98656
198.4 2.7936
198.6 2.11072
198.8 2.4832
199 2.29696
199.2 2.35904
199.4 2.23488
199.6 1.73824
199.8 2.04864
