175 2.27199
175.2 1.30368
175.4 1.36576
175.6 1.36576
175.8 1.36576
176 1.36576
176.2 1.36576
176.4 1.2416
176.6 1.11744
176.8 1.05536
177 1.36576
177.2 1.36576
177.4 1.36576
177.6 0.68288
177.8 1.36576
178 1.42784
178.2 1.30368
178.4 0.86912
178.6 1.552
178.8 1.2416
179 2.11072
179.2 1.42784
179.4 1.30368
179.6 1.98656
179.8 2.1728
180 2.11072
180.2 1.552
180.4 2.73152
180.6 2.97984
180.8 2.42112
181 2.54528
181.2 3.78688
181.4 4.0352
181.6 2.85568
181.8 2.60736
182 3.104
182.2 3.35232
182.4 3.22816
182.6 2.91776
182.8 3.16608
183 3.91104
183.2 2.66944
183.4 3.04192
183.6 4.15936
183.8 3.66272
184 3.16608
184.2 3.91104
184.4 2.97984
184.6 3.22816
184.8 2.35904
185 3.16608
185.2 3.35232
185.4 2.7936
185.6 3.29024
185.8 3.60064
186 1.80032
186.2 3.7248
186.4 3.04192
186.6 2.7936
186.8 2.35904
187 2.1728
187.2 2.29696
187.4 2.60736
187.6 3.04192
187.8 3.104
188 2.60736
188.2 2.66944
188.4 3.104
188.6 2.1728
188.8 2.54528
189 2.42112
189.2 3.104
189.4 2.60736
189.6 2.66944
189.8 2.91776
190 1.98656
190.2 2.42112
190.4 2.29696
190.6 2.35904
190.8 2.1728
191 2.29696
191.2 2.73152
191.4 2.04864
191.6 2.85568
191.8 2.35904
192 2.23488
192.2 2.42112
192.4 2.35904
192.6 2.04864
192.8 1.98656
193 2.35904
193.2 2.23488
193.4 2.29696
193.6 2.29696
193.8 1.8624
194 1.67616
194.2 2.42112
194.4 2.60736
194.6 2.4832
194.8 2.29696
195 2.54528
195.2 2.29696
195.4 2.35904
195.6 2.54528
195.8 2.4832
196 1.8624
196.2 1.36576
196.4 2.42112
196.6 2.11072
196.8 2.66944
197 2.73152
197.2 1.80032
197.4 1.67616
197.6 2.60736
197.8 2.04864
198 2.23488
198.2 2.04864
198.4 2.1728
198.6 2.60736
198.8 2.66944
199 1.36576
199.2 2.54528
199.4 2.35904
199.6 1.92448
199.8 1.98656
