175 4.24344
175.15 3.22816
175.3 3.31093
175.45 3.64203
175.6 2.81429
175.75 3.89035
175.9 2.81429
176.05 2.89707
176.2 3.14539
176.35 3.7248
176.5 3.06261
176.65 2.81429
176.8 2.73152
176.95 2.81429
177.1 2.81429
177.25 2.23488
177.4 3.31093
177.55 2.73152
177.7 2.73152
177.85 3.31093
178 2.97984
178.15 2.97984
178.3 2.97984
178.45 2.97984
178.6 2.73152
178.75 2.97984
178.9 3.39371
179.05 3.31093
179.2 2.97984
179.35 2.81429
179.5 3.64203
179.65 3.22816
179.8 2.81429
179.95 3.06261
180.1 3.64203
180.25 3.22816
180.4 2.89707
180.55 2.81429
180.7 2.81429
180.85 3.22816
181 2.56597
181.15 3.06261
181.3 2.56597
181.45 2.81429
181.6 2.73152
181.75 2.89707
181.9 3.39371
182.05 3.14539
182.2 3.06261
182.35 2.73152
182.5 2.73152
182.65 3.14539
182.8 2.89707
182.95 3.89035
183.1 3.14539
183.25 2.81429
183.4 2.89707
183.55 2.97984
183.7 3.22816
183.85 3.06261
184 3.22816
184.15 3.06261
184.3 3.55925
184.45 2.64875
184.6 2.40043
184.75 3.06261
184.9 3.7248
185.05 2.89707
185.2 3.47648
185.35 3.39371
185.5 2.56597
185.65 3.14539
185.8 3.64203
185.95 3.06261
186.1 3.14539
186.25 2.97984
186.4 2.81429
186.55 3.31093
186.7 2.97984
186.85 3.7248
187 2.89707
187.15 3.22816
187.3 3.55925
187.45 3.55925
187.6 3.7248
187.75 3.14539
187.9 2.97984
188.05 3.14539
188.2 3.22816
188.35 3.39371
188.5 3.22816
188.65 3.22816
188.8 2.81429
188.95 2.23488
189.1 2.40043
189.25 2.81429
189.4 3.39371
189.55 2.56597
189.7 2.73152
189.85 2.64875
190 2.64875
190.15 2.81429
190.3 2.97984
190.45 2.97984
190.6 2.97984
190.75 2.89707
190.9 2.89707
191.05 2.89707
191.2 2.97984
191.35 2.89707
191.5 2.4832
191.65 2.81429
191.8 2.73152
191.95 2.73152
192.1 2.4832
192.25 2.81429
192.4 2.40043
192.55 2.40043
192.7 2.31765
192.85 2.56597
193 2.40043
193.15 2.56597
193.3 2.73152
193.45 2.97984
193.6 2.40043
193.75 2.73152
193.9 2.23488
194.05 2.06933
194.2 2.64875
194.35 2.56597
194.5 2.56597
194.65 2.89707
194.8 2.4832
194.95 2.15211
195.1 3.06261
195.25 2.97984
195.4 2.23488
195.55 2.73152
195.7 2.31765
195.85 2.31765
196 2.31765
196.15 2.06933
196.3 1.90379
196.45 2.64875
196.6 2.4832
196.75 1.90379
196.9 2.15211
197.05 2.31765
197.2 2.56597
197.35 3.55925
197.5 3.64203
197.65 3.06261
197.8 2.89707
197.95 3.80757
198.1 2.56597
198.25 2.73152
198.4 3.31093
198.55 3.22816
198.7 2.31765
198.85 2.73152
199 2.89707
199.15 2.81429
199.3 3.14539
199.45 2.31765
199.6 2.73152
199.75 2.40043
199.9 2.89707
