175.294 7
175.35 8
175.357 9
175.577 6
175.628 7
175.729 4
175.767 5
175.917 3
175.946 4
177.531 2
177.56 3
177.583 4
180.407 5
180.96 6
181.206 7
181.401 8
181.565 9
181.711 10
181.843 11
181.963 12
182.051 8
182.12 9
182.297 10
182.543 11
182.896 12
185.606 13
185.959 14
186.212 15
186.407 16
186.571 17
186.716 18
186.848 19
186.968 20
187.075 21
187.176 22
187.271 23
187.359 24
187.441 25
187.523 26
187.598 27
187.674 28
187.743 29
187.807 30
187.876 31
187.939 32
188.002 22
188.197 23
188.273 24
188.386 25
188.5 26
188.632 27
188.777 28
188.941 29
189.143 30
189.389 31
189.742 32
192.459 33
192.805 34
193.058 35
193.253 36
193.417 37
193.562 38
193.694 39
193.719 27
193.959 28
194.022 29
194.117 30
194.218 31
194.331 32
194.445 33
194.577 34
194.722 35
194.892 36
195.088 37
195.333 38
195.686 39
198.404 40
198.757 41
199.002 42
199.198 43
199.362 44
199.507 45
199.639 46
199.708 32
199.992 33
