175.03 36
175.351 37
175.427 38
175.566 26
175.799 27
175.912 18
176.076 19
176.234 20
176.479 21
176.832 22
176.984 15
177.116 16
177.205 17
177.35 18
177.52 19
177.564 13
177.765 14
177.974 15
178.207 10
178.295 11
178.604 12
181.321 13
181.674 14
181.92 15
182.115 16
182.286 17
182.431 18
182.563 19
182.676 20
182.79 21
182.891 22
182.954 15
183.086 16
183.174 17
183.319 18
183.49 19
183.685 20
183.931 21
184.284 22
187.001 23
187.215 16
188.354 1
188.413 171
188.439 172
188.452 173
188.458 174
188.464 175
188.471 176
188.477 177
188.483 178
188.489 179
188.496 180
188.502 181
188.508 182
188.515 183
188.521 184
188.527 185
188.534 186
188.54 187
188.546 188
188.553 189
188.559 190
188.565 191
188.571 192
188.578 193
188.584 194
188.59 195
188.597 196
188.603 197
188.609 198
188.616 199
188.622 200
188.628 201
188.634 202
188.641 203
188.647 204
188.653 205
188.66 206
188.666 207
188.672 208
188.679 209
188.685 210
188.691 211
188.698 212
188.704 213
188.71 214
188.716 215
188.723 216
188.729 217
188.735 218
188.742 219
188.748 220
188.773 154
190.107 1
190.126 2
190.145 3
190.151 4
190.163 5
190.169 6
190.176 7
190.182 8
190.188 9
190.195 10
190.201 11
190.207 12
190.214 13
190.22 14
190.226 15
190.232 16
190.239 17
190.245 18
190.251 19
190.258 20
190.264 21
190.27 22
190.277 23
190.283 24
190.289 25
190.296 26
190.303 27
190.309 28
190.315 29
190.322 30
190.328 31
190.334 32
190.341 33
190.347 34
190.353 35
190.36 36
190.366 37
190.372 38
190.379 39
190.385 40
190.391 41
190.398 42
190.404 43
190.411 44
190.417 45
190.424 46
190.43 47
190.436 48
190.443 49
190.449 50
190.456 51
190.462 52
190.468 53
190.474 54
190.481 63
190.487 65
190.493 67
190.5 69
190.506 71
190.513 73
190.519 75
190.525 77
190.532 79
190.538 81
190.544 83
190.551 85
190.557 87
190.563 89
190.57 91
190.576 93
190.582 95
190.589 97
190.595 99
190.602 101
190.608 103
190.615 105
190.621 107
190.627 108
190.634 109
190.64 110
190.646 111
190.653 112
190.659 113
190.665 114
190.672 115
190.678 116
190.685 117
190.691 118
190.697 119
190.704 120
190.71 121
190.716 122
190.723 123
190.729 124
190.735 125
190.742 126
190.748 127
190.754 128
190.76 129
190.767 130
191.798 1
191.828 5
191.854 9
191.86 10
191.866 11
191.873 12
191.88 13
191.886 15
191.892 23
191.898 26
191.905 29
191.911 32
191.917 35
191.924 38
191.93 41
191.936 44
191.943 47
191.949 50
191.956 53
191.962 56
191.968 59
191.974 62
191.981 65
191.987 68
191.993 71
192 74
192.006 77
192.012 80
192.019 83
192.025 86
192.031 128
192.05 129
192.176 130
192.321 91
193.655 1
193.802 2
193.827 4
193.833 5
193.852 6
193.858 8
193.864 9
193.871 10
193.877 12
193.883 13
193.89 14
193.896 16
193.902 17
193.909 18
193.916 20
193.922 21
193.928 22
193.935 24
193.941 25
193.948 26
193.954 28
193.96 29
193.967 30
193.973 31
193.979 32
193.985 33
193.992 34
193.998 35
194.004 36
194.011 37
194.017 38
194.023 39
194.03 40
194.036 41
194.042 42
194.049 46
194.055 67
194.067 68
194.193 69
194.319 70
194.414 49
195.038 50
195.044 51
195.088 52
195.195 53
195.296 37
196.271 1
196.495 2
196.519 3
196.526 4
196.545 5
196.551 6
196.557 7
196.564 8
196.57 9
196.577 10
196.583 11
196.589 12
196.596 13
196.602 14
196.608 15
196.614 16
196.621 17
196.627 18
196.633 19
196.64 20
196.646 21
196.652 22
196.659 23
196.665 24
196.671 25
196.722 26
196.848 27
196.974 28
197.101 29
197.227 30
197.265 21
198.239 1
198.391 2
198.415 3
198.421 4
198.439 5
198.445 6
198.451 7
198.458 8
198.464 9
198.47 10
198.477 11
198.483 12
198.489 13
198.495 14
198.609 15
198.736 16
198.862 17
198.988 18
199.115 19
199.242 20
199.368 21
199.494 22
199.62 23
199.746 24
199.872 25
199.998 26
