175.072 2
175.101 3
175.358 2
175.39 3
176.204 2
176.235 3
177.722 2
177.756 3
178.313 4
179.095 2
179.134 3
179.468 4
179.557 2
179.591 3
179.922 4
181.216 2
181.25 3
181.277 4
182.489 2
182.523 3
182.823 2
183.348 3
184.547 4
184.793 5
184.986 6
185.153 7
185.286 4
185.323 5
185.549 6
185.754 4
185.789 5
185.954 3
185.986 4
186.317 5
187.499 6
188 4
188.032 5
188.36 6
189.618 4
189.656 5
189.751 3
189.779 4
190.171 2
190.198 3
190.218 4
191.75 2
191.785 3
192.053 2
192.148 3
192.977 2
193.012 3
194.541 4
195.049 2
195.084 3
195.415 4
195.519 2
195.565 3
195.898 4
196.829 2
196.864 3
197.196 4
197.33 2
197.369 3
197.49 2
197.52 3
199.211 4
199.465 2
199.499 3
199.826 4
