177.215 5
177.567 6
177.726 4
177.814 5
178.083 6
178.517 4
178.603 5
178.871 6
178.972 4
179.055 5
179.197 3
179.285 4
179.317 5
180.514 3
181.453 1
181.629 2
181.716 3
181.722 4
181.804 5
181.81 6
181.817 7
181.823 8
182.009 9
182.203 10
182.298 7
182.385 8
182.473 5
182.56 6
182.743 4
182.831 5
182.92 3
183.259 4
183.352 2
183.441 3
183.709 4
184.925 2
185.362 3
185.631 4
186.959 2
187.045 3
187.314 4
188.269 2
188.356 3
188.695 4
189.74 2
189.828 3
190.098 4
190.644 2
190.73 3
190.891 4
191.166 2
191.254 3
191.592 4
191.781 2
191.875 3
192.058 2
194.762 3
195.112 4
195.464 2
195.638 3
195.905 4
197.311 2
197.749 3
198.02 4
198.721 2
199.073 3
199.342 4
