175 0.758587
175.2 0.55872
175.4 0.86912
175.6 0.80704
175.8 0.6208
176 0.9312
176.2 0.80704
176.4 0.49664
176.6 0.6208
176.8 0.68288
177 0.49664
177.2 0.43456
177.4 0.68288
177.6 0.6208
177.8 0.43456
178 0.68288
178.2 0.6208
178.4 0.43456
178.6 0.55872
178.8 0.6208
179 0.55872
179.2 0.43456
179.4 0.6208
179.6 0.68288
179.8 0.55872
180 0.49664
180.2 0.6208
180.4 0.68288
180.6 0.49664
180.8 0.86912
181 0.80704
181.2 0.55872
181.4 0.55872
181.6 0.55872
181.8 0.43456
182 0.86912
182.2 0.68288
182.4 0.55872
182.6 0.80704
182.8 0.74496
183 0.68288
183.2 0.55872
183.4 0.68288
183.6 0.55872
183.8 0.49664
184 0.80704
184.2 0.74496
184.4 0.49664
184.6 0.6208
184.8 0.68288
185 0.49664
185.2 0.74496
185.4 0.6208
185.6 0.43456
185.8 0.6208
186 0.80704
186.2 0.68288
186.4 0.55872
186.6 0.99328
186.8 0.68288
187 0.6208
187.2 0.86912
187.4 0.74496
187.6 0.55872
187.8 0.86912
188 0.68288
188.2 0.37248
188.4 0.74496
188.6 0.6208
188.8 0.6208
189 0.74496
189.2 0.80704
189.4 0.6208
189.6 0.43456
189.8 0.80704
190 0.55872
190.2 0.55872
190.4 0.86912
190.6 0.80704
190.8 0.55872
191 0.74496
191.2 0.80704
191.4 0.68288
191.6 0.55872
191.8 0.74496
192 0.80704
192.2 0.68288
192.4 0.68288
192.6 0.86912
192.8 0.68288
193 0.80704
193.2 0.99328
193.4 0.80704
193.6 0.9312
193.8 1.11744
194 1.2416
194.2 1.05536
194.4 1.61408
194.6 1.73824
194.8 1.73824
195 1.73824
195.2 1.42784
195.4 1.42784
195.6 1.17952
195.8 1.05536
196 1.17952
196.2 1.17952
196.4 1.11744
196.6 0.9312
196.8 1.05536
197 0.37248
197.2 0.12416
197.4 0.24832
197.6 0.49664
197.8 1.11744
198 1.05536
198.2 1.11744
198.4 0.99328
198.6 1.2416
198.8 1.30368
199 1.17952
199.2 1.30368
199.4 1.36576
199.6 1.30368
199.8 1.2416
