175 24.0629
175.01 90.6368
175.02 90.6368
175.03 98.0864
175.04 95.6032
175.05 100.57
175.06 94.3616
175.07 95.6032
175.08 98.0864
175.09 99.328
175.1 104.294
175.11 95.6032
175.12 101.811
175.13 96.8448
175.14 103.053
175.15 96.8448
175.16 91.8784
175.17 95.6032
175.18 95.6032
175.19 101.811
175.2 100.57
175.21 94.3616
175.22 103.053
175.23 94.3616
175.24 96.8448
175.25 99.328
175.26 99.328
175.27 104.294
175.28 93.12
175.29 99.328
175.3 89.3952
175.31 98.0864
175.32 98.0864
175.33 93.12
175.34 101.811
175.35 95.6032
175.36 98.0864
175.37 96.8448
175.38 99.328
175.39 104.294
175.4 90.6368
175.41 100.57
175.42 101.811
175.43 98.0864
175.44 101.811
175.45 96.8448
175.46 100.57
175.47 96.8448
175.48 96.8448
175.49 101.811
175.5 95.6032
175.51 100.57
175.52 96.8448
175.53 94.3616
175.54 100.57
175.55 98.0864
175.56 99.328
175.57 94.3616
175.58 98.0864
175.59 86.912
175.6 96.8448
175.61 96.8448
175.62 99.328
175.63 98.0864
175.64 96.8448
175.65 98.0864
175.66 96.8448
175.67 99.328
175.68 101.811
175.69 94.3616
175.7 101.811
175.71 99.328
175.72 98.0864
175.73 100.57
175.74 100.57
175.75 98.0864
175.76 93.12
175.77 94.3616
175.78 98.0864
175.79 96.8448
175.8 96.8448
175.81 93.12
175.82 99.328
175.83 98.0864
175.84 94.3616
175.85 105.536
175.86 99.328
175.87 100.57
175.88 96.8448
175.89 99.328
175.9 101.811
175.91 99.328
175.92 96.8448
175.93 96.8448
175.94 96.8448
175.95 96.8448
175.96 96.8448
175.97 101.811
175.98 95.6032
175.99 99.328
176 98.0864
176.01 100.57
176.02 100.57
176.03 98.0864
176.04 91.8784
176.05 93.12
176.06 99.328
176.07 93.12
176.08 100.57
176.09 96.8448
176.1 90.6368
176.11 99.328
176.12 100.57
176.13 93.12
176.14 105.536
176.15 96.8448
176.16 101.811
176.17 99.328
176.18 95.6032
176.19 101.811
176.2 103.053
176.21 99.328
176.22 94.3616
176.23 98.0864
176.24 96.8448
176.25 99.328
176.26 100.57
176.27 96.8448
176.28 99.328
176.29 99.328
176.3 95.6032
176.31 100.57
176.32 90.6368
176.33 98.0864
176.34 94.3616
176.35 99.328
176.36 103.053
176.37 94.3616
176.38 101.811
176.39 96.8448
176.4 93.12
176.41 106.778
176.42 94.3616
176.43 105.536
176.44 95.6032
176.45 99.328
176.46 95.6032
176.47 95.6032
176.48 99.328
176.49 90.6368
176.5 104.294
176.51 95.6032
176.52 95.6032
176.53 99.328
176.54 91.8784
176.55 104.294
176.56 100.57
176.57 96.8448
176.58 103.053
176.59 99.328
176.6 99.328
176.61 88.1536
176.62 93.12
176.63 93.12
176.64 99.328
176.65 94.3616
176.66 100.57
176.67 86.912
176.68 103.053
176.69 103.053
176.7 89.3952
176.71 109.261
176.72 93.12
176.73 103.053
176.74 100.57
176.75 99.328
176.76 99.328
176.77 96.8448
176.78 99.328
176.79 93.12
176.8 100.57
176.81 93.12
176.82 103.053
176.83 100.57
176.84 93.12
176.85 98.0864
176.86 98.0864
176.87 100.57
176.88 100.57
176.89 99.328
176.9 96.8448
176.91 96.8448
176.92 96.8448
176.93 96.8448
176.94 95.6032
176.95 101.811
176.96 98.0864
176.97 96.8448
176.98 98.0864
176.99 94.3616
177 101.811
177.01 101.811
177.02 95.6032
177.03 101.811
177.04 96.8448
177.05 95.6032
177.06 98.0864
177.07 93.12
177.08 99.328
177.09 95.6032
177.1 91.8784
177.11 101.811
177.12 100.57
177.13 94.3616
177.14 103.053
177.15 95.6032
177.16 101.811
177.17 99.328
177.18 100.57
177.19 99.328
177.2 98.0864
177.21 96.8448
177.22 98.0864
177.23 98.0864
177.24 101.811
177.25 96.8448
177.26 99.328
177.27 98.0864
177.28 99.328
177.29 98.0864
177.3 99.328
177.31 98.0864
177.32 96.8448
177.33 98.0864
177.34 94.3616
177.35 99.328
177.36 100.57
177.37 99.328
177.38 98.0864
177.39 96.8448
177.4 98.0864
177.41 100.57
177.42 98.0864
177.43 98.0864
177.44 101.811
177.45 96.8448
177.46 96.8448
177.47 98.0864
177.48 94.3616
177.49 93.12
177.5 96.8448
177.51 99.328
177.52 96.8448
177.53 96.8448
177.54 99.328
177.55 94.3616
177.56 96.8448
177.57 101.811
177.58 101.811
177.59 94.3616
177.6 103.053
177.61 98.0864
177.62 99.328
177.63 100.57
177.64 93.12
177.65 101.811
177.66 101.811
177.67 95.6032
177.68 100.57
177.69 98.0864
177.7 96.8448
177.71 100.57
177.72 98.0864
177.73 95.6032
177.74 100.57
177.75 99.328
177.76 95.6032
177.77 98.0864
177.78 91.8784
177.79 95.6032
177.8 103.053
177.81 94.3616
177.82 98.0864
177.83 98.0864
177.84 96.8448
177.85 96.8448
177.86 99.328
177.87 105.536
177.88 96.8448
177.89 100.57
177.9 98.0864
177.91 96.8448
177.92 89.3952
177.93 93.12
177.94 94.3616
177.95 95.6032
177.96 96.8448
177.97 94.3616
177.98 98.0864
177.99 99.328
178 98.0864
178.01 95.6032
178.02 100.57
178.03 100.57
178.04 101.811
178.05 95.6032
178.06 101.811
178.07 96.8448
178.08 94.3616
178.09 106.778
178.1 96.8448
178.11 99.328
178.12 101.811
178.13 96.8448
178.14 91.8784
178.15 100.57
178.16 96.8448
178.17 94.3616
178.18 103.053
178.19 98.0864
178.2 91.8784
178.21 98.0864
178.22 100.57
178.23 99.328
178.24 99.328
178.25 99.328
178.26 96.8448
178.27 100.57
178.28 99.328
178.29 98.0864
178.3 96.8448
178.31 98.0864
178.32 100.57
178.33 96.8448
178.34 100.57
178.35 95.6032
178.36 96.8448
178.37 98.0864
178.38 100.57
178.39 96.8448
178.4 101.811
178.41 94.3616
178.42 99.328
178.43 98.0864
178.44 99.328
178.45 98.0864
178.46 98.0864
178.47 99.328
178.48 94.3616
178.49 101.811
178.5 96.8448
178.51 95.6032
178.52 98.0864
178.53 96.8448
178.54 99.328
178.55 96.8448
178.56 101.811
178.57 96.8448
178.58 99.328
178.59 99.328
178.6 98.0864
178.61 100.57
178.62 98.0864
178.63 95.6032
178.64 96.8448
178.65 95.6032
178.66 94.3616
178.67 96.8448
178.68 98.0864
178.69 100.57
178.7 95.6032
178.71 95.6032
178.72 100.57
178.73 100.57
178.74 99.328
178.75 100.57
178.76 96.8448
178.77 99.328
178.78 101.811
178.79 94.3616
178.8 94.3616
178.81 101.811
178.82 94.3616
178.83 96.8448
178.84 98.0864
178.85 103.053
178.86 94.3616
178.87 101.811
178.88 96.8448
178.89 99.328
178.9 99.328
178.91 96.8448
178.92 96.8448
178.93 96.8448
178.94 94.3616
178.95 94.3616
178.96 96.8448
178.97 99.328
178.98 99.328
178.99 95.6032
179 100.57
179.01 98.0864
179.02 101.811
179.03 99.328
179.04 93.12
179.05 94.3616
179.06 93.12
179.07 98.0864
179.08 96.8448
179.09 98.0864
179.1 95.6032
179.11 96.8448
179.12 103.053
179.13 91.8784
179.14 106.778
179.15 95.6032
179.16 101.811
179.17 98.0864
179.18 96.8448
179.19 86.912
179.2 101.811
179.21 101.811
179.22 90.6368
179.23 98.0864
179.24 96.8448
179.25 94.3616
179.26 104.294
179.27 103.053
179.28 94.3616
179.29 101.811
179.3 95.6032
179.31 103.053
179.32 96.8448
179.33 103.053
179.34 99.328
179.35 94.3616
179.36 95.6032
179.37 95.6032
179.38 98.0864
179.39 93.12
179.4 99.328
179.41 101.811
179.42 93.12
179.43 100.57
179.44 98.0864
179.45 96.8448
179.46 103.053
179.47 98.0864
179.48 100.57
179.49 95.6032
179.5 98.0864
179.51 100.57
179.52 93.12
179.53 100.57
179.54 94.3616
179.55 96.8448
179.56 101.811
179.57 94.3616
179.58 99.328
179.59 100.57
179.6 100.57
179.61 98.0864
179.62 99.328
179.63 96.8448
179.64 95.6032
179.65 99.328
179.66 96.8448
179.67 100.57
179.68 90.6368
179.69 99.328
179.7 100.57
179.71 95.6032
179.72 103.053
179.73 96.8448
179.74 100.57
179.75 99.328
179.76 94.3616
179.77 103.053
179.78 91.8784
179.79 101.811
179.8 93.12
179.81 95.6032
179.82 98.0864
179.83 95.6032
179.84 93.12
179.85 100.57
179.86 100.57
179.87 96.8448
179.88 101.811
179.89 100.57
179.9 99.328
179.91 99.328
179.92 100.57
179.93 93.12
179.94 100.57
179.95 96.8448
179.96 94.3616
179.97 99.328
179.98 96.8448
179.99 96.8448
180 101.811
180.01 99.328
180.02 95.6032
180.03 98.0864
180.04 100.57
180.05 99.328
180.06 96.8448
180.07 101.811
180.08 99.328
180.09 99.328
180.1 94.3616
180.11 94.3616
180.12 98.0864
180.13 99.328
180.14 100.57
180.15 98.0864
180.16 96.8448
180.17 99.328
180.18 98.0864
180.19 99.328
180.2 98.0864
180.21 100.57
180.22 96.8448
180.23 95.6032
180.24 99.328
180.25 101.811
180.26 89.3952
180.27 98.0864
180.28 98.0864
180.29 99.328
180.3 100.57
180.31 94.3616
180.32 101.811
180.33 98.0864
180.34 94.3616
180.35 99.328
180.36 104.294
180.37 101.811
180.38 98.0864
180.39 96.8448
180.4 93.12
180.41 93.12
180.42 99.328
180.43 103.053
180.44 98.0864
180.45 99.328
180.46 96.8448
180.47 98.0864
180.48 99.328
180.49 100.57
180.5 99.328
180.51 98.0864
180.52 98.0864
180.53 95.6032
180.54 100.57
180.55 93.12
180.56 91.8784
180.57 94.3616
180.58 100.57
180.59 96.8448
180.6 100.57
180.61 96.8448
180.62 99.328
180.63 98.0864
180.64 94.3616
180.65 100.57
180.66 103.053
180.67 100.57
180.68 98.0864
180.69 96.8448
180.7 98.0864
180.71 98.0864
180.72 94.3616
180.73 96.8448
180.74 99.328
180.75 95.6032
180.76 94.3616
180.77 105.536
180.78 93.12
180.79 100.57
180.8 104.294
180.81 91.8784
180.82 105.536
180.83 98.0864
180.84 95.6032
180.85 89.3952
180.86 98.0864
180.87 91.8784
180.88 93.12
180.89 109.261
180.9 94.3616
180.91 98.0864
180.92 99.328
180.93 91.8784
180.94 105.536
180.95 98.0864
180.96 100.57
180.97 101.811
180.98 90.6368
180.99 103.053
181 90.6368
181.01 100.57
181.02 94.3616
181.03 96.8448
181.04 104.294
181.05 93.12
181.06 94.3616
181.07 104.294
181.08 90.6368
181.09 105.536
181.1 98.0864
181.11 100.57
181.12 98.0864
181.13 95.6032
181.14 100.57
181.15 95.6032
181.16 98.0864
181.17 98.0864
181.18 100.57
181.19 99.328
181.2 96.8448
181.21 103.053
181.22 91.8784
181.23 98.0864
181.24 106.778
181.25 89.3952
181.26 105.536
181.27 96.8448
181.28 98.0864
181.29 94.3616
181.3 93.12
181.31 98.0864
181.32 100.57
181.33 104.294
181.34 94.3616
181.35 95.6032
181.36 103.053
181.37 94.3616
181.38 104.294
181.39 91.8784
181.4 100.57
181.41 100.57
181.42 99.328
181.43 98.0864
181.44 89.3952
181.45 91.8784
181.46 98.0864
181.47 101.811
181.48 94.3616
181.49 101.811
181.5 94.3616
181.51 93.12
181.52 109.261
181.53 94.3616
181.54 98.0864
181.55 100.57
181.56 95.6032
181.57 100.57
181.58 94.3616
181.59 103.053
181.6 96.8448
181.61 99.328
181.62 101.811
181.63 94.3616
181.64 104.294
181.65 96.8448
181.66 98.0864
181.67 99.328
181.68 95.6032
181.69 105.536
181.7 93.12
181.71 100.57
181.72 98.0864
181.73 94.3616
181.74 100.57
181.75 91.8784
181.76 104.294
181.77 98.0864
181.78 100.57
181.79 96.8448
181.8 94.3616
181.81 100.57
181.82 100.57
181.83 96.8448
181.84 101.811
181.85 95.6032
181.86 94.3616
181.87 95.6032
181.88 99.328
181.89 95.6032
181.9 96.8448
181.91 100.57
181.92 89.3952
181.93 105.536
181.94 98.0864
181.95 96.8448
181.96 104.294
181.97 93.12
181.98 104.294
181.99 98.0864
182 99.328
182.01 93.12
182.02 96.8448
182.03 98.0864
182.04 95.6032
182.05 104.294
182.06 95.6032
182.07 99.328
182.08 98.0864
182.09 93.12
182.1 101.811
182.11 99.328
182.12 96.8448
182.13 104.294
182.14 94.3616
182.15 99.328
182.16 96.8448
182.17 101.811
182.18 93.12
182.19 98.0864
182.2 100.57
182.21 96.8448
182.22 100.57
182.23 95.6032
182.24 99.328
182.25 103.053
182.26 93.12
182.27 99.328
182.28 99.328
182.29 101.811
182.3 98.0864
182.31 91.8784
182.32 95.6032
182.33 90.6368
182.34 98.0864
182.35 100.57
182.36 99.328
182.37 98.0864
182.38 93.12
182.39 96.8448
182.4 100.57
182.41 99.328
182.42 104.294
182.43 94.3616
182.44 101.811
182.45 98.0864
182.46 98.0864
182.47 90.6368
182.48 91.8784
182.49 101.811
182.5 95.6032
182.51 96.8448
182.52 98.0864
182.53 94.3616
182.54 99.328
182.55 99.328
182.56 96.8448
182.57 106.778
182.58 99.328
182.59 99.328
182.6 95.6032
182.61 96.8448
182.62 98.0864
182.63 98.0864
182.64 101.811
182.65 95.6032
182.66 99.328
182.67 98.0864
182.68 99.328
182.69 100.57
182.7 99.328
182.71 98.0864
182.72 93.12
182.73 105.536
182.74 94.3616
182.75 99.328
182.76 98.0864
182.77 93.12
182.78 90.6368
182.79 99.328
182.8 100.57
182.81 94.3616
182.82 98.0864
182.83 99.328
182.84 90.6368
182.85 100.57
182.86 101.811
182.87 95.6032
182.88 103.053
182.89 93.12
182.9 100.57
182.91 100.57
182.92 99.328
182.93 100.57
182.94 99.328
182.95 99.328
182.96 100.57
182.97 96.8448
182.98 96.8448
182.99 100.57
183 98.0864
183.01 96.8448
183.02 95.6032
183.03 103.053
183.04 95.6032
183.05 91.8784
183.06 95.6032
183.07 98.0864
183.08 99.328
183.09 99.328
183.1 96.8448
183.11 98.0864
183.12 98.0864
183.13 101.811
183.14 94.3616
183.15 103.053
183.16 99.328
183.17 96.8448
183.18 96.8448
183.19 93.12
183.2 93.12
183.21 101.811
183.22 91.8784
183.23 96.8448
183.24 95.6032
183.25 96.8448
183.26 96.8448
183.27 101.811
183.28 99.328
183.29 99.328
183.3 96.8448
183.31 103.053
183.32 101.811
183.33 96.8448
183.34 95.6032
183.35 96.8448
183.36 94.3616
183.37 100.57
183.38 100.57
183.39 99.328
183.4 98.0864
183.41 96.8448
183.42 91.8784
183.43 101.811
183.44 101.811
183.45 104.294
183.46 94.3616
183.47 96.8448
183.48 99.328
183.49 95.6032
183.5 98.0864
183.51 96.8448
183.52 94.3616
183.53 96.8448
183.54 101.811
183.55 94.3616
183.56 101.811
183.57 91.8784
183.58 98.0864
183.59 96.8448
183.6 99.328
183.61 104.294
183.62 95.6032
183.63 99.328
183.64 98.0864
183.65 98.0864
183.66 96.8448
183.67 101.811
183.68 101.811
183.69 95.6032
183.7 101.811
183.71 94.3616
183.72 101.811
183.73 101.811
183.74 98.0864
183.75 95.6032
183.76 95.6032
183.77 99.328
183.78 93.12
183.79 104.294
183.8 96.8448
183.81 95.6032
183.82 99.328
183.83 99.328
183.84 94.3616
183.85 103.053
183.86 100.57
183.87 93.12
183.88 98.0864
183.89 103.053
183.9 96.8448
183.91 99.328
183.92 93.12
183.93 98.0864
183.94 93.12
183.95 94.3616
183.96 101.811
183.97 95.6032
183.98 98.0864
183.99 101.811
184 94.3616
184.01 96.8448
184.02 101.811
184.03 100.57
184.04 100.57
184.05 96.8448
184.06 100.57
184.07 96.8448
184.08 101.811
184.09 95.6032
184.1 96.8448
184.11 99.328
184.12 98.0864
184.13 99.328
184.14 99.328
184.15 96.8448
184.16 98.0864
184.17 96.8448
184.18 99.328
184.19 99.328
184.2 99.328
184.21 96.8448
184.22 96.8448
184.23 98.0864
184.24 94.3616
184.25 98.0864
184.26 98.0864
184.27 101.811
184.28 95.6032
184.29 95.6032
184.3 99.328
184.31 101.811
184.32 99.328
184.33 99.328
184.34 94.3616
184.35 98.0864
184.36 94.3616
184.37 103.053
184.38 94.3616
184.39 99.328
184.4 98.0864
184.41 93.12
184.42 104.294
184.43 98.0864
184.44 100.57
184.45 100.57
184.46 91.8784
184.47 105.536
184.48 94.3616
184.49 95.6032
184.5 96.8448
184.51 94.3616
184.52 99.328
184.53 93.12
184.54 96.8448
184.55 104.294
184.56 94.3616
184.57 100.57
184.58 96.8448
184.59 100.57
184.6 98.0864
184.61 99.328
184.62 101.811
184.63 95.6032
184.64 100.57
184.65 95.6032
184.66 93.12
184.67 96.8448
184.68 96.8448
184.69 98.0864
184.7 93.12
184.71 98.0864
184.72 98.0864
184.73 96.8448
184.74 100.57
184.75 94.3616
184.76 104.294
184.77 100.57
184.78 98.0864
184.79 99.328
184.8 96.8448
184.81 101.811
184.82 90.6368
184.83 100.57
184.84 100.57
184.85 98.0864
184.86 96.8448
184.87 99.328
184.88 99.328
184.89 96.8448
184.9 99.328
184.91 93.12
184.92 94.3616
184.93 94.3616
184.94 94.3616
184.95 103.053
184.96 96.8448
184.97 96.8448
184.98 104.294
184.99 90.6368
185 101.811
185.01 99.328
185.02 98.0864
185.03 103.053
185.04 95.6032
185.05 100.57
185.06 98.0864
185.07 94.3616
185.08 90.6368
185.09 93.12
185.1 98.0864
185.11 95.6032
185.12 99.328
185.13 96.8448
185.14 95.6032
185.15 99.328
185.16 93.12
185.17 106.778
185.18 98.0864
185.19 98.0864
185.2 100.57
185.21 96.8448
185.22 100.57
185.23 95.6032
185.24 103.053
185.25 94.3616
185.26 94.3616
185.27 100.57
185.28 100.57
185.29 99.328
185.3 96.8448
185.31 93.12
185.32 99.328
185.33 98.0864
185.34 101.811
185.35 101.811
185.36 98.0864
185.37 93.12
185.38 95.6032
185.39 98.0864
185.4 93.12
185.41 104.294
185.42 98.0864
185.43 98.0864
185.44 95.6032
185.45 94.3616
185.46 101.811
185.47 98.0864
185.48 101.811
185.49 98.0864
185.5 96.8448
185.51 98.0864
185.52 98.0864
185.53 100.57
185.54 94.3616
185.55 99.328
185.56 96.8448
185.57 96.8448
185.58 103.053
185.59 98.0864
185.6 94.3616
185.61 95.6032
185.62 96.8448
185.63 99.328
185.64 99.328
185.65 101.811
185.66 98.0864
185.67 95.6032
185.68 99.328
185.69 100.57
185.7 100.57
185.71 100.57
185.72 98.0864
185.73 96.8448
185.74 98.0864
185.75 99.328
185.76 99.328
185.77 96.8448
185.78 98.0864
185.79 98.0864
185.8 99.328
185.81 94.3616
185.82 103.053
185.83 95.6032
185.84 99.328
185.85 98.0864
185.86 99.328
185.87 99.328
185.88 98.0864
185.89 99.328
185.9 94.3616
185.91 100.57
185.92 96.8448
185.93 103.053
185.94 96.8448
185.95 95.6032
185.96 91.8784
185.97 95.6032
185.98 99.328
185.99 99.328
186 99.328
186.01 93.12
186.02 98.0864
186.03 99.328
186.04 101.811
186.05 100.57
186.06 96.8448
186.07 100.57
186.08 96.8448
186.09 94.3616
186.1 95.6032
186.11 91.8784
186.12 100.57
186.13 91.8784
186.14 101.811
186.15 88.1536
186.16 98.0864
186.17 106.778
186.18 91.8784
186.19 99.328
186.2 99.328
186.21 103.053
186.22 103.053
186.23 96.8448
186.24 98.0864
186.25 94.3616
186.26 105.536
186.27 100.57
186.28 98.0864
186.29 99.328
186.3 99.328
186.31 94.3616
186.32 100.57
186.33 99.328
186.34 96.8448
186.35 96.8448
186.36 96.8448
186.37 98.0864
186.38 96.8448
186.39 98.0864
186.4 98.0864
186.41 99.328
186.42 91.8784
186.43 100.57
186.44 100.57
186.45 95.6032
186.46 98.0864
186.47 96.8448
186.48 98.0864
186.49 99.328
186.5 101.811
186.51 99.328
186.52 90.6368
186.53 93.12
186.54 94.3616
186.55 103.053
186.56 98.0864
186.57 98.0864
186.58 98.0864
186.59 96.8448
186.6 99.328
186.61 100.57
186.62 100.57
186.63 98.0864
186.64 100.57
186.65 94.3616
186.66 98.0864
186.67 94.3616
186.68 90.6368
186.69 94.3616
186.7 95.6032
186.71 101.811
186.72 100.57
186.73 95.6032
186.74 103.053
186.75 88.1536
186.76 108.019
186.77 93.12
186.78 104.294
186.79 100.57
186.8 98.0864
186.81 98.0864
186.82 93.12
186.83 100.57
186.84 95.6032
186.85 100.57
186.86 94.3616
186.87 101.811
186.88 100.57
186.89 95.6032
186.9 99.328
186.91 95.6032
186.92 101.811
186.93 99.328
186.94 98.0864
186.95 98.0864
186.96 90.6368
186.97 94.3616
186.98 89.3952
186.99 95.6032
187 98.0864
187.01 98.0864
187.02 90.6368
187.03 104.294
187.04 98.0864
187.05 95.6032
187.06 100.57
187.07 98.0864
187.08 105.536
187.09 98.0864
187.1 99.328
187.11 96.8448
187.12 99.328
187.13 101.811
187.14 96.8448
187.15 98.0864
187.16 93.12
187.17 104.294
187.18 93.12
187.19 99.328
187.2 100.57
187.21 91.8784
187.22 103.053
187.23 90.6368
187.24 106.778
187.25 101.811
187.26 93.12
187.27 103.053
187.28 89.3952
187.29 104.294
187.3 96.8448
187.31 101.811
187.32 99.328
187.33 89.3952
187.34 104.294
187.35 95.6032
187.36 101.811
187.37 101.811
187.38 95.6032
187.39 94.3616
187.4 89.3952
187.41 101.811
187.42 88.1536
187.43 96.8448
187.44 100.57
187.45 93.12
187.46 99.328
187.47 98.0864
187.48 95.6032
187.49 101.811
187.5 100.57
187.51 99.328
187.52 99.328
187.53 101.811
187.54 96.8448
187.55 100.57
187.56 95.6032
187.57 100.57
187.58 96.8448
187.59 98.0864
187.6 103.053
187.61 98.0864
187.62 99.328
187.63 99.328
187.64 96.8448
187.65 96.8448
187.66 100.57
187.67 99.328
187.68 96.8448
187.69 95.6032
187.7 100.57
187.71 90.6368
187.72 105.536
187.73 94.3616
187.74 95.6032
187.75 101.811
187.76 96.8448
187.77 99.328
187.78 98.0864
187.79 100.57
187.8 94.3616
187.81 101.811
187.82 98.0864
187.83 94.3616
187.84 94.3616
187.85 99.328
187.86 95.6032
187.87 95.6032
187.88 98.0864
187.89 98.0864
187.9 95.6032
187.91 104.294
187.92 93.12
187.93 103.053
187.94 96.8448
187.95 103.053
187.96 100.57
187.97 96.8448
187.98 99.328
187.99 90.6368
188 100.57
188.01 101.811
188.02 95.6032
188.03 96.8448
188.04 98.0864
188.05 100.57
188.06 99.328
188.07 96.8448
188.08 99.328
188.09 100.57
188.1 100.57
188.11 95.6032
188.12 95.6032
188.13 96.8448
188.14 95.6032
188.15 100.57
188.16 98.0864
188.17 95.6032
188.18 99.328
188.19 98.0864
188.2 99.328
188.21 98.0864
188.22 98.0864
188.23 100.57
188.24 99.328
188.25 101.811
188.26 98.0864
188.27 91.8784
188.28 95.6032
188.29 101.811
188.3 93.12
188.31 103.053
188.32 98.0864
188.33 98.0864
188.34 96.8448
188.35 96.8448
188.36 100.57
188.37 103.053
188.38 98.0864
188.39 99.328
188.4 95.6032
188.41 96.8448
188.42 93.12
188.43 96.8448
188.44 103.053
188.45 98.0864
188.46 94.3616
188.47 99.328
188.48 100.57
188.49 96.8448
188.5 101.811
188.51 98.0864
188.52 96.8448
188.53 103.053
188.54 95.6032
188.55 99.328
188.56 95.6032
188.57 94.3616
188.58 94.3616
188.59 99.328
188.6 95.6032
188.61 98.0864
188.62 101.811
188.63 96.8448
188.64 98.0864
188.65 100.57
188.66 96.8448
188.67 100.57
188.68 99.328
188.69 96.8448
188.7 99.328
188.71 96.8448
188.72 95.6032
188.73 100.57
188.74 93.12
188.75 98.0864
188.76 96.8448
188.77 98.0864
188.78 99.328
188.79 96.8448
188.8 96.8448
188.81 93.12
188.82 108.019
188.83 91.8784
188.84 103.053
188.85 99.328
188.86 95.6032
188.87 100.57
188.88 98.0864
188.89 98.0864
188.9 103.053
188.91 99.328
188.92 96.8448
188.93 99.328
188.94 98.0864
188.95 98.0864
188.96 96.8448
188.97 101.811
188.98 95.6032
188.99 96.8448
189 94.3616
189.01 95.6032
189.02 99.328
189.03 98.0864
189.04 96.8448
189.05 98.0864
189.06 99.328
189.07 103.053
189.08 96.8448
189.09 99.328
189.1 99.328
189.11 100.57
189.12 95.6032
189.13 96.8448
189.14 99.328
189.15 91.8784
189.16 98.0864
189.17 96.8448
189.18 95.6032
189.19 99.328
189.2 96.8448
189.21 98.0864
189.22 95.6032
189.23 101.811
189.24 98.0864
189.25 96.8448
189.26 105.536
189.27 96.8448
189.28 100.57
189.29 95.6032
189.3 94.3616
189.31 101.811
189.32 93.12
189.33 99.328
189.34 103.053
189.35 94.3616
189.36 100.57
189.37 95.6032
189.38 101.811
189.39 98.0864
189.4 99.328
189.41 99.328
189.42 94.3616
189.43 103.053
189.44 96.8448
189.45 98.0864
189.46 101.811
189.47 94.3616
189.48 100.57
189.49 94.3616
189.5 99.328
189.51 96.8448
189.52 100.57
189.53 96.8448
189.54 95.6032
189.55 101.811
189.56 99.328
189.57 99.328
189.58 96.8448
189.59 91.8784
189.6 99.328
189.61 99.328
189.62 95.6032
189.63 95.6032
189.64 96.8448
189.65 99.328
189.66 100.57
189.67 96.8448
189.68 100.57
189.69 98.0864
189.7 96.8448
189.71 101.811
189.72 99.328
189.73 94.3616
189.74 98.0864
189.75 100.57
189.76 95.6032
189.77 94.3616
189.78 100.57
189.79 91.8784
189.8 103.053
189.81 96.8448
189.82 98.0864
189.83 96.8448
189.84 100.57
189.85 101.811
189.86 100.57
189.87 95.6032
189.88 98.0864
189.89 100.57
189.9 101.811
189.91 93.12
189.92 95.6032
189.93 98.0864
189.94 101.811
189.95 98.0864
189.96 98.0864
189.97 96.8448
189.98 96.8448
189.99 101.811
190 96.8448
190.01 101.811
190.02 98.0864
190.03 94.3616
190.04 100.57
190.05 95.6032
190.06 96.8448
190.07 99.328
190.08 98.0864
190.09 99.328
190.1 95.6032
190.11 98.0864
190.12 99.328
190.13 98.0864
190.14 100.57
190.15 98.0864
190.16 98.0864
190.17 96.8448
190.18 101.811
190.19 96.8448
190.2 94.3616
190.21 96.8448
190.22 96.8448
190.23 96.8448
190.24 98.0864
190.25 96.8448
190.26 99.328
190.27 96.8448
190.28 103.053
190.29 100.57
190.3 98.0864
190.31 96.8448
190.32 98.0864
190.33 95.6032
190.34 96.8448
190.35 100.57
190.36 98.0864
190.37 99.328
190.38 96.8448
190.39 95.6032
190.4 99.328
190.41 100.57
190.42 98.0864
190.43 99.328
190.44 98.0864
190.45 101.811
190.46 86.912
190.47 98.0864
190.48 96.8448
190.49 94.3616
190.5 95.6032
190.51 99.328
190.52 98.0864
190.53 99.328
190.54 94.3616
190.55 98.0864
190.56 105.536
190.57 95.6032
190.58 96.8448
190.59 104.294
190.6 94.3616
190.61 96.8448
190.62 94.3616
190.63 98.0864
190.64 99.328
190.65 96.8448
190.66 99.328
190.67 95.6032
190.68 99.328
190.69 95.6032
190.7 103.053
190.71 93.12
190.72 104.294
190.73 100.57
190.74 100.57
190.75 91.8784
190.76 96.8448
190.77 98.0864
190.78 98.0864
190.79 99.328
190.8 95.6032
190.81 99.328
190.82 99.328
190.83 98.0864
190.84 99.328
190.85 99.328
190.86 95.6032
190.87 101.811
190.88 96.8448
190.89 95.6032
190.9 96.8448
190.91 96.8448
190.92 95.6032
190.93 98.0864
190.94 99.328
190.95 99.328
190.96 96.8448
190.97 98.0864
190.98 96.8448
190.99 101.811
191 96.8448
191.01 100.57
191.02 103.053
191.03 96.8448
191.04 95.6032
191.05 94.3616
191.06 96.8448
191.07 105.536
191.08 95.6032
191.09 95.6032
191.1 98.0864
191.11 94.3616
191.12 96.8448
191.13 103.053
191.14 99.328
191.15 99.328
191.16 95.6032
191.17 100.57
191.18 96.8448
191.19 95.6032
191.2 93.12
191.21 100.57
191.22 98.0864
191.23 94.3616
191.24 101.811
191.25 94.3616
191.26 98.0864
191.27 100.57
191.28 96.8448
191.29 103.053
191.3 95.6032
191.31 104.294
191.32 98.0864
191.33 93.12
191.34 93.12
191.35 94.3616
191.36 99.328
191.37 98.0864
191.38 98.0864
191.39 94.3616
191.4 95.6032
191.41 99.328
191.42 95.6032
191.43 103.053
191.44 100.57
191.45 96.8448
191.46 101.811
191.47 95.6032
191.48 101.811
191.49 96.8448
191.5 98.0864
191.51 98.0864
191.52 95.6032
191.53 103.053
191.54 93.12
191.55 99.328
191.56 100.57
191.57 95.6032
191.58 100.57
191.59 96.8448
191.6 101.811
191.61 99.328
191.62 96.8448
191.63 95.6032
191.64 95.6032
191.65 104.294
191.66 95.6032
191.67 98.0864
191.68 101.811
191.69 94.3616
191.7 99.328
191.71 98.0864
191.72 100.57
191.73 99.328
191.74 98.0864
191.75 99.328
191.76 95.6032
191.77 99.328
191.78 93.12
191.79 100.57
191.8 100.57
191.81 93.12
191.82 101.811
191.83 96.8448
191.84 96.8448
191.85 99.328
191.86 96.8448
191.87 98.0864
191.88 99.328
191.89 104.294
191.9 96.8448
191.91 96.8448
191.92 100.57
191.93 90.6368
191.94 103.053
191.95 99.328
191.96 98.0864
191.97 101.811
191.98 95.6032
191.99 95.6032
192 101.811
192.01 99.328
192.02 98.0864
192.03 98.0864
192.04 98.0864
192.05 98.0864
192.06 98.0864
192.07 93.12
192.08 98.0864
192.09 96.8448
192.1 98.0864
192.11 94.3616
192.12 96.8448
192.13 103.053
192.14 91.8784
192.15 100.57
192.16 96.8448
192.17 101.811
192.18 99.328
192.19 98.0864
192.2 103.053
192.21 95.6032
192.22 95.6032
192.23 98.0864
192.24 101.811
192.25 100.57
192.26 100.57
192.27 96.8448
192.28 93.12
192.29 100.57
192.3 99.328
192.31 101.811
192.32 94.3616
192.33 98.0864
192.34 90.6368
192.35 100.57
192.36 95.6032
192.37 93.12
192.38 101.811
192.39 96.8448
192.4 98.0864
192.41 99.328
192.42 98.0864
192.43 99.328
192.44 99.328
192.45 98.0864
192.46 99.328
192.47 100.57
192.48 101.811
192.49 96.8448
192.5 96.8448
192.51 93.12
192.52 100.57
192.53 96.8448
192.54 103.053
192.55 96.8448
192.56 96.8448
192.57 99.328
192.58 96.8448
192.59 98.0864
192.6 100.57
192.61 100.57
192.62 100.57
192.63 91.8784
192.64 100.57
192.65 93.12
192.66 93.12
192.67 95.6032
192.68 100.57
192.69 99.328
192.7 98.0864
192.71 93.12
192.72 98.0864
192.73 101.811
192.74 103.053
192.75 96.8448
192.76 100.57
192.77 99.328
192.78 96.8448
192.79 95.6032
192.8 93.12
192.81 93.12
192.82 98.0864
192.83 96.8448
192.84 103.053
192.85 90.6368
192.86 101.811
192.87 101.811
192.88 93.12
192.89 105.536
192.9 94.3616
192.91 100.57
192.92 103.053
192.93 96.8448
192.94 101.811
192.95 88.1536
192.96 91.8784
192.97 93.12
192.98 100.57
192.99 100.57
193 93.12
193.01 95.6032
193.02 99.328
193.03 96.8448
193.04 104.294
193.05 93.12
193.06 106.778
193.07 96.8448
193.08 101.811
193.09 96.8448
193.1 94.3616
193.11 98.0864
193.12 95.6032
193.13 99.328
193.14 96.8448
193.15 96.8448
193.16 100.57
193.17 94.3616
193.18 99.328
193.19 99.328
193.2 98.0864
193.21 101.811
193.22 96.8448
193.23 101.811
193.24 96.8448
193.25 94.3616
193.26 96.8448
193.27 103.053
193.28 95.6032
193.29 95.6032
193.3 100.57
193.31 93.12
193.32 103.053
193.33 93.12
193.34 99.328
193.35 99.328
193.36 94.3616
193.37 106.778
193.38 93.12
193.39 101.811
193.4 94.3616
193.41 95.6032
193.42 103.053
193.43 98.0864
193.44 99.328
193.45 96.8448
193.46 95.6032
193.47 101.811
193.48 98.0864
193.49 99.328
193.5 96.8448
193.51 101.811
193.52 94.3616
193.53 94.3616
193.54 88.1536
193.55 98.0864
193.56 98.0864
193.57 99.328
193.58 96.8448
193.59 99.328
193.6 93.12
193.61 101.811
193.62 98.0864
193.63 101.811
193.64 100.57
193.65 99.328
193.66 96.8448
193.67 100.57
193.68 95.6032
193.69 86.912
193.7 98.0864
193.71 96.8448
193.72 96.8448
193.73 99.328
193.74 95.6032
193.75 98.0864
193.76 96.8448
193.77 99.328
193.78 100.57
193.79 99.328
193.8 100.57
193.81 98.0864
193.82 100.57
193.83 98.0864
193.84 96.8448
193.85 96.8448
193.86 101.811
193.87 96.8448
193.88 99.328
193.89 100.57
193.9 91.8784
193.91 104.294
193.92 96.8448
193.93 99.328
193.94 100.57
193.95 96.8448
193.96 96.8448
193.97 98.0864
193.98 96.8448
193.99 91.8784
194 100.57
194.01 96.8448
194.02 98.0864
194.03 95.6032
194.04 103.053
194.05 99.328
194.06 96.8448
194.07 98.0864
194.08 99.328
194.09 100.57
194.1 95.6032
194.11 101.811
194.12 99.328
194.13 93.12
194.14 89.3952
194.15 100.57
194.16 100.57
194.17 96.8448
194.18 95.6032
194.19 98.0864
194.2 94.3616
194.21 98.0864
194.22 98.0864
194.23 101.811
194.24 98.0864
194.25 98.0864
194.26 104.294
194.27 94.3616
194.28 98.0864
194.29 101.811
194.3 96.8448
194.31 100.57
194.32 100.57
194.33 99.328
194.34 98.0864
194.35 100.57
194.36 94.3616
194.37 99.328
194.38 99.328
194.39 98.0864
194.4 101.811
194.41 91.8784
194.42 95.6032
194.43 93.12
194.44 98.0864
194.45 98.0864
194.46 100.57
194.47 96.8448
194.48 95.6032
194.49 100.57
194.5 98.0864
194.51 100.57
194.52 99.328
194.53 100.57
194.54 96.8448
194.55 103.053
194.56 90.6368
194.57 94.3616
194.58 89.3952
194.59 95.6032
194.6 100.57
194.61 96.8448
194.62 91.8784
194.63 100.57
194.64 98.0864
194.65 100.57
194.66 100.57
194.67 98.0864
194.68 101.811
194.69 99.328
194.7 99.328
194.71 99.328
194.72 90.6368
194.73 96.8448
194.74 94.3616
194.75 100.57
194.76 96.8448
194.77 96.8448
194.78 94.3616
194.79 93.12
194.8 104.294
194.81 100.57
194.82 99.328
194.83 99.328
194.84 100.57
194.85 96.8448
194.86 99.328
194.87 98.0864
194.88 98.0864
194.89 99.328
194.9 100.57
194.91 98.0864
194.92 96.8448
194.93 100.57
194.94 98.0864
194.95 96.8448
194.96 101.811
194.97 95.6032
194.98 98.0864
194.99 94.3616
195 89.3952
195.01 99.328
195.02 93.12
195.03 94.3616
195.04 99.328
195.05 100.57
195.06 91.8784
195.07 104.294
195.08 94.3616
195.09 99.328
195.1 103.053
195.11 99.328
195.12 104.294
195.13 93.12
195.14 100.57
195.15 93.12
195.16 93.12
195.17 96.8448
195.18 99.328
195.19 98.0864
195.2 96.8448
195.21 98.0864
195.22 98.0864
195.23 101.811
195.24 98.0864
195.25 96.8448
195.26 105.536
195.27 94.3616
195.28 98.0864
195.29 93.12
195.3 99.328
195.31 90.6368
195.32 94.3616
195.33 100.57
195.34 95.6032
195.35 95.6032
195.36 98.0864
195.37 98.0864
195.38 98.0864
195.39 103.053
195.4 96.8448
195.41 98.0864
195.42 105.536
195.43 95.6032
195.44 100.57
195.45 90.6368
195.46 99.328
195.47 101.811
195.48 95.6032
195.49 98.0864
195.5 98.0864
195.51 101.811
195.52 98.0864
195.53 95.6032
195.54 100.57
195.55 98.0864
195.56 99.328
195.57 95.6032
195.58 93.12
195.59 98.0864
195.6 88.1536
195.61 99.328
195.62 96.8448
195.63 100.57
195.64 94.3616
195.65 95.6032
195.66 100.57
195.67 93.12
195.68 105.536
195.69 98.0864
195.7 101.811
195.71 103.053
195.72 94.3616
195.73 96.8448
195.74 98.0864
195.75 93.12
195.76 99.328
195.77 98.0864
195.78 95.6032
195.79 95.6032
195.8 96.8448
195.81 100.57
195.82 93.12
195.83 104.294
195.84 95.6032
195.85 99.328
195.86 101.811
195.87 95.6032
195.88 103.053
195.89 98.0864
195.9 99.328
195.91 98.0864
195.92 98.0864
195.93 100.57
195.94 100.57
195.95 98.0864
195.96 95.6032
195.97 101.811
195.98 98.0864
195.99 96.8448
196 103.053
196.01 94.3616
196.02 100.57
196.03 91.8784
196.04 93.12
196.05 100.57
196.06 93.12
196.07 99.328
196.08 95.6032
196.09 95.6032
196.1 103.053
196.11 90.6368
196.12 104.294
196.13 93.12
196.14 103.053
196.15 96.8448
196.16 98.0864
196.17 108.019
196.18 96.8448
196.19 96.8448
196.2 101.811
196.21 96.8448
196.22 99.328
196.23 90.6368
196.24 101.811
196.25 99.328
196.26 96.8448
196.27 95.6032
196.28 96.8448
196.29 101.811
196.3 98.0864
196.31 100.57
196.32 100.57
196.33 90.6368
196.34 100.57
196.35 95.6032
196.36 101.811
196.37 96.8448
196.38 98.0864
196.39 99.328
196.4 94.3616
196.41 103.053
196.42 91.8784
196.43 104.294
196.44 95.6032
196.45 100.57
196.46 104.294
196.47 94.3616
196.48 98.0864
196.49 98.0864
196.5 98.0864
196.51 99.328
196.52 98.0864
196.53 95.6032
196.54 96.8448
196.55 101.811
196.56 99.328
196.57 96.8448
196.58 100.57
196.59 94.3616
196.6 101.811
196.61 95.6032
196.62 96.8448
196.63 98.0864
196.64 94.3616
196.65 101.811
196.66 99.328
196.67 98.0864
196.68 96.8448
196.69 96.8448
196.7 103.053
196.71 94.3616
196.72 101.811
196.73 98.0864
196.74 95.6032
196.75 101.811
196.76 99.328
196.77 96.8448
196.78 95.6032
196.79 99.328
196.8 100.57
196.81 93.12
196.82 100.57
196.83 98.0864
196.84 98.0864
196.85 100.57
196.86 93.12
196.87 104.294
196.88 94.3616
196.89 101.811
196.9 100.57
196.91 95.6032
196.92 95.6032
196.93 94.3616
196.94 104.294
196.95 95.6032
196.96 100.57
196.97 96.8448
196.98 91.8784
196.99 104.294
197 99.328
197.01 96.8448
197.02 104.294
197.03 94.3616
197.04 101.811
197.05 96.8448
197.06 100.57
197.07 90.6368
197.08 96.8448
197.09 103.053
197.1 96.8448
197.11 100.57
197.12 95.6032
197.13 98.0864
197.14 95.6032
197.15 100.57
197.16 100.57
197.17 94.3616
197.18 104.294
197.19 94.3616
197.2 93.12
197.21 100.57
197.22 91.8784
197.23 96.8448
197.24 95.6032
197.25 104.294
197.26 98.0864
197.27 94.3616
197.28 100.57
197.29 95.6032
197.3 106.778
197.31 96.8448
197.32 100.57
197.33 94.3616
197.34 90.6368
197.35 95.6032
197.36 94.3616
197.37 99.328
197.38 99.328
197.39 93.12
197.4 96.8448
197.41 101.811
197.42 94.3616
197.43 99.328
197.44 104.294
197.45 100.57
197.46 99.328
197.47 96.8448
197.48 100.57
197.49 93.12
197.5 95.6032
197.51 90.6368
197.52 93.12
197.53 98.0864
197.54 94.3616
197.55 99.328
197.56 96.8448
197.57 96.8448
197.58 99.328
197.59 101.811
197.6 96.8448
197.61 106.778
197.62 98.0864
197.63 99.328
197.64 100.57
197.65 95.6032
197.66 99.328
197.67 98.0864
197.68 95.6032
197.69 99.328
197.7 96.8448
197.71 98.0864
197.72 95.6032
197.73 103.053
197.74 96.8448
197.75 99.328
197.76 99.328
197.77 96.8448
197.78 98.0864
197.79 101.811
197.8 90.6368
197.81 101.811
197.82 98.0864
197.83 96.8448
197.84 101.811
197.85 95.6032
197.86 96.8448
197.87 101.811
197.88 96.8448
197.89 101.811
197.9 95.6032
197.91 99.328
197.92 98.0864
197.93 99.328
197.94 98.0864
197.95 93.12
197.96 100.57
197.97 93.12
197.98 98.0864
197.99 101.811
198 98.0864
198.01 94.3616
198.02 96.8448
198.03 103.053
198.04 100.57
198.05 95.6032
198.06 104.294
198.07 99.328
198.08 98.0864
198.09 88.1536
198.1 95.6032
198.11 99.328
198.12 98.0864
198.13 96.8448
198.14 98.0864
198.15 93.12
198.16 100.57
198.17 101.811
198.18 99.328
198.19 99.328
198.2 96.8448
198.21 99.328
198.22 99.328
198.23 100.57
198.24 90.6368
198.25 99.328
198.26 100.57
198.27 94.3616
198.28 103.053
198.29 98.0864
198.3 93.12
198.31 100.57
198.32 99.328
198.33 94.3616
198.34 104.294
198.35 100.57
198.36 94.3616
198.37 100.57
198.38 96.8448
198.39 96.8448
198.4 98.0864
198.41 101.811
198.42 98.0864
198.43 96.8448
198.44 99.328
198.45 94.3616
198.46 104.294
198.47 96.8448
198.48 96.8448
198.49 98.0864
198.5 95.6032
198.51 103.053
198.52 100.57
198.53 95.6032
198.54 99.328
198.55 98.0864
198.56 99.328
198.57 99.328
198.58 95.6032
198.59 99.328
198.6 96.8448
198.61 98.0864
198.62 98.0864
198.63 94.3616
198.64 105.536
198.65 98.0864
198.66 98.0864
198.67 93.12
198.68 96.8448
198.69 100.57
198.7 100.57
198.71 96.8448
198.72 96.8448
198.73 96.8448
198.74 98.0864
198.75 101.811
198.76 96.8448
198.77 99.328
198.78 98.0864
198.79 96.8448
198.8 104.294
198.81 91.8784
198.82 94.3616
198.83 104.294
198.84 98.0864
198.85 94.3616
198.86 103.053
198.87 99.328
198.88 90.6368
198.89 100.57
198.9 100.57
198.91 96.8448
198.92 99.328
198.93 103.053
198.94 95.6032
198.95 100.57
198.96 91.8784
198.97 94.3616
198.98 98.0864
198.99 100.57
199 96.8448
199.01 94.3616
199.02 99.328
199.03 98.0864
199.04 101.811
199.05 94.3616
199.06 101.811
199.07 98.0864
199.08 98.0864
199.09 101.811
199.1 98.0864
199.11 96.8448
199.12 96.8448
199.13 98.0864
199.14 99.328
199.15 100.57
199.16 96.8448
199.17 94.3616
199.18 98.0864
199.19 98.0864
199.2 99.328
199.21 99.328
199.22 100.57
199.23 95.6032
199.24 100.57
199.25 91.8784
199.26 93.12
199.27 93.12
199.28 98.0864
199.29 101.811
199.3 98.0864
199.31 94.3616
199.32 99.328
199.33 95.6032
199.34 100.57
199.35 100.57
199.36 99.328
199.37 100.57
199.38 99.328
199.39 99.328
199.4 90.6368
199.41 93.12
199.42 96.8448
199.43 98.0864
199.44 96.8448
199.45 96.8448
199.46 94.3616
199.47 94.3616
199.48 101.811
199.49 104.294
199.5 93.12
199.51 100.57
199.52 100.57
199.53 99.328
199.54 101.811
199.55 95.6032
199.56 100.57
199.57 96.8448
199.58 95.6032
199.59 100.57
199.6 99.328
199.61 98.0864
199.62 98.0864
199.63 94.3616
199.64 99.328
199.65 98.0864
199.66 101.811
199.67 98.0864
199.68 98.0864
199.69 96.8448
199.7 88.1536
199.71 101.811
199.72 99.328
199.73 100.57
199.74 99.328
199.75 96.8448
199.76 94.3616
199.77 101.811
199.78 103.053
199.79 95.6032
199.8 96.8448
199.81 100.57
199.82 99.328
199.83 94.3616
199.84 98.0864
199.85 96.8448
199.86 98.0864
199.87 101.811
199.88 99.328
199.89 91.8784
199.9 101.811
199.91 96.8448
199.92 98.0864
199.93 100.57
199.94 101.811
199.95 98.0864
199.96 99.328
199.97 98.0864
199.98 96.8448
199.99 96.8448
