175.319 39
175.848 40
175.857 41
175.865 42
175.899 43
175.983 44
176.109 45
176.294 46
176.453 47
176.571 48
176.706 49
176.848 50
176.967 35
177.429 36
177.487 37
177.706 38
177.899 39
178.126 40
178.462 41
178.757 28
179.106 29
179.114 30
179.265 31
179.526 32
179.795 33
180.075 34
180.282 23
180.56 24
180.603 25
180.611 26
180.746 27
180.948 28
181.091 29
181.222 30
181.451 31
181.63 32
181.909 33
182.069 23
182.338 24
182.368 25
182.536 26
182.779 27
183.137 28
185.858 19
186.096 20
186.17 21
186.178 22
186.288 23
186.434 24
186.596 25
186.792 26
187.046 27
187.399 28
187.681 19
187.996 20
188.004 21
188.055 22
188.184 23
188.327 24
188.501 25
188.697 26
188.945 27
189.293 28
189.397 19
189.723 20
189.731 21
189.782 22
189.913 23
190.058 24
190.223 25
190.421 26
190.668 27
191.019 28
191.47 19
191.698 20
191.763 21
191.771 22
191.889 23
192.037 24
192.198 25
192.4 26
192.645 27
193.001 28
193.098 19
193.333 20
193.407 21
193.415 22
193.524 23
193.668 24
193.835 25
194.028 26
194.28 27
194.629 28
194.663 19
194.979 20
194.987 21
195.037 22
195.177 23
195.312 24
195.478 25
195.675 26
195.921 27
196.194 18
196.639 19
196.716 20
196.918 21
197.268 22
199.983 23
