175 86
175.022 87
175.091 88
175.105 89
175.142 90
175.161 91
175.185 92
175.201 93
175.297 94
175.305 95
175.321 96
175.338 97
175.403 98
175.416 99
175.455 100
175.479 101
175.502 102
175.515 103
175.539 104
175.607 105
175.617 106
175.63 107
175.646 108
175.715 109
175.732 110
175.745 111
175.792 112
175.803 113
175.82 114
175.83 115
175.848 116
175.909 117
175.92 118
175.931 119
175.94 120
176.022 121
176.033 122
176.045 123
176.082 124
176.097 125
176.109 126
176.129 127
176.141 128
176.152 129
176.168 130
176.223 131
176.235 132
176.247 133
176.259 134
176.338 135
176.348 136
176.362 137
176.398 138
176.412 139
176.423 140
176.444 141
176.458 142
176.469 143
176.482 144
176.525 145
176.54 146
176.551 147
176.562 148
176.571 149
176.651 150
176.66 151
176.67 152
176.681 153
176.72 154
176.734 155
176.743 108
177.078 109
177.079 110
177.08 111
177.081 112
177.107 113
177.142 114
177.244 115
177.278 116
177.36 117
177.411 118
177.44 119
177.533 120
177.561 121
177.605 122
177.664 123
177.716 124
177.745 125
177.838 126
177.87 127
177.92 128
177.975 129
178.028 130
178.063 131
178.152 132
178.202 133
178.281 134
178.331 135
178.368 136
178.464 137
178.509 95
178.871 96
178.873 97
178.874 98
178.917 99
179.029 100
179.156 101
179.215 102
179.319 103
179.443 104
179.491 105
179.618 106
179.743 107
179.811 108
179.937 109
180.087 110
180.139 111
180.379 112
180.449 113
180.698 114
181.008 115
181.231 80
181.549 81
181.657 82
181.658 83
181.659 84
181.66 85
181.819 86
181.97 87
182.012 88
182.183 89
182.335 90
182.492 62
182.892 63
182.893 64
182.901 65
183.041 66
183.193 67
183.334 68
183.489 69
183.516 70
183.79 71
183.831 72
184.114 73
184.286 74
184.438 51
184.715 52
184.737 53
184.738 54
184.864 55
185.057 56
185.284 57
185.424 58
185.583 59
185.766 60
186.073 61
186.389 62
188.881 63
189.274 64
189.481 65
189.678 66
189.88 67
189.99 68
190.12 69
190.242 70
190.317 49
190.586 50
190.661 51
190.664 52
190.667 53
190.668 54
190.739 55
190.78 56
190.85 57
190.937 58
191.023 59
191.223 60
191.313 61
191.414 62
191.614 63
191.713 64
191.92 65
192.012 66
192.228 67
192.416 68
192.63 69
192.943 70
194.135 49
194.443 50
194.521 51
194.522 52
194.523 53
194.581 54
194.582 55
194.707 56
194.709 57
194.835 58
194.897 59
195.02 60
195.158 61
195.342 62
195.357 43
195.743 44
195.746 45
195.906 46
196.075 47
196.202 48
196.399 49
196.624 50
196.938 51
197.255 35
197.584 36
197.585 37
197.699 38
197.876 39
198.158 40
198.3 41
198.595 42
198.894 43
