950.124 11
950.242 12
950.365 13
950.491 14
950.626 15
950.77 16
950.923 17
951.084 18
951.248 19
951.405 20
951.531 21
951.663 22
951.802 23
951.954 24
952.115 25
952.282 26
952.456 27
952.629 28
952.805 29
952.988 30
953.177 31
953.372 32
953.574 33
953.782 34
953.997 35
954.217 36
954.444 37
954.677 38
954.917 39
955.163 40
955.415 41
955.673 42
955.938 43
956.209 44
956.487 45
956.77 46
957.062 47
957.358 48
957.661 49
957.969 50
958.075 25
958.433 26
958.541 27
958.711 28
958.887 29
959.07 30
959.267 31
959.462 32
959.664 33
959.872 34
960.086 35
960.307 36
960.534 37
960.584 18
960.84 19
960.94 20
961.067 21
961.202 22
961.351 23
961.505 24
961.666 25
961.832 26
961.945 13
962.203 14
962.203 15
962.32 16
962.433 17
962.555 18
962.685 19
962.824 20
962.971 21
963.127 22
963.292 23
963.335 11
963.554 13
963.667 14
963.775 15
963.894 16
964.021 17
964.158 18
964.303 19
964.457 20
964.619 21
964.699 10
964.924 12
964.949 13
965.082 14
965.205 15
965.336 16
965.475 17
965.622 18
965.777 19
965.941 20
966.08 10
966.258 11
966.258 13
966.372 14
966.486 15
966.611 16
966.747 17
966.893 18
967.048 19
967.212 20
967.376 21
967.512 22
967.651 23
967.796 24
967.947 25
968.107 26
968.28 27
968.459 28
968.644 29
968.669 14
968.845 16
968.967 17
969.081 18
969.202 19
969.332 20
969.471 21
969.619 22
969.775 23
969.939 24
970.092 12
970.272 13
970.272 14
970.316 15
970.443 16
970.566 17
970.698 18
970.838 19
970.988 20
971.145 21
971.309 22
971.36 11
971.679 12
971.761 13
971.877 14
972.003 15
972.139 16
972.283 17
972.435 18
972.596 19
972.753 9
972.938 10
972.938 12
973.046 13
973.156 14
973.276 15
973.405 16
973.543 17
973.689 18
973.845 19
974.008 20
974.143 10
974.323 11
974.323 12
974.349 13
974.468 14
974.586 15
974.714 16
974.851 17
974.997 18
975.151 19
975.314 20
975.418 10
975.566 13
975.7 14
975.812 15
975.933 16
976.063 17
976.201 18
976.348 19
976.502 20
976.666 21
976.752 10
976.905 13
977.036 14
977.147 15
977.267 16
977.397 17
977.535 18
977.683 19
977.84 20
978.004 21
978.036 10
978.259 11
978.297 12
978.404 13
978.512 14
978.631 15
978.76 16
978.898 17
979.044 18
979.198 19
979.362 20
979.42 10
979.708 11
979.815 12
979.937 13
980.066 14
980.203 15
980.348 16
980.502 17
980.665 18
980.809 9
980.986 10
980.986 12
981.105 13
981.217 14
981.339 15
981.47 16
981.609 17
981.757 18
981.914 19
982.079 20
982.123 10
982.281 12
982.385 13
982.499 14
982.617 15
982.743 16
982.877 17
983.02 18
983.171 19
983.33 20
983.496 21
983.57 10
983.771 12
983.803 13
983.935 14
984.062 15
984.196 16
984.338 17
984.489 18
984.647 19
984.838 9
985.063 10
985.063 11
985.171 12
985.287 13
985.41 14
985.542 15
985.683 16
985.832 17
985.991 18
986.155 19
986.32 20
986.448 21
986.58 22
986.719 23
986.868 24
987.03 25
987.196 26
987.37 27
987.543 28
987.72 29
987.903 30
988.092 31
988.287 32
988.489 33
988.697 34
988.924 17
989.162 18
989.162 19
989.231 20
989.357 21
989.498 22
989.645 23
989.8 24
989.96 25
990.127 26
990.291 13
990.576 14
990.647 15
990.769 16
990.897 17
991.032 18
991.175 19
991.326 20
991.486 21
991.651 22
991.811 23
991.956 24
992.107 25
992.264 26
992.428 27
992.602 28
992.789 29
992.978 30
993.167 31
993.362 32
993.564 33
993.772 34
993.986 35
994.226 17
994.521 18
994.534 19
994.669 20
994.802 21
994.941 22
995.089 23
995.246 24
995.41 25
995.573 26
995.737 27
995.908 28
996.084 29
996.267 30
996.456 31
996.654 32
996.857 33
997.065 34
997.279 35
997.5 36
997.727 37
997.966 18
998.193 19
998.193 21
998.306 22
998.446 23
998.602 24
998.763 25
998.931 26
999.104 27
999.278 28
999.454 29
999.637 30
999.826 31
1000.02 32
1000.22 33
1000.43 34
1000.65 35
1000.87 36
1001.09 37
1001.33 38
1001.57 39
1001.81 40
1001.96 20
1002.22 21
1002.22 22
1002.3 23
1002.44 24
1002.6 25
1002.76 26
1002.93 27
1003.11 28
1003.3 29
1003.48 30
1003.67 31
1003.86 32
1004.07 33
1004.27 34
1004.49 35
1004.66 17
1004.88 18
1004.88 20
1004.98 21
1005.12 22
1005.27 23
1005.42 24
1005.58 25
1005.75 26
1005.92 27
1006.06 13
1006.22 14
1006.22 16
1006.36 17
1006.47 18
1006.59 19
1006.72 20
1006.85 21
1006.99 22
1007.14 23
1007.3 24
1007.46 25
1007.63 26
1007.79 27
1007.96 28
1008.14 29
1008.32 30
1008.51 31
1008.71 32
1008.91 33
1008.96 16
1009.16 18
1009.23 19
1009.36 20
1009.5 21
1009.64 22
1009.79 23
1009.94 24
1010.1 25
1010.27 26
1010.43 27
1010.6 28
1010.78 29
1010.96 30
1011.15 31
1011.34 32
1011.55 33
1011.76 34
1011.97 35
1012.19 36
1012.42 37
1012.65 38
1012.88 19
1013.12 20
1013.12 21
1013.2 22
1013.34 23
1013.48 24
1013.65 25
1013.81 26
1013.99 27
1014.18 13
1014.42 14
1014.43 15
1014.55 16
1014.66 17
1014.78 18
1014.91 19
1015.05 20
1015.2 21
1015.36 22
1015.53 11
1015.79 12
1015.79 13
1015.9 14
1016.02 15
1016.14 16
1016.27 17
1016.4 18
1016.55 19
1016.7 20
1016.87 21
1017.04 10
1017.17 11
1017.17 13
1017.28 14
1017.4 15
1017.52 16
1017.65 17
1017.79 18
1017.94 19
1018.09 20
1018.27 10
1018.53 11
1018.54 12
1018.65 13
1018.75 14
1018.87 15
1019 16
1019.13 17
1019.27 18
1019.43 19
1019.58 20
1019.77 10
1019.98 11
1019.98 12
1020.02 13
1020.14 14
1020.26 15
1020.38 16
1020.52 17
1020.67 18
1020.82 19
1020.98 20
1021.12 10
1021.34 11
1021.34 12
1021.45 13
1021.56 14
1021.69 15
1021.82 16
1021.97 17
1022.12 18
1022.28 19
1022.43 9
1022.62 10
1022.62 11
1022.65 12
1022.77 13
1022.88 14
1023 15
1023.13 16
1023.27 17
1023.42 18
1023.58 19
1023.75 9
1023.99 10
1023.99 11
1024.11 12
1024.22 13
1024.35 14
1024.48 15
1024.62 16
1024.77 17
1024.93 18
1025.12 9
1025.33 10
1025.33 12
1025.44 13
1025.56 14
1025.69 15
1025.82 16
1025.96 17
1026.12 18
1026.27 19
1026.46 9
1026.61 10
1026.61 12
1026.73 13
1026.84 14
1026.97 15
1027.1 16
1027.25 17
1027.4 18
1027.56 19
1027.72 20
1027.79 10
1027.99 12
1028.11 13
1028.24 14
1028.36 15
1028.5 16
1028.65 17
1028.81 18
1029.01 9
1029.26 10
1029.28 11
1029.39 12
1029.5 13
1029.63 14
1029.76 15
1029.9 16
1030.05 17
1030.2 18
1030.37 19
1030.49 9
1030.67 11
1030.77 12
1030.88 13
1031 14
1031.13 15
1031.27 16
1031.42 17
1031.57 18
1031.73 19
1031.9 20
1032.05 21
1032.18 22
1032.32 23
1032.46 24
1032.62 25
1032.79 26
1032.96 27
1033.14 13
1033.37 14
1033.37 15
1033.47 16
1033.58 17
1033.7 18
1033.83 19
1033.97 20
1034.11 21
1034.27 22
1034.43 23
1034.6 24
1034.64 12
1034.81 14
1034.91 15
1035.03 16
1035.16 17
1035.3 18
1035.44 19
1035.6 20
1035.76 21
1035.9 10
1036.12 11
1036.13 12
1036.23 13
1036.34 14
1036.47 15
1036.6 16
1036.74 17
1036.89 18
1037.05 19
1037.21 20
1037.37 21
1037.51 22
1037.65 23
1037.79 24
1037.94 25
1038.11 26
1038.28 27
1038.46 28
1038.64 29
1038.83 30
1039.01 31
1039.21 32
1039.41 33
1039.62 34
1039.83 35
1040.06 17
1040.27 18
1040.27 20
1040.39 21
1040.52 22
1040.67 23
1040.82 24
1040.98 25
1041.15 26
1041.32 27
1041.49 28
1041.67 29
1041.85 30
1042.04 31
1042.24 32
1042.44 33
1042.65 34
1042.86 35
1043.08 36
1043.31 37
1043.54 38
1043.78 39
1044.01 19
1044.25 20
1044.25 22
1044.37 23
1044.52 24
1044.67 25
1044.84 26
1045.01 27
1045.19 28
1045.38 29
1045.56 30
1045.75 31
1045.94 32
1046.15 33
1046.35 34
1046.57 35
1046.75 17
1046.98 18
1046.98 19
1047 20
1047.13 21
1047.26 22
1047.41 23
1047.57 24
1047.73 25
1047.89 26
1048.07 27
1048.13 13
1048.3 15
1048.37 16
1048.48 17
1048.6 18
1048.73 19
1048.87 20
1049.01 21
1049.16 22
1049.33 23
1049.49 11
1049.7 12
1049.7 13
1049.78 14
1049.89 15
1050.01 16
1050.14 17
1050.28 18
1050.43 19
1050.58 20
1050.77 10
1050.99 11
1050.99 12
1051.1 13
1051.21 14
1051.33 15
1051.45 16
1051.59 17
1051.74 18
1051.89 19
1052.05 20
1052.14 10
1052.3 12
1052.37 13
1052.47 14
1052.58 15
1052.69 16
1052.82 17
1052.95 18
1053.1 19
1053.25 20
1053.41 21
1053.56 10
1053.71 11
1053.71 13
1053.82 14
1053.93 15
1054.05 16
1054.18 17
1054.32 18
1054.46 19
1054.62 20
1054.78 21
1054.87 10
1055.03 13
1055.15 14
1055.26 15
1055.37 16
1055.5 17
1055.63 18
1055.77 19
1055.92 20
1056.08 21
1056.26 10
1056.47 11
1056.47 12
1056.49 13
1056.62 14
1056.73 15
1056.86 16
1056.99 17
1057.13 18
1057.28 19
1057.44 20
1057.59 10
1057.74 11
1057.74 13
1057.87 14
1057.99 15
1058.11 16
1058.23 17
1058.37 18
1058.51 19
1058.67 20
1058.83 21
1058.99 22
1059.15 23
1059.29 24
1059.44 25
1059.6 26
1059.76 27
1059.94 28
1060.12 29
1060.28 14
1060.61 15
1060.61 16
1060.72 17
1060.83 18
1060.96 19
1061.1 20
1061.24 21
1061.4 22
1061.56 23
1061.67 11
1061.82 12
1061.82 14
1061.94 15
1062.05 16
1062.17 17
1062.3 18
1062.44 19
1062.58 20
1062.74 21
1062.9 22
1063.06 11
1063.2 12
1063.2 14
1063.31 15
1063.42 16
1063.54 17
1063.67 18
1063.81 19
1063.96 20
1064.11 21
1064.28 22
1064.33 11
1064.49 13
1064.59 14
1064.7 15
1064.82 16
1064.95 17
1065.08 18
1065.22 19
1065.37 20
1065.53 21
1065.69 10
1065.84 11
1065.84 13
1065.95 14
1066.05 15
1066.17 16
1066.29 17
1066.43 18
1066.57 19
1066.72 20
1066.88 21
1067.05 22
1067.21 23
1067.35 24
1067.5 25
1067.66 26
1067.83 27
1068 28
1068.18 29
1068.38 14
1068.56 15
1068.56 17
1068.69 18
1068.81 19
1068.93 20
1069.07 21
1069.21 22
1069.36 23
1069.52 24
1069.67 12
1069.83 13
1069.83 15
1069.95 16
1070.06 17
1070.18 18
1070.31 19
1070.45 20
1070.59 21
1070.75 22
1070.91 23
1071 11
1071.2 14
1071.32 15
1071.43 16
1071.55 17
1071.68 18
1071.82 19
1071.97 20
1072.12 21
1072.28 22
1072.45 11
1072.58 12
1072.58 14
1072.69 15
1072.8 16
1072.92 17
1073.05 18
1073.19 19
1073.34 20
1073.49 21
1073.66 22
1073.72 11
1073.94 12
1073.95 13
1074.06 14
1074.17 15
1074.29 16
1074.42 17
1074.55 18
1074.7 19
1074.85 20
1075.01 21
1075.16 10
1075.41 11
1075.41 12
1075.53 13
1075.65 14
1075.78 15
1075.91 16
1076.06 17
1076.22 18
1076.38 19
1076.51 9
1076.65 10
1076.65 12
1076.75 13
1076.85 14
1076.96 15
1077.08 16
1077.21 17
1077.35 18
1077.5 19
1077.66 20
1077.82 21
1077.99 22
1078.13 23
1078.27 24
1078.42 25
1078.58 26
1078.75 27
1078.93 28
1079.12 29
1079.3 30
1079.49 31
1079.68 32
1079.89 33
1080.09 34
1080.31 35
1080.53 36
1080.61 18
1080.83 20
1080.9 21
1081.03 22
1081.19 23
1081.34 24
1081.5 25
1081.67 26
1081.84 27
1081.87 13
1082.07 15
1082.19 16
1082.32 17
1082.45 18
1082.59 19
1082.73 20
1082.89 21
1083.05 22
1083.12 11
1083.35 12
1083.37 13
1083.5 14
1083.62 15
1083.76 16
1083.9 17
1084.04 18
1084.2 19
1084.33 9
1084.54 10
1084.54 11
1084.56 12
1084.69 13
1084.81 14
1084.93 15
1085.07 16
1085.21 17
1085.36 18
1085.52 19
1085.66 9
1085.9 10
1085.91 11
1086.03 12
1086.16 13
1086.29 14
1086.43 15
1086.57 16
1086.73 17
1086.89 18
1087.01 9
1087.18 11
1087.21 12
1087.33 13
1087.45 14
1087.58 15
1087.72 16
1087.87 17
1088.03 18
1088.19 9
1088.42 10
1088.42 11
1088.54 12
1088.66 13
1088.78 14
1088.92 15
1089.06 16
1089.21 17
1089.37 18
1089.52 9
1089.68 10
1089.68 12
1089.8 13
1089.92 14
1090.04 15
1090.17 16
1090.31 17
1090.45 18
1090.61 19
1090.77 20
1090.86 10
1091.06 11
1091.08 12
1091.2 13
1091.33 14
1091.46 15
1091.6 16
1091.75 17
1091.91 18
1092.07 9
1092.29 10
1092.29 11
1092.32 12
1092.44 13
1092.55 14
1092.67 15
1092.8 16
1092.94 17
1093.09 18
1093.24 19
1093.41 20
1093.47 10
1093.62 12
1093.71 13
1093.83 14
1093.95 15
1094.07 16
1094.21 17
1094.36 18
1094.51 19
1094.67 20
1094.83 21
1094.91 10
1095.04 12
1095.1 13
1095.21 14
1095.33 15
1095.46 16
1095.6 17
1095.75 18
1095.9 19
1096.07 20
1096.23 21
1096.38 22
1096.52 23
1096.66 24
1096.81 25
1096.97 26
1097.15 27
1097.33 28
1097.51 29
1097.69 30
1097.88 31
1098.07 32
1098.28 33
1098.48 34
1098.7 35
1098.92 36
1099.15 37
1099.38 38
1099.62 39
1099.87 40
1100.12 41
1100.16 20
1100.41 22
1100.53 23
1100.68 24
1100.83 25
1101 26
1101.17 27
1101.35 28
1101.42 14
1101.67 15
1101.72 16
1101.84 17
1101.95 18
1102.08 19
1102.22 20
1102.37 21
1102.52 22
1102.68 23
1102.75 11
1103.71 1
1104.01 2
1105.01 1
1105.15 2
1105.29 3
1105.45 4
1105.89 2
1106.38 4
1106.52 5
1106.68 6
1106.84 7
1107.01 3
1107.13 4
1107.13 7
1107.25 8
1107.35 9
1107.47 10
1107.6 11
1107.73 12
1107.88 13
1108.03 14
1108.2 15
1108.34 7
1108.49 8
1108.49 10
1108.6 11
1108.71 12
1108.84 13
1108.97 14
1109.11 15
1109.26 16
1109.42 17
1109.59 18
1109.63 9
1109.82 11
1109.92 12
1110.02 13
1110.14 14
1110.27 15
1110.41 16
1110.56 17
1110.71 18
1110.87 19
1111.01 9
1111.15 10
1111.15 12
1111.26 13
1111.37 14
1111.5 15
1111.62 16
1111.76 17
1111.91 18
1112.06 19
1112.23 20
1112.39 21
1112.53 22
1112.67 23
1112.82 24
1112.97 25
1113.13 26
1113.3 27
1113.48 28
1113.57 14
1114 15
1114.06 16
1114.18 17
1114.31 18
1114.45 19
1114.6 20
1114.76 21
1114.92 22
1115.04 11
1115.18 12
1115.18 14
1115.3 15
1115.42 16
1115.55 17
1115.69 18
1115.84 19
1116 20
1116.16 21
1116.26 10
1116.4 13
1116.51 14
1116.62 15
1116.73 16
1116.86 17
1117 18
1117.14 19
1117.29 20
1117.45 21
1117.62 22
1117.68 11
1117.87 13
1117.92 14
1118.04 15
1118.16 16
1118.29 17
1118.43 18
1118.57 19
1118.73 20
1118.89 21
1118.96 10
1119.18 12
1119.29 13
1119.41 14
1119.53 15
1119.66 16
1119.8 17
1119.95 18
1120.1 19
1120.27 20
1120.31 10
1120.54 11
1120.57 12
1120.68 13
1120.79 14
1120.91 15
1121.04 16
1121.18 17
1121.33 18
1121.49 19
1121.65 20
1121.82 21
1121.95 22
1122.09 23
1122.24 24
1122.39 25
1122.55 26
1122.72 27
1122.9 28
1123.08 29
1123.13 14
1123.37 15
1123.44 16
1123.55 17
1123.66 18
1123.79 19
1123.92 20
1124.06 21
1124.21 22
1124.37 23
1124.53 24
1124.69 12
1124.83 13
1124.83 15
1124.93 16
1125.05 17
1125.17 18
1125.31 19
1125.45 20
1125.6 21
1125.76 22
1125.92 23
1126.09 24
1126.24 25
1126.4 26
1126.56 27
1126.73 28
1126.91 29
1127.1 30
1127.31 15
1127.69 16
1127.69 17
1127.81 18
1127.93 19
1128.07 20
1128.21 21
1128.36 22
1128.52 23
1128.65 11
1128.89 12
1128.91 13
1129.02 14
1129.13 15
1129.25 16
1129.39 17
1129.53 18
1129.68 19
1129.83 20
1130 10
1130.15 11
1130.15 13
1130.28 14
1130.37 15
1130.48 16
1130.6 17
1130.73 18
1130.87 19
1131.01 20
1131.17 21
1131.33 22
1131.52 11
1131.7 12
1131.7 13
1131.73 14
1131.84 15
1131.96 16
1132.08 17
1132.21 18
1132.35 19
1132.5 20
1132.66 21
1132.83 22
1133 11
1133.15 12
1133.15 13
1133.17 14
1133.29 15
1133.41 16
1133.54 17
1133.68 18
1133.83 19
1133.98 20
1134.14 21
1134.31 22
1134.36 11
1134.5 13
1134.57 14
1134.68 15
1134.8 16
1134.93 17
1135.07 18
1135.22 19
1135.37 20
1135.54 21
1135.69 10
1135.81 11
1135.81 13
1135.93 14
1136.04 15
1136.16 16
1136.29 17
1136.43 18
1136.58 19
1136.73 20
1136.9 21
1137.06 22
1137.2 23
1137.34 24
1137.49 25
1137.65 26
1137.82 27
1138 28
1138.19 29
1138.24 14
1138.54 15
1138.65 16
1138.76 17
1138.89 18
1139.02 19
1139.16 20
1139.31 21
1139.47 22
1139.65 11
1139.81 12
1139.81 14
1139.93 15
1140.04 16
1140.16 17
1140.28 18
1140.42 19
1140.56 20
1140.71 21
1140.88 22
1140.98 11
1141.13 14
1141.26 15
1141.37 16
1141.49 17
1141.61 18
1141.75 19
1141.89 20
1142.05 21
1142.21 22
1142.37 23
1142.53 24
1142.68 25
1142.84 26
1143 27
1143.17 28
1143.35 29
1143.54 30
1143.7 15
1143.88 16
1143.88 17
1143.91 18
1144.03 19
1144.16 20
1144.3 21
1144.44 22
1144.59 23
1144.75 24
1144.91 25
1145.08 26
1145.24 27
1145.41 28
1145.59 29
1145.77 30
1145.96 31
1146.15 32
1146.31 16
1146.55 17
1146.55 18
1146.63 19
1146.76 20
1146.89 21
1147.03 22
1147.18 23
1147.34 24
1147.5 25
1147.65 12
1147.85 13
1147.85 14
1147.89 15
1148 16
1148.11 17
1148.24 18
1148.37 19
1148.51 20
1148.66 21
1148.82 22
1148.97 11
1149.13 12
1149.13 14
1149.25 15
1149.35 16
1149.47 17
1149.59 18
1149.72 19
1149.86 20
1150.01 21
1150.16 22
1150.32 23
1150.52 11
1150.7 12
1150.7 13
1150.73 14
1150.85 15
1150.98 16
1151.11 17
1151.25 18
1151.39 19
1151.55 20
1151.72 10
1151.96 11
1151.97 12
1152.09 13
1152.21 14
1152.33 15
1152.47 16
1152.61 17
1152.76 18
1152.92 19
1153.09 9
1153.3 10
1153.3 11
1153.41 12
1153.54 13
1153.67 14
1153.81 15
1153.96 16
1154.12 17
1154.28 8
1154.64 9
1154.67 10
1154.8 11
1154.93 12
1155.07 13
1155.22 14
1155.37 15
1155.54 7
1155.79 8
1155.79 9
1155.82 10
1155.96 11
1156.08 12
1156.22 13
1156.36 14
1156.51 15
1156.66 16
1156.83 17
1156.89 8
1157.09 9
1157.13 10
1157.23 11
1157.35 12
1157.47 13
1157.6 14
1157.74 15
1157.89 16
1158.04 17
1158.23 8
1158.44 9
1158.44 11
1158.56 12
1158.67 13
1158.79 14
1158.92 15
1159.06 16
1159.2 17
1159.35 18
1159.51 19
1159.68 20
1159.76 10
1159.89 12
1159.96 13
1160.06 14
1160.18 15
1160.3 16
1160.44 17
1160.58 18
1160.73 19
1160.89 20
1161.06 21
1161.22 22
1161.36 23
1161.5 24
1161.65 25
1161.81 26
1161.98 27
1162.16 28
1162.35 14
1162.58 15
1162.58 16
1162.65 17
1162.77 18
1162.89 19
1163.03 20
1163.17 21
1163.31 22
1163.47 23
1163.64 24
1163.8 25
1163.96 26
1164.12 27
1164.29 28
1164.47 29
1164.65 30
1164.84 31
1165.04 32
1165.09 16
1165.29 18
1165.38 19
1165.51 20
1165.64 21
1165.78 22
1165.93 23
1166.08 24
1166.25 25
1166.32 12
1166.55 13
1166.64 14
1166.76 15
1166.88 16
1167.01 17
1167.15 18
1167.3 19
1167.46 20
1167.63 21
1167.69 10
1167.84 12
1167.9 13
1168.01 14
1168.12 15
1168.25 16
1168.39 17
1168.53 18
1168.68 19
1168.84 20
1169.02 10
1169.22 11
1169.22 12
1169.24 13
1169.36 14
1169.48 15
1169.61 16
1169.74 17
1169.88 18
1170.04 19
1170.2 20
1170.33 10
1170.58 11
1170.58 12
1170.7 13
1170.82 14
1170.94 15
1171.08 16
1171.22 17
1171.38 18
1171.54 19
1171.71 9
1171.9 10
1171.9 11
1171.94 12
1172.06 13
1172.18 14
1172.31 15
1172.45 16
1172.59 17
1172.75 18
1172.91 19
1172.98 9
1173.24 10
1173.32 11
1173.43 12
1173.55 13
1173.68 14
1173.82 15
1173.96 16
1174.12 17
1174.28 18
1174.44 9
1174.57 10
1174.57 12
1174.68 13
1174.79 14
1174.91 15
1175.04 16
1175.18 17
1175.33 18
1175.48 19
1175.65 20
1175.73 10
1175.88 12
1175.96 13
1176.08 14
1176.19 15
1176.32 16
1176.45 17
1176.6 18
1176.75 19
1176.91 20
1177.07 21
1177.23 22
1177.37 23
1177.51 24
1177.66 25
1177.83 26
1178 27
1178.18 28
1178.29 14
1178.52 15
1178.54 16
1178.65 17
1178.77 18
1178.9 19
1179.03 20
1179.17 21
1179.32 22
1179.48 23
1179.66 11
1179.87 12
1179.87 13
1179.96 14
1180.08 15
1180.21 16
1180.34 17
1180.48 18
1180.64 19
1180.8 20
1180.96 21
1181.12 22
1181.26 23
1181.4 24
1181.55 25
1181.71 26
1181.89 27
1182.07 28
1182.29 14
1182.5 15
1182.5 16
1182.55 17
1182.68 18
1182.81 19
1182.95 20
1183.09 21
1183.24 22
1183.4 23
1183.52 11
1183.76 12
1183.76 13
1183.86 14
1183.97 15
1184.08 16
1184.21 17
1184.35 18
1184.49 19
1184.65 20
1184.81 21
1184.98 22
1185.13 23
1185.28 24
1185.43 25
1185.58 26
1185.75 27
1185.93 28
1186.11 29
1186.18 14
1186.41 15
1186.46 16
1186.57 17
1186.69 18
1186.82 19
1186.95 20
1187.1 21
1187.25 22
1187.41 23
1187.59 11
1187.78 12
1187.78 13
1187.84 14
1187.96 15
1188.08 16
1188.21 17
1188.34 18
1188.49 19
1188.64 20
1188.8 21
1188.92 10
1189.13 11
1189.15 12
1189.25 13
1189.37 14
1189.49 15
1189.62 16
1189.76 17
1189.91 18
1190.07 19
1190.27 9
1190.51 10
1190.53 11
1190.64 12
1190.75 13
1190.87 14
1191 15
1191.14 16
1191.29 17
1191.45 18
1191.61 19
1191.74 9
1191.95 10
1191.95 11
1192.06 12
1192.17 13
1192.3 14
1192.43 15
1192.57 16
1192.72 17
1192.87 18
1193.03 19
1193.22 9
1193.41 10
1193.41 11
1193.45 12
1193.57 13
1193.69 14
1193.82 15
1193.95 16
1194.1 17
1194.25 18
1194.41 19
1194.51 9
1194.82 11
1194.94 12
1195.06 13
1195.19 14
1195.33 15
1195.47 16
1195.63 17
1195.79 18
1195.89 9
1196.11 10
1196.2 11
1196.3 12
1196.42 13
1196.55 14
1196.69 15
1196.83 16
1196.99 17
1197.15 18
1197.28 9
1197.5 10
1197.5 11
1197.61 12
1197.72 13
1197.84 14
1197.98 15
1198.12 16
1198.27 17
1198.42 18
1198.59 19
1198.72 9
1198.85 10
1198.85 12
1198.97 13
1199.1 14
1199.23 15
1199.37 16
1199.52 17
1199.67 18
1199.84 19
1199.9 9
1200.13 11
1200.25 12
1200.37 13
1200.49 14
1200.62 15
1200.76 16
1200.91 17
1201.07 18
1201.24 19
1201.4 20
1201.53 21
1201.66 22
1201.8 23
1201.95 24
1202.11 25
1202.28 26
1202.47 13
1202.63 14
1202.63 16
1202.77 17
1202.89 18
1203.02 19
1203.16 20
1203.3 21
1203.46 22
1203.62 23
1203.72 11
1203.87 12
1203.87 14
1204 15
1204.1 16
1204.22 17
1204.35 18
1204.48 19
1204.63 20
1204.78 21
1204.94 22
1205.09 11
1205.23 12
1205.23 14
1205.35 15
1205.46 16
1205.58 17
1205.71 18
1205.85 19
1206 20
1206.15 21
1206.31 22
1206.46 11
1206.59 12
1206.59 14
1206.71 15
1206.82 16
1206.93 17
1207.06 18
1207.19 19
1207.34 20
1207.49 21
1207.65 22
1207.82 11
1208.04 12
1208.04 13
1208.14 14
1208.26 15
1208.37 16
1208.5 17
1208.64 18
1208.78 19
1208.94 20
1209.1 21
1209.26 22
1209.42 23
1209.57 24
1209.72 25
1209.88 26
1210.04 27
1210.21 28
1210.4 29
1210.59 30
1210.64 15
1210.85 17
1210.94 18
1211.07 19
1211.2 20
1211.34 21
1211.48 22
1211.63 23
1211.79 24
1211.91 12
1212.06 13
1212.06 15
1212.19 16
1212.31 17
1212.43 18
1212.56 19
1212.69 20
1212.84 21
1212.99 22
1213.15 23
1213.27 11
1213.49 12
1213.49 13
1213.59 14
1213.7 15
1213.82 16
1213.95 17
1214.09 18
1214.24 19
1214.4 20
1214.56 21
1214.72 22
1214.86 23
1215.01 24
1215.16 25
1215.32 26
1215.48 27
1215.66 28
1215.85 29
1215.98 14
1216.2 15
1216.2 16
1216.23 17
1216.35 18
1216.47 19
1216.6 20
1216.74 21
1216.89 22
1217.04 23
1217.21 24
1217.34 12
1217.53 13
1217.53 14
1217.6 15
1217.74 16
1217.86 17
1218 18
1218.15 19
1218.31 20
1218.47 21
1218.52 10
1218.76 11
1218.85 12
1218.96 13
1219.08 14
1219.21 15
1219.35 16
1219.49 17
1219.65 18
1219.81 19
1219.99 9
1220.13 10
1220.13 12
1220.23 13
1220.34 14
1220.46 15
1220.59 16
1220.73 17
1220.88 18
1221.04 19
1221.2 20
1221.37 21
1221.4 10
1221.52 12
1221.61 13
1221.72 14
1221.84 15
1221.97 16
1222.1 17
1222.25 18
1222.4 19
1222.57 20
1222.72 10
1222.86 11
1222.86 13
1222.98 14
1223.09 15
1223.2 16
1223.33 17
1223.47 18
1223.61 19
1223.77 20
1223.93 21
1224.09 10
1224.23 11
1224.23 13
1224.34 14
1224.45 15
1224.57 16
1224.7 17
1224.84 18
1224.98 19
1225.14 20
1225.3 21
1225.34 10
1225.58 11
1225.6 12
1225.72 13
1225.84 14
1225.96 15
1226.1 16
1226.24 17
1226.39 18
1226.55 19
1226.71 20
1226.78 10
1226.92 12
1227.01 13
1227.12 14
1227.23 15
1227.36 16
1227.5 17
1227.65 18
1227.81 19
1227.97 20
1228 10
1228.16 12
1228.28 13
1228.38 14
1228.49 15
1228.61 16
1228.74 17
1228.88 18
1229.02 19
1229.17 20
1229.33 21
1229.49 10
1229.67 11
1229.67 13
1229.78 14
1229.88 15
1230 16
1230.12 17
1230.25 18
1230.4 19
1230.55 20
1230.71 21
1230.87 22
1230.9 11
1231.06 13
1231.17 14
1231.27 15
1231.39 16
1231.52 17
1231.65 18
1231.8 19
1231.95 20
1232.11 21
1232.27 22
1232.43 23
1232.58 24
1232.73 25
1232.88 26
1233.05 27
1233.22 28
1233.41 29
1233.6 30
1233.7 15
1233.89 17
1233.92 18
1234.04 19
1234.18 20
1234.31 21
1234.45 22
1234.6 23
1234.76 24
1234.92 25
1235.02 12
1235.36 13
1235.46 14
1235.58 15
1235.72 16
1235.87 17
1236.02 18
1236.19 19
1236.28 9
1236.54 10
1236.63 11
1236.75 12
1236.88 13
1237.01 14
1237.16 15
1237.31 16
1237.47 17
1237.62 8
1237.77 9
1237.77 11
1237.88 12
1237.99 13
1238.11 14
1238.24 15
1238.38 16
1238.53 17
1238.68 18
1238.85 19
1238.92 9
1239.13 10
1239.14 11
1239.26 12
1239.37 13
1239.5 14
1239.63 15
1239.77 16
1239.93 17
1240.09 18
1240.19 9
1240.35 11
1240.41 12
1240.54 13
1240.65 14
1240.78 15
1240.91 16
1241.06 17
1241.21 18
1241.37 19
1241.53 20
1241.63 10
1241.8 12
1241.84 13
1241.97 14
1242.09 15
1242.22 16
1242.36 17
1242.51 18
1242.66 19
1242.84 9
1243.06 10
1243.06 11
1243.08 12
1243.2 13
1243.31 14
1243.43 15
1243.56 16
1243.7 17
1243.85 18
1244 19
1244.17 20
1244.26 10
1244.49 11
1244.51 12
1244.62 13
1244.73 14
1244.86 15
1244.99 16
1245.13 17
1245.28 18
1245.44 19
1245.59 9
1245.82 10
1245.82 11
1245.93 12
1246.04 13
1246.16 14
1246.29 15
1246.43 16
1246.57 17
1246.73 18
1246.89 19
1247.07 9
1247.27 10
1247.27 11
1247.3 12
1247.43 13
1247.56 14
1247.69 15
1247.83 16
1247.99 17
1248.15 18
1248.22 9
1248.5 10
1248.6 11
1248.71 12
1248.84 13
1248.97 14
1249.11 15
1249.26 16
1249.41 17
1249.58 18
1249.66 9
1249.85 11
1249.92 12
1250.03 13
1250.14 14
1250.26 15
1250.4 16
1250.54 17
1250.69 18
1250.85 19
1251 9
1251.16 10
1251.16 12
1251.28 13
1251.39 14
1251.51 15
1251.64 16
1251.77 17
1251.92 18
1252.07 19
1252.23 20
1252.39 21
1252.51 10
1252.64 11
1252.64 13
1252.76 14
1252.88 15
1253.01 16
1253.15 17
1253.29 18
1253.44 19
1253.61 20
1253.7 10
1253.94 11
1253.96 12
1254.07 13
1254.18 14
1254.31 15
1254.44 16
1254.59 17
1254.74 18
1254.9 19
1255.07 20
1255.22 21
1255.36 22
1255.49 23
1255.64 24
1255.8 25
1255.96 26
1256.14 27
1256.31 28
1256.39 14
1256.59 16
1256.66 17
1256.79 18
1256.91 19
1257.05 20
1257.19 21
1257.34 22
1257.5 23
1257.68 11
1257.9 12
1257.9 13
1258.01 14
1258.12 15
1258.25 16
1258.38 17
1258.52 18
1258.67 19
1258.83 20
1259.02 10
1259.24 11
1259.26 12
1259.37 13
1259.48 14
1259.6 15
1259.74 16
1259.88 17
1260.03 18
1260.19 19
1260.35 20
1260.42 10
1260.57 12
1260.64 13
1260.74 14
1260.85 15
1260.97 16
1261.1 17
1261.24 18
1261.39 19
1261.55 20
1261.71 21
1261.87 22
1262.02 23
1262.17 24
1262.32 25
1262.47 26
1262.64 27
1262.81 28
1263 29
1263.19 30
1263.23 15
1263.41 17
1263.5 18
1263.62 19
1263.74 20
1263.88 21
1264.02 22
1264.16 23
1264.32 24
1264.48 25
1264.68 12
1264.9 13
1264.9 14
1264.99 15
1265.12 16
1265.25 17
1265.39 18
1265.54 19
1265.7 20
1265.86 21
1266.01 10
1266.14 11
1266.14 13
1266.23 14
1266.35 15
1266.47 16
1266.6 17
1266.74 18
1266.89 19
1267.05 20
1267.21 21
1267.29 10
1267.44 13
1267.58 14
1267.7 15
1267.83 16
1267.96 17
1268.1 18
1268.25 19
1268.41 20
1268.57 21
1268.74 10
1268.87 11
1268.87 13
1268.97 14
1269.09 15
1269.22 16
1269.36 17
1269.51 18
1269.66 19
1269.83 9
1270.06 10
1270.06 11
1270.12 12
1270.24 13
1270.36 14
1270.49 15
1270.63 16
1270.77 17
1270.92 18
1271.09 19
1271.27 9
1271.4 10
1271.4 12
1271.5 13
1271.61 14
1271.72 15
1271.85 16
1271.98 17
1272.13 18
1272.28 19
1272.44 20
1272.6 21
1272.7 10
1272.84 13
1272.95 14
1273.07 15
1273.19 16
1273.32 17
1273.47 18
1273.62 19
1273.78 20
1273.92 10
1274.19 11
1274.2 12
1274.32 13
1274.43 14
1274.56 15
1274.69 16
1274.83 17
1274.98 18
1275.14 19
1275.31 9
1275.52 10
1275.52 11
1275.57 12
1275.68 13
1275.8 14
1275.92 15
1276.05 16
1276.19 17
1276.34 18
1276.49 19
1276.66 20
1276.82 21
1276.97 22
1277.11 23
1277.25 24
1277.41 25
1277.56 26
1277.73 27
1277.91 28
1278.1 14
1278.37 15
1278.42 16
1278.52 17
1278.64 18
1278.77 19
1278.91 20
1279.05 21
1279.21 22
1279.37 23
1279.53 11
1279.72 12
1279.72 14
1279.84 15
1279.96 16
1280.08 17
1280.21 18
1280.35 19
1280.5 20
1280.66 21
1280.82 10
1280.98 11
1280.98 13
1281.1 14
1281.22 15
1281.34 16
1281.47 17
1281.6 18
1281.74 19
1281.9 20
1282.06 21
1282.22 22
1282.38 23
1282.53 24
1282.68 25
1282.83 26
1283 27
1283.18 28
1283.37 14
1283.65 15
1283.67 16
1283.79 17
1283.91 18
1284.03 19
1284.17 20
1284.31 21
1284.46 22
1284.62 23
1284.8 11
1285 12
1285 13
1285.01 14
1285.13 15
1285.25 16
1285.38 17
1285.52 18
1285.66 19
1285.82 20
1285.98 21
1286.12 10
1286.33 11
1286.33 12
1286.38 13
1286.5 14
1286.63 15
1286.76 16
1286.9 17
1287.05 18
1287.21 19
1287.36 9
1287.6 10
1287.6 11
1287.71 12
1287.82 13
1287.94 14
1288.07 15
1288.21 16
1288.36 17
1288.52 18
1288.68 9
1288.91 10
1288.91 11
1288.96 12
1289.07 13
1289.19 14
1289.32 15
1289.46 16
1289.6 17
1289.75 18
1289.91 19
1290 9
1290.26 10
1290.37 11
1290.49 12
1290.62 13
1290.75 14
1290.9 15
1291.05 16
1291.22 17
1291.36 8
1291.5 9
1291.5 11
1291.6 12
1291.71 13
1291.82 14
1291.94 15
1292.07 16
1292.21 17
1292.36 18
1292.52 19
1292.67 9
1292.89 10
1292.89 11
1292.94 12
1293.06 13
1293.17 14
1293.29 15
1293.43 16
1293.57 17
1293.72 18
1293.88 19
1294.06 9
1294.28 10
1294.28 11
1294.39 12
1294.5 13
1294.62 14
1294.75 15
1294.89 16
1295.04 17
1295.2 18
1295.35 9
1295.68 10
1295.68 11
1295.79 12
1295.9 13
1296.03 14
1296.16 15
1296.31 16
1296.46 17
1296.62 18
1296.78 9
1296.94 10
1296.94 12
1297.06 13
1297.17 14
1297.28 15
1297.41 16
1297.54 17
1297.68 18
1297.84 19
1298 20
1298.16 21
1298.2 10
1298.41 11
1298.43 12
1298.54 13
1298.66 14
1298.79 15
1298.92 16
1299.07 17
1299.22 18
1299.38 19
1299.5 9
1299.7 10
1299.7 11
1299.75 12
1299.86 13
1299.97 14
1300.09 15
1300.22 16
1300.36 17
1300.51 18
1300.67 19
1300.84 9
1301 10
1301 12
1301.11 13
1301.22 14
1301.33 15
1301.45 16
1301.58 17
1301.73 18
1301.87 19
1302.03 20
1302.22 10
1302.46 11
1302.46 12
1302.56 13
1302.66 14
1302.77 15
1302.9 16
1303.03 17
1303.17 18
1303.32 19
1303.48 20
1303.64 21
1303.75 10
1303.94 12
1303.95 13
1304.07 14
1304.18 15
1304.3 16
1304.43 17
1304.57 18
1304.72 19
1304.88 20
1305.04 21
1305.2 10
1305.34 11
1305.34 13
1305.46 14
1305.58 15
1305.71 16
1305.84 17
1305.99 18
1306.15 19
1306.31 20
1306.39 10
1306.59 11
1306.61 12
1306.72 13
1306.83 14
1306.96 15
1307.09 16
1307.23 17
1307.38 18
1307.54 19
1307.7 20
1307.73 10
1307.89 12
1308.01 13
1308.12 14
1308.24 15
1308.37 16
1308.51 17
1308.66 18
1308.81 19
1308.98 20
1309.08 10
1309.33 11
1309.41 12
1309.53 13
1309.65 14
1309.79 15
1309.93 16
1310.08 17
1310.24 18
1310.43 9
1310.65 10
1310.65 11
1310.73 12
1310.84 13
1310.96 14
1311.09 15
1311.23 16
1311.38 17
1311.54 18
1311.7 19
1311.84 9
1311.97 10
1311.97 12
1312.07 13
1312.18 14
1312.3 15
1312.43 16
1312.57 17
1312.71 18
1312.86 19
1313.02 20
1313.19 21
1313.34 22
1313.48 23
1313.63 24
1313.78 25
1313.93 26
1314.11 27
1314.29 28
1314.49 14
1314.79 15
1314.8 16
1314.91 17
1315.03 18
1315.16 19
1315.29 20
1315.43 21
1315.58 22
1315.74 23
1315.9 24
1316.07 25
1316.22 26
1316.39 27
1316.56 28
1316.74 29
1316.92 30
1317.11 31
1317.19 15
1317.45 16
1317.5 17
1317.62 18
1317.74 19
1317.87 20
1318.01 21
1318.16 22
1318.32 23
1318.48 24
1318.62 12
1318.8 13
1318.8 14
1318.83 15
1318.95 16
1319.07 17
1319.19 18
1319.33 19
1319.48 20
1319.63 21
1319.79 22
1319.89 11
1320.12 13
1320.23 14
1320.34 15
1320.47 16
1320.6 17
1320.74 18
1320.89 19
1321.05 20
1321.21 21
1321.37 22
1321.51 23
1321.66 24
1321.81 25
1321.97 26
1322.13 27
1322.31 28
1322.5 29
1322.69 30
1322.87 31
1323.07 32
1323.27 33
1323.48 34
1323.69 35
1323.91 36
1324.1 18
1324.32 19
1324.32 21
1324.44 22
1324.58 23
1324.74 24
1324.9 25
1325.06 26
1325.24 27
1325.41 28
1325.59 29
1325.77 30
1325.96 31
1326.15 32
1326.36 33
1326.56 34
1326.66 17
1326.9 18
1326.94 19
1327.06 20
1327.19 21
1327.34 22
1327.48 23
1327.64 24
1327.8 25
1327.96 26
1328.08 13
1328.29 15
1328.38 16
1328.5 17
1328.63 18
1328.76 19
1328.91 20
1329.06 21
1329.22 22
1329.38 11
1329.53 12
1329.53 14
1329.65 15
1329.75 16
1329.86 17
1329.99 18
1330.12 19
1330.26 20
1330.41 21
1330.57 22
1330.73 23
1330.81 11
1331.02 13
1331.04 14
1331.17 15
1331.3 16
1331.43 17
1331.57 18
1331.72 19
1331.87 20
1332.04 21
1332.09 10
1332.32 11
1332.35 12
1332.48 13
1332.61 14
1332.74 15
1332.88 16
1333.04 17
1333.19 18
1333.39 9
1333.59 10
1333.59 11
1333.64 12
1333.76 13
1333.89 14
1334.02 15
1334.16 16
1334.31 17
1334.47 18
1334.63 19
1334.8 20
1334.92 21
1335.05 22
1335.19 23
1335.34 24
1335.5 25
1335.67 26
1335.85 27
1336.02 28
1336.2 29
1336.38 30
1336.57 31
1336.76 32
1336.97 33
1337.17 34
1337.34 17
1337.58 18
1337.58 19
1337.69 20
1337.81 21
1337.95 22
1338.1 23
1338.26 24
1338.42 25
1338.58 26
1338.75 13
1338.9 14
1338.9 16
1339.03 17
1339.13 18
1339.26 19
1339.39 20
1339.52 21
1339.67 22
1339.82 23
1339.98 24
1340.09 12
1340.32 13
1340.32 14
1340.41 15
1340.52 16
1340.63 17
1340.76 18
1340.9 19
1341.04 20
1341.19 21
1341.35 22
1341.46 11
1341.74 12
1341.82 13
1341.94 14
1342.06 15
1342.2 16
1342.34 17
1342.49 18
1342.64 19
1342.8 9
1343.06 10
1343.06 11
1343.18 12
1343.3 13
1343.43 14
1343.57 15
1343.71 16
1343.87 17
1344.03 18
1344.21 9
1344.35 10
1344.35 12
1344.47 13
1344.58 14
1344.7 15
1344.83 16
1344.97 17
1345.12 18
1345.27 19
1345.44 20
1345.55 10
1345.68 13
1345.8 14
1345.91 15
1346.04 16
1346.17 17
1346.31 18
1346.46 19
1346.62 20
1346.78 21
1346.91 10
1347.04 11
1347.04 13
1347.14 14
1347.24 15
1347.36 16
1347.49 17
1347.63 18
1347.77 19
1347.92 20
1348.08 21
1348.25 22
1348.31 11
1348.51 12
1348.53 13
1348.64 14
1348.75 15
1348.88 16
1349.01 17
1349.15 18
1349.3 19
1349.46 20
1349.62 21
1349.66 10
1349.82 12
1349.93 13
1350.04 14
1350.17 15
1350.3 16
1350.44 17
1350.59 18
1350.75 19
1350.91 20
1350.94 10
1351.17 11
1351.28 12
1351.39 13
1351.51 14
1351.64 15
1351.78 16
1351.92 17
1352.08 18
1352.24 19
1352.28 9
1352.53 10
1352.62 11
1352.73 12
1352.85 13
1352.98 14
1353.11 15
1353.26 16
1353.42 17
1353.58 18
1353.75 19
1353.78 9
1353.91 11
1354 12
1354.11 13
1354.23 14
1354.37 15
1354.51 16
1354.66 17
1354.82 18
1354.96 9
1355.93 1
1356.23 2
1356.38 3
1356.39 4
1356.54 4
1356.55 5
1356.67 6
1356.76 7
1356.87 8
1356.99 9
1357.12 10
1357.26 11
1357.41 12
1357.56 13
1357.73 14
1357.89 15
1358.05 16
1358.16 17
1358.27 18
1358.4 19
1358.53 20
1358.67 21
1358.82 22
1358.98 23
1359.15 11
1359.47 12
1359.48 13
1359.6 14
1359.72 15
1359.85 16
1359.99 17
1360.13 18
1360.29 19
1360.45 20
1360.49 10
1360.77 11
1360.89 12
1361.02 13
1361.15 14
1361.29 15
1361.43 16
1361.59 17
1361.75 18
1361.82 9
1362.03 11
1362.13 12
1362.24 13
1362.36 14
1362.49 15
1362.62 16
1362.77 17
1362.92 18
1363.09 19
1363.24 9
1363.37 10
1363.37 12
1363.47 13
1363.58 14
1363.69 15
1363.82 16
1363.95 17
1364.09 18
1364.24 19
1364.4 20
1364.57 21
1364.6 10
1364.83 11
1364.94 12
1365.05 13
1365.17 14
1365.3 15
1365.44 16
1365.59 17
1365.75 18
1365.91 19
1365.99 9
1366.22 10
1366.25 11
1366.36 12
1366.48 13
1366.61 14
1366.74 15
1366.89 16
1367.04 17
1367.2 18
1367.39 9
1367.53 10
1367.53 12
1367.64 13
1367.75 14
1367.87 15
1368 16
1368.13 17
1368.28 18
1368.43 19
1368.59 20
1368.77 10
1368.92 11
1368.92 13
1369.04 14
1369.14 15
1369.25 16
1369.38 17
1369.51 18
1369.65 19
1369.8 20
1369.96 21
1370.12 22
1370.29 23
1370.43 24
1370.58 25
1370.74 26
1370.91 27
1371.08 28
1371.27 29
1371.37 14
1371.6 16
1371.65 17
1371.77 18
1371.89 19
1372.02 20
1372.15 21
1372.29 22
1372.44 23
1372.6 24
1372.8 12
1373 13
1373 14
1373.02 15
1373.13 16
1373.24 17
1373.36 18
1373.49 19
1373.63 20
1373.78 21
1373.94 22
1374.1 23
1374.23 11
1374.37 12
1374.37 14
1374.48 15
1374.59 16
1374.71 17
1374.84 18
1374.98 19
1375.13 20
1375.28 21
1375.45 22
1375.49 11
1375.73 12
1375.82 13
1375.92 14
1376.04 15
1376.17 16
1376.3 17
1376.45 18
1376.6 19
1376.76 20
1376.94 10
1377.09 11
1377.09 13
1377.21 14
1377.31 15
1377.43 16
1377.56 17
1377.7 18
1377.85 19
1378 20
1378.17 21
1378.23 10
1378.44 11
1378.47 12
1378.58 13
1378.69 14
1378.81 15
1378.95 16
1379.09 17
1379.24 18
1379.39 19
1379.56 20
1379.72 21
1379.86 22
1379.99 23
1380.14 24
1380.29 25
1380.46 26
1380.63 27
1380.81 28
1380.88 14
1381.18 15
1381.29 16
1381.41 17
1381.53 18
1381.67 19
1381.81 20
1381.96 21
1382.12 22
1382.29 23
1382.41 11
1382.58 12
1382.58 14
1382.69 15
1382.81 16
1382.93 17
1383.07 18
1383.22 19
1383.37 20
1383.53 21
1383.64 10
1383.85 11
1383.85 12
1383.89 13
1384.02 14
1384.14 15
1384.27 16
1384.4 17
1384.55 18
1384.7 19
1384.87 20
1385.03 21
1385.18 22
1385.32 23
1385.46 24
1385.61 25
1385.77 26
1385.94 27
1386.12 28
1386.31 29
1386.49 30
1386.68 31
1386.87 32
1387.08 33
1387.28 34
1387.5 35
1387.72 36
1387.95 37
1388.18 38
1388.42 39
1388.66 40
1388.93 20
1389.18 21
1389.18 22
1389.21 23
1389.35 24
1389.5 25
1389.67 26
1389.84 27
1390.02 28
1390.2 14
1390.37 15
1390.37 17
1390.49 18
1390.6 19
1390.72 20
1390.86 21
1391 22
1391.15 23
1391.3 24
1391.46 25
1391.62 26
1391.69 13
1391.85 15
1391.92 16
1392.03 17
1392.14 18
1392.26 19
1392.39 20
1392.53 21
1392.68 22
1392.84 23
1393 24
1393.03 12
1393.26 13
1393.35 14
1393.46 15
1393.57 16
1393.69 17
1393.83 18
1393.97 19
1394.12 20
1394.28 21
1394.44 22
1394.59 11
1394.72 12
1394.72 14
1394.83 15
1394.94 16
1395.07 17
1395.2 18
1395.34 19
1395.49 20
1395.65 21
1395.8 10
1395.95 11
1395.95 13
1396.07 14
1396.19 15
1396.31 16
1396.45 17
1396.59 18
1396.73 19
1396.89 20
1397.05 21
1397.1 10
1397.36 11
1397.4 12
1397.52 13
1397.65 14
1397.79 15
1397.93 16
1398.08 17
1398.24 18
1398.42 9
1398.62 10
1398.62 12
1398.73 13
1398.85 14
1398.97 15
1399.1 16
1399.24 17
1399.4 18
1399.55 19
1399.72 9
1399.87 10
1399.87 12
1399.99 13
1400.1 14
1400.21 15
1400.33 16
1400.47 17
1400.61 18
1400.76 19
1400.91 20
1401.08 21
1401.19 10
1401.32 11
1401.32 13
1401.43 14
1401.54 15
1401.66 16
1401.79 17
1401.93 18
1402.08 19
1402.24 20
1402.4 21
1402.57 22
1402.7 23
1402.85 24
1403 25
1403.16 26
1403.33 27
1403.5 28
1403.69 29
1403.78 14
1404.05 15
1404.08 16
1404.19 17
1404.31 18
1404.43 19
1404.57 20
1404.71 21
1404.86 22
1405.02 23
1405.18 24
1405.26 12
1405.45 14
1405.5 15
1405.62 16
1405.74 17
1405.87 18
1406.01 19
1406.15 20
1406.31 21
1406.47 22
1406.63 23
1406.66 11
1406.8 13
1406.9 14
1407 15
1407.12 16
1407.24 17
1407.38 18
1407.52 19
1407.67 20
1407.83 21
1407.99 22
1408.12 11
1408.25 12
1408.25 14
1408.37 15
1408.47 16
1408.59 17
1408.72 18
1408.86 19
1409.01 20
1409.16 21
1409.33 22
1409.45 11
1409.68 12
1409.68 13
1409.79 14
1409.91 15
1410.04 16
1410.17 17
1410.31 18
1410.47 19
1410.63 20
1410.79 10
1411 11
1411 12
1411.09 13
1411.2 14
1411.32 15
1411.45 16
1411.58 17
1411.73 18
1411.88 19
1412.04 20
1412.2 10
1412.4 11
1412.4 12
1412.45 13
1412.56 14
1412.68 15
1412.81 16
1412.94 17
1413.09 18
1413.24 19
1413.4 20
1413.54 10
1413.78 11
1413.8 12
1413.9 13
1414.01 14
1414.13 15
1414.26 16
1414.4 17
1414.55 18
1414.7 19
1414.87 20
1415.04 10
1415.17 11
1415.17 13
1415.29 14
1415.41 15
1415.53 16
1415.66 17
1415.8 18
1415.95 19
1416.11 20
1416.29 10
1416.53 11
1416.54 12
1416.66 13
1416.77 14
1416.9 15
1417.04 16
1417.18 17
1417.33 18
1417.5 19
1417.66 20
1417.81 21
1417.94 22
1418.08 23
1418.23 24
1418.38 25
1418.55 26
1418.72 27
1418.9 28
1419.08 29
1419.26 30
1419.45 31
1419.65 32
1419.85 33
1420.06 34
1420.26 17
1420.54 18
1420.57 19
1420.69 20
1420.82 21
1420.96 22
1421.11 23
1421.27 24
1421.43 25
1421.59 26
1421.62 13
1421.82 14
1421.85 15
1421.96 16
1422.07 17
1422.19 18
1422.32 19
1422.46 20
1422.61 21
1422.77 22
1422.94 23
1422.97 11
1423.18 13
1423.29 14
1423.4 15
1423.52 16
1423.65 17
1423.79 18
1423.94 19
1424.1 20
1424.26 21
1424.42 22
1424.56 23
1424.71 24
1424.86 25
1425.02 26
1425.18 27
1425.36 28
1425.55 29
1425.66 14
1425.88 17
1426.01 18
1426.12 19
1426.25 20
1426.39 21
1426.53 22
1426.69 23
1426.85 24
1426.97 12
1427.2 13
1427.2 14
1427.3 15
1427.41 16
1427.52 17
1427.65 18
1427.79 19
1427.93 20
1428.09 21
1428.25 22
1428.39 11
1428.6 12
1428.6 13
1428.71 14
1428.82 15
1428.94 16
1429.08 17
1429.22 18
1429.36 19
1429.52 20
1429.69 10
1430 11
1430 12
1430.11 13
1430.22 14
1430.35 15
1430.49 16
1430.63 17
1430.78 18
1430.94 19
1431.14 9
1431.34 10
1431.34 11
1431.36 12
1431.48 13
1431.59 14
1431.72 15
1431.85 16
1432 17
1432.15 18
1432.31 19
1432.47 20
1432.58 10
1432.77 12
1432.8 13
1432.92 14
1433.05 15
1433.17 16
1433.31 17
1433.46 18
1433.62 19
1433.78 20
1433.95 10
1434.08 11
1434.08 13
1434.19 14
1434.3 15
1434.42 16
1434.56 17
1434.7 18
1434.85 19
1435.01 20
1435.17 21
1435.27 10
1435.46 12
1435.49 13
1435.62 14
1435.74 15
1435.88 16
1436.02 17
1436.17 18
1436.33 19
1436.52 9
1436.74 10
1436.74 11
1436.76 12
1436.89 13
1437.01 14
1437.14 15
1437.28 16
1437.42 17
1437.58 18
1437.74 19
1437.8 9
1438.02 10
1438.06 11
1438.17 12
1438.29 13
1438.41 14
1438.55 15
1438.69 16
1438.84 17
1439 18
1439.14 9
1439.48 10
1439.48 11
1439.58 12
1439.7 13
1439.83 14
1439.97 15
1440.12 16
1440.28 17
1440.45 18
1440.61 19
1440.73 20
1440.86 21
1440.99 22
1441.14 23
1441.29 24
1441.45 25
1441.62 26
1441.79 27
1441.96 28
1442.14 29
1442.32 30
1442.51 31
1442.7 32
1442.91 33
1443.11 34
1443.33 35
1443.55 36
1443.78 37
1444.01 38
1444.25 39
1444.5 40
1444.68 20
1444.92 21
1444.92 23
1445.07 24
1445.22 25
1445.39 26
1445.56 27
1445.74 28
1445.92 14
1446.09 15
1446.09 17
1446.21 18
1446.33 19
1446.45 20
1446.59 21
1446.73 22
1446.87 23
1447.02 24
1447.18 25
1447.37 12
1447.58 13
1447.58 14
1447.64 15
1447.76 16
1447.87 17
1447.99 18
1448.12 19
1448.26 20
1448.41 21
1448.57 22
1448.73 23
1448.83 11
1449.04 12
1449.04 13
1449.07 14
1449.2 15
1449.32 16
1449.45 17
1449.58 18
1449.72 19
1449.87 20
1450.03 21
1450.19 10
1450.35 11
1450.35 13
1450.48 14
1450.6 15
1450.72 16
1450.85 17
1450.99 18
1451.13 19
1451.29 20
1451.45 21
1451.61 22
1451.76 23
1451.91 24
1452.06 25
1452.22 26
1452.38 27
1452.55 28
1452.74 29
1452.93 30
1453.12 31
1453.32 32
1453.52 33
1453.73 34
1453.94 35
1454.16 36
1454.39 37
1454.62 38
1454.86 39
1455.11 40
1455.36 41
1455.62 42
1455.88 43
1456.15 44
1456.43 45
1456.71 46
1457 47
1457.3 48
1457.6 49
1457.91 50
1458.23 51
1458.55 52
1458.69 26
1459.15 27
1459.27 28
1459.44 29
1459.62 30
1459.81 31
1460.01 32
1460.21 33
1460.42 34
1460.63 35
1460.85 36
1461.08 37
1461.31 38
1461.55 39
1461.8 40
1462.05 41
1462.31 42
1462.57 43
1462.85 44
1463.12 45
1463.41 46
1463.7 47
1463.99 48
1464.3 49
1464.6 50
1464.92 51
1465.24 52
1465.57 53
1465.9 54
1466.24 55
1466.59 56
1466.94 57
1467.3 58
1467.67 59
1468.04 60
1468.42 61
1468.8 62
1469.19 63
1469.59 64
1469.99 65
1470.4 66
1470.82 67
1471.24 68
1471.67 69
1472.11 70
1472.55 71
1473 72
1473.45 73
1473.91 74
1474.39 37
1474.94 38
1474.94 39
1475.18 40
1475.43 41
1475.69 42
1475.96 43
1476.23 44
1476.51 45
1476.79 46
1477.08 47
1477.38 48
1477.68 49
1477.99 50
1478.3 51
1478.62 52
1478.95 53
1479.29 54
1479.63 55
1479.97 56
1480.33 57
1480.69 58
1481.05 59
1481.42 60
1481.8 61
1482.19 62
1482.58 63
1482.97 64
1483.38 65
1483.79 66
1484.2 67
1484.63 68
1485.05 69
1485.49 70
1485.93 71
1486.38 72
1486.83 73
1487.29 74
1487.78 37
1488.33 38
1488.33 39
1488.57 40
1488.82 41
1489.08 42
1489.34 43
1489.61 44
1489.89 45
1490.17 46
1490.46 47
1490.76 48
1491.06 49
1491.37 50
1491.69 51
1492.01 52
1492.33 53
1492.67 54
1493.01 55
1493.36 56
1493.71 57
1494.07 58
1494.43 59
1494.81 60
1495.18 61
1495.57 62
1495.96 63
1496.36 64
1496.76 65
1497.17 66
1497.59 67
1498.01 68
1498.44 69
1498.87 70
1499.31 71
1499.76 72
1500.21 73
1500.68 74
1501.16 37
1501.71 38
1501.71 39
1501.95 40
1502.2 41
1502.46 42
1502.72 43
1502.99 44
1503.27 45
1503.56 46
1503.85 47
1504.14 48
1504.44 49
1504.75 50
1505.07 51
1505.39 52
1505.72 53
1506.05 54
1506.39 55
1506.74 56
1507.09 57
1507.45 58
1507.82 59
1508.19 60
1508.57 61
1508.95 62
1509.34 63
1509.74 64
1510.14 65
1510.55 66
1510.97 67
1511.39 68
1511.82 69
1512.25 70
1512.7 71
1513.14 72
1513.6 73
1514.06 74
1514.54 37
1515.09 38
1515.09 39
1515.33 40
1515.58 41
1515.84 42
1516.11 43
1516.38 44
1516.65 45
1516.94 46
1517.23 47
1517.52 48
1517.83 49
1518.14 50
1518.45 51
1518.77 52
1519.1 53
1519.43 54
1519.78 55
1520.12 56
1520.47 57
1520.83 58
1521.2 59
1521.57 60
1521.95 61
1522.33 62
1522.73 63
1523.12 64
1523.53 65
1523.94 66
1524.35 67
1524.77 68
1525.2 69
1525.64 70
1526.08 71
1526.53 72
1526.98 73
1527.44 74
1527.93 37
1528.47 38
1528.47 39
1528.71 40
1528.97 41
1529.22 42
1529.49 43
1529.76 44
1530.04 45
1530.32 46
1530.61 47
1530.91 48
1531.21 49
1531.52 50
1531.83 51
1532.16 52
1532.48 53
1532.82 54
1533.16 55
1533.5 56
1533.86 57
1534.22 58
1534.58 59
1534.95 60
1535.33 61
1535.72 62
1536.11 63
1536.51 64
1536.91 65
1537.32 66
1537.73 67
1538.16 68
1538.59 69
1539.02 70
1539.46 71
1539.91 72
1540.36 73
1540.82 74
1541.31 37
1541.86 38
1541.86 39
1542.1 40
1542.35 41
1542.61 42
1542.87 43
1543.14 44
1543.42 45
1543.7 46
1543.99 47
1544.29 48
1544.59 49
1544.9 50
1545.22 51
1545.54 52
1545.87 53
1546.2 54
1546.54 55
1546.89 56
1547.24 57
1547.6 58
1547.97 59
1548.34 60
1548.72 61
1549.1 62
1549.49 63
1549.89 64
1550.29 65
1550.7 66
1551.12 67
1551.54 68
1551.97 69
1552.4 70
1552.84 71
1553.29 72
1553.75 73
1554.21 74
1554.69 37
1555.24 38
1555.24 39
1555.48 40
1555.73 41
1555.99 42
1556.25 43
1556.53 44
1556.8 45
1557.09 46
1557.38 47
1557.67 48
1557.98 49
1558.28 50
1558.6 51
1558.92 52
1559.25 53
1559.58 54
1559.92 55
1560.27 56
1560.62 57
1560.98 58
1561.35 59
1561.72 60
1562.1 61
1562.48 62
