10 5.47803
10.05 5.71136
10.1 6.208
10.15 5.95968
10.2 5.95968
10.25 5.21472
10.3 5.71136
10.35 5.71136
10.4 5.71136
10.45 5.95968
10.5 5.71136
10.55 5.71136
10.6 5.46304
10.65 4.46976
10.7 3.97312
10.75 5.21472
10.8 4.9664
10.85 4.71808
10.9 4.46976
10.95 4.46976
11 4.71808
11.05 4.46976
11.1 3.22816
11.15 4.22144
11.2 3.22816
11.25 3.97312
11.3 3.97312
11.35 3.47648
11.4 3.7248
11.45 4.22144
11.5 3.7248
11.55 4.22144
11.6 3.47648
11.65 3.47648
11.7 3.97312
11.75 4.46976
11.8 4.22144
11.85 3.7248
11.9 3.7248
11.95 3.97312
12 3.97312
12.05 4.22144
12.1 3.97312
12.15 4.22144
12.2 4.22144
12.25 3.7248
12.3 3.97312
12.35 3.97312
12.4 3.97312
12.45 4.22144
12.5 3.97312
12.55 3.7248
12.6 3.7248
12.65 3.7248
12.7 4.22144
12.75 2.97984
12.8 3.47648
12.85 2.97984
12.9 3.22816
12.95 3.22816
13 3.47648
13.05 3.7248
13.1 3.47648
13.15 3.7248
13.2 3.22816
13.25 3.97312
13.3 3.47648
13.35 3.47648
13.4 3.7248
13.45 3.97312
13.5 3.97312
13.55 3.7248
13.6 3.47648
13.65 3.7248
13.7 3.97312
13.75 3.97312
13.8 3.7248
13.85 3.7248
13.9 3.97312
13.95 4.22144
14 3.47648
14.05 2.73152
14.1 3.97312
14.15 3.47648
14.2 3.22816
14.25 3.22816
14.3 3.47648
14.35 3.47648
14.4 4.22144
14.45 3.47648
14.5 3.7248
14.55 3.47648
14.6 3.7248
14.65 3.47648
14.7 3.97312
14.75 4.46976
14.8 3.97312
14.85 3.7248
14.9 3.97312
14.95 3.47648
15 3.7248
15.05 4.22144
15.1 3.7248
15.15 3.7248
15.2 3.7248
15.25 3.7248
15.3 2.73152
15.35 3.47648
15.4 3.22816
15.45 2.73152
15.5 3.22816
15.55 2.97984
15.6 2.97984
15.65 3.22816
15.7 3.22816
15.75 3.22816
15.8 3.22816
15.85 3.22816
15.9 3.7248
15.95 3.47648
16 3.22816
16.05 3.22816
16.1 3.22816
16.15 2.4832
16.2 2.4832
16.25 2.73152
16.3 3.22816
16.35 3.22816
16.4 3.47648
16.45 2.73152
16.5 2.73152
16.55 2.97984
16.6 3.22816
16.65 3.22816
16.7 3.22816
16.75 3.22816
16.8 3.22816
16.85 2.73152
16.9 2.73152
16.95 2.73152
17 2.73152
17.05 2.97984
17.1 3.22816
17.15 2.97984
17.2 3.22816
17.25 2.97984
17.3 2.73152
17.35 3.47648
17.4 2.97984
17.45 2.73152
17.5 2.73152
17.55 2.73152
17.6 2.73152
17.65 2.73152
17.7 2.97984
17.75 2.97984
17.8 2.97984
17.85 3.22816
17.9 3.22816
17.95 2.73152
18 3.22816
18.05 3.22816
18.1 2.73152
18.15 2.73152
18.2 2.97984
18.25 2.97984
18.3 2.73152
18.35 2.23488
18.4 2.4832
18.45 2.73152
18.5 2.73152
18.55 3.22816
18.6 2.4832
18.65 2.4832
18.7 2.4832
18.75 2.4832
18.8 3.22816
18.85 2.97984
18.9 2.97984
18.95 2.97984
19 3.47648
19.05 3.22816
19.1 2.97984
19.15 2.97984
19.2 2.97984
19.25 2.97984
19.3 2.97984
19.35 3.47648
19.4 3.47648
19.45 3.97312
19.5 3.97312
19.55 2.97984
19.6 2.97984
19.65 2.97984
19.7 3.22816
19.75 3.7248
19.8 3.22816
19.85 3.47648
19.9 3.47648
19.95 3.22816
