175 0.901194
175.2 0.6208
175.4 0.86912
175.6 0.49664
175.8 0.74496
176 0.49664
176.2 0.55872
176.4 0.86912
176.6 0.49664
176.8 0.74496
177 0.3104
177.2 0.80704
177.4 0.49664
177.6 0.43456
177.8 0.74496
178 0.43456
178.2 0.49664
178.4 0.37248
178.6 0.6208
178.8 0.6208
179 0.9312
179.2 0.68288
179.4 0.49664
179.6 0.74496
179.8 0.6208
180 0.3104
180.2 0.86912
180.4 0.3104
180.6 0.68288
180.8 0.68288
181 0.74496
181.2 0.80704
181.4 0.68288
181.6 0.55872
181.8 0.68288
182 0.74496
182.2 0.49664
182.4 0.68288
182.6 0.43456
182.8 0.74496
183 0.86912
183.2 0.55872
183.4 0.86912
183.6 0.55872
183.8 0.74496
184 1.05536
184.2 0.43456
184.4 0.9312
184.6 0.9312
184.8 0.55872
185 0.6208
185.2 0.55872
185.4 0.6208
185.6 0.68288
185.8 0.6208
186 0.68288
186.2 0.74496
186.4 0.55872
186.6 0.9312
186.8 0.37248
187 0.86912
187.2 0.6208
187.4 0.6208
187.6 0.86912
187.8 0.55872
188 0.6208
188.2 0.37248
188.4 0.6208
188.6 0.43456
188.8 0.80704
189 0.68288
189.2 0.68288
189.4 0.43456
189.6 0.80704
189.8 0.80704
190 0.37248
190.2 1.11744
190.4 0.74496
190.6 0.43456
190.8 0.99328
191 0.74496
191.2 0.68288
191.4 0.68288
191.6 0.49664
191.8 0.49664
192 0.3104
192.2 0.6208
192.4 0.43456
192.6 0.74496
192.8 0.6208
193 0.6208
193.2 0.80704
193.4 0.37248
193.6 0.86912
193.8 0.37248
194 0.74496
194.2 0.37248
194.4 0.80704
194.6 0.37248
194.8 0.6208
195 0.86912
195.2 0.24832
195.4 0.86912
195.6 0.37248
195.8 1.17952
196 0.86912
196.2 0.37248
196.4 1.05536
196.6 0.86912
196.8 0.55872
197 0.86912
197.2 0.80704
197.4 0.68288
197.6 0.80704
197.8 0.55872
198 0.80704
198.2 0.43456
198.4 0.80704
198.6 0.6208
198.8 0.49664
199 0.49664
199.2 0.49664
199.4 0.80704
199.6 0.37248
199.8 0.9312
