175 1.0592
175.2 1.36576
175.4 1.2416
175.6 0.9312
175.8 1.42784
176 0.86912
176.2 1.48992
176.4 0.55872
176.6 1.42784
176.8 0.86912
177 1.2416
177.2 1.48992
177.4 0.99328
177.6 1.552
177.8 0.9312
178 1.42784
178.2 1.05536
178.4 0.9312
178.6 1.67616
178.8 0.80704
179 1.2416
179.2 1.2416
179.4 0.9312
179.6 1.61408
179.8 0.86912
180 1.80032
180.2 0.86912
180.4 1.8624
180.6 0.9312
180.8 1.80032
181 0.99328
181.2 1.552
181.4 1.2416
181.6 1.30368
181.8 1.67616
182 1.11744
182.2 1.92448
182.4 0.9312
182.6 1.80032
182.8 0.68288
183 1.61408
183.2 0.9312
183.4 0.9312
183.6 1.48992
183.8 0.9312
184 1.73824
184.2 0.9312
184.4 1.61408
184.6 1.17952
184.8 1.30368
185 1.36576
185.2 1.11744
185.4 1.67616
185.6 0.80704
185.8 1.11744
186 1.36576
186.2 0.80704
186.4 1.80032
186.6 0.86912
186.8 1.80032
187 0.86912
187.2 1.552
187.4 1.11744
187.6 0.74496
187.8 1.36576
188 0.99328
188.2 1.2416
188.4 1.05536
188.6 0.99328
188.8 1.17952
189 0.86912
189.2 0.9312
189.4 0.80704
189.6 1.30368
189.8 0.99328
190 0.86912
190.2 1.05536
190.4 1.05536
190.6 1.2416
190.8 1.05536
191 1.2416
191.2 1.11744
191.4 1.11744
191.6 1.30368
191.8 0.68288
192 1.36576
192.2 0.74496
192.4 1.17952
192.6 0.55872
192.8 1.30368
193 0.9312
193.2 0.99328
193.4 1.17952
193.6 0.99328
193.8 1.05536
194 0.9312
194.2 1.05536
194.4 1.05536
194.6 0.68288
194.8 0.99328
195 0.9312
195.2 0.74496
195.4 0.9312
195.6 0.9312
195.8 0.99328
196 0.68288
196.2 0.99328
196.4 0.86912
196.6 0.74496
196.8 1.2416
197 0.74496
197.2 0.9312
197.4 0.9312
197.6 1.17952
197.8 0.99328
198 0.74496
198.2 1.36576
198.4 0.68288
198.6 1.05536
198.8 0.86912
199 1.11744
199.2 0.99328
199.4 0.86912
199.6 1.11744
199.8 0.74496
