175 3.40398
175.2 3.53856
175.4 3.04192
175.6 3.04192
175.8 3.04192
176 3.04192
176.2 2.73152
176.4 2.35904
176.6 2.54528
176.8 2.73152
177 3.04192
177.2 3.04192
177.4 3.04192
177.6 2.91776
177.8 3.16608
178 3.04192
178.2 3.16608
178.4 2.4832
178.6 3.29024
178.8 3.29024
179 2.7936
179.2 2.91776
179.4 2.97984
179.6 3.04192
179.8 3.104
180 3.16608
180.2 3.22816
180.4 2.4832
180.6 2.35904
180.8 2.91776
181 2.91776
181.2 3.60064
181.4 3.66272
181.6 3.04192
181.8 3.04192
182 3.104
182.2 3.16608
182.4 3.16608
182.6 3.22816
182.8 3.29024
183 3.29024
183.2 3.29024
183.4 3.22816
183.6 2.35904
183.8 3.47648
184 2.29696
184.2 3.16608
184.4 2.85568
184.6 3.53856
184.8 3.84896
185 3.04192
185.2 3.04192
185.4 3.104
185.6 3.16608
185.8 3.22816
186 3.22816
186.2 3.29024
186.4 3.16608
186.6 2.7936
186.8 2.66944
187 2.42112
187.2 3.47648
187.4 2.97984
187.6 2.97984
187.8 2.91776
188 2.7936
188.2 2.97984
188.4 3.4144
188.6 3.60064
188.8 3.22816
189 3.104
189.2 3.22816
189.4 2.91776
189.6 3.04192
189.8 3.104
190 3.04192
190.2 3.16608
190.4 3.29024
190.6 4.9664
190.8 4.15936
191 3.29024
191.2 3.7248
191.4 3.60064
191.6 3.35232
191.8 3.60064
192 3.35232
192.2 3.35232
192.4 2.97984
192.6 3.35232
192.8 3.47648
193 3.53856
193.2 3.60064
193.4 3.7248
193.6 3.16608
193.8 3.29024
194 4.15936
194.2 4.3456
194.4 3.16608
194.6 3.47648
194.8 3.4144
195 3.53856
195.2 3.60064
195.4 3.66272
195.6 3.7248
195.8 3.78688
196 3.84896
196.2 3.84896
196.4 3.60064
196.6 3.91104
196.8 3.91104
197 3.78688
197.2 2.73152
197.4 2.97984
197.6 3.29024
197.8 3.16608
198 3.35232
198.2 3.53856
198.4 3.53856
198.6 3.4144
198.8 3.66272
199 3.78688
199.2 3.78688
199.4 3.60064
199.6 3.35232
199.8 3.16608
