175.175 50
175.528 51
175.762 35
176.183 36
176.191 37
176.2 38
176.267 39
176.351 40
176.444 41
176.536 42
176.637 43
176.746 44
176.864 45
176.948 31
177.326 32
177.335 33
177.461 34
177.73 35
178.024 36
178.326 37
178.637 38
181.143 39
181.487 40
181.739 41
181.933 42
182.101 43
182.244 44
182.378 45
182.496 46
182.605 47
182.706 48
182.798 49
182.975 50
183.051 51
183.202 52
183.311 53
183.42 54
183.53 55
183.597 56
183.689 57
183.765 58
183.841 59
183.908 60
183.975 61
184.042 62
184.093 63
184.152 64
184.219 65
184.269 66
184.328 67
184.387 68
184.429 69
184.48 70
184.538 71
184.58 72
184.631 73
184.681 74
184.732 75
184.782 76
184.816 77
184.858 78
184.908 79
184.95 55
185.975 56
185.984 57
186.118 58
186.236 59
186.328 60
186.429 61
186.53 62
186.631 63
186.732 64
186.816 65
186.925 66
187.009 67
187.118 68
187.228 69
187.337 70
187.455 71
187.597 72
187.724 73
187.875 74
187.95 51
188.908 52
188.958 53
189.11 54
189.15 37
189.596 38
189.604 39
189.848 40
190.016 41
190.21 42
190.437 43
190.798 44
190.857 30
191.219 31
191.227 32
191.462 33
191.714 23
191.992 24
192.017 25
192.21 26
192.462 27
192.815 28
192.966 19
193.194 20
193.21 21
193.278 22
193.412 23
193.555 24
193.723 25
193.916 26
194.169 27
194.517 28
195.802 19
196.053 20
196.061 21
196.137 22
196.266 23
196.41 24
196.583 25
196.778 26
197.022 27
197.375 28
