175.185 1
175.217 2
175.251 2
176.251 1
176.309 2
176.337 2
176.344 2
176.365 3
176.372 3
176.393 3
176.4 4
176.406 4
176.42 4
176.426 4
176.433 4
176.439 5
176.446 5
176.453 5
176.459 5
176.465 5
176.472 6
176.478 6
176.484 6
176.49 6
176.497 6
176.503 6
176.51 7
176.517 7
176.523 7
176.53 7
176.537 7
176.543 7
177.543 1
177.576 2
177.61 3
177.616 4
177.644 4
177.651 4
177.657 4
177.679 4
177.685 5
177.692 5
177.698 5
177.713 5
177.72 5
177.726 6
177.732 6
177.739 6
177.746 6
177.753 6
177.759 6
177.765 6
177.771 7
177.778 7
177.784 7
177.79 7
177.797 7
177.803 7
177.809 7
177.816 8
177.822 8
177.828 8
177.835 8
177.841 8
177.847 8
177.853 8
177.86 8
177.866 8
177.872 9
177.879 9
177.885 9
177.891 9
177.898 9
177.904 9
177.91 9
177.916 9
177.923 9
177.929 10
177.935 10
177.942 10
177.948 10
177.954 10
177.961 10
177.967 10
177.973 10
177.98 10
177.986 10
177.992 10
177.998 11
178.005 11
178.011 11
178.017 11
178.024 11
178.03 11
178.036 11
178.043 11
178.049 11
178.055 11
178.061 11
178.068 12
178.074 12
178.08 12
178.087 12
178.093 12
178.099 12
178.106 12
178.112 12
178.118 12
178.124 12
178.131 12
178.137 12
178.143 12
178.15 13
178.156 13
178.162 13
178.169 13
178.175 13
178.181 13
178.206 5
178.282 5
178.289 5
178.295 6
178.301 6
178.307 6
178.314 6
178.32 6
178.326 6
178.333 6
178.339 7
178.345 7
178.352 7
178.358 7
178.364 7
178.371 7
178.377 7
178.383 8
178.39 8
178.396 8
178.402 8
178.408 8
178.415 8
178.421 8
178.427 8
178.434 8
178.44 9
178.446 9
178.453 9
178.459 9
178.465 9
178.473 9
178.479 9
178.485 9
178.491 9
178.498 10
178.504 10
178.511 10
178.517 10
178.523 10
178.53 10
178.536 10
178.542 10
178.549 10
178.555 10
178.562 10
178.568 11
178.574 11
178.58 11
178.587 11
178.593 11
178.6 11
178.606 11
178.613 11
178.619 11
178.625 11
178.632 11
178.638 12
178.644 12
178.65 12
178.657 12
178.663 12
178.669 12
178.676 12
178.682 12
178.688 12
178.695 12
178.701 12
178.707 12
178.714 12
178.72 13
178.726 13
178.732 13
178.739 13
178.745 13
178.751 13
178.758 13
178.764 13
178.77 13
178.777 13
178.783 13
178.789 13
178.82 5
178.896 5
178.902 5
178.908 6
178.915 6
178.921 6
178.927 6
178.933 6
178.94 6
178.946 6
178.952 7
178.959 7
178.965 7
178.971 7
178.978 7
178.984 7
178.99 7
178.997 8
179.004 8
179.01 8
179.017 8
179.023 8
179.03 8
179.036 8
179.042 8
179.049 8
179.055 9
179.061 9
179.068 9
179.074 9
179.08 9
179.087 9
179.094 9
179.1 9
179.106 9
179.113 10
179.119 10
179.125 10
179.131 10
179.138 10
179.144 10
179.15 10
179.157 10
179.163 10
179.169 10
179.176 10
179.182 11
179.188 11
179.194 11
179.201 11
179.207 11
179.213 11
179.22 11
179.226 11
179.232 11
179.239 11
179.245 11
179.251 12
179.258 12
179.264 12
179.27 12
179.276 12
179.283 12
179.289 12
179.295 12
179.302 12
179.308 12
179.314 12
179.321 12
179.327 12
179.333 13
179.339 13
179.346 13
179.352 13
179.358 13
179.365 13
179.371 13
179.377 13
179.384 13
179.39 13
179.396 13
179.403 13
179.409 13
179.415 14
179.421 14
179.428 14
179.434 14
179.44 14
179.447 14
179.453 14
179.459 14
179.466 14
179.472 14
179.478 14
179.484 14
179.491 14
179.497 14
179.503 14
179.51 15
179.516 15
179.522 15
179.529 15
179.535 15
179.541 15
179.548 15
179.554 15
179.56 15
179.566 15
179.573 15
179.579 15
179.585 15
179.592 15
179.598 15
179.604 16
179.611 16
179.617 16
179.623 16
179.629 16
179.636 16
179.642 16
179.648 16
179.655 16
179.661 16
179.667 16
179.674 16
179.68 16
179.713 7
179.807 7
179.813 7
179.82 7
179.826 7
179.832 7
179.839 7
179.845 7
179.851 8
179.857 8
179.864 8
179.87 8
179.876 8
179.883 8
179.889 8
179.895 8
179.902 9
179.908 9
179.914 9
179.92 9
179.927 9
179.933 9
179.939 9
179.946 9
179.952 9
179.958 9
179.965 10
179.971 10
179.977 10
179.984 10
179.99 10
179.996 10
180.002 10
180.009 10
180.015 10
180.021 10
180.028 11
180.034 11
180.04 11
180.047 11
180.053 11
180.059 11
180.065 11
180.072 11
180.078 11
180.084 11
180.091 11
180.116 4
180.179 4
180.193 4
180.199 5
180.206 5
180.212 5
180.224 5
180.231 5
180.237 6
180.243 6
180.25 6
180.257 6
180.263 6
180.269 6
180.276 6
180.283 7
180.289 7
180.295 7
180.302 7
180.308 7
180.315 7
180.322 7
180.328 8
180.335 8
180.341 8
180.348 8
180.354 8
180.36 8
180.392 2
180.454 2
180.46 3
180.479 3
180.485 3
180.491 4
180.503 4
180.51 4
180.516 4
180.522 4
180.529 5
180.535 5
180.542 5
180.548 5
180.554 5
180.561 6
180.567 6
180.574 6
180.58 6
180.587 6
180.593 6
180.6 7
180.606 7
180.613 7
180.619 7
180.626 7
180.632 7
180.638 7
180.645 7
180.651 8
180.658 8
180.664 8
180.671 8
180.678 8
180.684 8
180.691 8
180.698 8
180.704 9
180.711 9
180.718 9
180.724 9
180.731 9
180.738 9
180.745 9
180.751 9
180.758 9
180.764 9
180.771 10
180.777 10
180.784 10
180.79 10
180.797 10
180.803 10
180.81 10
180.816 10
180.822 10
180.829 10
180.835 11
180.841 11
180.848 11
180.854 11
180.86 11
180.866 11
180.873 11
180.879 11
180.885 11
180.892 11
180.898 11
180.904 11
180.911 12
180.917 12
180.923 12
180.929 12
180.936 12
180.942 12
180.948 12
180.955 12
180.961 12
180.967 12
180.974 12
180.98 12
180.986 13
180.993 13
180.999 13
181.005 13
181.011 13
181.018 13
181.043 5
181.118 5
181.125 5
181.131 6
181.137 6
181.144 6
181.15 6
181.156 6
181.162 6
181.169 6
181.175 7
181.181 7
181.188 7
181.194 7
181.2 7
181.207 7
181.213 7
181.219 8
181.225 8
181.232 8
181.238 8
181.244 8
181.251 8
181.257 8
181.263 8
181.27 8
181.276 9
181.282 9
181.288 9
181.295 9
181.301 9
181.307 9
181.314 9
181.32 9
181.326 9
181.333 10
181.339 10
181.345 10
181.352 10
181.358 10
181.364 10
181.37 10
181.377 10
181.383 10
181.389 10
181.396 10
181.402 11
181.408 11
181.415 11
181.421 11
181.427 11
181.433 11
181.44 11
181.446 11
181.452 11
181.459 11
181.465 11
181.471 12
181.478 12
181.484 12
181.49 12
181.497 12
181.503 12
181.509 12
181.515 12
181.522 12
181.528 12
181.534 12
181.541 12
181.547 12
181.553 13
181.56 13
181.566 13
181.572 13
181.578 13
181.585 13
181.592 13
181.598 13
181.605 13
181.611 13
181.618 13
181.624 13
181.631 13
181.637 14
181.643 14
181.65 14
181.656 14
181.662 14
181.669 14
181.675 14
181.681 14
181.687 14
181.694 14
181.7 14
181.706 14
181.713 14
181.719 14
181.725 14
181.732 15
181.738 15
181.744 15
181.751 15
181.757 15
181.763 15
181.769 15
181.776 15
181.782 15
181.788 15
181.795 15
181.801 15
181.808 15
181.814 15
181.821 15
181.827 16
181.833 16
181.84 16
181.846 16
181.852 16
181.858 16
181.865 16
181.871 16
181.877 16
181.884 16
181.89 16
181.896 16
181.903 16
181.909 16
181.915 16
181.922 16
181.928 16
181.934 17
181.94 17
181.947 17
181.953 17
181.959 17
181.966 17
181.972 17
181.978 17
181.985 17
181.991 17
181.997 17
182.004 17
182.01 17
182.017 17
182.023 17
182.029 17
182.036 17
182.042 18
182.048 18
182.054 18
182.061 18
182.067 18
182.073 18
182.08 18
182.086 18
182.092 18
182.099 18
182.105 18
182.111 18
182.117 18
182.124 18
182.13 18
182.136 18
182.143 18
182.15 18
182.156 18
182.181 8
182.288 8
182.295 8
182.301 8
182.307 8
182.314 8
182.32 8
182.326 8
182.332 8
182.339 9
182.345 9
182.351 9
182.358 9
182.364 9
182.37 9
182.377 9
182.383 9
182.389 9
182.396 10
182.402 10
182.408 10
182.415 10
182.421 10
182.427 10
182.433 10
182.44 10
182.446 10
182.452 10
182.459 10
182.465 11
182.471 11
182.478 11
182.484 11
182.49 11
182.497 11
182.503 11
182.509 11
182.515 11
182.522 11
182.528 11
182.534 12
182.541 12
182.547 12
182.553 12
182.56 12
182.566 12
182.572 12
182.578 12
182.585 12
182.591 12
182.597 12
182.604 12
182.61 12
182.616 13
182.623 13
182.629 13
182.635 13
182.642 13
182.648 13
182.654 13
182.66 13
182.667 13
182.673 13
182.679 13
182.686 13
182.692 13
182.698 14
182.705 14
182.711 14
182.717 14
182.723 14
182.73 14
182.736 14
182.742 14
182.749 14
182.755 14
182.761 14
182.768 14
182.793 6
182.874 6
182.881 6
182.887 6
182.893 6
182.9 6
182.906 6
182.912 7
182.919 7
182.925 7
182.931 7
182.938 7
182.944 7
182.95 7
182.956 8
182.963 8
182.969 8
182.975 8
182.982 8
182.988 8
182.994 8
183.001 8
183.007 8
183.013 9
183.019 9
183.026 9
183.032 9
183.038 9
183.045 9
183.051 9
183.057 9
183.064 9
183.07 10
183.076 10
183.083 10
183.089 10
183.095 10
183.101 10
183.108 10
183.114 10
183.12 10
183.127 10
183.133 10
183.139 11
183.146 11
183.152 11
183.158 11
183.164 11
183.171 11
183.177 11
183.183 11
183.19 11
183.196 11
183.202 11
183.209 12
183.215 12
183.221 12
183.227 12
183.234 12
183.24 12
183.246 12
183.253 12
183.259 12
183.265 12
183.272 12
183.278 12
183.284 12
183.291 13
183.297 13
183.303 13
183.309 13
183.316 13
183.322 13
183.328 13
183.335 13
183.341 13
183.347 13
183.354 13
183.36 13
183.366 13
183.372 14
183.379 14
183.385 14
183.391 14
183.398 14
183.404 14
183.41 14
183.417 14
183.423 14
183.429 14
183.436 14
183.442 14
183.448 14
183.454 14
183.461 14
183.467 15
183.473 15
183.48 15
183.486 15
183.492 15
183.499 15
183.505 15
183.511 15
183.517 15
183.524 15
183.53 15
183.536 15
183.543 15
183.549 15
183.555 15
183.562 16
183.568 16
183.574 16
183.581 16
183.587 16
183.593 16
183.599 16
183.606 16
183.612 16
183.618 16
183.625 16
183.631 16
183.637 16
183.644 16
183.65 16
183.656 16
183.662 16
183.669 17
183.675 17
183.681 17
183.688 17
183.694 17
183.7 17
183.707 17
183.713 17
183.719 17
183.726 17
183.732 17
183.738 17
183.744 17
183.751 17
183.757 17
183.763 17
183.77 17
183.776 17
183.782 18
183.789 18
183.795 18
183.801 18
183.807 18
183.814 18
183.82 18
183.826 18
183.833 18
183.839 18
183.845 18
183.852 18
183.858 18
183.864 18
183.871 18
183.877 18
183.883 18
183.889 18
183.896 19
183.902 19
183.908 19
183.915 19
183.921 19
183.927 19
183.934 19
183.94 19
183.946 19
183.952 19
183.959 19
183.965 19
183.971 19
183.978 19
183.984 19
183.99 19
183.997 19
184.003 19
184.009 19
184.015 19
184.022 20
184.028 20
184.034 20
184.041 20
184.047 20
184.053 20
184.06 20
184.066 20
184.072 20
184.079 20
184.085 20
184.091 20
184.097 20
184.104 20
184.11 20
184.116 20
184.123 20
184.129 20
184.135 20
184.142 20
184.148 21
184.154 21
184.16 21
184.167 21
184.173 21
184.179 21
184.186 21
184.192 21
184.198 21
184.205 21
184.211 21
184.217 21
184.224 21
184.23 21
184.236 21
184.242 21
184.249 21
184.255 21
184.261 21
184.268 21
184.274 21
184.28 21
184.287 22
184.293 22
184.299 22
184.305 22
184.312 22
184.318 22
184.324 22
184.331 22
184.337 22
184.343 22
184.35 22
184.356 22
184.381 10
184.519 10
184.526 10
184.532 10
184.557 4
184.613 4
184.623 4
184.629 4
184.636 4
184.642 5
184.651 5
184.657 5
184.664 5
184.671 5
184.677 6
184.683 6
184.69 6
184.696 6
184.703 6
184.709 6
184.716 6
184.722 7
184.729 7
184.735 7
184.741 7
184.748 7
184.754 7
184.761 7
184.767 8
184.773 8
184.78 8
184.786 8
184.792 8
184.799 8
184.805 8
184.811 8
184.818 8
184.824 9
184.83 9
184.836 9
184.843 9
184.849 9
184.855 9
184.862 9
184.868 9
184.874 9
184.881 10
184.887 10
184.893 10
184.899 10
184.906 10
184.912 10
184.918 10
184.925 10
184.932 10
184.938 10
184.945 10
184.952 11
184.958 11
184.965 11
184.971 11
184.978 11
184.985 11
184.991 11
184.997 11
185.004 11
185.01 11
185.017 11
185.023 12
185.03 12
185.036 12
185.042 12
185.049 12
185.055 12
185.061 12
185.068 12
185.074 12
185.08 12
185.086 12
185.093 12
185.099 12
185.105 13
185.112 13
185.118 13
185.124 13
185.131 13
185.137 13
185.143 13
185.149 13
185.156 13
185.162 13
185.168 13
185.175 13
185.181 13
185.187 14
185.194 14
185.2 14
185.206 14
185.213 14
185.219 14
185.225 14
185.231 14
185.238 14
185.244 14
185.25 14
185.257 14
185.263 14
185.269 14
185.276 14
185.282 15
185.288 15
185.294 15
185.301 15
185.307 15
185.313 15
185.32 15
185.326 15
185.332 15
185.339 15
185.365 6
185.456 6
185.463 6
185.469 6
185.475 7
185.482 7
185.489 7
185.496 7
185.502 7
185.508 7
185.515 7
185.522 8
185.528 8
185.535 8
185.567 2
185.76 2
185.766 3
185.792 3
185.799 3
185.806 4
185.825 4
185.832 4
185.838 4
185.845 4
185.859 5
185.865 5
185.872 5
185.878 5
185.891 5
185.897 6
185.903 6
185.91 6
185.916 6
185.923 6
185.929 6
185.936 7
185.943 7
185.95 7
185.956 7
185.962 7
185.969 7
185.975 7
185.982 7
185.988 8
185.994 8
186.001 8
186.008 8
186.014 8
186.02 8
186.026 8
186.033 8
186.039 9
186.045 9
186.052 9
186.058 9
186.064 9
186.071 9
186.077 9
186.083 9
186.09 9
186.096 9
186.102 10
186.108 10
186.115 10
186.121 10
186.127 10
186.134 10
186.14 10
186.146 10
186.153 10
186.159 10
186.165 11
186.171 11
186.178 11
186.184 11
186.19 11
186.197 11
186.203 11
186.209 11
186.216 11
186.222 11
186.253 4
186.319 4
186.326 4
186.332 4
186.338 4
186.348 5
186.354 5
186.36 5
186.367 5
186.375 5
186.382 6
186.388 6
186.395 6
186.402 6
186.409 6
186.416 6
186.422 6
186.428 7
186.435 7
186.441 7
186.473 2
186.527 2
186.534 2
186.556 3
186.562 3
186.584 3
186.591 4
186.597 4
186.614 4
186.62 4
186.627 4
186.633 5
186.644 5
186.651 5
186.657 5
186.663 5
186.67 6
186.677 6
186.683 6
186.69 6
186.696 6
186.703 6
186.709 7
186.716 7
186.722 7
186.728 7
186.735 7
186.741 7
186.747 7
186.754 7
186.76 8
186.766 8
186.773 8
186.779 8
186.785 8
186.791 8
186.798 8
186.804 8
186.81 9
186.817 9
186.823 9
186.829 9
186.836 9
186.842 9
186.848 9
186.855 9
186.861 9
186.867 9
186.873 10
186.88 10
186.886 10
186.892 10
186.899 10
186.905 10
186.911 10
186.918 10
186.924 10
186.93 10
186.936 11
186.943 11
186.949 11
186.955 11
186.962 11
186.968 11
186.974 11
186.981 11
186.987 11
186.993 11
186.999 11
187.006 11
187.012 12
187.018 12
187.025 12
187.031 12
187.037 12
187.044 12
187.05 12
187.056 12
187.063 12
187.069 12
187.075 12
187.081 12
187.088 13
187.094 13
187.1 13
187.107 13
187.113 13
187.119 13
187.126 13
187.132 13
187.138 13
187.144 13
187.151 13
187.157 13
187.163 13
187.17 13
187.176 14
187.182 14
187.189 14
187.195 14
187.201 14
187.208 14
187.215 14
187.221 14
187.228 14
187.234 14
187.24 14
187.247 14
187.253 14
187.26 14
187.266 15
187.272 15
187.279 15
187.285 15
187.292 15
187.298 15
187.323 6
187.417 6
187.423 6
187.43 6
187.436 7
187.442 7
187.449 7
187.455 7
187.461 7
187.467 7
187.474 7
187.48 8
187.486 8
187.493 8
187.499 8
187.505 8
187.512 8
187.518 8
187.524 8
187.531 8
187.537 9
187.543 9
187.549 9
187.556 9
187.562 9
187.568 9
187.575 9
187.581 9
187.587 9
187.594 10
187.6 10
187.606 10
187.612 10
187.619 10
187.625 10
187.631 10
187.638 10
187.644 10
187.65 10
187.657 10
187.663 11
187.669 11
187.676 11
187.682 11
187.688 11
187.694 11
187.701 11
187.707 11
187.713 11
187.72 11
187.726 11
187.732 12
187.739 12
187.745 12
187.751 12
187.757 12
187.764 12
187.77 12
187.776 12
187.783 12
187.789 12
187.795 12
187.802 12
187.808 12
187.814 13
187.82 13
187.827 13
187.833 13
187.839 13
187.846 13
187.852 13
187.858 13
187.865 13
187.871 13
187.877 13
187.902 5
187.978 5
187.986 5
187.992 6
187.998 6
188.005 6
188.011 6
188.019 6
188.025 6
188.032 6
188.038 7
188.044 7
188.051 7
188.058 7
188.064 7
188.07 7
188.077 7
188.083 8
188.089 8
188.095 8
188.102 8
188.108 8
188.114 8
188.121 8
188.127 8
188.133 8
188.14 9
188.146 9
188.152 9
188.158 9
188.165 9
188.171 9
188.177 9
188.184 9
188.19 9
188.196 10
188.203 10
188.209 10
188.215 10
188.221 10
188.228 10
188.234 10
188.241 10
188.247 10
188.253 10
188.26 10
188.267 11
188.273 11
188.279 11
188.285 11
188.292 11
188.298 11
188.304 11
188.311 11
188.317 11
188.323 11
188.33 11
188.336 12
188.342 12
188.348 12
188.355 12
188.361 12
188.367 12
188.374 12
188.38 12
188.386 12
188.393 12
188.399 12
188.405 12
188.411 12
188.418 13
188.424 13
188.43 13
188.437 13
188.443 13
188.449 13
188.456 13
188.462 13
188.468 13
188.475 13
188.481 13
188.487 13
188.493 13
188.5 14
188.506 14
188.512 14
188.519 14
188.525 14
188.531 14
188.538 14
188.544 14
188.576 6
188.688 6
188.695 6
188.701 6
188.707 6
188.714 6
188.72 6
188.726 7
188.732 7
188.739 7
188.745 7
188.751 7
188.758 7
188.764 7
188.77 8
188.777 8
188.783 8
188.789 8
188.795 8
188.802 8
188.808 8
188.814 8
188.821 8
188.827 9
188.833 9
188.84 9
188.846 9
188.852 9
188.859 9
188.865 9
188.871 9
188.877 9
188.884 10
188.89 10
188.896 10
188.903 10
188.909 10
188.915 10
188.922 10
188.928 10
188.934 10
188.94 10
188.984 3
189.049 3
189.062 4
189.069 4
189.075 4
189.087 4
189.093 4
189.1 5
189.106 5
189.112 5
189.119 5
189.125 5
189.131 6
189.138 6
189.144 6
189.151 6
189.157 6
189.163 6
189.17 6
189.176 7
189.182 7
189.189 7
189.195 7
189.201 7
189.207 7
189.214 7
189.22 8
189.227 8
189.233 8
189.239 8
189.246 8
189.252 8
189.258 8
189.265 8
189.271 9
189.277 9
189.284 9
189.29 9
189.296 9
189.302 9
189.309 9
189.315 9
189.322 9
189.328 9
189.335 10
189.341 10
189.347 10
189.354 10
189.36 10
189.366 10
189.373 10
189.379 10
189.385 10
189.392 10
189.398 11
189.404 11
189.411 11
189.417 11
189.424 11
189.43 11
189.437 11
189.443 11
189.449 11
189.456 11
189.462 11
189.468 11
189.475 12
189.481 12
189.487 12
189.494 12
189.5 12
189.506 12
189.513 12
189.519 12
189.525 12
189.532 12
189.538 12
189.544 12
189.551 13
189.557 13
189.563 13
189.57 13
189.576 13
189.582 13
189.588 13
189.595 13
189.601 13
189.608 13
189.614 13
189.621 13
189.627 13
189.633 13
189.64 14
189.646 14
189.652 14
189.678 6
189.766 6
189.772 6
189.779 6
189.786 6
189.792 6
189.799 6
189.805 7
189.812 7
189.819 7
189.825 7
189.832 7
189.839 7
189.845 7
189.852 8
189.859 8
189.865 8
189.872 8
189.878 8
189.885 8
189.891 8
189.897 8
189.904 8
189.91 9
189.916 9
189.923 9
189.929 9
189.935 9
189.967 3
190.042 3
190.048 3
190.067 3
190.073 4
190.079 4
190.096 4
190.102 4
190.109 5
190.115 5
190.126 5
190.133 5
190.139 5
190.146 5
190.152 6
190.159 6
190.165 6
190.171 6
190.178 6
190.184 6
190.19 7
190.196 7
190.203 7
190.209 7
190.215 7
190.222 7
190.228 7
190.234 7
190.241 8
190.247 8
190.253 8
190.259 8
190.266 8
190.272 8
190.278 8
190.285 8
190.291 9
190.297 9
190.304 9
190.311 9
190.317 9
190.324 9
190.33 9
190.337 9
190.344 9
190.35 9
190.357 10
190.46 3
190.658 3
190.665 4
190.671 4
190.692 4
190.698 4
190.704 4
190.711 5
190.724 5
190.731 5
190.737 5
190.743 5
190.75 6
190.756 6
190.762 6
190.769 6
190.775 6
190.781 6
190.787 6
190.794 7
190.8 7
190.806 7
190.813 7
190.819 7
190.825 7
190.832 7
190.838 8
190.844 8
190.85 8
190.857 8
190.863 8
190.869 8
190.876 8
190.882 8
190.889 9
190.895 9
190.902 9
190.908 9
190.914 9
190.92 9
190.927 9
190.933 9
190.939 9
190.946 9
190.952 10
190.958 10
190.965 10
190.971 10
190.977 10
190.983 10
190.99 10
190.996 10
191.003 10
191.009 10
191.016 11
191.023 11
191.029 11
191.036 11
191.042 11
191.049 11
191.055 11
191.061 11
191.068 11
191.119 4
191.185 4
191.192 4
191.198 4
191.205 4
191.211 5
191.217 5
191.224 5
191.23 5
191.237 5
191.243 6
191.25 6
191.257 6
191.263 6
191.27 6
191.277 6
191.283 6
191.29 7
191.297 7
191.303 7
191.31 7
191.317 7
191.323 7
191.33 7
191.337 8
191.343 8
191.382 2
191.44 2
191.458 3
191.464 3
191.483 3
191.489 4
191.495 4
191.508 4
191.515 4
191.522 4
191.529 5
191.535 5
191.542 5
191.55 5
191.557 5
191.564 6
191.57 6
191.577 6
191.584 6
191.592 6
191.598 6
191.605 7
191.612 7
191.619 7
191.626 7
191.633 7
191.639 7
191.645 7
191.652 7
191.658 8
191.664 8
191.671 8
191.678 8
191.684 8
191.69 8
191.696 8
191.703 8
191.709 9
191.715 9
191.722 9
191.728 9
191.734 9
191.741 9
191.747 9
191.753 9
191.76 9
191.766 9
191.772 10
191.778 10
191.785 10
191.791 10
191.797 10
191.804 10
191.81 10
191.816 10
191.823 10
191.829 10
191.835 11
191.841 11
191.848 11
191.877 4
191.964 4
191.97 4
191.983 5
191.989 5
191.995 5
192.002 5
192.012 5
192.019 6
192.025 6
192.031 6
192.038 6
192.044 6
192.05 6
192.057 6
192.063 7
192.069 7
192.076 7
192.082 7
192.088 7
192.094 7
192.101 7
192.108 8
192.114 8
192.121 8
192.128 8
192.135 8
192.142 8
192.148 8
193.148 1
193.175 2
193.201 3
193.208 4
193.227 4
193.234 4
193.24 4
193.247 4
193.263 5
193.27 5
193.277 5
193.286 5
193.293 5
193.3 6
193.306 6
193.346 2
193.411 2
193.437 2
193.443 3
193.467 3
193.473 3
193.479 4
193.497 4
193.504 4
193.511 4
193.517 4
193.527 5
193.535 5
193.543 5
193.55 5
193.559 5
193.566 6
193.572 6
193.579 6
193.586 6
193.593 6
193.6 6
193.606 7
193.613 7
193.62 7
193.626 7
193.633 7
193.639 7
193.645 7
193.67 2
193.708 2
193.729 3
193.735 3
193.755 3
193.761 4
193.768 4
193.779 4
193.786 4
193.792 4
193.798 5
193.805 5
193.811 5
193.817 5
193.824 5
193.83 6
193.836 6
193.843 6
193.85 6
193.857 6
193.864 6
193.87 7
193.878 7
193.884 7
193.891 7
193.897 7
193.904 7
193.911 7
193.918 7
193.925 8
193.932 8
193.939 8
193.947 8
193.973 3
194.947 1
194.973 2
194.973 2
195.001 2
195.007 3
195.038 3
195.044 3
195.063 4
195.071 4
195.078 4
195.098 4
195.104 4
195.111 5
195.117 5
195.133 5
195.14 5
195.146 5
195.153 6
195.159 6
195.167 6
195.174 6
195.18 6
195.186 6
195.193 7
195.199 7
195.205 7
195.212 7
195.218 7
195.224 7
195.23 7
195.237 7
195.243 8
195.249 8
195.256 8
195.262 8
195.268 8
195.275 8
195.281 8
195.287 8
195.294 9
195.3 9
195.306 9
195.312 9
195.319 9
195.325 9
195.331 9
195.338 9
195.344 9
195.35 9
195.357 10
195.363 10
195.369 10
195.375 10
195.382 10
195.388 10
195.394 10
195.401 10
195.407 10
195.413 10
195.42 11
195.426 11
195.432 11
195.439 11
195.446 11
195.452 11
195.459 11
195.465 11
195.471 11
195.478 11
195.484 11
195.49 11
195.497 12
195.503 12
195.509 12
195.516 12
195.522 12
195.528 12
195.534 12
195.541 12
195.547 12
195.553 12
195.56 12
195.566 12
195.572 13
195.579 13
195.585 13
195.591 13
195.597 13
195.604 13
195.61 13
195.616 13
195.623 13
195.629 13
195.635 13
195.642 13
195.648 13
195.654 13
195.661 14
195.667 14
195.673 14
195.679 14
195.686 14
195.692 14
195.698 14
195.705 14
195.725 6
195.867 6
195.873 6
195.88 6
195.886 6
195.893 6
195.899 6
195.906 7
195.912 7
195.919 7
195.925 7
195.932 7
195.938 7
195.944 7
195.951 8
195.982 3
196.037 3
196.043 3
196.05 3
196.066 4
196.072 4
196.078 4
196.094 4
196.1 5
196.106 5
196.112 5
196.119 5
196.126 5
196.132 5
196.138 6
196.145 6
196.151 6
196.157 6
196.163 6
196.17 6
196.176 7
196.182 7
196.189 7
196.195 7
196.202 7
196.208 7
196.215 7
196.222 7
196.229 8
196.235 8
196.242 8
196.249 8
196.256 8
196.263 8
196.269 8
196.275 8
196.282 9
196.288 9
196.295 9
196.301 9
196.308 9
196.314 9
196.32 9
196.327 9
196.333 9
196.34 9
196.346 10
196.352 10
196.359 10
196.365 10
196.371 10
196.378 10
196.384 10
196.39 10
196.396 10
196.403 10
196.409 11
196.415 11
196.422 11
196.428 11
196.434 11
196.441 11
196.447 11
196.453 11
196.459 11
196.466 11
196.472 11
196.478 12
196.485 12
196.491 12
196.497 12
196.504 12
196.51 12
196.516 12
196.523 12
196.529 12
196.535 12
196.541 12
196.548 12
196.554 12
196.56 13
196.567 13
196.573 13
196.579 13
196.586 13
196.592 13
196.598 13
196.604 13
196.611 13
196.617 13
196.623 13
196.63 13
196.636 13
196.642 13
196.649 14
196.655 14
196.661 14
196.667 14
196.674 14
196.68 14
196.686 14
196.693 14
196.699 14
196.705 14
196.712 14
196.718 14
196.724 14
196.731 14
196.737 15
196.743 15
196.749 15
196.756 15
196.762 15
196.768 15
196.775 15
196.781 15
196.787 15
196.794 15
196.8 15
196.807 15
196.813 15
196.82 15
196.826 15
196.832 15
196.839 16
196.864 7
196.958 7
196.964 7
196.971 7
196.977 7
196.983 7
196.99 7
196.996 7
197.002 8
197.008 8
197.015 8
197.021 8
197.027 8
197.034 8
197.04 8
197.046 8
197.053 9
197.059 9
197.065 9
197.072 9
197.078 9
197.084 9
197.09 9
197.097 9
197.103 9
197.109 9
197.116 10
197.122 10
197.128 10
197.135 10
197.157 4
197.214 4
197.223 4
197.229 4
197.236 4
197.242 5
197.25 5
197.256 5
197.263 5
197.269 5
197.275 6
197.282 6
197.288 6
197.294 6
197.301 6
197.308 6
197.315 6
197.321 7
197.328 7
197.335 7
197.342 7
197.349 7
197.356 7
197.362 7
197.369 8
197.376 8
197.383 8
197.416 3
197.617 3
197.623 3
197.635 3
197.643 4
197.65 4
197.662 4
197.67 4
197.677 5
197.684 5
197.69 5
197.699 5
197.706 5
197.712 5
197.719 6
197.725 6
197.731 6
197.737 6
197.763 2
197.794 2
197.811 2
197.817 3
197.833 3
197.839 3
197.845 4
197.854 4
197.861 4
197.868 4
197.874 4
197.88 5
197.887 5
197.893 5
197.899 5
197.906 5
197.912 6
197.918 6
197.924 6
197.931 6
197.937 6
197.944 6
197.951 7
197.957 7
197.964 7
197.97 7
197.977 7
197.983 7
197.99 7
197.997 7
198.003 8
198.01 8
198.017 8
198.023 8
198.03 8
198.037 8
198.043 8
198.05 8
198.056 9
198.063 9
198.07 9
198.077 9
198.083 9
198.09 9
198.096 9
198.103 9
198.109 9
198.116 9
198.122 10
198.129 10
198.135 10
198.141 10
198.148 10
198.154 10
198.16 10
198.167 10
198.173 10
198.179 10
198.185 11
198.192 11
198.198 11
198.204 11
198.211 11
198.217 11
198.223 11
198.23 11
198.236 11
198.242 11
198.249 11
198.255 11
198.261 12
198.267 12
198.274 12
198.28 12
198.286 12
198.293 12
198.299 12
198.305 12
198.312 12
198.318 12
198.324 12
198.33 12
198.337 13
198.343 13
198.349 13
198.356 13
198.362 13
198.368 13
198.375 13
198.381 13
198.387 13
198.394 13
198.4 13
198.406 13
198.413 13
198.419 13
198.426 14
198.432 14
198.439 14
198.446 14
198.453 14
198.459 14
198.485 6
198.567 6
198.573 6
198.579 6
198.586 6
198.592 6
198.598 6
198.605 7
198.611 7
198.618 7
198.624 7
198.63 7
198.637 7
198.643 7
198.649 8
198.655 8
198.662 8
198.668 8
198.675 8
198.681 8
198.687 8
198.693 8
198.7 8
198.706 9
198.712 9
198.719 9
198.725 9
198.731 9
198.738 9
198.744 9
198.75 9
198.757 9
198.763 10
198.769 10
198.775 10
198.782 10
198.788 10
198.794 10
198.801 10
198.807 10
198.813 10
198.82 10
198.826 10
198.832 11
198.838 11
198.845 11
198.851 11
198.857 11
198.864 11
198.87 11
198.876 11
198.883 11
198.889 11
198.895 11
198.902 12
198.908 12
198.914 12
198.92 12
198.927 12
198.933 12
198.939 12
198.946 12
198.952 12
198.958 12
198.965 12
198.971 12
198.977 12
198.983 13
198.99 13
198.996 13
199.002 13
199.009 13
199.015 13
199.021 13
199.028 13
199.034 13
199.04 13
199.047 13
199.053 13
199.059 13
199.065 14
199.072 14
199.078 14
199.084 14
199.091 14
199.097 14
199.103 14
199.11 14
199.116 14
199.122 14
199.128 14
199.135 14
199.141 14
199.147 14
199.154 14
199.16 15
199.166 15
199.173 15
199.179 15
199.185 15
199.191 15
199.198 15
199.204 15
199.21 15
199.217 15
199.223 15
199.229 15
199.236 15
199.242 15
199.248 15
199.255 16
199.261 16
199.267 16
199.273 16
199.28 16
199.286 16
199.292 16
199.299 16
199.305 16
199.311 16
199.318 16
199.324 16
199.33 16
199.336 16
199.343 16
199.349 16
199.355 16
199.362 17
199.368 17
199.374 17
199.381 17
199.387 17
199.393 17
199.4 17
199.406 17
199.412 17
199.418 17
199.425 17
199.431 17
199.437 17
199.444 17
199.45 17
199.456 17
199.463 17
199.469 17
199.475 18
199.481 18
199.488 18
199.494 18
199.5 18
199.507 18
199.531 8
