175.019 2
175.055 2
175.059 2
175.074 3
175.117 2
175.135 2
175.139 2
175.151 3
175.155 3
175.166 3
175.169 4
175.173 4
175.183 4
175.188 4
175.191 4
175.194 5
175.203 5
175.207 5
175.235 2
175.267 2
175.276 2
175.28 3
175.29 3
175.294 3
175.298 4
175.306 4
175.311 4
175.315 4
175.318 4
175.324 5
175.331 5
175.336 5
175.398 2
175.428 2
175.442 2
175.446 3
175.461 3
175.466 3
175.47 4
175.483 4
175.489 4
175.494 4
175.496 4
175.506 5
175.512 5
175.516 5
175.519 5
175.528 5
175.53 6
175.533 6
175.535 6
175.538 6
175.546 6
175.549 6
175.552 7
175.554 7
175.557 7
175.559 7
175.565 7
175.568 7
175.571 7
175.573 7
175.576 8
175.579 8
175.583 8
175.587 8
175.591 8
175.593 8
175.607 3
175.646 3
175.651 3
175.654 3
175.666 4
175.672 4
175.675 4
175.687 4
175.689 5
175.693 5
175.697 5
175.709 5
175.713 5
175.716 5
175.719 6
175.748 2
175.797 2
175.819 2
175.822 3
175.844 3
175.847 3
175.851 4
175.87 4
175.874 4
175.878 4
175.881 4
175.906 2
175.927 2
175.944 2
175.947 3
175.965 3
175.969 3
175.972 4
175.992 4
176.019 2
176.044 2
176.051 2
176.061 3
176.068 3
176.078 3
176.081 4
176.085 4
176.096 4
176.099 4
176.102 4
176.105 5
176.118 5
176.121 5
176.124 5
176.128 5
176.132 6
176.145 6
176.148 6
176.152 6
176.175 2
176.253 2
176.256 2
176.275 3
176.277 3
176.351 2
176.407 2
176.41 2
176.427 3
176.431 3
176.449 3
176.452 4
176.454 4
176.469 4
176.472 4
176.474 4
176.477 5
176.488 5
176.491 5
176.494 5
176.497 5
176.501 6
176.509 6
176.514 6
176.516 6
176.52 6
176.524 6
176.527 7
176.546 2
176.587 2
176.591 3
176.604 3
176.607 3
176.609 4
176.622 4
176.625 4
176.628 4
176.63 4
176.642 5
176.644 5
176.648 5
176.65 5
176.66 5
176.663 6
176.679 2
176.696 2
176.703 2
176.71 3
176.719 3
176.727 3
176.73 4
176.737 4
176.749 4
176.752 4
176.778 2
176.802 2
176.82 2
176.824 3
176.839 3
176.842 3
176.845 4
176.857 4
176.862 4
176.884 2
176.967 2
176.971 2
176.989 3
177.033 2
177.051 2
177.053 2
177.064 3
177.066 3
177.078 3
177.081 4
177.084 4
177.097 4
177.101 4
177.104 4
177.107 5
177.118 5
177.123 5
177.127 5
177.13 5
177.133 6
177.142 6
177.157 2
177.179 2
177.194 2
177.197 3
177.213 3
177.215 3
177.219 4
177.254 2
177.277 2
177.289 2
177.293 3
177.306 3
177.31 3
177.312 4
177.324 4
177.329 4
177.332 4
177.336 4
177.344 5
177.35 5
177.354 5
177.376 2
177.408 2
177.41 2
177.423 3
177.426 3
177.44 3
177.443 4
177.446 4
177.46 4
177.463 4
177.465 4
177.468 5
177.48 5
177.483 5
177.501 2
177.519 2
177.525 2
177.534 3
177.539 3
177.549 3
177.551 4
177.554 4
177.566 4
177.57 4
177.573 4
177.577 5
177.589 5
177.592 5
177.596 5
177.599 5
177.62 2
177.642 2
177.655 2
177.658 3
177.671 3
177.674 3
177.677 4
177.688 4
177.692 4
177.695 4
177.699 4
177.708 5
177.712 5
177.715 5
177.721 5
177.729 5
177.732 6
177.735 6
177.737 6
177.756 2
177.774 2
177.785 2
177.788 3
177.8 3
177.803 3
177.805 4
177.816 4
177.82 4
177.823 4
177.826 4
177.835 5
177.84 5
177.844 5
177.849 5
177.859 5
177.872 2
177.896 2
177.912 2
177.915 3
177.927 3
177.93 3
177.933 4
177.943 4
177.947 4
177.949 4
177.954 4
177.962 5
177.966 5
177.969 5
177.975 5
177.986 5
177.988 6
177.991 6
177.995 6
178.02 2
178.067 2
178.069 2
178.081 3
178.084 3
178.096 3
178.098 4
178.101 4
178.11 4
178.114 4
178.117 4
178.12 5
178.129 5
178.133 5
178.137 5
178.14 5
178.143 6
178.152 6
178.157 6
178.163 6
178.166 6
178.19 2
178.235 2
178.238 2
178.253 3
178.256 3
178.268 3
178.271 4
178.274 4
178.285 4
178.288 4
178.292 4
178.295 5
178.307 5
178.311 5
178.315 5
178.318 5
178.321 6
178.333 6
178.337 6
178.352 2
179.378 1
179.399 2
180.424 1
182.445 2
183.445 1
183.468 2
183.468 2
183.488 2
183.499 3
183.501 3
183.513 3
183.516 4
183.518 4
183.531 4
183.534 4
183.537 4
183.541 5
183.551 5
183.556 5
183.561 5
183.564 5
183.605 2
183.663 2
183.679 2
183.682 3
183.699 3
183.703 3
183.706 4
183.723 4
183.727 4
183.729 4
183.733 4
183.746 5
183.749 5
183.752 5
183.754 5
183.766 5
183.769 6
183.772 6
183.774 6
183.777 6
183.786 6
183.789 6
183.792 7
183.794 7
183.797 7
183.8 7
183.808 7
183.811 7
183.814 7
183.817 7
183.831 2
183.903 2
183.907 3
183.92 3
183.925 3
183.928 4
183.941 4
183.965 2
183.989 2
184 2
184.01 3
184.021 3
184.029 3
184.031 4
184.041 4
184.05 4
184.053 4
184.055 4
184.064 5
184.072 5
184.076 5
184.101 2
184.142 2
184.146 2
184.161 3
184.165 3
185.165 1
185.185 2
185.208 2
186.212 1
186.233 2
186.255 2
186.273 2
186.335 2
186.353 2
186.357 2
186.374 3
186.379 3
186.399 3
186.402 4
186.405 4
186.478 2
186.504 2
186.507 2
186.518 3
186.522 3
186.537 3
186.54 4
186.542 4
186.559 4
186.562 4
186.566 4
186.569 5
186.583 5
186.588 5
186.591 5
186.614 2
186.635 2
186.648 2
186.653 3
186.665 3
186.673 3
186.675 4
186.701 2
186.724 2
186.741 2
186.745 3
186.759 3
186.763 3
186.766 4
186.777 4
186.782 4
186.785 4
186.788 4
186.798 5
186.802 5
186.806 5
186.811 5
186.82 5
186.85 2
186.903 2
186.915 2
186.919 3
186.933 3
186.937 3
186.941 4
186.955 4
186.958 4
186.962 4
186.986 2
187.011 2
187.028 2
187.032 3
187.047 3
187.049 3
187.052 4
187.063 4
187.066 4
187.068 4
187.072 4
187.081 5
187.085 5
187.087 5
187.092 5
187.103 5
187.106 6
187.108 6
187.111 6
187.114 6
187.136 2
187.21 2
187.213 2
187.228 3
187.234 3
187.252 3
187.255 4
187.259 4
187.28 4
187.283 4
187.31 2
187.331 2
187.347 2
187.349 3
187.363 3
187.366 3
187.369 4
187.381 4
187.384 4
187.386 4
187.391 4
187.403 5
187.407 5
187.409 5
187.415 5
187.463 2
187.529 2
187.532 2
187.546 3
187.55 3
187.569 3
187.572 4
187.575 4
187.597 4
187.623 2
187.644 2
187.692 2
187.71 2
187.714 2
187.732 3
187.738 3
187.788 2
187.811 2
187.814 2
187.828 3
187.83 3
187.842 3
187.845 4
187.847 4
187.859 4
187.862 4
187.865 4
187.868 5
187.88 5
187.883 5
187.888 5
187.892 5
187.895 6
187.905 6
187.926 2
187.963 2
187.967 2
187.978 3
187.983 3
187.993 3
187.997 4
188 4
188.012 4
188.015 4
188.019 4
188.021 5
188.034 5
188.049 2
188.076 2
188.1 2
188.103 3
188.124 3
188.126 3
188.129 4
188.143 4
188.146 4
188.149 4
188.152 4
188.165 5
188.168 5
188.172 5
188.175 5
188.191 5
188.202 2
188.286 2
188.288 2
188.303 3
188.306 3
188.324 3
188.328 4
188.331 4
188.35 4
188.355 4
188.382 2
188.405 2
188.42 2
188.423 3
188.437 3
188.441 3
188.444 4
188.457 4
188.463 4
188.466 4
188.468 4
188.481 5
188.512 2
188.544 2
188.555 2
188.561 3
188.57 3
188.574 3
188.577 4
188.584 4
188.59 4
188.592 4
188.595 4
188.602 5
188.61 5
188.613 5
188.617 5
188.626 5
188.629 6
188.636 6
188.639 6
188.659 2
188.687 2
188.704 2
188.706 3
188.719 3
188.722 3
188.725 4
188.734 4
188.738 4
188.74 4
188.743 4
188.751 5
188.755 5
188.76 5
188.762 5
188.771 5
188.775 6
188.779 6
188.783 6
188.81 2
188.949 2
188.952 2
189.019 2
189.035 2
189.037 2
189.048 3
189.051 3
189.063 3
189.065 4
189.068 4
189.081 4
189.084 4
189.088 4
189.091 5
189.106 5
189.109 5
189.114 5
189.117 5
189.144 2
189.185 2
189.188 2
189.201 3
189.204 3
189.216 3
189.219 4
189.221 4
189.23 4
189.233 4
189.237 4
189.24 5
189.248 5
189.253 5
189.257 5
189.261 5
189.265 6
189.272 6
189.278 6
189.318 2
189.359 2
189.365 2
189.371 3
189.379 3
189.385 3
189.387 4
189.393 4
189.401 4
189.404 4
189.407 4
189.41 5
189.422 5
189.424 5
189.429 5
189.431 5
189.435 6
189.447 6
189.505 2
189.576 2
189.597 2
189.601 3
189.625 3
189.671 2
189.728 2
189.731 2
189.752 3
189.756 3
189.829 2
189.848 2
189.862 2
189.864 3
189.879 3
189.883 3
189.886 4
189.901 4
189.905 4
189.91 4
189.914 4
189.964 2
190.067 2
190.071 2
190.094 3
190.164 2
190.208 2
190.211 2
190.227 3
190.232 3
190.254 3
190.257 4
190.259 4
190.282 4
190.285 4
190.287 4
190.313 2
190.328 2
190.336 2
190.339 3
190.346 3
190.35 3
190.354 4
190.36 4
190.365 4
190.37 4
190.373 4
190.378 5
190.384 5
190.391 5
190.396 5
190.402 5
190.405 6
190.409 6
190.415 6
190.423 6
190.429 6
190.432 6
190.435 7
190.438 7
190.442 7
190.449 7
190.455 7
190.458 7
190.461 7
190.464 7
190.466 8
190.469 8
190.473 8
190.479 8
190.481 8
190.484 8
190.486 8
190.489 8
190.491 9
190.494 9
190.496 9
190.499 9
190.501 9
190.504 9
190.506 9
190.509 9
190.511 9
190.514 9
190.516 10
190.519 10
190.521 10
190.524 10
190.526 10
190.529 10
190.532 10
190.535 10
190.537 10
190.54 10
190.543 11
190.545 11
190.549 11
190.552 11
190.556 11
190.559 11
190.571 4
190.617 4
190.619 4
190.622 5
190.633 5
190.636 5
190.638 5
190.641 5
190.644 6
190.652 6
190.655 6
190.658 6
190.661 6
190.663 6
190.667 6
190.673 7
190.675 7
190.68 7
190.683 7
190.687 7
190.69 7
190.696 7
190.701 8
190.704 8
190.706 8
190.709 8
190.713 8
190.716 8
190.723 8
190.728 8
190.73 8
190.741 3
190.778 3
190.781 3
190.783 3
190.79 4
190.793 4
190.796 4
190.802 4
190.805 5
190.808 5
190.811 5
190.817 5
190.821 5
190.824 5
190.827 6
190.83 6
190.836 6
190.841 6
190.845 6
190.85 6
190.853 7
190.857 7
190.861 7
190.867 7
190.871 7
190.876 7
190.881 7
190.884 7
190.887 8
190.903 3
190.926 3
190.937 3
190.94 3
190.943 4
190.952 4
190.955 4
190.957 4
190.96 5
190.965 5
190.967 5
190.97 5
190.973 5
190.975 5
190.978 6
190.981 6
190.984 6
190.986 6
190.989 6
190.992 6
190.995 7
190.998 7
191.001 7
191.005 7
191.008 7
191.012 7
191.014 7
191.017 7
191.02 8
191.023 8
191.028 8
191.031 8
191.035 8
191.039 8
191.041 8
191.046 8
191.049 9
191.052 9
191.055 9
191.073 3
191.172 3
191.175 4
191.191 4
191.194 4
191.199 4
191.226 2
191.252 2
191.271 2
191.275 3
191.289 3
191.293 3
191.296 4
191.307 4
191.311 4
191.313 4
191.316 4
191.325 5
191.329 5
191.332 5
191.334 5
191.347 5
191.351 6
191.354 6
191.357 6
191.36 6
191.372 6
191.376 6
191.38 7
191.383 7
191.403 2
191.425 2
191.44 3
191.443 3
191.455 3
191.458 4
191.461 4
191.47 4
191.474 4
191.478 4
191.48 5
191.487 5
191.492 5
191.496 5
191.499 5
191.503 6
191.509 6
191.514 6
191.52 6
191.523 6
191.527 6
191.531 7
191.536 7
191.541 7
191.547 7
191.55 7
191.554 7
191.559 7
191.581 2
191.616 2
191.626 2
191.629 3
191.64 3
191.643 3
191.647 4
191.656 4
191.661 4
191.666 4
191.67 4
191.677 5
191.682 5
191.69 5
191.695 5
191.703 5
191.706 6
191.709 6
191.717 6
191.722 6
191.74 2
191.781 2
191.783 2
191.796 3
191.798 3
191.811 3
191.813 4
191.816 4
191.827 4
191.831 4
191.835 4
191.838 5
191.849 5
191.853 5
191.859 5
191.863 5
191.867 6
191.876 6
191.88 6
191.885 6
191.912 2
191.95 2
191.962 2
191.965 3
191.976 3
191.979 3
191.982 4
191.993 4
191.997 4
192.001 4
192.004 4
192.015 5
192.02 5
192.025 5
192.03 5
192.043 5
192.046 6
192.076 2
192.115 2
192.129 2
192.132 3
192.146 3
192.149 3
192.153 4
192.167 4
192.171 4
192.177 4
192.181 4
192.226 2
192.254 2
192.262 2
192.268 3
192.276 3
192.28 3
192.282 4
192.289 4
192.295 4
192.298 4
192.302 4
192.308 5
192.314 5
192.318 5
192.323 5
192.332 5
192.334 6
192.339 6
192.344 6
192.35 6
192.378 2
192.516 2
192.519 2
192.542 3
192.545 3
192.565 3
192.568 4
192.57 4
192.583 4
192.585 4
192.588 4
192.59 5
192.599 5
192.602 5
192.604 5
192.607 5
192.61 6
192.617 6
192.62 6
192.622 6
192.626 6
192.628 6
192.632 7
192.639 7
192.642 7
192.646 7
192.65 7
192.653 7
192.657 7
192.66 7
192.679 2
192.722 2
192.726 3
192.744 3
192.75 3
192.752 4
192.802 2
192.868 2
192.871 2
192.886 3
192.89 3
192.907 3
192.909 4
192.913 4
192.93 4
192.934 4
192.937 4
192.939 5
192.956 5
192.961 5
192.983 2
193.006 2
193.016 2
193.023 3
193.033 3
193.039 3
193.042 4
193.05 4
193.058 4
193.062 4
193.064 4
193.07 5
193.081 5
193.087 5
193.09 5
193.096 5
193.099 6
193.108 6
193.115 6
193.128 2
193.153 2
193.17 2
193.173 3
193.185 3
193.188 3
193.191 4
193.202 4
193.206 4
193.209 4
193.212 4
193.223 5
193.228 5
193.232 5
193.235 5
193.249 5
193.253 6
193.282 2
193.328 2
193.344 2
193.347 3
193.362 3
193.365 3
193.369 4
193.383 4
193.386 4
193.389 4
193.391 4
193.407 5
193.41 5
193.413 5
193.417 5
193.434 5
193.461 2
193.486 2
193.495 2
193.5 3
193.508 3
193.513 3
193.515 4
193.522 4
193.527 4
193.53 4
193.534 4
193.539 5
193.545 5
193.55 5
193.553 5
193.56 5
193.564 6
193.569 6
193.574 6
193.578 6
193.596 2
193.641 2
193.643 2
193.655 3
193.658 3
193.668 3
193.671 4
193.674 4
193.683 4
193.687 4
193.69 4
193.694 5
193.702 5
193.706 5
193.71 5
193.716 5
193.719 6
193.726 6
193.753 2
193.804 2
193.817 2
193.821 3
193.834 3
193.836 3
193.839 4
193.849 4
193.852 4
193.855 4
193.858 4
193.869 5
193.872 5
193.876 5
193.879 5
193.893 5
193.897 6
193.9 6
193.903 6
193.906 6
193.935 2
193.98 2
193.992 2
193.995 3
194.007 3
194.01 3
194.013 4
194.026 4
194.03 4
194.034 4
194.037 4
194.051 5
194.055 5
194.061 5
194.083 2
194.11 2
194.129 2
194.132 3
194.146 3
194.148 3
194.151 4
194.16 4
194.163 4
194.166 4
194.169 4
194.178 5
194.182 5
194.185 5
194.189 5
194.201 5
194.205 6
194.208 6
194.233 2
194.278 2
194.282 2
194.298 3
194.303 3
194.319 3
194.322 4
194.325 4
194.343 4
194.37 2
194.395 2
194.403 2
194.415 3
194.422 3
194.434 3
194.436 4
194.441 4
194.454 4
194.456 4
194.46 4
194.463 5
194.507 2
194.553 2
194.556 2
194.575 3
194.578 3
194.598 3
194.601 4
194.627 2
194.645 2
194.659 2
194.661 3
194.676 3
194.678 3
194.681 4
194.696 4
194.699 4
194.702 4
194.705 4
194.718 5
194.722 5
194.744 2
194.765 2
194.78 2
194.782 3
194.794 3
194.796 3
194.799 4
194.808 4
194.811 4
194.814 4
194.818 4
194.824 5
194.829 5
194.833 5
194.837 5
194.844 5
194.847 6
194.85 6
194.855 6
194.86 6
194.87 6
194.873 6
194.898 2
195.924 1
195.95 2
195.95 2
195.979 2
195.996 3
195.998 3
196.013 3
196.015 4
196.018 4
196.032 4
196.035 4
196.038 4
196.041 5
196.055 5
196.059 5
196.063 5
196.067 5
196.07 6
196.098 2
196.135 2
196.138 2
196.152 3
196.154 3
196.167 3
196.171 4
196.174 4
196.186 4
196.191 4
196.194 4
196.198 5
196.21 5
196.216 5
196.219 5
196.246 2
196.284 2
196.29 2
196.3 3
196.305 3
196.314 3
196.317 4
196.32 4
196.332 4
196.335 4
196.338 4
196.341 5
196.353 5
196.359 5
196.362 5
196.386 2
196.47 2
196.473 2
196.487 3
196.49 3
196.508 3
196.511 4
196.514 4
196.532 4
196.535 4
196.563 2
196.588 2
196.61 2
196.613 3
196.634 3
196.637 3
196.64 4
196.656 4
196.658 4
196.661 4
196.664 4
196.676 5
196.679 5
196.681 5
196.684 5
196.697 5
196.699 6
196.718 2
196.739 2
196.749 2
196.76 3
196.77 3
196.782 3
196.785 4
196.792 4
196.805 4
196.808 4
196.81 4
196.814 5
196.836 2
196.855 2
196.868 2
196.87 3
196.881 3
196.884 3
196.886 4
196.895 4
196.898 4
196.902 4
196.906 4
196.913 5
196.917 5
196.922 5
196.925 5
196.935 5
196.938 6
196.941 6
196.946 6
196.972 2
197.013 2
197.016 2
197.026 3
197.029 3
197.038 3
197.041 4
197.044 4
197.051 4
197.055 4
197.058 4
197.061 5
197.068 5
197.072 5
197.076 5
197.081 5
197.084 6
197.089 6
197.094 6
197.098 6
197.105 6
197.108 6
197.111 7
197.114 7
197.119 7
197.123 7
197.13 7
197.134 7
197.136 7
197.139 7
197.141 8
197.144 8
197.147 8
197.154 8
197.157 8
197.16 8
197.162 8
197.165 8
197.167 9
197.17 9
197.172 9
197.175 9
197.178 9
197.18 9
197.183 9
197.185 9
197.188 9
197.19 9
197.193 10
197.195 10
197.198 10
197.2 10
197.203 10
197.205 10
197.222 4
198.245 1
