10 2.62731
10.05 5.21472
10.1 5.21472
10.15 5.46304
10.2 5.46304
10.25 4.9664
10.3 5.21472
10.35 4.46976
10.4 5.71136
10.45 5.21472
10.5 5.46304
10.55 5.46304
10.6 4.9664
10.65 5.21472
10.7 5.21472
10.75 5.46304
10.8 5.21472
10.85 5.21472
10.9 5.21472
10.95 5.21472
11 5.46304
11.05 5.21472
11.1 5.21472
11.15 5.46304
11.2 5.46304
11.25 5.46304
11.3 5.21472
11.35 5.21472
11.4 4.9664
11.45 6.45632
11.5 6.70464
11.55 6.95296
11.6 6.70464
11.65 6.95296
11.7 6.70464
11.75 6.70464
11.8 6.208
11.85 6.45632
11.9 6.45632
11.95 6.45632
12 6.45632
12.05 6.208
12.1 6.70464
12.15 6.45632
12.2 6.45632
12.25 6.45632
12.3 6.208
12.35 6.208
12.4 6.70464
12.45 7.20128
12.5 6.45632
12.55 6.95296
12.6 6.45632
12.65 7.4496
12.7 7.4496
12.75 7.4496
12.8 5.71136
12.85 5.71136
12.9 5.21472
12.95 5.46304
13 5.46304
13.05 5.71136
13.1 6.45632
13.15 6.45632
13.2 6.45632
13.25 5.95968
13.3 7.20128
13.35 6.45632
13.4 5.71136
13.45 5.71136
13.5 5.71136
13.55 5.46304
13.6 5.46304
13.65 5.46304
13.7 6.45632
13.75 5.95968
13.8 5.21472
13.85 5.95968
13.9 5.21472
13.95 5.71136
14 5.21472
14.05 5.21472
14.1 5.46304
14.15 6.70464
14.2 6.70464
14.25 6.45632
14.3 6.45632
14.35 6.45632
14.4 6.208
14.45 6.70464
14.5 7.20128
14.55 6.95296
14.6 6.95296
14.65 6.70464
14.7 6.70464
14.75 6.208
14.8 6.70464
14.85 6.45632
14.9 6.95296
14.95 7.20128
15 5.46304
15.05 5.46304
15.1 5.21472
15.15 3.97312
15.2 4.71808
15.25 4.22144
15.3 4.71808
15.35 4.22144
15.4 3.97312
15.45 3.7248
15.5 2.97984
15.55 2.97984
15.6 3.7248
15.65 2.97984
15.7 3.22816
15.75 3.97312
15.8 4.22144
15.85 4.46976
15.9 4.22144
15.95 3.97312
16 2.97984
16.05 3.47648
16.1 3.22816
16.15 2.97984
16.2 3.7248
16.25 2.97984
16.3 3.47648
16.35 4.22144
16.4 3.97312
16.45 3.47648
16.5 3.97312
16.55 4.22144
16.6 4.46976
16.65 3.7248
16.7 3.7248
16.75 3.97312
16.8 4.71808
16.85 4.9664
16.9 3.97312
16.95 4.71808
17 4.22144
17.05 4.22144
17.1 4.46976
17.15 4.22144
17.2 3.97312
17.25 4.46976
17.3 4.22144
17.35 4.22144
17.4 3.7248
17.45 3.22816
17.5 3.22816
17.55 3.22816
17.6 3.22816
17.65 3.22816
17.7 3.22816
17.75 4.9664
17.8 4.46976
17.85 4.46976
17.9 4.22144
17.95 4.71808
18 3.97312
18.05 4.9664
18.1 4.22144
18.15 4.46976
18.2 4.22144
18.25 3.97312
18.3 4.22144
18.35 4.71808
18.4 3.97312
18.45 4.22144
18.5 4.71808
18.55 4.46976
18.6 4.46976
18.65 3.97312
18.7 4.9664
18.75 3.97312
18.8 4.22144
18.85 4.71808
18.9 4.46976
18.95 4.22144
19 3.97312
19.05 3.22816
19.1 2.97984
19.15 3.22816
19.2 3.22816
19.25 3.22816
19.3 2.97984
19.35 3.22816
19.4 3.47648
19.45 2.97984
19.5 3.22816
19.55 3.47648
19.6 3.47648
19.65 3.22816
19.7 2.97984
19.75 3.47648
19.8 3.22816
19.85 2.97984
19.9 3.47648
19.95 3.7248
