10 4.68464
10.05 2.97984
10.1 3.22816
10.15 2.23488
10.2 2.97984
10.25 2.4832
10.3 2.97984
10.35 2.73152
10.4 2.23488
10.45 2.97984
10.5 2.4832
10.55 2.97984
10.6 2.73152
10.65 3.47648
10.7 2.4832
10.75 3.7248
10.8 2.4832
10.85 3.22816
10.9 2.97984
10.95 2.73152
11 3.47648
11.05 2.4832
11.1 3.7248
11.15 3.47648
11.2 2.73152
11.25 3.7248
11.3 2.4832
11.35 4.46976
11.4 2.97984
11.45 3.7248
11.5 2.97984
11.55 2.73152
11.6 3.47648
11.65 2.4832
11.7 3.22816
11.75 1.73824
11.8 2.97984
11.85 1.98656
11.9 2.97984
11.95 1.98656
12 2.97984
12.05 2.23488
12.1 2.73152
12.15 2.23488
12.2 2.73152
12.25 1.98656
12.3 2.73152
12.35 2.23488
12.4 2.73152
12.45 2.23488
12.5 2.73152
12.55 2.23488
12.6 2.4832
12.65 2.4832
12.7 1.98656
12.75 2.97984
12.8 1.98656
12.85 2.97984
12.9 2.4832
12.95 2.4832
13 2.97984
13.05 1.98656
13.1 2.97984
13.15 1.98656
13.2 2.23488
13.25 2.97984
13.3 2.73152
13.35 3.47648
13.4 2.4832
13.45 3.47648
13.5 2.73152
13.55 2.97984
13.6 3.22816
13.65 2.73152
13.7 3.47648
13.75 2.97984
13.8 3.22816
13.85 1.98656
13.9 3.47648
13.95 2.4832
14 2.73152
14.05 2.97984
14.1 2.97984
14.15 2.73152
14.2 2.23488
14.25 3.7248
14.3 2.73152
14.35 3.47648
14.4 2.4832
14.45 3.7248
14.5 2.4832
14.55 3.47648
14.6 2.73152
14.65 3.47648
14.7 2.73152
14.75 2.73152
14.8 2.97984
14.85 2.73152
14.9 2.4832
14.95 2.73152
15 3.7248
15.05 3.7248
15.1 2.73152
15.15 3.47648
15.2 2.97984
15.25 3.22816
15.3 2.73152
15.35 3.47648
15.4 2.4832
15.45 3.47648
15.5 2.73152
15.55 3.47648
15.6 2.73152
15.65 2.4832
15.7 2.73152
15.75 2.4832
15.8 2.97984
15.85 2.23488
15.9 2.73152
15.95 1.98656
16 2.97984
16.05 2.4832
16.1 3.47648
16.15 2.73152
16.2 2.73152
16.25 3.47648
16.3 2.4832
16.35 3.7248
16.4 2.4832
16.45 3.47648
16.5 2.73152
16.55 2.97984
16.6 3.22816
16.65 2.97984
16.7 3.47648
16.75 3.47648
16.8 3.7248
16.85 3.22816
16.9 2.97984
16.95 3.7248
17 2.73152
17.05 3.7248
17.1 2.97984
17.15 4.22144
17.2 2.73152
17.25 3.22816
17.3 2.73152
17.35 2.73152
17.4 3.47648
17.45 2.4832
17.5 3.7248
17.55 2.4832
17.6 4.22144
17.65 4.46976
17.7 3.97312
17.75 3.47648
17.8 4.46976
17.85 3.7248
17.9 3.7248
17.95 3.97312
18 3.47648
18.05 3.7248
18.1 3.7248
18.15 3.22816
18.2 4.22144
18.25 2.97984
18.3 4.22144
18.35 3.22816
18.4 3.7248
18.45 3.7248
18.5 4.22144
18.55 3.22816
18.6 4.46976
18.65 3.47648
18.7 3.97312
18.75 3.47648
18.8 3.97312
18.85 2.97984
18.9 4.46976
18.95 2.97984
19 3.97312
19.05 3.47648
19.1 3.22816
19.15 4.46976
19.2 3.47648
19.25 5.21472
19.3 3.47648
19.35 3.22816
19.4 3.22816
19.45 3.22816
19.5 3.47648
19.55 2.73152
19.6 3.47648
19.65 3.22816
19.7 3.7248
19.75 3.7248
19.8 3.22816
19.85 4.22144
19.9 2.97984
19.95 4.22144
