175.018 79
175.055 55
175.849 56
175.975 57
176.076 58
176.164 59
176.253 60
176.347 61
176.442 62
176.524 63
176.612 64
176.694 65
176.795 66
176.877 67
176.977 68
177.085 69
177.192 70
177.299 71
177.406 72
177.557 73
177.709 74
177.86 75
178.018 76
178.257 77
178.352 53
179.076 54
179.215 55
179.353 56
179.53 57
179.669 58
179.814 59
179.952 60
180.141 61
180.331 62
180.526 63
180.778 64
181.125 65
183.495 66
183.848 67
184.094 68
184.29 69
184.46 70
184.605 71
184.731 72
184.851 73
185.04 74
185.241 75
185.349 76
185.481 77
185.588 78
185.695 79
185.733 55
186.527 56
186.653 57
186.754 58
186.842 59
186.93 60
187.025 61
187.119 62
187.201 63
187.29 64
187.372 65
187.472 66
187.554 67
187.655 68
187.762 69
187.87 70
187.977 71
188.084 72
188.235 73
188.387 74
188.538 75
188.695 76
188.935 77
189.029 53
189.754 54
189.893 55
190.031 56
190.208 57
190.346 58
190.491 59
190.63 60
190.819 61
191.008 62
191.204 63
191.456 64
191.803 65
194.173 66
194.526 67
194.772 68
194.967 69
195.138 70
195.283 71
195.409 72
195.528 73
195.717 74
195.919 75
196.026 76
196.159 77
196.266 78
196.373 79
196.411 55
197.205 56
197.331 57
197.432 58
197.52 59
197.608 60
197.703 61
197.797 62
197.879 63
197.967 64
198.049 65
198.15 66
198.232 67
198.333 68
198.44 69
198.547 70
198.655 71
198.762 72
198.913 73
199.064 74
199.216 75
199.373 76
199.613 77
199.707 53
