15.1519 13
15.1582 13
15.1646 13
15.1709 13
15.1772 13
15.1835 13
15.1898 13
15.1961 13
15.2024 13
15.2087 13
15.215 13
15.2213 13
15.2276 13
15.2339 14
15.2402 14
15.2465 14
15.2528 14
15.2591 14
15.2654 14
15.2717 14
15.278 14
15.2843 14
15.2906 14
15.2969 14
15.3033 14
15.3096 14
15.3159 14
15.3222 14
15.3285 15
15.3348 15
15.3411 15
15.3474 15
15.3537 15
15.36 15
15.3663 15
15.3726 15
15.3789 15
15.3852 15
15.3915 15
15.3978 15
15.4041 15
15.4104 15
15.4167 15
15.423 16
15.4293 16
15.4356 16
15.4419 16
15.4482 16
15.4545 16
15.4609 16
15.4672 16
15.4735 16
15.4798 16
15.4861 16
15.4924 16
15.4987 16
15.505 16
15.5113 16
15.5176 16
15.5239 16
15.5302 17
15.5365 17
15.5428 17
15.5491 17
15.5554 17
15.5617 17
15.568 17
15.5743 17
15.5806 17
15.5869 17
15.5932 17
15.5995 17
15.6058 17
15.6121 17
15.6185 17
15.6248 17
15.6311 17
15.6374 18
15.6437 18
15.65 18
15.6563 18
15.6626 18
15.6689 18
15.6752 18
15.6815 18
15.6878 18
15.6941 18
15.7004 18
15.7067 18
15.713 18
15.7193 18
15.7256 18
15.7319 18
15.7382 18
15.7445 18
15.7508 18
15.7571 19
15.7634 19
15.7697 19
15.7761 19
15.7824 19
15.7887 19
15.795 19
15.8013 19
15.8076 19
15.8139 19
15.8202 19
15.8265 19
15.8328 19
15.8391 19
15.8454 19
15.8517 19
15.858 19
15.8643 19
15.8706 19
15.8769 20
15.8832 20
15.8895 20
15.8958 20
15.9021 20
15.9084 20
15.9147 20
15.921 20
15.9273 20
15.9337 20
15.94 20
15.9463 20
15.9526 20
15.9589 20
15.9652 20
15.9715 20
15.9778 20
15.9841 20
15.9904 20
15.9967 20
16.003 20
16.0093 21
16.0156 21
16.0219 21
16.0282 21
16.0345 21
16.0408 21
16.0659 9
16.1921 9
16.1984 9
16.2047 9
16.211 9
16.2173 10
16.2236 10
16.2299 10
16.2362 10
16.2426 10
16.2489 10
16.2552 10
16.2615 10
16.2678 10
16.2741 10
16.2804 10
16.2867 11
16.293 11
16.2993 11
16.3056 11
16.3119 11
16.3182 11
16.3245 11
16.3308 11
16.3371 11
16.3434 11
16.3497 11
16.356 12
16.3623 12
16.3686 12
16.3749 12
16.3812 12
16.3875 12
16.3938 12
16.4002 12
16.4065 12
16.4128 12
16.4191 12
16.4254 12
16.4317 12
16.438 13
16.4443 13
16.4506 13
16.4569 13
16.4632 13
16.4695 13
16.4758 13
16.4821 13
16.4884 13
16.4947 13
16.501 13
16.5073 13
16.5136 13
16.5199 14
16.5262 14
16.5325 14
16.5388 14
16.5451 14
16.5514 14
16.5578 14
16.5641 14
16.5704 14
16.5767 14
16.583 14
16.5893 14
16.5956 14
16.6206 6
16.709 6
16.7153 6
16.7216 6
16.7279 6
16.7342 6
16.7405 6
16.7468 7
16.7531 7
16.7594 7
16.7657 7
16.772 7
16.7783 7
16.7846 7
16.7909 8
16.7972 8
16.8035 8
16.8098 8
16.8161 8
16.8224 8
16.8288 8
16.8351 8
16.8414 8
16.8477 9
16.854 9
16.8603 9
16.8666 9
16.8729 9
16.8792 9
16.8855 9
16.8918 9
16.8981 9
16.9044 10
16.9107 10
16.917 10
16.9233 10
16.9483 4
17.0051 4
17.0114 4
17.0177 4
17.024 4
17.0303 5
17.0366 5
17.0429 5
17.0492 5
17.0555 5
17.0618 6
17.0681 6
17.0744 6
17.0807 6
17.087 6
17.0933 6
17.0996 6
17.1059 7
17.1122 7
17.1186 7
17.1249 7
17.1312 7
17.1375 7
17.1438 7
17.1694 2
17.3163 2
17.3226 3
17.3364 3
17.3428 3
17.3492 4
17.3567 4
17.3634 4
17.3699 4
17.3762 4
17.3825 5
17.3889 5
17.3952 5
17.4017 5
17.408 5
17.4144 6
17.421 6
17.4274 6
17.4338 6
17.4401 6
17.4466 6
17.4529 7
17.4592 7
17.4656 7
17.4719 7
17.4782 7
17.4848 7
17.4912 7
17.4977 7
17.504 8
17.5105 8
17.5168 8
17.5231 8
17.5295 8
17.5358 8
17.5423 8
17.5486 8
17.5551 9
17.5614 9
17.568 9
17.5743 9
17.5807 9
17.587 9
17.5933 9
17.5996 9
17.6061 9
17.6124 9
17.6187 10
17.6251 10
17.6314 10
17.6377 10
17.6441 10
17.6504 10
17.6567 10
17.663 10
17.6693 10
17.6756 10
17.6819 11
17.6882 11
17.6945 11
17.7008 11
17.7072 11
17.7135 11
17.7198 11
17.7261 11
17.7324 11
17.7387 11
17.745 11
17.7513 11
17.7576 12
17.7643 12
17.7706 12
17.7769 12
17.7832 12
17.7895 12
17.7958 12
17.8021 12
17.8084 12
17.8147 12
17.821 12
17.8273 12
17.8336 13
17.8399 13
17.8462 13
17.8525 13
17.8588 13
17.8651 13
17.8714 13
17.8777 13
17.884 13
17.8903 13
17.8967 13
17.903 13
17.9093 13
17.9156 13
17.9219 14
17.9282 14
17.9345 14
17.9408 14
17.9471 14
17.9722 6
18.0729 6
18.0792 6
18.0855 6
18.0918 6
18.0981 6
18.1044 6
18.1107 7
18.117 7
18.1233 7
18.1296 7
18.1359 7
18.1422 7
18.1485 7
18.1549 8
18.1612 8
18.1675 8
18.1738 8
18.1801 8
18.1864 8
18.1927 8
18.199 8
18.2053 8
18.2116 9
18.2179 9
18.2242 9
18.2305 9
18.2368 9
18.2431 9
18.2495 9
18.2558 9
18.2621 9
18.2684 10
18.2747 10
18.281 10
18.2873 10
18.2936 10
18.2999 10
18.3063 10
18.3126 10
18.3189 10
18.3252 10
18.3315 10
18.3378 11
18.3441 11
18.3504 11
18.3567 11
18.363 11
18.3693 11
18.3756 11
18.3819 11
18.3882 11
18.3946 11
18.4009 11
18.4072 12
18.4135 12
18.4198 12
18.4261 12
18.4324 12
18.4387 12
18.445 12
18.4513 12
18.4576 12
18.4639 12
18.4702 12
18.4765 12
18.4828 12
18.4891 13
18.4954 13
18.5017 13
18.508 13
18.5143 13
18.5206 13
18.5269 13
18.5332 13
18.5395 13
18.5458 13
18.5522 13
18.5585 13
18.5648 13
18.5711 14
18.5774 14
18.5837 14
18.59 14
18.5963 14
18.6026 14
18.6089 14
18.6152 14
18.6215 14
18.6278 14
18.6341 14
18.6404 14
18.6467 14
18.653 14
18.6593 14
18.6656 15
18.6719 15
18.6782 15
18.6845 15
18.6908 15
18.6971 15
18.7034 15
18.7098 15
18.7161 15
18.7224 15
18.7287 15
18.735 15
18.7413 15
18.7476 15
18.7539 15
18.7602 16
18.7665 16
18.7728 16
18.7791 16
18.7854 16
18.7917 16
18.798 16
18.8043 16
18.8106 16
18.8169 16
18.8232 16
18.8295 16
18.8358 16
18.8421 16
18.8484 16
18.8547 16
18.861 16
18.8674 17
18.8737 17
18.88 17
18.8863 17
18.8926 17
18.8989 17
18.9052 17
18.9115 17
18.9178 17
18.9241 17
18.9304 17
18.9367 17
18.943 17
18.9493 17
18.9556 17
18.9619 17
18.9682 17
18.9745 17
18.9808 18
18.9871 18
18.9934 18
18.9997 18
19.006 18
19.0123 18
19.0186 18
19.025 18
19.0313 18
19.0376 18
19.0439 18
19.0502 18
19.0565 18
19.0628 18
19.0691 18
19.0754 18
19.0817 18
19.088 18
19.0943 19
19.1006 19
19.1069 19
19.1132 19
19.1195 19
19.1258 19
19.1321 19
19.1384 19
19.1447 19
19.151 19
19.1574 19
19.1637 19
19.17 19
19.1763 19
19.1826 19
19.1889 19
19.1952 19
19.2015 19
19.2078 19
19.2141 19
19.2204 20
19.2267 20
19.233 20
19.2393 20
19.2456 20
19.2519 20
19.2582 20
19.2645 20
19.2708 20
19.2771 20
19.2834 20
19.2897 20
19.296 20
19.3023 20
19.3086 20
19.315 20
19.3213 20
19.3276 20
19.3339 20
19.3402 20
19.3465 21
19.3528 21
19.3591 21
19.3654 21
19.3717 21
19.378 21
19.3843 21
19.3906 21
19.3969 21
19.4032 21
19.4095 21
19.4158 21
19.4221 21
19.4284 21
19.4347 21
19.441 21
19.4473 21
19.4536 21
19.4599 21
19.4662 21
19.4726 21
19.4789 21
19.4852 22
19.4915 22
19.5292 10
19.6615 10
19.6678 10
19.6741 10
19.6805 10
19.7182 3
19.7797 3
19.7861 3
19.7967 3
19.8031 4
19.8097 4
19.8206 4
19.8269 4
19.8332 5
19.8395 5
19.8458 5
19.8521 5
19.8584 5
19.8647 5
19.871 6
19.8773 6
19.8836 6
19.8899 6
19.8963 6
19.9026 6
19.9089 7
19.9152 7
19.9215 7
19.9278 7
19.9341 7
19.9404 7
19.9467 7
19.953 7
19.9593 8
19.9656 8
19.9719 8
19.9782 8
19.9845 8
19.9908 8
19.9971 8
20.0034 8
20.0097 9
20.016 9
20.0223 9
20.0286 9
20.0349 9
20.0412 9
20.0475 9
20.0539 9
20.0602 9
20.0665 9
20.0728 10
20.0791 10
20.0854 10
20.0917 10
20.098 10
20.1043 10
20.1107 10
20.117 10
20.1233 10
20.1296 10
20.1359 11
20.1422 11
20.1485 11
20.1548 11
20.1611 11
20.1674 11
20.1737 11
20.18 11
20.1864 11
20.1927 11
20.199 11
20.2053 12
20.2116 12
20.2179 12
20.2242 12
20.2305 12
20.2368 12
20.2431 12
20.2494 12
20.2557 12
20.262 12
20.2683 12
20.2746 12
20.2809 12
20.2873 13
20.2937 13
20.3 13
20.3374 5
20.4131 5
20.4195 5
20.4259 5
20.4322 5
20.4385 5
20.4448 6
20.4829 2
20.615 2
20.6213 2
20.6359 3
20.6422 3
20.6565 3
20.6628 4
20.6692 4
20.677 4
20.6833 4
20.6898 4
20.6962 5
20.7025 5
20.7089 5
20.7154 5
20.7217 5
20.728 6
20.7345 6
20.7409 6
20.7473 6
20.7537 6
20.7601 6
20.7664 7
20.7728 7
20.7791 7
20.7855 7
20.7918 7
20.7983 7
20.8047 7
20.811 7
20.8174 8
20.8238 8
20.8303 8
20.8366 8
20.8432 8
20.8498 8
20.8562 8
20.8626 8
20.869 9
20.8756 9
20.8819 9
20.8882 9
20.8945 9
20.9008 9
20.9071 9
20.9134 9
20.9197 9
20.926 9
20.9323 10
20.9386 10
20.9449 10
20.9512 10
20.9575 10
20.9638 10
20.9701 10
20.9764 10
20.9827 10
20.989 10
20.9953 11
21.0016 11
21.008 11
21.0143 11
21.0206 11
21.0269 11
21.0332 11
21.0395 11
21.0458 11
21.0521 11
21.0584 11
21.0647 11
21.071 12
21.0773 12
21.0836 12
21.0899 12
21.0962 12
21.1025 12
21.1088 12
21.1151 12
21.1214 12
21.1277 12
21.134 12
21.1403 12
21.1466 13
21.1529 13
21.1592 13
21.1656 13
21.1719 13
21.1782 13
21.1845 13
21.1908 13
21.1971 13
21.2034 13
21.2097 13
21.216 13
21.2223 13
21.2287 13
21.235 14
21.2413 14
21.2476 14
21.2539 14
21.2602 14
21.2665 14
21.2728 14
21.2791 14
21.2854 14
21.2917 14
21.298 14
21.3043 14
21.3106 14
21.3169 14
21.3232 15
21.3295 15
21.3358 15
21.3422 15
21.3485 15
21.3548 15
21.3611 15
21.3675 15
21.3739 15
21.3802 15
21.3865 15
21.3928 15
21.3991 15
21.4054 15
21.4117 15
21.418 15
21.4243 16
21.4306 16
21.4369 16
21.4432 16
21.4495 16
21.4558 16
21.4621 16
21.4684 16
21.4747 16
21.481 16
21.4873 16
21.4936 16
21.4999 16
21.5062 16
21.5125 16
21.5188 16
21.5251 17
21.5315 17
21.5378 17
21.5441 17
21.5504 17
21.5567 17
21.563 17
21.5693 17
21.5756 17
21.5819 17
21.5882 17
21.5945 17
21.6008 17
21.6071 17
21.6134 17
21.6197 17
21.626 17
21.6323 17
21.6386 18
21.6449 18
21.6512 18
21.6575 18
21.6638 18
21.6701 18
21.6764 18
21.6827 18
21.6891 18
21.6954 18
21.7017 18
21.708 18
21.7143 18
21.7206 18
21.7269 18
21.7332 18
21.7395 18
21.7458 18
21.7521 18
21.7584 19
21.7647 19
21.771 19
21.7773 19
21.7836 19
21.7899 19
21.7962 19
21.8025 19
21.8088 19
21.8151 19
21.8214 19
21.8277 19
21.834 19
21.8403 19
21.8467 19
21.853 19
21.8593 19
21.8656 19
21.8719 19
21.8782 20
21.8845 20
21.8908 20
21.8971 20
21.9034 20
21.9097 20
21.916 20
21.9223 20
21.9286 20
21.9349 20
21.9412 20
21.9475 20
21.9538 20
21.9601 20
21.9664 20
21.9727 20
21.979 20
21.9853 20
21.9916 20
21.9979 20
22.0043 20
22.0106 21
22.0169 21
22.0232 21
22.0295 21
22.0358 21
22.0421 21
22.0484 21
22.0547 21
22.061 21
22.0673 21
22.0736 21
22.0799 21
22.0862 21
22.0925 21
22.0988 21
22.1051 21
22.1114 21
22.1177 21
22.124 21
22.1303 21
22.1366 21
22.1429 22
22.1492 22
22.1555 22
22.1619 22
22.1682 22
22.1745 22
22.1808 22
22.1871 22
22.1934 22
22.1997 22
22.206 22
22.2123 22
22.2186 22
22.2249 22
22.2312 22
22.2375 22
22.2438 22
22.2501 22
22.2564 22
22.2627 22
22.269 22
22.2753 22
22.2816 22
22.2879 23
22.2942 23
22.3005 23
22.3068 23
22.3131 23
22.3195 23
22.3258 23
22.3321 23
22.3384 23
22.3447 23
22.351 23
22.3573 23
22.3636 23
22.3699 23
22.3763 23
22.3826 23
22.3889 23
22.3952 23
22.4015 23
22.4078 23
22.4141 23
22.4204 23
22.4267 23
22.433 23
22.4393 24
22.4456 24
22.4519 24
22.4582 24
22.4645 24
22.4708 24
22.4771 24
22.4834 24
22.4897 24
22.496 24
22.5023 24
22.5086 24
22.5149 24
22.5212 24
22.5275 24
22.5339 24
22.5402 24
22.5465 24
22.5528 24
22.5591 24
22.5654 24
22.5717 24
22.578 24
22.5843 24
22.5906 25
22.5969 25
22.6032 25
22.6095 25
22.6158 25
22.6221 25
22.6284 25
22.6347 25
22.641 25
22.6473 25
22.6536 25
22.6599 25
22.6663 25
22.6726 25
22.6789 25
22.6852 25
22.6915 25
22.6978 25
22.7041 25
22.7104 25
22.7167 25
22.723 25
22.7293 25
22.7356 25
22.7419 25
22.7484 25
22.7547 26
22.761 26
22.7673 26
22.7736 26
22.7799 26
22.7862 26
22.7925 26
22.7988 26
22.8051 26
22.8114 26
22.8177 26
22.824 26
22.8303 26
22.8366 26
22.8429 26
22.8493 26
22.8556 26
22.8619 26
22.8682 26
22.8745 26
22.8808 26
22.8871 26
22.8934 26
22.8997 26
22.906 26
22.9123 26
22.9186 26
22.9249 27
22.9312 27
22.9375 27
22.9438 27
22.9501 27
22.9564 27
22.9627 27
22.969 27
22.9753 27
22.9816 27
22.9879 27
22.9942 27
23.0005 27
23.0069 27
23.0132 27
23.0195 27
23.0258 27
23.0321 27
23.0384 27
23.0447 27
23.051 27
23.0573 27
23.0636 27
23.0699 27
23.0762 27
23.0825 27
23.0888 27
23.0951 27
23.1014 28
23.1077 28
23.114 28
23.1203 28
23.1266 28
23.1329 28
23.1392 28
23.1455 28
23.1518 28
23.1581 28
23.1645 28
23.1708 28
23.1771 28
23.1834 28
23.1897 28
23.196 28
23.2023 28
23.2086 28
23.2149 28
23.2212 28
23.2275 28
23.2338 28
23.2401 28
23.2464 28
23.2527 28
23.259 28
23.2653 28
23.2716 28
23.2779 29
23.2842 29
23.2905 29
23.2968 29
23.3031 29
23.3094 29
23.3157 29
23.3221 29
23.3284 29
23.3347 29
23.341 29
23.3473 29
23.3536 29
23.3599 29
23.3662 29
23.3725 29
23.3788 29
23.3851 29
23.3914 29
23.3977 29
23.404 29
23.4103 29
23.4166 29
23.4229 29
23.4292 29
23.4355 29
23.4418 29
23.4481 29
23.4544 29
23.4607 29
23.467 30
23.4733 30
23.4797 30
23.486 30
23.4923 30
23.4986 30
23.5049 30
23.5112 30
23.5175 30
23.5238 30
23.5301 30
23.5364 30
23.5427 30
23.549 30
23.5553 30
23.5616 30
23.5679 30
23.5742 30
23.5805 30
23.5868 30
23.5931 30
23.5994 30
23.6057 30
23.612 30
23.6183 30
23.6246 30
23.6309 30
23.6373 30
23.6436 30
23.6499 30
23.6562 30
23.6625 31
23.6688 31
23.6751 31
23.6814 31
23.6877 31
23.694 31
23.7003 31
23.7066 31
23.7129 31
23.7192 31
23.7255 31
23.7318 31
23.7381 31
23.7444 31
23.7507 31
23.757 31
23.7633 31
23.7696 31
23.7759 31
23.7822 31
23.7885 31
23.7949 31
23.8012 31
23.8075 31
23.8138 31
23.8387 14
24.1292 14
24.1417 14
24.1606 6
24.3046 6
24.3109 6
24.3172 6
24.3235 7
24.3298 7
24.3361 7
24.3424 7
24.3487 7
24.355 7
24.3613 7
24.3677 8
24.374 8
24.3803 8
24.3866 8
24.3929 8
24.3992 8
24.4055 8
24.4118 8
24.4181 8
24.4244 9
24.4307 9
24.437 9
24.4433 9
24.4498 9
24.4564 9
24.4628 9
24.4693 9
24.4757 9
24.482 10
24.4883 10
24.4946 10
24.5009 10
24.5072 10
24.5135 10
24.5198 10
24.5261 10
24.5324 10
24.5387 10
24.545 10
24.5513 11
24.5576 11
24.5639 11
24.5702 11
24.5765 11
24.5828 11
24.5892 11
24.5955 11
24.6018 11
24.6081 11
24.6144 11
24.6207 12
24.627 12
24.6333 12
24.6396 12
24.6459 12
24.6522 12
24.6585 12
24.6648 12
24.6711 12
24.6774 12
24.6837 12
24.69 12
24.6963 12
24.7026 13
24.7089 13
24.7152 13
24.7215 13
24.7278 13
24.7341 13
24.7404 13
24.7468 13
24.7531 13
24.7595 13
24.7658 13
24.7721 13
24.7784 13
24.7847 14
24.791 14
24.7973 14
24.8036 14
24.8099 14
24.8162 14
24.8225 14
24.8288 14
24.8351 14
24.8414 14
24.8477 14
24.854 14
24.8603 14
24.8666 14
24.8729 14
24.8792 15
24.8855 15
24.8919 15
24.8982 15
24.9045 15
24.9108 15
24.9171 15
24.9234 15
24.9297 15
24.936 15
24.9423 15
24.9486 15
24.9549 15
24.9612 15
24.9675 15
24.9738 16
24.9801 16
24.9864 16
24.9927 16
24.999 16
