15.0148 6
15.0211 6
15.0274 6
15.0337 7
15.04 7
15.0463 7
15.0526 7
15.0589 7
15.0652 7
15.0715 7
15.0778 8
15.0841 8
15.0904 8
15.0967 8
15.103 8
15.1094 8
15.1157 8
15.122 8
15.1283 8
15.1346 9
15.1409 9
15.1472 9
15.1535 9
15.1598 9
15.1661 9
15.1724 9
15.1787 9
15.185 9
15.1913 10
15.1976 10
15.2039 10
15.2102 10
15.2165 10
15.2228 10
15.2291 10
15.2354 10
15.2417 10
15.248 10
15.2543 10
15.2606 11
15.267 11
15.2733 11
15.2796 11
15.2859 11
15.2922 11
15.2985 11
15.3048 11
15.3111 11
15.3174 11
15.3237 11
15.33 12
15.3363 12
15.3426 12
15.3489 12
15.3552 12
15.3615 12
15.3678 12
15.3741 12
15.3804 12
15.3867 12
15.393 12
15.3993 12
15.4056 12
15.4119 13
15.4182 13
15.4246 13
15.4309 13
15.4372 13
15.4435 13
15.4498 13
15.4561 13
15.4624 13
15.4687 13
15.475 13
15.4813 13
15.4876 13
15.4939 14
15.5002 14
15.5065 14
15.5128 14
15.5191 14
15.5254 14
15.5317 14
15.538 14
15.5443 14
15.5506 14
15.5569 14
15.5632 14
15.5695 14
15.5758 14
15.5822 14
15.5885 15
15.5948 15
15.6011 15
15.6074 15
15.6137 15
15.62 15
15.6263 15
15.6326 15
15.6389 15
15.6452 15
15.6515 15
15.6578 15
15.6641 15
15.6704 15
15.6767 15
15.683 16
15.6893 16
15.6956 16
15.7019 16
15.7082 16
15.7145 16
15.7208 16
15.7271 16
15.7334 16
15.7398 16
15.7461 16
15.7524 16
15.7587 16
15.765 16
15.7713 16
15.7776 16
15.7839 16
15.7902 17
15.7965 17
15.8028 17
15.8091 17
15.8154 17
15.8217 17
15.828 17
15.8343 17
15.8406 17
15.8469 17
15.8532 17
15.8595 17
15.8658 17
15.8721 17
15.8784 17
15.8847 17
15.891 17
15.8974 18
15.9037 18
15.91 18
15.9163 18
15.9226 18
15.9289 18
15.9352 18
15.9415 18
15.9478 18
15.9541 18
15.9604 18
15.9667 18
15.973 18
15.9793 18
15.9856 18
15.9919 18
15.9982 18
16.0045 18
16.0108 18
16.0171 19
16.0234 19
16.0297 19
16.036 19
16.0423 19
16.0488 19
16.0553 19
16.0616 19
16.0679 19
16.0742 19
16.0805 19
16.0868 19
16.0931 19
16.0994 19
16.1059 19
16.1122 19
16.1185 19
16.1248 19
16.1311 19
16.1374 19
16.1437 20
16.15 20
16.1563 20
16.1626 20
16.1689 20
16.1752 20
16.1815 20
16.1878 20
16.1941 20
16.2005 20
16.2068 20
16.2131 20
16.2194 20
16.2257 20
16.232 20
16.2383 20
16.2446 20
16.2509 20
16.2572 20
16.2635 20
16.2698 21
16.2761 21
16.2824 21
16.2887 21
16.295 21
16.3013 21
16.3076 21
16.3139 21
16.3202 21
16.3265 21
16.3328 21
16.3391 21
16.3454 21
16.3517 21
16.3581 21
16.3644 21
16.3707 21
16.377 21
16.3833 21
16.3896 21
16.3959 21
16.4022 21
16.4085 22
16.4148 22
16.4211 22
16.4274 22
16.4337 22
16.44 22
16.4463 22
16.4526 22
16.4589 22
16.4652 22
16.4715 22
16.4778 22
16.4841 22
16.4904 22
16.4967 22
16.503 22
16.5093 22
16.5157 22
16.522 22
16.5283 22
16.5346 22
16.5409 22
16.5472 22
16.5535 23
16.5598 23
16.5661 23
16.5724 23
16.5787 23
16.585 23
16.5913 23
16.5976 23
16.6039 23
16.6102 23
16.6165 23
16.6228 23
16.6291 23
16.6354 23
16.6417 23
16.648 23
16.6543 23
16.6606 23
16.6669 23
16.6733 23
16.6796 23
16.6859 23
16.6922 23
16.6985 24
16.7048 24
16.7111 24
16.7174 24
16.7237 24
16.73 24
16.7363 24
16.7426 24
16.7489 24
16.7552 24
16.7615 24
16.7678 24
16.7741 24
16.7804 24
16.7867 24
16.793 24
16.7993 24
16.8056 24
16.8119 24
16.8182 24
16.8245 24
16.8309 24
16.8372 24
16.8435 24
16.8498 24
16.8561 25
16.8624 25
16.8687 25
16.875 25
16.8813 25
16.8876 25
16.8939 25
16.9002 25
16.9065 25
16.9128 25
16.9191 25
16.9254 25
16.9317 25
16.938 25
16.9443 25
16.9506 25
16.9569 25
16.9632 25
16.9695 25
16.9758 25
16.9821 25
16.9885 25
16.9948 25
17.0011 25
17.0074 25
17.0137 25
17.02 26
17.0263 26
17.0326 26
17.0389 26
17.0452 26
17.0515 26
17.0578 26
17.0641 26
17.0704 26
17.0767 26
17.083 26
17.0893 26
17.0956 26
17.1019 26
17.1082 26
17.1145 26
17.1208 26
17.1271 26
17.1334 26
17.1397 26
17.1461 26
17.1524 26
17.1588 26
17.1651 26
17.1714 26
17.1777 26
17.184 27
17.1903 27
17.1966 27
17.2029 27
17.2092 27
17.2155 27
17.2405 12
17.4043 12
17.4106 12
17.4169 12
17.4232 12
17.4295 12
17.4358 12
17.4421 13
17.4484 13
17.4548 13
17.4611 13
17.4674 13
17.4737 13
17.48 13
17.4863 13
17.4926 13
17.4989 13
17.5052 13
17.5115 13
17.5178 13
17.5241 14
17.5304 14
17.5367 14
17.543 14
17.5493 14
17.5556 14
17.5619 14
17.5682 14
17.5745 14
17.5808 14
17.5871 14
17.5934 14
17.5997 14
17.606 14
17.6124 14
17.6187 15
17.625 15
17.6313 15
17.6376 15
17.6439 15
17.6502 15
17.6565 15
17.6628 15
17.6691 15
17.6754 15
17.6817 15
17.688 15
17.6943 15
17.7006 15
17.7069 15
17.7132 16
17.7195 16
17.7258 16
17.7321 16
17.7384 16
17.7447 16
17.751 16
17.7573 16
17.7826 7
17.8774 7
17.8837 7
17.89 7
17.8963 7
17.9026 7
17.9089 7
17.9152 7
17.9215 8
17.9278 8
17.9341 8
17.9404 8
17.9467 8
17.953 8
17.978 3
18.0223 3
18.0332 3
18.0395 3
18.0458 4
18.057 4
18.0633 4
18.0696 4
18.0759 5
18.0822 5
18.0885 5
18.0948 5
18.1011 5
18.1074 5
18.1137 6
18.12 6
18.1263 6
18.1326 6
18.139 6
18.1453 6
18.1516 7
18.1579 7
18.1642 7
18.1705 7
18.1768 7
18.1832 7
18.1895 7
18.1959 7
18.2022 8
18.2085 8
18.2148 8
18.2211 8
18.2274 8
18.2337 8
18.24 8
18.2463 8
18.2526 9
18.2589 9
18.2652 9
18.2715 9
18.2778 9
18.3223 2
19.2778 1
19.3017 2
19.3251 2
19.3314 2
19.3493 3
19.3555 3
19.3792 3
19.3855 4
19.3968 4
19.4031 4
19.4094 4
19.4157 4
19.422 5
19.4283 5
19.4347 5
19.441 5
19.4473 5
19.4536 6
19.4599 6
19.4662 6
19.4725 6
19.4788 6
19.4851 6
19.4915 7
19.4978 7
19.5041 7
19.5104 7
19.5167 7
19.523 7
19.5293 7
19.5356 7
19.5419 8
19.5482 8
19.5545 8
19.5608 8
19.5671 8
19.5734 8
19.5798 8
19.5861 8
19.5924 9
19.5987 9
19.605 9
19.6113 9
19.6176 9
19.6239 9
19.6302 9
19.6365 9
19.6428 9
19.6491 9
19.6554 10
19.6617 10
19.668 10
19.6743 10
19.6994 4
19.7561 4
19.7624 4
19.7687 4
19.775 4
19.7813 5
19.7876 5
19.7939 5
19.8002 5
19.8065 5
19.8128 6
19.8191 6
19.8254 6
19.8317 6
19.838 6
19.8443 6
19.8506 6
19.8569 7
19.8632 7
19.8695 7
19.8759 7
19.8822 7
19.8885 7
19.8948 7
19.9011 8
19.9074 8
19.9137 8
19.92 8
19.9263 8
19.9326 8
19.9389 8
19.9452 8
19.9515 8
19.9578 9
19.9641 9
19.9704 9
19.9767 9
19.983 9
19.9893 9
19.9956 9
20.0019 9
20.0082 9
20.0145 10
20.0208 10
20.0271 10
20.0335 10
20.0398 10
20.0461 10
20.0524 10
20.0587 10
20.065 10
20.0713 10
20.0776 10
20.0839 11
20.0902 11
20.0965 11
20.1028 11
20.1093 11
20.1156 11
20.1219 11
20.1282 11
20.1345 11
20.1408 11
20.1471 11
20.1534 12
20.1597 12
20.1661 12
20.1724 12
20.1787 12
20.185 12
20.1913 12
20.1976 12
20.2039 12
20.2102 12
20.2165 12
20.2228 12
20.2291 12
20.2354 13
20.2417 13
20.248 13
20.2543 13
20.2606 13
20.2669 13
20.2732 13
20.2795 13
20.2858 13
20.2921 13
20.2984 13
20.3047 13
20.311 13
20.3173 14
20.3237 14
20.33 14
20.3363 14
20.3426 14
20.3489 14
20.3552 14
20.3615 14
20.3678 14
20.3741 14
20.3804 14
20.3867 14
20.393 14
20.3993 14
20.4056 14
20.4119 15
20.4182 15
20.4245 15
20.4308 15
20.4371 15
20.4434 15
20.4497 15
20.456 15
20.4623 15
20.4686 15
20.4749 15
20.4813 15
20.4876 15
20.4939 15
20.5002 15
20.5065 16
20.5128 16
20.5191 16
20.5254 16
20.5317 16
20.538 16
20.5443 16
20.5506 16
20.5569 16
20.5632 16
20.5695 16
20.5758 16
20.5821 16
20.5884 16
20.5947 16
20.601 16
20.6073 16
20.6136 17
20.6199 17
20.6262 17
20.6325 17
20.6389 17
20.6452 17
20.6515 17
20.6578 17
20.6641 17
20.6704 17
20.6767 17
20.683 17
20.6893 17
20.6956 17
20.7019 17
20.7082 17
20.7145 17
20.7208 18
20.7271 18
20.7334 18
20.7397 18
20.746 18
20.7523 18
20.7586 18
20.7649 18
20.7712 18
20.7775 18
20.7838 18
20.7901 18
20.7965 18
20.8028 18
20.8091 18
20.8154 18
20.8217 18
20.828 18
20.8343 18
20.8406 19
20.8469 19
20.8532 19
20.8595 19
20.8658 19
20.8721 19
20.8784 19
20.8847 19
20.891 19
20.8973 19
20.9036 19
20.9099 19
20.9162 19
20.9225 19
20.9288 19
20.9351 19
20.9414 19
20.9477 19
20.9541 19
20.9604 19
20.9667 20
20.973 20
20.9793 20
20.9856 20
20.9919 20
20.9982 20
21.0045 20
21.0108 20
21.0171 20
21.0234 20
21.0297 20
21.036 20
21.0423 20
21.0486 20
21.0549 20
21.0612 20
21.0675 20
21.0738 20
21.0801 20
21.0864 20
21.0927 21
21.099 21
21.1053 21
21.1117 21
21.118 21
21.1243 21
21.1306 21
21.1369 21
21.1432 21
21.1495 21
21.1558 21
21.1621 21
21.1684 21
21.1747 21
21.181 21
21.1873 21
21.1936 21
21.1999 21
21.2062 21
21.2125 21
21.2188 21
21.2251 21
21.2314 22
21.2377 22
21.244 22
21.2503 22
21.2566 22
21.263 22
21.2693 22
21.2756 22
21.2819 22
21.2882 22
21.2945 22
21.3008 22
21.3071 22
21.3134 22
21.3197 22
21.326 22
21.3323 22
21.3386 22
21.3449 22
21.3512 22
21.3575 22
21.3638 22
21.3701 23
21.3764 23
21.3827 23
21.389 23
21.3953 23
21.4016 23
21.4079 23
21.4142 23
21.4205 23
21.4269 23
21.4332 23
21.4395 23
21.4458 23
21.4521 23
21.4584 23
21.4647 23
21.471 23
21.4773 23
21.4836 23
21.4899 23
21.4962 23
21.5025 23
21.5088 23
21.5151 23
21.5214 24
21.5277 24
21.534 24
21.5403 24
21.5466 24
21.5529 24
21.5592 24
21.5655 24
21.5718 24
21.5781 24
21.5845 24
21.5908 24
21.5971 24
21.6034 24
21.6097 24
21.616 24
21.6223 24
21.6286 24
21.6349 24
21.6412 24
21.6475 24
21.6538 24
21.6601 24
21.6664 24
21.6727 24
21.679 25
21.6853 25
21.6916 25
21.6979 25
21.7042 25
21.7105 25
21.7168 25
21.7231 25
21.7294 25
21.7357 25
21.7421 25
21.7484 25
21.7547 25
21.761 25
21.7673 25
21.7736 25
21.7799 25
21.7862 25
21.7925 25
21.7988 25
21.8051 25
21.8114 25
21.8177 25
21.824 25
21.8303 25
21.8366 26
21.8429 26
21.8492 26
21.8555 26
21.8618 26
21.8681 26
21.8744 26
21.8807 26
21.887 26
21.8933 26
21.8997 26
21.906 26
21.9123 26
21.9186 26
21.9249 26
21.9312 26
21.9375 26
21.9438 26
21.9501 26
21.9564 26
21.9627 26
21.969 26
21.9753 26
21.9816 26
21.9879 26
21.9942 26
22.0005 26
22.0068 27
22.0131 27
22.0194 27
22.0257 27
22.032 27
22.0383 27
22.0447 27
22.0696 12
22.2336 12
22.2399 12
22.2462 12
22.2525 12
22.2588 12
22.2651 12
22.2714 13
22.2777 13
22.284 13
22.2903 13
22.2966 13
22.3029 13
22.3092 13
22.3155 13
22.3218 13
22.3282 13
22.3533 5
22.4543 5
22.4606 5
22.4669 6
22.4732 6
22.4795 6
22.4858 6
22.4921 6
22.4984 6
22.5047 6
22.511 7
22.5173 7
22.5236 7
22.5614 2
22.6095 2
22.6253 2
22.6316 3
22.6476 3
22.6539 3
22.6602 4
22.6698 4
22.6763 4
22.6829 4
22.6893 4
22.6959 5
22.7026 5
22.709 5
22.7156 5
22.7946 2
22.8459 2
22.8614 2
22.868 3
22.8844 3
22.8913 3
22.8981 4
22.9078 4
22.9149 4
22.9217 4
22.928 4
22.9344 5
22.9407 5
22.947 5
22.9533 5
22.9596 5
22.9659 6
22.9722 6
22.9785 6
22.9848 6
22.9911 6
22.9974 6
23.0037 7
23.01 7
23.0164 7
23.0227 7
23.029 7
23.0353 7
23.0416 7
23.0479 7
23.0542 8
23.0605 8
23.0668 8
23.0734 8
23.0797 8
23.086 8
23.0923 8
23.1173 3
23.1613 3
23.1719 3
23.1782 3
23.1845 4
23.1957 4
23.2022 4
23.2085 4
23.2148 5
23.2211 5
23.2466 2
23.2717 2
23.2866 2
23.2929 3
23.3075 3
23.3138 3
23.3201 4
23.3285 4
23.3348 4
23.3412 4
23.3475 4
23.3542 5
23.3606 5
23.367 5
23.3733 5
23.3801 5
23.3867 6
23.393 6
23.3994 6
23.4061 6
23.4127 6
23.4192 6
23.4258 7
23.4517 2
23.4896 2
23.5069 3
23.5133 3
23.5295 3
23.536 4
23.5423 4
23.5517 4
23.558 4
23.5646 4
23.5709 5
23.5772 5
23.5835 5
23.5898 5
23.5961 5
23.6025 6
23.609 6
23.6154 6
23.6218 6
23.6285 6
23.6348 6
23.6412 7
23.6475 7
23.6538 7
23.6601 7
23.6664 7
23.6728 7
23.6791 7
23.6855 7
23.6918 8
23.6981 8
23.7044 8
23.7107 8
23.717 8
23.7233 8
23.7296 8
23.7359 8
23.7422 9
23.7485 9
23.7548 9
23.7611 9
23.7674 9
23.7737 9
23.7801 9
23.7864 9
23.7927 9
23.799 9
23.8053 10
23.8116 10
23.8179 10
23.8242 10
23.8305 10
23.8368 10
23.8431 10
23.8494 10
23.8557 10
23.862 10
23.8683 11
23.8746 11
23.8809 11
23.8872 11
23.8935 11
23.8998 11
23.9061 11
23.9124 11
23.9187 11
23.925 11
23.9313 11
23.9377 11
23.944 12
23.9503 12
23.9566 12
23.9629 12
23.9692 12
23.9755 12
23.9818 12
23.9881 12
23.9944 12
24.0007 12
24.007 12
24.0133 12
24.0196 13
24.0259 13
24.0322 13
24.0385 13
24.0448 13
24.0511 13
24.0574 13
24.0637 13
24.07 13
24.0763 13
24.0826 13
24.0889 13
24.0953 13
24.1016 13
24.1079 14
24.1142 14
24.1205 14
24.1268 14
24.1331 14
24.1394 14
24.1457 14
24.152 14
24.1583 14
24.1646 14
24.1709 14
24.1772 14
24.1839 14
24.1902 14
24.1965 15
24.2028 15
24.2091 15
24.2154 15
24.2217 15
24.228 15
24.2343 15
24.2406 15
24.2469 15
24.2532 15
24.2595 15
24.2658 15
24.2722 15
24.2785 15
24.2848 15
24.2911 15
24.2974 16
24.3037 16
24.31 16
24.3163 16
24.3226 16
24.3289 16
24.3352 16
24.3415 16
24.3478 16
24.3541 16
24.3604 16
24.3667 16
24.373 16
24.3793 16
24.3856 16
24.3919 16
24.3982 17
24.4045 17
24.4108 17
24.4171 17
24.4234 17
24.4298 17
24.4361 17
24.4424 17
24.4487 17
24.455 17
24.4613 17
24.4676 17
24.4739 17
24.4802 17
24.4865 17
24.4928 17
24.4991 17
24.5054 17
24.5117 18
24.518 18
24.5243 18
24.5307 18
24.537 18
24.5433 18
24.5496 18
24.5559 18
24.5622 18
24.5685 18
24.5748 18
24.5811 18
24.5874 18
24.5937 18
24.6 18
24.6063 18
24.6126 18
24.6189 18
24.6252 18
24.6315 19
24.6378 19
24.6441 19
24.6504 19
24.6567 19
24.663 19
24.6693 19
24.6756 19
24.6819 19
24.6883 19
24.6946 19
24.7009 19
24.7259 8
24.8458 8
24.8521 8
24.8584 8
24.8647 8
24.871 9
24.8774 9
24.8837 9
24.89 9
24.8963 9
24.9026 9
24.9089 9
24.9152 9
24.9215 9
24.9278 10
24.9341 10
24.9404 10
24.9467 10
24.953 10
24.9593 10
24.9656 10
24.9719 10
24.9782 10
24.9845 10
24.9908 10
24.9971 11
