15.0026 2
15.0605 2
15.0668 3
15.0859 3
15.0922 3
15.0985 4
15.1111 4
15.1174 4
15.1239 4
15.1302 4
15.1367 5
15.1432 5
15.1497 5
15.1562 5
15.1627 5
15.1693 6
15.1757 6
15.1821 6
15.1885 6
15.1951 6
15.2014 6
15.2077 7
15.214 7
15.2203 7
15.2267 7
15.233 7
15.2395 7
15.2458 7
15.2522 7
15.2585 8
15.2648 8
15.2711 8
15.2774 8
15.2837 8
15.29 8
15.2963 8
15.3026 8
15.3089 9
15.3152 9
15.3215 9
15.3278 9
15.3341 9
15.3404 9
15.3467 9
15.353 9
15.3593 9
15.3656 9
15.3719 10
15.3782 10
15.3845 10
15.3908 10
15.3971 10
15.4034 10
15.4098 10
15.4161 10
15.4224 10
15.4287 10
15.435 11
15.4413 11
15.4476 11
15.4539 11
15.4602 11
15.4665 11
15.4728 11
15.4791 11
15.4854 11
15.4917 11
15.498 11
15.5043 11
15.5106 12
15.5169 12
15.5232 12
15.5295 12
15.5358 12
15.5421 12
15.5484 12
15.5547 12
15.561 12
15.5674 12
15.5737 12
15.5801 12
15.5864 13
15.5927 13
15.599 13
15.6053 13
15.6116 13
15.6179 13
15.6242 13
15.6305 13
15.6368 13
15.6431 13
15.6494 13
15.6557 13
15.662 13
15.6683 13
15.6746 14
15.681 14
15.6873 14
15.6936 14
15.6999 14
15.7062 14
15.7125 14
15.7188 14
15.7251 14
15.7314 14
15.7377 14
15.744 14
15.7503 14
15.7566 14
15.7629 15
15.7692 15
15.7755 15
15.7818 15
15.7883 15
15.7946 15
15.8009 15
15.8072 15
15.8135 15
15.8198 15
15.8261 15
15.8324 15
15.8387 15
15.845 15
15.8513 15
15.8576 15
15.8639 16
15.8702 16
15.8765 16
15.8828 16
15.8891 16
15.8954 16
15.9017 16
15.908 16
15.9143 16
15.9206 16
15.9269 16
15.9332 16
15.9396 16
15.9459 16
15.9522 16
15.9585 16
15.9648 17
15.9711 17
15.9774 17
15.9837 17
15.99 17
15.9963 17
16.0026 17
16.0089 17
16.0152 17
16.0216 17
16.028 17
16.0345 17
16.0408 17
16.0471 17
16.0536 17
16.0602 17
16.0977 7
16.2236 7
16.2299 7
16.2362 7
16.2425 8
16.2488 8
16.2551 8
16.2614 8
16.2677 8
16.274 8
16.2803 8
16.2866 8
16.2929 8
16.2992 9
16.3056 9
16.3119 9
16.3182 9
16.3245 9
16.3308 9
16.3371 9
16.3434 9
16.3497 9
16.356 10
16.3623 10
16.3686 10
16.3749 10
16.3812 10
16.3875 10
16.3938 10
16.4001 10
16.4064 10
16.4127 10
16.419 10
16.4253 11
16.4316 11
16.4379 11
16.4442 11
16.4505 11
16.4568 11
16.4632 11
16.4695 11
16.4758 11
16.4821 11
16.4884 11
16.4947 12
16.501 12
16.5073 12
16.5136 12
16.5199 12
16.5262 12
16.5325 12
16.5388 12
16.5451 12
16.5514 12
16.5577 12
16.564 12
16.5703 12
16.5766 13
16.6021 5
16.7059 5
16.7122 5
16.7185 6
16.7248 6
16.7311 6
16.7374 6
16.7437 6
16.75 6
16.7564 6
16.7627 7
16.769 7
16.7753 7
16.7816 7
16.7879 7
16.7942 7
16.8005 7
16.8068 8
16.8131 8
16.8194 8
16.8257 8
16.832 8
16.8383 8
16.8446 8
16.8509 8
16.8572 8
16.8635 9
16.8698 9
16.8761 9
16.8824 9
16.8887 9
16.895 9
16.9013 9
16.9076 9
16.9139 9
16.9203 10
16.9266 10
16.9517 4
17.0622 4
17.0685 4
17.0763 4
17.0828 4
17.0893 5
17.0956 5
17.1033 5
17.1097 5
17.1162 5
17.1225 6
17.1289 6
17.1354 6
17.142 6
17.1483 6
17.1548 6
17.1613 6
17.1676 7
17.1739 7
17.1802 7
17.1865 7
17.1928 7
17.1991 7
17.2054 7
17.2117 8
17.218 8
17.2243 8
17.2306 8
17.2369 8
17.2432 8
17.2495 8
17.2558 8
17.2621 8
17.2684 9
17.2747 9
17.281 9
17.2873 9
17.2936 9
17.2999 9
17.3063 9
17.3126 9
17.3189 9
17.3252 10
17.3315 10
17.3378 10
17.3441 10
17.3504 10
17.3567 10
17.363 10
17.3693 10
17.3756 10
17.3819 10
17.3882 10
17.3945 11
17.4008 11
17.4071 11
17.4134 11
17.4197 11
17.426 11
17.4323 11
17.4386 11
17.4449 11
17.4512 11
17.4575 11
17.4639 12
17.4702 12
17.4765 12
17.4828 12
17.4891 12
17.4954 12
17.5017 12
17.508 12
17.5143 12
17.5206 12
17.5269 12
17.5332 12
17.5395 12
17.5458 13
17.5521 13
17.5584 13
17.5647 13
17.571 13
17.5773 13
17.5836 13
17.5899 13
17.5962 13
17.6025 13
17.6088 13
17.6151 13
17.6215 13
17.6278 14
17.6341 14
17.6404 14
17.6467 14
17.653 14
17.6593 14
17.6656 14
17.6719 14
17.6782 14
17.6845 14
17.6908 14
17.6971 14
17.7034 14
17.7097 14
17.716 14
17.7223 15
17.7286 15
17.7349 15
17.7412 15
17.7475 15
17.7538 15
17.7601 15
17.7664 15
17.7727 15
17.7791 15
17.7854 15
17.7917 15
17.798 15
17.8043 15
17.8106 15
17.8169 16
17.8232 16
17.8295 16
17.8358 16
17.8421 16
17.8484 16
17.8547 16
17.861 16
17.8673 16
17.8736 16
17.8799 16
17.8862 16
17.8925 16
17.8988 16
17.9051 16
17.9114 16
17.9177 16
17.924 17
17.9303 17
17.9367 17
17.943 17
17.9493 17
17.9806 7
18.0816 7
18.0879 7
18.0942 7
18.1005 7
18.1068 7
18.1131 7
18.1194 7
18.1257 8
18.132 8
18.1383 8
18.1446 8
18.1509 8
18.1572 8
18.1635 8
18.1698 8
18.1761 9
18.1824 9
18.1888 9
18.1951 9
18.2014 9
18.2077 9
18.214 9
18.2203 9
18.2266 9
18.2329 9
18.2392 10
18.2455 10
18.2518 10
18.2581 10
18.2644 10
18.2707 10
18.277 10
18.2833 10
18.2896 10
18.2959 10
18.3022 11
18.3085 11
18.3148 11
18.3211 11
18.3274 11
18.3337 11
18.34 11
18.3464 11
18.3527 11
18.359 11
18.3653 11
18.3716 11
18.3779 12
18.3842 12
18.3905 12
18.3968 12
18.4031 12
18.4094 12
18.4157 12
18.422 12
18.4283 12
18.4346 12
18.4409 12
18.4472 12
18.4535 13
18.4598 13
18.4661 13
18.4724 13
18.4787 13
18.485 13
18.4913 13
18.4976 13
18.504 13
18.5103 13
18.5166 13
18.5229 13
18.5292 13
18.5355 13
18.5418 14
18.5481 14
18.5731 6
18.7059 6
18.7248 2
18.7974 2
18.8754 3
18.8817 3
18.9003 3
18.9066 4
18.9129 4
18.9252 4
18.9316 4
18.9379 4
18.9442 5
18.9505 5
18.9568 5
18.9631 5
18.9695 5
18.9758 6
18.9823 6
18.9886 6
18.9953 6
19.0016 6
19.0079 6
19.0143 7
19.0209 7
19.0272 7
19.0335 7
19.0401 7
19.0467 7
19.053 7
19.0593 7
19.066 8
19.0725 8
19.0788 8
19.0853 8
19.0918 8
19.0981 8
19.1044 8
19.1107 8
19.117 9
19.1234 9
19.1301 9
19.1364 9
19.1427 9
19.149 9
19.1553 9
19.1616 9
19.1679 9
19.1742 9
19.1805 10
19.1868 10
19.1931 10
19.1994 10
19.2057 10
19.212 10
19.2184 10
19.2247 10
19.231 10
19.2373 10
19.2436 11
19.2499 11
19.2562 11
19.2625 11
19.2688 11
19.2751 11
19.2814 11
19.2877 11
19.294 11
19.3003 11
19.3066 11
19.3129 11
19.3192 12
19.3255 12
19.3318 12
19.3381 12
19.3444 12
19.3507 12
19.357 12
19.3633 12
19.3696 12
19.376 12
19.3823 12
19.3886 12
19.3949 13
19.4012 13
19.4075 13
19.4138 13
19.4201 13
19.4264 13
19.4327 13
19.439 13
19.4453 13
19.4516 13
19.4579 13
19.4642 13
19.4705 13
19.4768 13
19.4831 14
19.4894 14
19.4957 14
19.502 14
19.5083 14
19.5146 14
19.5209 14
19.5272 14
19.5336 14
19.5399 14
19.5462 14
19.5525 14
19.5588 14
19.5651 14
19.5714 15
19.5777 15
19.584 15
19.5903 15
19.5966 15
19.6029 15
19.6092 15
19.6155 15
19.6218 15
19.6281 15
19.6344 15
19.6407 15
19.647 15
19.6533 15
19.6596 15
19.6659 15
19.6722 16
19.6785 16
19.6848 16
19.6912 16
19.6975 16
19.7038 16
19.7101 16
19.7164 16
19.7227 16
19.729 16
19.7353 16
19.7416 16
19.7479 16
19.7542 16
19.7605 16
19.7668 16
19.7731 17
19.7794 17
19.7857 17
19.792 17
19.7983 17
19.8046 17
19.8109 17
19.8172 17
19.8235 17
19.8298 17
19.8361 17
19.8424 17
19.8488 17
19.8551 17
19.8614 17
19.8677 17
19.874 17
19.8803 17
19.8866 18
19.8929 18
19.8992 18
19.9055 18
19.9118 18
19.9181 18
19.9244 18
19.9307 18
19.937 18
19.9433 18
19.9496 18
19.9559 18
19.9622 18
19.9685 18
19.9748 18
19.9811 18
19.9874 18
19.9937 18
20 18
20.0064 19
20.0127 19
20.019 19
20.0253 19
20.0316 19
20.0379 19
20.0442 19
20.0505 19
20.0568 19
20.0631 19
20.0694 19
20.0757 19
20.082 19
20.0883 19
20.0946 19
20.1009 19
20.1072 19
20.1135 19
20.1198 19
20.1261 20
20.1324 20
20.1387 20
20.145 20
20.1513 20
20.1576 20
20.164 20
20.1703 20
20.1766 20
20.1829 20
20.1892 20
20.1955 20
20.2018 20
20.2081 20
20.2144 20
20.2207 20
20.227 20
20.2333 20
20.2396 20
20.2459 20
20.2522 20
20.2585 21
20.2648 21
20.2711 21
20.2774 21
20.2837 21
20.29 21
20.2963 21
20.3026 21
20.3089 21
20.3152 21
20.3216 21
20.3279 21
20.3342 21
20.3405 21
20.3468 21
20.3531 21
20.3594 21
20.3657 21
20.372 21
20.3783 21
20.3846 21
20.3909 22
20.3972 22
20.4035 22
20.4098 22
20.4161 22
20.4224 22
20.4287 22
20.435 22
20.4413 22
20.4476 22
20.4539 22
20.4602 22
20.4665 22
20.4728 22
20.4792 22
20.4855 22
20.4918 22
20.4981 22
20.5044 22
20.5107 22
20.517 22
20.5233 22
20.5296 22
20.5359 23
20.5422 23
20.5485 23
20.5548 23
20.5611 23
20.5674 23
20.5737 23
20.58 23
20.5863 23
20.5926 23
20.5989 23
20.6052 23
20.6115 23
20.6178 23
20.6241 23
20.6304 23
20.6368 23
20.6431 23
20.6494 23
20.6557 23
20.662 23
20.6683 23
20.6746 23
20.6809 23
20.6872 24
20.6935 24
20.6998 24
20.7061 24
20.7124 24
20.7187 24
20.725 24
20.7313 24
20.7376 24
20.7439 24
20.7502 24
20.7565 24
20.7628 24
20.7691 24
20.7754 24
20.7817 24
20.788 24
20.7944 24
20.8007 24
20.807 24
20.8133 24
20.8196 24
20.8259 24
20.8322 24
20.8385 25
20.8448 25
20.8511 25
20.8574 25
20.8637 25
20.87 25
20.8764 25
20.8827 25
20.889 25
20.8953 25
20.9017 25
20.908 25
20.9143 25
20.9206 25
20.9269 25
20.9332 25
20.9395 25
20.9458 25
20.9521 25
20.9585 25
20.9648 25
20.9711 25
20.9774 25
20.9837 25
20.99 25
20.9963 25
21.0026 26
21.0089 26
21.0152 26
21.0215 26
21.0278 26
21.0341 26
21.0404 26
21.0467 26
21.053 26
21.0593 26
21.0656 26
21.0719 26
21.0782 26
21.0845 26
21.0908 26
21.0971 26
21.1034 26
21.1097 26
21.1161 26
21.1224 26
21.1287 26
21.135 26
21.1413 26
21.1476 26
21.1539 26
21.1602 26
21.1665 26
21.1728 27
21.1791 27
21.1854 27
21.1917 27
21.198 27
21.2043 27
21.2106 27
21.2169 27
21.2232 27
21.2295 27
21.2358 27
21.2421 27
21.2484 27
21.2547 27
21.2924 11
21.4565 11
21.4628 11
21.4691 11
21.4754 11
21.4817 11
21.488 12
21.4943 12
21.5006 12
21.507 12
21.5133 12
21.5196 12
21.5259 12
21.5322 12
21.5385 12
21.5448 12
21.5511 12
21.5574 12
21.5637 12
21.57 13
21.5763 13
21.5826 13
21.5889 13
21.5952 13
21.6015 13
21.6078 13
21.6141 13
21.6204 13
21.6267 13
21.633 13
21.6393 13
21.6456 13
21.6519 14
21.6582 14
21.6646 14
21.6709 14
21.6772 14
21.6835 14
21.6898 14
21.6961 14
21.7024 14
21.7087 14
21.715 14
21.7213 14
21.7276 14
21.7339 14
21.7402 14
21.7465 15
21.7528 15
21.7591 15
21.7654 15
21.7717 15
21.778 15
21.7843 15
21.7906 15
21.7969 15
21.8032 15
21.8095 15
21.8158 15
21.8222 15
21.8285 15
21.8348 15
21.8411 16
21.8474 16
21.8537 16
21.86 16
21.8663 16
21.8726 16
21.8789 16
21.8852 16
21.8915 16
21.8978 16
21.9041 16
21.9104 16
21.9167 16
21.923 16
21.9293 16
21.9356 16
21.9419 16
21.9482 17
21.9545 17
21.9608 17
21.9671 17
21.9734 17
21.9798 17
21.9861 17
21.9924 17
21.9987 17
22.005 17
22.0364 7
22.1372 7
22.1435 7
22.1498 7
22.1561 7
22.1624 7
22.1688 7
22.1751 7
22.1814 8
22.1877 8
22.194 8
22.2003 8
22.2066 8
22.2129 8
22.2192 8
22.2255 8
22.2318 9
22.2381 9
22.2444 9
22.2507 9
22.257 9
22.2633 9
22.2696 9
22.2759 9
22.2822 9
22.2885 9
22.2948 10
22.3011 10
22.3074 10
22.3137 10
22.32 10
22.3264 10
22.3327 10
22.339 10
22.3453 10
22.3517 10
22.358 11
22.3643 11
22.3706 11
22.3769 11
22.3832 11
22.4082 4
22.4711 4
22.4799 4
22.4864 5
22.4928 5
22.4991 5
22.5078 5
22.54 2
22.5887 2
22.5951 2
22.6144 3
22.621 3
22.64 3
22.6463 4
22.6526 4
22.666 4
22.6724 4
22.679 4
22.6855 5
22.6927 5
22.6994 5
22.7063 5
23.7063 1
23.7331 2
23.7606 3
23.7672 3
23.7882 3
23.8009 3
23.8153 4
23.822 4
23.8283 4
23.843 4
23.8495 5
23.8558 5
23.8621 5
23.8701 5
23.8765 5
23.883 5
23.8893 6
23.8956 6
23.9019 6
23.9082 6
23.9145 6
23.9208 6
23.9271 7
23.9334 7
23.9397 7
23.946 7
23.9523 7
23.9586 7
23.9649 7
23.9712 7
23.9775 8
23.9838 8
23.9901 8
23.9964 8
24.0027 8
24.0091 8
24.0154 8
24.0217 8
24.028 9
24.0343 9
24.0406 9
24.0469 9
24.0532 9
24.0595 9
24.0658 9
24.0721 9
24.0784 9
24.0847 9
24.091 10
24.0973 10
24.1036 10
24.1099 10
24.1162 10
24.1225 10
24.1288 10
24.1351 10
24.1414 10
24.1477 10
24.154 11
24.1603 11
24.1667 11
24.173 11
24.1794 11
24.186 11
24.1923 11
24.1986 11
24.2049 11
24.2112 11
24.2175 11
24.2238 12
24.2301 12
24.2364 12
24.2428 12
24.2491 12
24.2554 12
24.2617 12
24.268 12
24.2743 12
24.2806 12
24.2869 12
24.2932 12
24.2995 12
24.3058 13
24.3121 13
24.3184 13
24.3247 13
24.331 13
24.3373 13
24.3436 13
24.3499 13
24.3562 13
24.3625 13
24.3688 13
24.3751 13
24.3814 13
24.3877 13
24.394 14
24.4004 14
24.4067 14
24.413 14
24.4193 14
24.4256 14
24.4319 14
24.4382 14
24.4445 14
24.4508 14
24.4571 14
24.4634 14
24.4697 14
24.476 14
24.4823 15
24.4886 15
24.4949 15
24.5012 15
24.5075 15
24.5138 15
24.5201 15
24.5264 15
24.5327 15
24.539 15
24.5453 15
24.5516 15
24.558 15
24.5643 15
24.5706 15
24.5769 15
24.5832 16
24.5895 16
24.5958 16
24.6021 16
24.6084 16
24.6147 16
24.621 16
24.6273 16
24.6336 16
24.6399 16
24.6462 16
24.6525 16
24.6588 16
24.6651 16
24.6714 16
24.6777 16
24.684 17
24.6903 17
24.6966 17
24.7029 17
24.7092 17
24.7156 17
24.7219 17
24.7282 17
24.7345 17
24.7408 17
24.7471 17
24.7534 17
24.7597 17
24.766 17
24.7723 17
24.7786 17
24.7849 17
24.7912 17
24.7975 18
24.8038 18
24.8101 18
24.8164 18
24.8227 18
24.829 18
24.8353 18
24.8416 18
24.8479 18
24.8542 18
24.8605 18
24.8668 18
24.8732 18
24.8795 18
24.8858 18
24.8921 18
24.8984 18
24.9047 18
24.911 19
24.9173 19
24.9236 19
24.9299 19
24.9362 19
24.9425 19
24.9488 19
24.9551 19
24.9614 19
24.9677 19
24.974 19
24.9803 19
24.9866 19
24.9929 19
24.9992 19
