15.447 1
15.4908 2
15.513 2
15.5196 2
15.5362 3
15.5429 3
15.5598 3
15.5664 4
15.5728 4
15.5828 4
15.5895 4
15.5958 4
15.6021 5
15.6084 5
15.6148 5
15.6211 5
15.6274 5
15.6337 6
15.64 6
15.6463 6
15.6526 6
15.6589 6
15.6652 6
15.6715 7
15.6778 7
15.6841 7
15.6904 7
15.6967 7
15.703 7
15.7094 7
15.7157 7
15.722 8
15.7283 8
15.7346 8
15.7409 8
15.7472 8
15.7535 8
15.7598 8
15.7661 8
15.7724 9
15.7787 9
15.7851 9
15.7914 9
15.7977 9
15.804 9
15.8104 9
15.8167 9
15.823 9
15.8293 9
15.8356 10
15.8419 10
15.8482 10
15.8545 10
15.8608 10
15.8671 10
15.8734 10
15.8797 10
15.886 10
15.8923 10
15.8986 11
15.9049 11
15.9112 11
15.9175 11
15.9238 11
15.9301 11
15.9364 11
15.9427 11
15.949 11
15.9553 11
15.9616 11
15.968 11
15.9743 12
15.9806 12
15.9869 12
15.9932 12
15.9995 12
16.0058 12
16.0121 12
16.0185 12
16.0249 12
16.0313 12
16.0377 12
16.044 12
16.0505 13
16.057 13
16.0946 5
16.1767 5
16.183 5
16.1893 6
16.1956 6
16.2019 6
16.2082 6
16.2145 6
16.2208 6
16.2271 6
16.2334 7
16.2397 7
16.2461 7
16.2524 7
16.2587 7
16.265 7
16.2713 7
16.2776 8
16.2839 8
16.2902 8
16.2965 8
16.3028 8
16.3091 8
16.3154 8
16.3217 8
16.328 8
16.3343 9
16.3406 9
16.3469 9
16.3532 9
16.3595 9
16.3658 9
16.3721 9
16.3784 9
16.3847 9
16.391 10
16.3973 10
16.4037 10
16.41 10
16.4163 10
16.4226 10
16.4289 10
16.4352 10
16.4415 10
16.4478 10
16.4541 10
16.4604 11
16.4667 11
16.473 11
16.4793 11
16.4856 11
16.4919 11
16.4982 11
16.5045 11
16.5108 11
16.5171 11
16.5234 11
16.5297 12
16.536 12
16.5423 12
16.5486 12
16.5549 12
16.5613 12
16.5676 12
16.5739 12
16.599 5
17.6685 1
17.7155 2
17.7392 3
17.7456 3
17.7631 3
17.7694 3
17.7757 4
17.8172 2
17.8527 2
17.8641 2
17.8757 3
17.8871 3
17.8987 3
17.905 4
17.9113 4
17.9216 4
17.9284 4
17.9349 4
17.9413 5
17.9476 5
17.954 5
17.9603 5
17.9666 5
17.9729 6
17.9792 6
17.9855 6
17.9918 6
17.9982 6
18.0045 6
18.0108 7
18.0171 7
18.0234 7
18.0297 7
18.036 7
18.0423 7
18.0486 7
18.0549 7
18.0612 8
18.0675 8
18.0738 8
18.0801 8
18.0864 8
18.0927 8
18.099 8
18.1053 8
18.1116 9
18.1179 9
18.1242 9
18.1305 9
18.1368 9
18.1431 9
18.1494 9
18.1558 9
18.1621 9
18.1684 9
18.1747 10
18.181 10
18.1873 10
18.1936 10
18.1999 10
18.2062 10
18.2125 10
18.2188 10
18.2251 10
18.2314 10
18.2377 11
18.244 11
18.2503 11
18.2566 11
18.2629 11
18.2692 11
18.2755 11
18.2818 11
18.2881 11
18.2944 11
18.3007 11
18.307 11
18.3134 12
18.3197 12
18.326 12
18.3323 12
18.3386 12
18.3449 12
18.3512 12
18.3575 12
18.3638 12
18.3701 12
18.3764 12
18.3827 12
18.389 13
18.3953 13
18.4016 13
18.4079 13
18.4142 13
18.4205 13
18.4268 13
18.4331 13
18.4394 13
18.4457 13
18.452 13
18.4583 13
18.4646 13
18.471 13
18.4773 14
18.4836 14
18.4899 14
18.4962 14
18.5025 14
18.5088 14
18.5151 14
18.5214 14
18.5277 14
18.534 14
18.5403 14
18.5466 14
18.5529 14
18.5592 14
18.5655 15
18.5718 15
18.5781 15
18.5844 15
18.5907 15
18.597 15
18.6033 15
18.6096 15
18.6159 15
18.6222 15
18.6286 15
18.6349 15
18.6412 15
18.6475 15
18.6538 15
18.6601 15
18.6664 16
18.6727 16
18.679 16
18.6853 16
18.6916 16
18.6979 16
18.7042 16
18.7105 16
18.7168 16
18.7231 16
18.7294 16
18.7357 16
18.742 16
18.7483 16
18.7546 16
18.7609 16
18.7672 17
18.7735 17
18.7798 17
18.7862 17
18.7925 17
18.7988 17
18.8051 17
18.8114 17
18.8177 17
18.824 17
18.8303 17
18.8366 17
18.8429 17
18.8492 17
18.8555 17
18.8618 17
18.8681 17
18.8744 17
18.8807 18
18.887 18
18.8933 18
18.8996 18
18.9059 18
18.9122 18
18.9185 18
18.9248 18
18.9311 18
18.9374 18
18.9438 18
18.9501 18
18.9564 18
18.9627 18
18.969 18
18.9753 18
18.9816 18
18.9879 18
18.9942 18
19.0005 19
19.0068 19
19.0131 19
19.0194 19
19.0257 19
19.032 19
19.0383 19
19.0446 19
19.0509 19
19.0572 19
19.0635 19
19.0698 19
19.0761 19
19.0824 19
19.0887 19
19.095 19
19.1014 19
19.1077 19
19.114 19
19.1203 20
19.1267 20
19.133 20
19.1393 20
19.1456 20
19.1519 20
19.1582 20
19.1645 20
19.1709 20
19.1772 20
19.1835 20
19.1898 20
19.1961 20
19.2024 20
19.2087 20
19.215 20
19.2213 20
19.2276 20
19.2339 20
19.2402 20
19.2465 20
19.2528 21
19.2591 21
19.2654 21
19.2717 21
19.278 21
19.2843 21
19.2906 21
19.2969 21
19.3032 21
19.3095 21
19.3158 21
19.3221 21
19.3285 21
19.3348 21
19.3411 21
19.3474 21
19.3537 21
19.36 21
19.3663 21
19.3726 21
19.3789 21
19.3852 22
19.3915 22
19.3978 22
19.4041 22
19.4104 22
19.4167 22
19.423 22
19.4293 22
19.4356 22
19.4419 22
19.4482 22
19.4545 22
19.4608 22
19.4671 22
19.4734 22
19.4797 22
19.4861 22
19.4924 22
19.4987 22
19.505 22
19.5113 22
19.5176 22
19.5239 22
19.5302 23
19.5365 23
19.5428 23
19.5491 23
19.5554 23
19.5617 23
19.568 23
19.5743 23
19.5806 23
19.5869 23
19.5932 23
19.5995 23
19.6058 23
19.6121 23
19.6184 23
19.6247 23
19.631 23
19.6373 23
19.6437 23
19.65 23
19.6563 23
19.6626 23
19.6689 23
19.6752 23
19.6815 24
19.6878 24
19.6941 24
19.7004 24
19.7067 24
19.713 24
19.7193 24
19.7256 24
19.7319 24
19.7382 24
19.7445 24
19.7508 24
19.7571 24
19.7634 24
19.7697 24
19.776 24
19.7823 24
19.7886 24
19.7949 24
19.8013 24
19.8076 24
19.8139 24
19.8202 24
19.8265 24
19.8328 25
19.8391 25
19.8454 25
19.8517 25
19.858 25
19.8643 25
19.8706 25
19.8769 25
19.8832 25
19.8895 25
19.8958 25
19.9021 25
19.9084 25
19.9147 25
19.921 25
19.9273 25
19.9336 25
19.9399 25
19.9462 25
19.9525 25
19.9589 25
19.9652 25
19.9715 25
19.9778 25
19.9841 25
19.9904 25
19.9967 26
20.003 26
20.0093 26
20.0156 26
20.0219 26
20.0282 26
20.0345 26
20.0408 26
20.0471 26
20.0534 26
20.0597 26
20.066 26
20.0723 26
20.0786 26
20.0849 26
20.0912 26
20.0975 26
20.1038 26
20.1101 26
20.1165 26
20.1228 26
20.1291 26
20.1354 26
20.1417 26
20.148 26
20.1543 26
20.1606 26
20.1669 27
20.1732 27
20.1795 27
20.1858 27
20.1921 27
20.1984 27
20.2047 27
20.211 27
20.2173 27
20.2236 27
20.2299 27
20.2362 27
20.2425 27
20.2488 27
20.2551 27
20.2614 27
20.2677 27
20.2741 27
20.2804 27
20.2867 27
20.293 27
20.2993 27
20.3056 27
20.3119 27
20.3182 27
20.3245 27
20.3308 27
20.3371 27
20.3434 28
20.3497 28
20.356 28
20.3623 28
20.3686 28
20.3749 28
20.3812 28
20.3875 28
20.3938 28
20.4001 28
20.4064 28
20.4127 28
20.419 28
20.4253 28
20.4317 28
20.438 28
20.4443 28
20.4506 28
20.4569 28
20.4632 28
20.4695 28
20.4758 28
20.4821 28
20.4884 28
20.4947 28
20.501 28
20.5073 28
20.5136 28
20.5199 29
20.5262 29
20.5325 29
20.5388 29
20.5451 29
20.5514 29
20.5577 29
20.564 29
20.5703 29
20.5766 29
20.5829 29
20.5893 29
20.5956 29
20.6019 29
20.6082 29
20.6145 29
20.6208 29
20.6271 29
20.6334 29
20.6397 29
20.646 29
20.6523 29
20.6586 29
20.6649 29
20.6712 29
20.6775 29
20.6838 29
20.6901 29
20.6964 29
20.7027 29
20.709 30
20.7153 30
20.7216 30
20.7279 30
20.7342 30
20.7405 30
20.7469 30
20.7532 30
20.7595 30
20.7658 30
20.7721 30
20.7784 30
20.7847 30
20.791 30
20.7973 30
20.8036 30
20.8099 30
20.8162 30
20.8225 30
20.8288 30
20.8351 30
20.8414 30
20.8477 30
20.854 30
20.8603 30
20.8666 30
20.8729 30
20.8792 30
20.8855 30
20.8918 30
20.8981 30
20.9045 31
20.9108 31
20.9171 31
20.9234 31
20.9297 31
20.936 31
20.9423 31
20.9486 31
20.9549 31
20.9612 31
20.9675 31
20.9738 31
20.9801 31
20.9864 31
20.9927 31
20.999 31
21.0053 31
21.0116 31
21.0179 31
21.0242 31
21.0305 31
21.0368 31
21.0431 31
21.0494 31
21.0557 31
21.0621 31
21.0684 31
21.0747 31
21.081 31
21.0873 31
21.0936 31
21.0999 31
21.1062 32
21.1125 32
21.1188 32
21.1251 32
21.1314 32
21.1377 32
21.144 32
21.1503 32
21.1566 32
21.1629 32
21.1692 32
21.1755 32
21.1818 32
21.1881 32
21.1944 32
21.2007 32
21.207 32
21.2133 32
21.2197 32
21.226 32
21.2323 32
21.2386 32
21.2449 32
21.2512 32
21.2575 32
21.2638 32
21.2701 32
21.2764 32
21.2827 32
21.289 32
21.2953 32
21.3016 32
21.3079 32
21.3142 33
21.3205 33
21.3268 33
21.3331 33
21.3394 33
21.3457 33
21.352 33
21.3583 33
21.3646 33
21.3709 33
21.3773 33
21.3836 33
21.3899 33
21.3962 33
21.4025 33
21.4088 33
21.4151 33
21.4214 33
21.4277 33
21.434 33
21.4403 33
21.4466 33
21.4529 33
21.4592 33
21.4655 33
21.4718 33
21.4781 33
21.4844 33
21.4907 33
21.497 33
21.5033 33
21.5096 33
21.5159 33
21.5222 34
21.5285 34
21.5349 34
21.5412 34
21.5475 34
21.5538 34
21.5601 34
21.5664 34
21.5727 34
21.579 34
21.5853 34
21.5916 34
21.5979 34
21.6042 34
21.6105 34
21.6168 34
21.6231 34
21.6294 34
21.6357 34
21.642 34
21.6483 34
21.6546 34
21.6609 34
21.6672 34
21.6735 34
21.6798 34
21.6861 34
21.6925 34
21.6988 34
21.7051 34
21.7114 34
21.7177 34
21.724 34
21.7303 34
21.7366 34
21.7429 35
21.7492 35
21.7555 35
21.7618 35
21.7681 35
21.7744 35
21.7807 35
21.787 35
21.7933 35
21.7996 35
21.8059 35
21.8122 35
21.8185 35
21.8248 35
21.8311 35
21.8374 35
21.8437 35
21.8501 35
21.8564 35
21.8627 35
21.869 35
21.8753 35
21.8816 35
21.8879 35
21.8942 35
21.9005 35
21.9068 35
21.9131 35
21.9194 35
21.9257 35
21.932 35
21.9383 35
21.9446 35
21.9509 35
21.9572 35
21.9635 35
21.9698 36
21.9761 36
21.9824 36
21.9887 36
21.995 36
22.0013 36
22.0077 36
22.0456 17
22.2723 17
22.2786 17
22.2849 17
22.2912 17
22.2975 17
22.3038 17
22.3101 17
22.3164 17
22.3228 17
22.3292 17
22.3355 17
22.3419 17
22.3482 17
22.3545 17
22.3608 17
22.3671 17
22.3734 17
22.3797 18
22.386 18
22.3923 18
22.3986 18
22.4049 18
22.4112 18
22.4175 18
22.4238 18
22.4301 18
22.4364 18
22.4427 18
22.449 18
22.4553 18
22.4616 18
22.4679 18
22.4742 18
22.4805 18
22.4868 18
22.4931 18
22.4995 19
22.5058 19
22.5122 19
22.5185 19
22.5248 19
22.5311 19
22.5624 8
22.6759 8
22.6822 8
22.6885 8
22.6948 8
22.7011 8
22.7074 8
22.7137 8
22.72 8
22.7263 9
22.7326 9
22.7389 9
22.7452 9
22.7515 9
22.7578 9
22.7641 9
22.7704 9
22.7767 9
22.783 10
22.7893 10
22.7956 10
22.8019 10
22.8082 10
22.8145 10
22.8208 10
22.8271 10
22.8335 10
22.8398 10
22.8461 10
22.8524 11
22.8587 11
22.865 11
22.8713 11
22.8776 11
22.8839 11
22.8902 11
22.8965 11
22.9028 11
22.9091 11
22.9154 11
22.9217 12
22.928 12
22.9343 12
22.9406 12
22.9469 12
22.9532 12
22.9595 12
22.9658 12
22.9721 12
22.9784 12
22.9847 12
22.9911 12
22.9974 12
23.0037 13
23.01 13
23.0163 13
23.0226 13
23.0289 13
23.0352 13
23.0415 13
23.0478 13
23.0541 13
23.0604 13
23.0667 13
23.073 13
23.0793 13
23.0856 14
23.0919 14
23.0982 14
23.1045 14
23.1108 14
23.1171 14
23.1234 14
23.1297 14
23.136 14
23.1423 14
23.1487 14
23.155 14
23.1613 14
23.1676 14
23.1739 14
23.1802 15
23.1865 15
23.1928 15
23.2183 6
23.3125 6
23.3188 6
23.3251 6
23.3314 7
23.3377 7
23.344 7
23.3503 7
23.3566 7
23.3629 7
23.3692 7
23.3755 8
23.3818 8
23.3881 8
23.3944 8
23.4007 8
23.407 8
23.4133 8
23.4196 8
23.4259 8
23.4322 9
23.4578 3
23.5083 3
23.5193 4
23.5256 4
23.5319 4
23.5418 4
23.5481 4
23.5544 5
23.5607 5
23.567 5
23.5733 5
23.5796 5
23.5859 6
23.5922 6
23.5985 6
23.6048 6
23.6112 6
23.6178 6
23.6245 6
23.631 7
23.6373 7
23.6436 7
23.6502 7
23.6565 7
23.6628 7
23.6691 7
23.6754 8
23.6817 8
23.688 8
23.6943 8
23.7006 8
23.7069 8
23.7132 8
23.7195 8
23.7258 9
23.7321 9
23.7384 9
23.7447 9
23.751 9
23.7574 9
23.7637 9
23.77 9
23.7763 9
23.7826 9
23.7889 10
23.7952 10
23.8015 10
23.8078 10
23.8141 10
23.8204 10
23.8267 10
23.833 10
23.8393 10
23.8456 10
23.8519 11
23.8582 11
23.8645 11
23.8708 11
23.8771 11
23.8834 11
23.8898 11
23.8961 11
23.9024 11
23.9087 11
23.915 11
23.9213 11
23.9276 12
23.9339 12
23.9402 12
23.9465 12
23.9528 12
23.9591 12
23.9654 12
23.9717 12
23.978 12
23.9845 12
23.9908 12
23.9971 12
24.0034 13
24.0097 13
24.0162 13
24.0225 13
24.0288 13
24.0351 13
24.0414 13
24.0477 13
24.054 13
24.0603 13
24.0666 13
24.0729 13
24.0792 13
24.0855 13
24.0918 14
24.0981 14
24.1044 14
24.1107 14
24.117 14
24.1233 14
24.1296 14
24.1359 14
24.1422 14
24.1485 14
24.1548 14
24.1612 14
24.1675 14
24.1738 14
24.1801 15
24.1864 15
24.1927 15
24.199 15
24.2053 15
24.2116 15
24.2179 15
24.2242 15
24.2305 15
24.2368 15
24.2431 15
24.2494 15
24.2557 15
24.262 15
24.2683 15
24.2746 15
24.2809 16
24.2872 16
24.2935 16
24.2998 16
24.3061 16
24.3124 16
24.3188 16
24.3251 16
24.3314 16
24.3377 16
24.344 16
24.3503 16
24.3566 16
24.3629 16
24.3692 16
24.3755 16
24.3818 16
24.3881 17
24.3944 17
24.4007 17
24.407 17
24.4133 17
24.4196 17
24.4259 17
24.4322 17
24.4385 17
24.4448 17
24.4511 17
24.4574 17
24.4637 17
24.47 17
24.4764 17
24.4827 17
24.489 17
24.4953 18
24.5016 18
24.5079 18
24.5142 18
24.5205 18
24.5268 18
24.5331 18
24.5394 18
24.5457 18
24.552 18
24.5583 18
24.5646 18
24.5709 18
24.5772 18
24.5835 18
24.5898 18
24.5961 18
24.6024 18
24.6087 18
24.615 19
24.6213 19
24.6276 19
24.634 19
24.6403 19
24.6466 19
24.6529 19
24.6592 19
24.6655 19
24.6718 19
24.6781 19
24.6844 19
24.6907 19
24.697 19
24.7033 19
24.7096 19
24.7159 19
24.7222 19
24.7285 19
24.7348 20
24.7411 20
24.7474 20
24.7538 20
24.7601 20
24.7664 20
24.7727 20
24.779 20
24.7853 20
24.7916 20
24.7979 20
24.8042 20
24.8105 20
24.8168 20
24.8231 20
24.8294 20
24.8358 20
24.8421 20
24.8484 20
24.8547 20
24.861 20
24.8673 21
24.8736 21
24.8799 21
24.8862 21
24.8925 21
24.8988 21
24.9051 21
24.9114 21
24.9177 21
24.924 21
24.9303 21
24.9366 21
24.9429 21
24.9492 21
24.9555 21
24.9618 21
24.9681 21
24.9744 21
24.9807 21
24.987 21
24.9934 21
24.9997 21
