15.086 32
15.0986 33
15.1806 34
15.2815 35
15.4648 36
15.5725 37
15.6923 38
15.8246 39
15.9696 40
16.1083 41
16.3353 42
16.4992 43
16.7702 44
17.0476 45
17.4972 31
17.7745 32
17.7871 33
17.869 34
17.9573 35
18.1149 36
18.2662 37
18.3797 38
18.4235 26
18.7499 27
18.876 28
19.0525 29
19.2353 30
19.437 31
19.7929 32
20.1447 22
20.3404 23
20.3719 24
20.4853 25
20.5988 26
20.7312 27
20.8762 28
21.0401 29
21.1316 20
21.3081 21
21.4405 22
21.6863 23
22.0393 24
23.4964 16
23.6483 17
23.6987 18
23.8311 19
23.9761 20
24.14 21
24.3354 22
24.5876 23
24.9406 24
