10.3316 15
10.5768 16
10.7779 17
10.9431 18
11.0813 19
11.2143 20
11.3309 21
11.4412 22
11.5457 23
11.6344 24
11.7318 25
11.8103 26
11.8897 27
11.971 28
12.0351 29
12.1058 30
12.172 31
12.2383 32
12.2992 33
12.3624 34
12.4215 35
12.4751 36
12.5339 25
12.6709 26
12.6927 27
12.7963 28
12.9041 29
13.0326 30
13.148 31
13.2984 32
13.4605 33
13.666 23
13.7712 24
13.8628 25
14.0595 26
14.3227 27
14.6587 28
17.3816 29
17.7261 30
17.9746 31
18.1707 32
18.3366 33
18.4824 34
18.6121 35
18.732 36
18.8059 25
18.8861 26
18.9103 27
19.0095 28
19.1142 29
19.232 30
19.3626 31
19.5101 32
19.674 33
19.8717 34
