175 4.34681
175.2 5.2768
175.4 5.52512
175.6 7.32544
175.8 5.40096
176 4.71808
176.2 6.08384
176.4 6.89088
176.6 4.90432
176.8 4.90432
177 6.89088
177.2 5.33888
177.4 5.5872
177.6 4.15936
177.8 4.40768
178 5.21472
178.2 5.95968
178.4 5.5872
178.6 4.0352
178.8 4.84224
179 6.208
179.2 5.15264
179.4 4.78016
179.6 6.208
179.8 6.95296
180 6.208
180.2 5.02848
180.4 5.83552
180.6 6.64256
180.8 6.02176
181 5.2768
181.2 5.52512
181.4 5.09056
181.6 5.15264
181.8 6.208
182 6.208
182.2 5.52512
182.4 5.33888
182.6 5.71136
182.8 4.90432
183 6.39424
183.2 6.27008
183.4 5.52512
183.6 5.64928
183.8 5.71136
184 6.8288
184.2 5.95968
184.4 5.83552
184.6 5.40096
184.8 7.20128
185 6.45632
185.2 5.71136
185.4 5.5872
185.6 6.27008
185.8 6.76672
186 6.208
186.2 5.46304
186.4 5.5872
186.6 6.89088
186.8 6.14592
187 5.46304
187.2 5.52512
187.4 6.33216
187.6 5.8976
187.8 5.15264
188 5.02848
188.2 5.02848
188.4 6.14592
188.6 5.15264
188.8 4.78016
189 5.02848
189.2 5.40096
189.4 5.71136
189.6 4.9664
189.8 5.02848
190 6.08384
190.2 5.02848
190.4 3.97312
190.6 4.28352
190.8 4.46976
191 4.46976
191.2 5.95968
191.4 4.78016
191.6 4.53184
191.8 4.46976
192 4.71808
192.2 5.77344
192.4 4.90432
192.6 4.71808
192.8 4.09728
193 5.52512
193.2 5.21472
193.4 4.9664
193.6 4.53184
193.8 4.9664
194 5.15264
194.2 5.02848
194.4 4.9664
194.6 4.0352
194.8 5.33888
195 5.09056
195.2 4.90432
195.4 3.78688
195.6 5.40096
195.8 3.97312
196 4.3456
196.2 4.22144
196.4 4.59392
196.6 3.97312
196.8 5.15264
197 4.3456
197.2 4.46976
197.4 4.09728
197.6 4.90432
197.8 4.22144
198 4.78016
198.2 4.0352
198.4 4.15936
198.6 3.66272
198.8 4.656
199 4.78016
199.2 4.46976
199.4 3.35232
199.6 4.0352
199.8 4.15936
