10 1.17092
10.1 1.2416
10.2 1.36576
10.3 1.2416
10.4 1.36576
10.5 1.36576
10.6 1.36576
10.7 1.36576
10.8 1.2416
10.9 1.11744
11 1.11744
11.1 1.36576
11.2 1.36576
11.3 1.36576
11.4 1.2416
11.5 1.2416
11.6 1.36576
11.7 1.36576
11.8 1.48992
11.9 1.48992
12 1.48992
12.1 1.48992
12.2 1.61408
12.3 1.61408
12.4 1.73824
12.5 1.73824
12.6 1.8624
12.7 1.8624
12.8 1.8624
12.9 1.98656
13 2.23488
13.1 2.11072
13.2 2.35904
13.3 2.4832
13.4 2.23488
13.5 2.73152
13.6 2.97984
13.7 3.104
13.8 3.104
13.9 3.22816
14 3.47648
14.1 3.60064
14.2 3.84896
14.3 3.7248
14.4 2.73152
14.5 2.97984
14.6 3.104
14.7 3.47648
14.8 3.60064
14.9 3.7248
15 3.47648
15.1 2.60736
15.2 2.60736
15.3 2.73152
15.4 2.85568
15.5 2.85568
15.6 2.97984
15.7 2.97984
15.8 3.104
15.9 3.104
16 3.104
16.1 3.22816
16.2 3.104
16.3 2.97984
16.4 2.85568
16.5 2.23488
16.6 2.35904
16.7 2.4832
16.8 2.60736
16.9 2.73152
17 2.73152
17.1 2.85568
17.2 2.85568
17.3 2.97984
17.4 2.97984
17.5 3.104
17.6 2.85568
17.7 2.97984
17.8 2.85568
17.9 3.104
18 2.85568
18.1 2.97984
18.2 2.97984
18.3 2.97984
18.4 2.11072
18.5 2.35904
18.6 2.4832
18.7 2.73152
18.8 2.60736
18.9 2.60736
19 2.60736
19.1 2.73152
19.2 2.97984
19.3 2.97984
19.4 3.104
19.5 3.104
19.6 3.104
19.7 3.104
19.8 3.22816
19.9 3.22816
