10 2.03259
10.1 0
10.2 0
10.3 0
10.4 0
10.5 0
10.6 0.12416
10.7 5.33888
10.8 0
10.9 0
11 0
11.1 0
11.2 0
11.3 0
11.4 0
11.5 0
11.6 0
11.7 0.86912
11.8 6.33216
11.9 0
12 0
12.1 0
12.2 0
12.3 0
12.4 0
12.5 0
12.6 0
12.7 0
12.8 2.73152
12.9 9.68448
13 10.4294
13.1 11.9194
13.2 11.4227
13.3 11.5469
13.4 8.93952
13.5 10.3053
13.6 10.6778
13.7 10.8019
13.8 10.8019
13.9 10.3053
14 10.057
14.1 9.06368
14.2 10.8019
14.3 11.5469
14.4 10.8019
14.5 7.32544
14.6 8.93952
14.7 9.18784
14.8 8.6912
14.9 8.31872
15 9.06368
15.1 8.6912
15.2 7.94624
15.3 8.56704
15.4 8.31872
15.5 9.18784
15.6 8.81536
15.7 8.6912
15.8 8.56704
15.9 8.56704
16 8.44288
16.1 8.0704
16.2 6.58048
16.3 3.47648
16.4 3.60064
16.5 3.35232
16.6 3.47648
16.7 3.60064
16.8 2.97984
16.9 3.104
17 3.104
17.1 2.85568
17.2 2.4832
17.3 7.4496
17.4 11.7952
17.5 11.7952
17.6 11.7952
17.7 11.7952
17.8 11.9194
17.9 11.671
18 11.7952
18.1 11.7952
18.2 11.7952
18.3 11.9194
18.4 11.7952
18.5 11.7952
18.6 11.7952
18.7 11.7952
18.8 11.5469
18.9 11.9194
19 11.7952
19.1 11.5469
19.2 11.5469
19.3 11.671
19.4 11.7952
19.5 11.7952
19.6 11.671
19.7 11.7952
19.8 11.7952
19.9 11.7952
