175.337 29
175.583 30
175.779 31
175.949 32
176.094 33
176.22 34
176.34 35
176.447 36
176.548 37
176.642 38
176.731 39
176.819 40
176.895 41
176.97 42
177.046 43
177.115 44
177.185 45
177.248 46
177.311 47
177.367 48
177.43 49
177.487 50
177.538 51
177.594 52
177.645 53
177.695 54
177.746 55
177.796 56
177.84 57
177.891 58
177.935 59
177.979 60
178.023 61
178.067 62
178.105 63
178.149 64
178.187 65
178.231 66
178.269 67
178.307 68
178.344 69
178.382 70
178.452 71
178.559 72
178.615 50
179.296 51
179.327 52
179.453 53
179.523 54
179.63 55
179.743 56
179.819 57
179.907 58
179.996 59
180.09 60
180.191 61
180.286 62
180.412 63
180.544 64
180.639 65
180.771 66
180.91 67
181.067 46
181.672 47
181.798 48
181.911 49
182.044 50
182.189 51
182.352 52
182.554 53
182.8 54
182.983 55
183.033 38
183.373 39
183.474 40
183.682 41
183.846 42
183.991 43
184.105 30
184.369 31
184.426 32
184.596 33
184.792 34
185.037 35
185.17 24
185.472 25
185.554 26
185.75 27
185.996 28
186.349 29
186.809 20
186.986 21
187.011 22
187.124 23
187.257 24
187.402 25
187.565 26
187.767 27
188.013 28
188.366 29
191.077 30
191.43 31
191.682 32
191.877 33
192.041 34
192.186 35
192.319 36
192.439 37
192.546 38
192.647 39
192.741 40
192.829 41
192.911 42
192.993 43
193.069 44
193.145 45
193.214 46
193.277 47
193.346 48
193.409 49
193.466 50
193.523 51
193.58 52
193.636 53
193.744 54
193.844 55
193.908 56
193.996 57
194.078 58
194.134 59
194.204 60
194.254 61
194.317 62
194.368 63
194.424 64
194.475 65
194.525 66
194.576 67
194.62 68
194.664 69
194.708 70
194.752 71
194.796 72
194.841 73
194.903 51
195.583 52
195.603 36
195.925 37
195.956 38
196.133 39
196.403 27
196.7 28
196.756 29
196.927 30
197.122 31
197.368 32
197.462 22
197.658 23
197.74 24
197.935 25
198.181 26
198.534 27
199.19 18
199.354 19
199.379 20
199.492 21
199.625 22
199.663 15
199.893 16
