175 3.17204
175.1 5.83552
175.2 8.0704
175.3 9.312
175.4 11.7952
175.5 11.5469
175.6 11.671
175.7 10.5536
175.8 11.7952
175.9 10.3053
176 11.5469
176.1 11.4227
176.2 11.5469
176.3 11.2986
176.4 11.671
176.5 11.5469
176.6 11.5469
176.7 11.5469
176.8 11.5469
176.9 11.2986
177 11.7952
177.1 11.4227
177.2 10.6778
177.3 11.7952
177.4 9.56032
177.5 11.7952
177.6 11.7952
177.7 11.5469
177.8 11.2986
177.9 11.671
178 11.4227
178.1 11.0502
178.2 11.4227
178.3 11.1744
178.4 11.0502
178.5 11.1744
178.6 10.4294
178.7 10.5536
178.8 10.6778
178.9 10.9261
179 10.5536
179.1 10.4294
179.2 11.2986
179.3 10.1811
179.4 11.5469
179.5 10.1811
179.6 10.8019
179.7 11.2986
179.8 10.3053
179.9 10.9261
180 10.6778
180.1 10.4294
180.2 9.9328
180.3 11.0502
180.4 11.2986
180.5 11.7952
180.6 11.7952
180.7 11.7952
180.8 11.9194
180.9 11.7952
181 11.7952
181.1 11.4227
181.2 11.2986
181.3 11.5469
181.4 10.6778
181.5 11.2986
181.6 10.3053
181.7 10.4294
181.8 11.1744
181.9 11.0502
182 10.3053
182.1 10.9261
182.2 10.5536
182.3 9.9328
182.4 10.5536
182.5 10.5536
182.6 9.06368
182.7 11.9194
182.8 8.19456
182.9 9.312
183 8.6912
183.1 9.9328
183.2 10.5536
183.3 9.18784
183.4 9.312
183.5 9.18784
183.6 10.4294
183.7 8.6912
183.8 8.6912
183.9 10.1811
184 9.06368
184.1 8.19456
184.2 10.1811
184.3 4.9664
184.4 8.81536
184.5 9.68448
184.6 9.80864
184.7 9.68448
184.8 9.80864
184.9 9.06368
185 9.43616
185.1 8.81536
185.2 9.43616
185.3 9.18784
185.4 9.18784
185.5 8.6912
185.6 8.19456
185.7 9.18784
185.8 8.31872
185.9 8.19456
186 8.56704
186.1 9.80864
186.2 8.56704
186.3 8.0704
186.4 9.312
186.5 9.06368
186.6 8.31872
186.7 8.93952
186.8 9.18784
186.9 8.56704
187 8.44288
187.1 8.56704
187.2 8.19456
187.3 8.0704
187.4 8.81536
187.5 8.81536
187.6 8.6912
187.7 8.6912
187.8 8.93952
187.9 8.56704
188 8.56704
188.1 8.56704
188.2 8.93952
188.3 8.6912
188.4 7.4496
188.5 9.06368
188.6 6.58048
188.7 7.57376
188.8 7.20128
188.9 9.80864
189 9.18784
189.1 8.44288
189.2 8.6912
189.3 8.56704
189.4 8.31872
189.5 8.44288
189.6 8.44288
189.7 8.81536
189.8 7.94624
189.9 6.70464
190 7.57376
190.1 8.56704
190.2 8.0704
190.3 7.32544
190.4 8.31872
190.5 8.44288
190.6 7.57376
190.7 7.82208
190.8 8.31872
190.9 7.57376
191 7.57376
191.1 7.94624
191.2 7.57376
191.3 4.84224
191.4 7.57376
191.5 8.0704
191.6 8.56704
191.7 7.94624
191.8 7.69792
191.9 7.94624
192 8.0704
192.1 7.82208
192.2 7.57376
192.3 7.32544
192.4 7.07712
192.5 7.94624
192.6 7.07712
192.7 6.8288
192.8 6.33216
192.9 6.95296
193 7.32544
193.1 6.8288
193.2 7.07712
193.3 6.8288
193.4 6.95296
193.5 6.58048
193.6 7.32544
193.7 6.70464
193.8 6.95296
193.9 6.70464
194 7.07712
194.1 6.33216
194.2 6.45632
194.3 6.33216
194.4 6.45632
194.5 8.19456
194.6 7.82208
194.7 7.20128
194.8 7.57376
194.9 6.70464
195 6.95296
195.1 7.20128
195.2 7.94624
195.3 7.57376
195.4 6.70464
195.5 5.95968
195.6 6.70464
195.7 7.32544
195.8 6.45632
195.9 6.95296
196 6.208
196.1 7.20128
196.2 6.70464
196.3 6.8288
196.4 6.70464
196.5 6.8288
196.6 7.07712
196.7 6.8288
196.8 6.208
196.9 6.95296
197 6.33216
197.1 3.22816
197.2 5.46304
197.3 4.22144
197.4 4.22144
197.5 4.84224
197.6 5.09056
197.7 3.84896
197.8 3.97312
197.9 5.21472
198 3.84896
198.1 5.5872
198.2 3.97312
198.3 4.22144
198.4 4.09728
198.5 5.46304
198.6 3.7248
198.7 4.3456
198.8 4.3456
198.9 4.9664
199 3.97312
199.1 4.46976
199.2 4.3456
199.3 4.59392
199.4 3.84896
199.5 4.71808
199.6 4.59392
199.7 3.47648
199.8 4.3456
199.9 4.59392
