175.201 52
175.318 53
175.512 54
175.655 55
175.886 56
176.121 57
176.361 58
177.596 40
177.844 41
177.848 42
177.852 43
177.924 44
177.999 45
178.079 46
178.163 47
178.252 48
178.348 49
178.449 50
178.554 51
178.676 52
178.844 53
179.067 54
179.117 37
179.433 38
179.479 39
179.643 40
179.811 41
179.984 42
180.163 29
180.402 30
180.419 31
180.583 32
180.782 33
181.028 34
181.382 35
183.785 24
183.986 25
183.99 26
184.054 27
184.16 28
184.277 29
184.411 30
184.553 31
184.72 32
184.922 33
185.166 34
185.517 35
185.76 24
185.947 25
185.952 26
186.015 27
186.121 28
186.242 29
186.37 30
186.516 31
186.683 32
186.88 33
187.125 34
187.479 35
188.042 24
188.226 25
188.23 26
188.293 27
188.4 28
188.521 29
188.648 30
188.794 31
188.96 32
189.159 33
189.404 34
189.758 35
191.067 24
191.217 25
191.262 26
191.283 27
191.399 28
191.508 29
191.642 30
191.787 31
191.966 32
192.149 33
192.229 23
192.379 24
192.425 25
192.611 26
192.861 27
193.227 28
193.967 19
194.106 20
194.144 21
194.203 22
194.333 23
194.479 24
194.666 25
194.844 26
195.094 27
195.444 28
195.673 19
195.823 20
195.858 21
195.923 22
196.053 23
196.197 24
196.365 25
196.561 26
196.809 27
197.165 28
197.883 19
198.071 20
198.076 21
198.175 22
198.315 23
198.453 24
198.625 25
198.808 26
199.067 27
199.198 18
199.386 19
199.459 20
199.706 21
