175.108 14
175.257 15
175.536 16
175.86 17
177.602 11
177.756 12
177.894 13
178.079 14
178.303 15
178.514 16
178.894 17
180.29 11
180.434 12
180.573 13
180.754 14
180.937 15
181.181 16
181.534 17
184.252 18
184.611 19
184.85 20
185.047 21
185.24 22
185.36 23
185.493 24
185.624 25
185.716 26
185.743 18
185.897 19
186.008 20
186.137 21
186.283 22
186.449 23
186.645 24
186.894 25
187.269 26
188.045 18
188.196 19
188.307 20
188.441 21
188.583 22
188.751 23
188.947 24
189.194 25
189.547 26
191.08 18
191.233 19
191.346 20
191.473 21
191.618 22
191.788 23
192.002 24
192.215 16
192.457 17
192.665 18
192.894 19
193.279 20
193.905 14
194.099 15
194.103 16
194.406 17
194.612 18
194.85 19
195.203 20
196.823 14
196.969 15
197.109 16
197.314 17
197.473 18
197.757 19
198.071 20
199.165 14
199.387 15
199.528 16
199.693 17
199.917 18
