176.526 35
176.881 36
176.991 25
177.473 26
177.48 27
177.488 28
177.59 29
177.775 30
177.838 31
178.081 32
178.151 33
178.399 34
178.594 35
178.947 36
179.482 25
180.455 1
181.042 2
181.34 3
181.347 4
181.646 5
181.653 6
181.66 7
181.667 8
181.971 9
181.977 10
181.983 11
181.99 12
181.996 13
182.002 14
182.009 15
182.015 16
182.308 17
182.315 18
182.321 19
182.327 20
182.334 21
182.34 22
182.346 23
182.353 24
182.359 25
182.366 26
182.372 27
182.378 28
182.385 29
182.392 30
182.399 31
182.406 32
182.656 33
182.662 34
182.669 35
182.675 36
182.681 37
182.688 38
182.694 39
182.701 40
182.707 41
182.714 42
182.79 43
183.045 30
183.383 31
183.453 32
183.46 33
183.466 34
183.542 35
183.654 36
183.795 37
183.96 38
184.106 39
184.305 40
184.554 41
184.765 42
185.123 43
187.641 44
187.988 45
188.234 46
188.335 32
188.758 33
188.766 34
188.772 35
188.779 36
188.806 37
188.908 38
189.055 39
189.137 40
189.27 41
189.41 42
189.576 43
189.775 44
190.02 45
190.379 46
190.775 32
191.186 33
191.192 34
191.198 35
191.204 36
191.236 37
191.339 38
191.483 39
191.693 40
191.837 41
192.007 42
192.204 43
192.385 44
192.714 45
193.053 46
193.789 32
194.222 33
194.228 34
194.235 35
194.241 36
194.272 37
194.399 38
194.6 39
194.732 40
194.878 41
195.041 42
195.241 43
195.444 44
195.764 45
196.093 46
198.564 32
199.061 33
199.067 34
199.074 35
199.08 36
199.109 37
199.212 38
199.34 39
199.437 40
199.573 41
199.713 42
199.88 43
