175.009 88
175.059 89
175.109 90
175.16 91
175.204 92
175.248 93
175.292 94
175.336 95
175.38 96
175.425 97
175.462 98
175.507 99
175.551 100
175.582 101
175.62 102
175.658 103
175.696 104
175.733 105
175.771 106
175.809 107
175.847 108
175.903 75
176.924 76
176.931 77
176.937 78
177.013 79
177.114 80
177.189 81
177.284 82
177.353 83
177.435 84
177.523 85
177.599 86
177.675 87
177.75 88
177.826 89
177.902 90
177.977 91
178.066 92
178.154 93
178.248 94
178.343 95
178.437 96
178.538 97
178.639 98
178.759 99
178.86 69
179.799 70
179.805 71
179.899 72
180.051 73
180.202 74
180.353 75
180.473 76
180.631 77
180.75 78
180.914 79
181.078 80
181.242 81
181.494 82
181.753 83
182.276 84
183.227 58
183.763 59
183.769 60
183.775 61
183.782 62
183.788 63
183.908 64
183.971 65
184.103 66
184.185 67
184.318 68
184.4 69
184.5 70
184.608 71
184.715 72
184.828 73
184.942 74
185.055 75
185.169 76
185.288 77
185.433 78
185.572 79
185.736 80
185.9 81
186.152 82
186.411 83
186.934 84
187.488 58
188.019 59
188.026 60
188.032 61
188.038 62
188.101 63
188.164 64
188.297 65
188.429 66
188.498 67
188.599 68
188.706 69
188.814 70
188.921 71
189.009 72
189.122 73
189.236 74
189.349 75
189.463 76
189.583 77
189.702 78
189.866 79
190.03 80
190.194 81
190.446 82
190.705 83
191.228 84
193.201 85
193.554 86
193.806 87
194.002 88
194.166 89
194.443 90
194.563 91
194.771 92
194.878 93
195.036 94
195.168 95
195.288 96
195.401 97
195.489 98
195.59 99
195.647 69
196.647 70
196.654 71
196.66 72
196.717 73
196.83 74
196.925 75
197.013 76
197.107 77
197.183 78
197.265 79
197.347 80
197.429 81
197.511 82
197.593 83
197.675 84
197.763 85
197.852 86
197.927 60
198.463 61
198.47 62
198.539 63
198.64 64
198.766 65
198.968 66
199.138 67
199.308 68
199.459 69
199.674 70
199.894 71
