175.005 91
175.012 92
175.018 93
175.025 94
175.031 95
175.037 96
175.044 97
175.05 98
175.056 99
175.063 100
175.069 101
175.075 102
175.082 103
175.088 104
175.094 105
175.101 106
175.107 107
175.113 108
175.119 109
175.126 110
175.132 111
175.139 112
175.146 113
175.152 114
175.159 115
175.165 116
175.171 117
175.178 136
175.184 157
175.19 166
175.196 178
175.203 179
175.209 180
175.215 181
175.297 182
175.417 183
175.531 184
175.644 185
175.751 186
175.852 187
178.302 130
184.24 1
186.58 2
186.586 3
186.592 4
186.598 5
186.605 6
186.611 7
186.617 8
186.624 9
186.63 10
186.636 11
186.643 12
186.649 13
186.655 14
186.661 15
186.668 16
186.674 17
186.68 18
186.687 19
186.693 20
186.699 21
186.706 22
186.712 23
186.718 24
186.725 25
186.731 26
186.737 27
186.743 28
186.75 29
186.756 30
186.762 31
186.769 32
186.775 33
186.781 34
186.788 35
186.794 36
186.8 37
186.806 38
186.813 39
186.819 40
186.825 41
186.832 42
186.838 43
186.844 44
186.851 45
186.857 46
186.863 47
186.87 48
186.876 49
186.882 50
186.888 51
189.679 52
189.685 53
189.692 54
189.698 55
189.704 56
189.71 57
189.717 133
189.946 134
192.481 93
193.123 1
195.271 58
195.626 59
195.632 60
195.639 61
195.645 62
195.651 63
195.657 64
195.664 65
195.67 66
195.689 67
195.727 68
195.771 69
195.815 70
195.859 71
195.91 72
199.074 1
