176.609 15
177.035 16
177.167 17
177.174 18
177.226 19
177.434 20
177.671 21
178.024 22
178.936 15
179.377 16
179.413 17
179.419 18
179.62 19
179.78 20
180.04 21
180.316 14
181.153 15
181.159 16
181.507 17
184.323 18
184.614 19
184.779 13
185.418 14
185.424 15
185.512 16
185.767 17
185.92 18
186.297 19
187.92 13
188.344 14
188.351 15
188.426 16
188.676 17
188.946 18
189.201 19
191.989 20
192.27 21
192.577 22
192.72 23
192.88 24
193.024 25
193.154 26
193.274 27
193.383 28
193.507 29
193.58 30
193.673 31
193.783 32
193.832 33
193.932 23
194.403 24
194.409 25
194.416 26
194.489 27
194.608 28
194.785 29
194.921 30
195.175 31
195.375 32
195.721 33
197.936 23
198.566 24
198.573 25
198.579 26
198.641 27
198.863 28
198.916 29
199.241 30
199.291 31
199.639 32
199.881 33
