175.843 18
176.194 19
176.436 20
176.636 21
176.878 22
176.947 23
177.101 24
177.195 25
177.34 26
177.406 27
177.498 28
177.596 29
177.671 30
177.751 31
177.866 32
177.898 33
177.968 34
178.02 23
178.358 24
178.364 25
178.371 26
178.465 27
178.583 28
178.718 29
178.862 30
179.028 31
179.225 32
179.474 33
179.825 34
181.372 23
181.638 24
181.703 25
181.71 26
181.75 27
181.873 28
181.992 29
182.187 30
182.306 31
182.502 32
182.732 22
183.108 23
183.115 24
183.28 25
183.529 26
183.9 27
185.083 18
185.411 19
185.418 20
185.443 21
185.616 22
185.717 23
185.886 24
186.081 25
186.328 26
186.683 27
187.16 18
187.418 19
187.463 20
187.47 21
187.593 22
187.728 23
187.893 24
188.087 25
188.339 26
188.662 18
189.086 19
189.093 20
189.335 21
189.689 22
191.766 15
192.027 16
192.072 17
192.119 18
192.297 19
192.472 20
192.716 21
193.076 22
193.84 15
194.179 16
194.187 17
194.283 18
194.429 19
194.622 20
194.871 21
195.227 22
195.396 15
195.647 16
195.654 17
195.736 18
195.891 19
196.089 20
196.338 21
196.689 22
199.41 23
199.759 24
