175 3.29386
175.15 3.55925
175.3 3.47648
175.45 3.39371
175.6 4.13867
175.75 3.89035
175.9 3.47648
176.05 3.47648
176.2 3.47648
176.35 3.47648
176.5 3.22816
176.65 4.22144
176.8 3.64203
176.95 3.31093
177.1 3.55925
177.25 3.39371
177.4 3.22816
177.55 3.97312
177.7 3.31093
177.85 3.39371
178 3.80757
178.15 3.80757
178.3 3.39371
178.45 3.39371
178.6 3.7248
178.75 3.31093
178.9 3.06261
179.05 3.22816
179.2 3.39371
179.35 3.47648
179.5 3.39371
179.65 3.06261
179.8 3.31093
179.95 3.39371
180.1 3.22816
180.25 3.06261
180.4 3.97312
180.55 3.39371
180.7 3.14539
180.85 2.89707
181 3.31093
181.15 3.31093
181.3 3.22816
181.45 3.14539
181.6 3.06261
181.75 2.89707
181.9 2.97984
182.05 3.47648
182.2 3.22816
182.35 3.14539
182.5 2.89707
182.65 3.22816
182.8 2.97984
182.95 2.56597
183.1 3.22816
183.25 3.22816
183.4 2.89707
183.55 2.89707
183.7 2.40043
183.85 3.06261
184 3.39371
184.15 3.06261
184.3 3.06261
184.45 2.97984
184.6 3.14539
184.75 3.14539
184.9 2.97984
185.05 2.97984
185.2 3.06261
185.35 3.06261
185.5 3.14539
185.65 2.81429
185.8 2.97984
185.95 3.22816
186.1 2.64875
186.25 3.06261
186.4 2.56597
186.55 2.64875
186.7 2.81429
186.85 2.89707
187 2.89707
187.15 2.97984
187.3 2.97984
187.45 2.97984
187.6 2.4832
187.75 3.06261
187.9 2.89707
188.05 3.22816
188.2 3.39371
188.35 3.06261
188.5 2.97984
188.65 2.81429
188.8 2.73152
188.95 3.06261
189.1 3.22816
189.25 3.22816
189.4 2.97984
189.55 3.14539
189.7 2.89707
189.85 2.31765
190 3.22816
190.15 3.06261
190.3 2.97984
190.45 3.31093
190.6 3.31093
190.75 3.06261
190.9 2.56597
191.05 3.14539
191.2 3.31093
191.35 3.14539
191.5 3.55925
191.65 3.55925
191.8 3.64203
191.95 3.39371
192.1 3.06261
192.25 3.31093
192.4 3.64203
192.55 2.15211
192.7 3.7248
192.85 3.06261
193 2.97984
193.15 3.22816
193.3 3.47648
193.45 3.14539
193.6 3.55925
193.75 3.89035
193.9 3.47648
194.05 3.31093
194.2 3.55925
194.35 3.14539
194.5 2.64875
194.65 2.89707
194.8 2.97984
194.95 3.06261
195.1 3.14539
195.25 2.73152
195.4 3.31093
195.55 3.39371
195.7 3.14539
195.85 2.56597
196 2.23488
196.15 3.06261
196.3 2.97984
196.45 3.47648
196.6 3.55925
196.75 3.47648
196.9 3.14539
197.05 2.23488
197.2 2.81429
197.35 3.22816
197.5 2.97984
197.65 3.47648
197.8 3.31093
197.95 2.15211
198.1 2.40043
198.25 3.14539
198.4 2.15211
198.55 2.4832
198.7 2.64875
198.85 2.23488
199 1.90379
199.15 2.81429
199.3 2.40043
199.45 1.82101
199.6 2.23488
199.75 1.98656
199.9 1.82101
