175 3.52728
175.15 2.73152
175.3 2.73152
175.45 2.81429
175.6 2.73152
175.75 1.98656
175.9 2.06933
176.05 2.15211
176.2 2.31765
176.35 2.81429
176.5 2.81429
176.65 2.81429
176.8 2.40043
176.95 1.90379
177.1 1.82101
177.25 2.31765
177.4 2.81429
177.55 2.81429
177.7 2.64875
177.85 2.06933
178 2.06933
178.15 2.23488
178.3 2.31765
178.45 2.89707
178.6 2.89707
178.75 2.64875
178.9 2.15211
179.05 2.23488
179.2 2.40043
179.35 2.4832
179.5 2.56597
179.65 2.64875
179.8 2.31765
179.95 2.15211
180.1 1.32437
180.25 2.56597
180.4 2.89707
180.55 2.89707
180.7 2.81429
180.85 2.06933
181 2.15211
181.15 2.31765
181.3 2.40043
181.45 2.4832
181.6 2.56597
181.75 2.64875
181.9 2.73152
182.05 2.81429
182.2 2.64875
182.35 2.31765
182.5 2.23488
182.65 1.57269
182.8 2.81429
182.95 2.97984
183.1 2.97984
183.25 2.97984
183.4 2.81429
183.55 1.48992
183.7 2.81429
183.85 2.89707
184 2.23488
184.15 2.40043
184.3 2.4832
184.45 2.56597
184.6 2.64875
184.75 2.73152
184.9 2.73152
185.05 2.81429
185.2 2.89707
185.35 2.89707
185.5 2.73152
185.65 2.56597
185.8 2.15211
185.95 2.23488
186.1 2.23488
186.25 2.97984
186.4 2.97984
186.55 2.97984
186.7 2.97984
186.85 2.97984
187 2.97984
187.15 2.97984
187.3 2.97984
187.45 2.97984
187.6 2.97984
187.75 2.97984
187.9 2.81429
188.05 2.4832
188.2 2.31765
188.35 2.4832
188.5 2.15211
188.65 2.97984
188.8 3.14539
188.95 3.22816
189.1 3.31093
189.25 2.4832
189.4 2.56597
189.55 2.64875
189.7 2.81429
189.85 3.80757
190 3.97312
190.15 3.47648
190.3 3.31093
190.45 4.13867
190.6 3.7248
190.75 4.22144
190.9 3.97312
191.05 5.29749
191.2 5.62859
191.35 5.54581
191.5 6.12523
191.65 5.79413
191.8 6.208
191.95 6.208
192.1 6.04245
192.25 5.54581
192.4 5.79413
192.55 5.54581
192.7 5.62859
192.85 5.87691
193 6.04245
193.15 6.29077
193.3 6.45632
193.45 6.70464
193.6 6.208
193.75 5.95968
193.9 5.29749
194.05 5.95968
194.2 5.62859
194.35 6.87019
194.5 7.53237
194.65 5.21472
194.8 5.54581
194.95 5.38027
195.1 5.38027
195.25 5.04917
195.4 4.88363
195.55 4.38699
195.7 5.04917
195.85 6.12523
196 5.29749
196.15 6.12523
196.3 5.87691
196.45 5.04917
196.6 5.46304
196.75 5.95968
196.9 5.71136
197.05 5.13195
197.2 6.37355
197.35 5.62859
197.5 6.29077
197.65 5.71136
197.8 4.71808
197.95 4.88363
198.1 5.13195
198.25 5.71136
198.4 6.29077
198.55 6.29077
198.7 5.79413
198.85 5.04917
199 5.71136
199.15 4.88363
199.3 5.13195
199.45 4.38699
199.6 4.13867
199.75 4.80085
199.9 4.13867
