950.046 21
950.19 22
950.328 23
950.473 24
950.625 25
950.784 26
950.958 27
951.138 28
951.315 29
951.498 30
951.687 31
951.882 32
952.084 33
952.292 34
952.506 35
952.538 17
952.753 19
952.86 20
952.986 21
953.119 22
953.258 23
953.412 24
953.573 25
953.74 26
953.909 27
954.079 28
954.256 29
954.439 30
954.628 31
954.823 32
955.025 33
955.233 34
955.409 17
955.618 18
955.618 20
955.731 21
955.864 22
956.013 23
956.168 24
956.328 25
956.494 26
956.665 27
956.852 13
957.049 14
957.049 16
957.161 17
957.278 18
957.403 19
957.537 20
957.678 21
957.829 22
957.988 23
958.04 11
958.327 12
958.451 13
958.575 14
958.706 15
958.846 16
958.992 17
959.148 18
959.301 9
959.455 10
959.455 12
959.577 13
959.689 14
959.806 15
959.931 16
960.064 17
960.206 18
960.356 19
960.514 20
960.675 21
960.822 22
960.96 23
961.105 24
961.257 25
961.414 26
961.582 27
961.762 28
961.948 29
962.037 14
962.267 16
962.359 17
962.472 18
962.596 19
962.724 20
962.861 21
963.007 22
963.161 23
963.321 24
963.377 12
963.532 14
963.614 15
963.715 16
963.825 17
963.943 18
964.071 19
964.206 20
964.352 21
964.504 22
964.664 23
964.824 24
964.976 25
965.133 26
965.297 27
965.467 28
965.644 29
965.829 30
966.026 31
966.153 15
966.342 16
966.342 18
966.444 19
966.574 20
966.71 21
966.853 22
967.002 23
967.159 24
967.263 12
967.481 14
967.562 15
967.662 16
967.774 17
967.893 18
968.021 19
968.158 20
968.303 21
968.454 22
968.614 23
968.773 24
968.925 25
969.082 26
969.246 27
969.416 28
969.593 29
969.777 30
969.974 31
970.095 15
970.284 16
970.284 18
970.383 19
970.513 20
970.65 21
970.79 22
970.938 23
971.091 24
971.25 25
971.346 12
971.58 13
971.599 14
971.706 15
971.814 16
971.932 17
972.059 18
972.193 19
972.336 20
972.487 21
972.647 22
972.717 11
972.872 13
972.951 14
973.056 15
973.162 16
973.279 17
973.404 18
973.539 19
973.681 20
973.831 21
973.989 22
974.061 11
974.373 12
974.392 13
974.505 14
974.623 15
974.75 16
974.885 17
975.03 18
975.182 19
975.343 20
975.503 21
975.635 22
975.774 23
975.919 24
976.07 25
976.231 26
976.405 27
976.586 28
976.698 14
977.093 16
977.204 17
977.325 18
977.454 19
977.593 20
977.739 21
977.894 22
978.073 11
978.285 12
978.285 13
978.386 14
978.487 15
978.6 16
978.722 17
978.854 18
978.994 19
979.142 20
979.297 21
979.438 10
979.632 11
979.632 13
979.754 14
979.867 15
979.986 16
980.113 17
980.249 18
980.393 19
980.546 20
980.707 21
980.764 10
981.01 11
981.114 12
981.224 13
981.341 14
981.468 15
981.603 16
981.747 17
981.899 18
982.06 19
982.128 9
982.331 11
982.389 12
982.503 13
982.618 14
982.739 15
982.87 16
983.007 17
983.154 18
983.308 19
983.468 20
983.56 10
983.75 12
983.782 13
983.909 14
984.028 15
984.156 16
984.291 17
984.435 18
984.587 19
984.747 20
984.909 21
985.049 22
985.188 23
985.333 24
985.484 25
985.641 26
985.811 27
985.992 28
986.174 29
986.358 30
986.547 31
986.742 32
986.944 33
987.152 34
987.366 35
987.587 36
987.814 37
988.047 38
988.287 39
988.532 40
988.785 41
988.916 20
989.227 21
989.302 22
989.441 23
989.586 24
989.742 25
989.91 26
990.083 27
990.262 28
990.42 14
990.59 15
990.59 17
990.712 18
990.834 19
990.961 20
991.096 21
991.238 22
991.389 23
991.549 24
991.689 12
991.835 13
991.835 15
991.956 16
992.068 17
992.187 18
992.313 19
992.448 20
992.592 21
992.744 22
992.905 23
993.037 11
993.228 12
993.228 13
993.247 14
993.373 15
993.492 16
993.618 17
993.753 18
993.897 19
994.05 20
994.217 10
994.371 11
994.371 13
994.508 14
994.633 15
994.76 16
994.894 17
995.036 18
995.185 19
995.343 20
995.437 10
995.655 12
995.714 13
995.849 14
995.977 15
996.113 16
996.256 17
996.407 18
996.567 19
996.675 9
996.899 11
997.02 12
997.139 13
997.266 14
997.4 15
997.543 16
997.694 17
997.855 18
998.016 19
998.147 20
998.273 21
998.405 22
998.544 23
998.698 24
998.858 25
999.025 26
999.19 13
999.428 14
999.428 15
999.535 16
999.643 17
999.759 18
999.885 19
1000.02 20
1000.16 21
1000.31 22
1000.47 23
1000.53 11
1000.75 12
1000.76 13
1000.87 14
1000.98 15
1001.09 16
1001.21 17
1001.35 18
1001.49 19
1001.64 20
1001.79 21
1001.97 10
1002.17 11
1002.17 12
1002.21 13
1002.33 14
1002.45 15
1002.57 16
1002.7 17
1002.84 18
1002.99 19
1003.14 20
1003.29 10
1003.44 11
1003.44 13
1003.56 14
1003.66 15
1003.77 16
1003.89 17
1004.02 18
1004.16 19
1004.31 20
1004.46 21
1004.64 10
1004.83 11
1004.83 13
1004.93 14
1005.03 15
1005.14 16
1005.26 17
1005.39 18
1005.53 19
1005.67 20
1005.83 21
1005.98 22
1006.14 23
1006.29 24
1006.45 25
1006.6 26
1006.77 27
1006.94 28
1007.11 29
1007.3 30
1007.51 15
1007.72 16
1007.72 17
1007.79 18
1007.91 19
1008.04 20
1008.18 21
1008.32 22
1008.47 23
1008.62 24
1008.8 12
1009.04 13
1009.07 14
1009.19 15
1009.3 16
1009.42 17
1009.55 18
1009.68 19
1009.83 20
1009.98 21
1010.16 10
1010.39 11
1010.39 12
1010.48 13
1010.59 14
1010.71 15
1010.84 16
1010.98 17
1011.12 18
1011.27 19
1011.43 20
1011.54 10
1011.74 12
1011.83 13
1011.94 14
1012.06 15
1012.18 16
1012.32 17
1012.46 18
1012.61 19
1012.77 20
1012.93 21
1013.07 22
1013.21 23
1013.36 24
1013.51 25
1013.66 26
1013.83 27
1014.02 28
1014.2 14
1014.42 15
1014.42 16
1014.49 17
1014.61 18
1014.73 19
1014.86 20
1015 21
1015.14 22
1015.29 23
1015.45 24
1015.61 25
1015.76 26
1015.93 27
1016.1 28
1016.28 29
1016.46 30
1016.65 31
1016.84 32
1016.94 16
1017.21 17
1017.26 18
1017.37 19
1017.5 20
1017.64 21
1017.78 22
1017.92 23
1018.08 24
1018.24 25
1018.33 12
1018.48 15
1018.61 16
1018.71 17
1018.83 18
1018.95 19
1019.08 20
1019.21 21
1019.36 22
1019.51 23
1019.67 24
1019.71 12
1019.95 13
1020.03 14
1020.14 15
1020.25 16
1020.37 17
1020.5 18
1020.65 19
1020.79 20
1020.95 21
1021.11 22
1021.22 11
1021.35 12
1021.35 14
1021.46 15
1021.57 16
1021.7 17
1021.83 18
1021.96 19
1022.11 20
1022.27 21
1022.43 22
1022.5 11
1022.69 12
1022.77 13
1022.88 14
1023 15
1023.12 16
1023.26 17
1023.4 18
1023.55 19
1023.71 20
1023.87 21
1024.01 22
1024.15 23
1024.29 24
1024.45 25
1024.6 26
1024.78 27
1024.96 28
1025.14 29
1025.32 30
1025.51 31
1025.71 32
1025.91 33
1026.12 34
1026.33 35
1026.39 17
1026.67 18
1026.72 19
1026.84 20
1026.97 21
1027.11 22
1027.26 23
1027.42 24
1027.57 25
1027.74 26
1027.8 13
1027.96 15
1028.03 16
1028.15 17
1028.27 18
1028.39 19
1028.53 20
1028.68 21
1028.83 22
1028.98 11
1029.13 12
1029.13 14
1029.26 15
1029.37 16
1029.47 17
1029.59 18
1029.72 19
1029.85 20
1029.99 21
1030.14 22
1030.3 23
1030.39 11
1030.61 13
1030.71 14
1030.81 15
1030.92 16
1031.04 17
1031.17 18
1031.3 19
1031.45 20
1031.6 21
1031.76 22
1031.92 23
1032.07 24
1032.22 25
1032.37 26
1032.54 27
1032.71 28
1032.89 29
1033.08 30
1033.18 15
1033.36 17
1033.4 18
1033.51 19
1033.63 20
1033.77 21
1033.91 22
1034.06 23
1034.21 24
1034.37 25
1034.53 12
1034.76 13
1034.78 14
1034.89 15
1035.01 16
1035.13 17
1035.26 18
1035.4 19
1035.55 20
1035.7 21
1035.89 10
1036.11 11
1036.14 12
1036.24 13
1036.35 14
1036.47 15
1036.6 16
1036.73 17
1036.88 18
1037.03 19
1037.19 20
1037.35 21
1037.39 10
1037.55 12
1037.61 13
1037.73 14
1037.85 15
1037.98 16
1038.11 17
1038.26 18
1038.41 19
1038.57 20
1038.62 10
1038.84 12
1038.89 13
1039 14
1039.1 15
1039.22 16
1039.34 17
1039.48 18
1039.62 19
1039.77 20
1039.93 21
1040.03 10
1040.25 12
1040.29 13
1040.4 14
1040.52 15
1040.64 16
1040.77 17
1040.91 18
1041.05 19
1041.21 20
1041.37 21
1041.45 10
1041.59 13
1041.72 14
1041.84 15
1041.96 16
1042.09 17
1042.23 18
1042.38 19
1042.54 20
1042.66 10
1042.88 11
1042.92 12
1043.02 13
1043.13 14
1043.25 15
1043.38 16
1043.52 17
1043.66 18
1043.82 19
1043.98 20
1044.04 10
1044.19 12
1044.27 13
1044.37 14
1044.48 15
1044.6 16
1044.73 17
1044.87 18
1045.01 19
1045.17 20
1045.33 10
1045.49 11
1045.49 13
1045.61 14
1045.72 15
1045.82 16
1045.94 17
1046.06 18
1046.2 19
1046.34 20
1046.49 21
1046.65 22
1046.81 11
1046.95 12
1046.95 14
1047.06 15
1047.16 16
1047.27 17
1047.4 18
1047.53 19
1047.67 20
1047.82 21
1047.97 22
1048.13 11
1048.39 12
1048.45 13
1048.57 14
1048.69 15
1048.82 16
1048.95 17
1049.1 18
1049.25 19
1049.43 9
1049.58 10
1049.58 12
1049.69 13
1049.79 14
1049.9 15
1050.01 16
1050.14 17
1050.27 18
1050.42 19
1050.57 20
1050.73 21
1050.79 10
1051.01 11
1051.04 12
1051.15 13
1051.26 14
1051.38 15
1051.5 16
1051.64 17
1051.78 18
1051.93 19
1052.09 20
1052.17 10
1052.41 11
1052.46 12
1052.56 13
1052.67 14
1052.79 15
1052.92 16
1053.06 17
1053.21 18
1053.36 19
1053.52 9
1053.67 10
1053.67 12
1053.79 13
1053.9 14
1054.01 15
1054.13 16
1054.26 17
1054.4 18
1054.54 19
1054.7 20
1054.86 21
1054.98 10
1055.15 11
1055.15 12
1055.17 13
1055.29 14
1055.4 15
1055.52 16
1055.65 17
1055.79 18
1055.94 19
1056.09 20
1056.25 21
1056.34 10
1056.48 13
1056.6 14
1056.71 15
1056.83 16
1056.96 17
1057.09 18
1057.24 19
1057.39 20
1057.55 21
1057.68 10
1057.81 11
1057.81 13
1057.92 14
1058.03 15
1058.15 16
1058.28 17
1058.41 18
1058.56 19
1058.71 20
1058.87 21
1058.93 10
1059.25 11
1059.27 12
1059.39 13
1059.51 14
1059.63 15
1059.76 16
1059.91 17
1060.06 18
1060.22 19
1060.38 20
1060.52 21
1060.65 22
1060.79 23
1060.94 24
1061.09 25
1061.25 26
1061.43 27
1061.61 28
1061.78 14
1061.95 15
1061.95 17
1062.05 18
1062.18 19
1062.31 20
1062.44 21
1062.58 22
1062.73 23
1062.89 24
1063.07 12
1063.27 13
1063.27 14
1063.38 15
1063.49 16
1063.61 17
1063.74 18
1063.88 19
1064.03 20
1064.18 21
1064.34 22
1064.37 11
1064.57 13
1064.68 14
1064.79 15
1064.91 16
1065.04 17
1065.18 18
1065.32 19
1065.47 20
1065.63 21
1065.73 10
1065.93 12
1065.97 13
1066.08 14
1066.2 15
1066.32 16
1066.45 17
1066.59 18
1066.74 19
1066.9 20
1067.08 10
1067.29 11
1067.29 12
1067.34 13
1067.46 14
1067.57 15
1067.7 16
1067.83 17
1067.97 18
1068.12 19
1068.28 20
1068.44 21
1068.5 10
1068.69 12
1068.74 13
1068.87 14
1068.99 15
1069.13 16
1069.27 17
1069.42 18
1069.58 19
1069.74 9
1069.87 10
1069.87 12
1069.98 13
1070.09 14
1070.21 15
1070.33 16
1070.47 17
1070.61 18
1070.76 19
1070.92 20
1071.02 10
1071.16 13
1071.28 14
1071.38 15
1071.5 16
1071.62 17
1071.75 18
1071.89 19
1072.04 20
1072.19 21
1072.35 22
1072.4 11
1072.56 13
1072.64 14
1072.74 15
1072.85 16
1072.97 17
1073.1 18
1073.23 19
1073.38 20
1073.53 21
1073.69 22
1073.85 11
1074.01 12
1074.01 14
1074.12 15
1074.23 16
1074.34 17
1074.47 18
1074.61 19
1074.75 20
1074.9 21
1075.06 22
1075.18 11
1075.38 12
1075.38 13
1075.43 14
1075.55 15
1075.67 16
1075.8 17
1075.93 18
1076.08 19
1076.23 20
1076.39 21
1076.55 22
1076.6 11
1076.73 13
1076.79 14
1076.89 15
1077.01 16
1077.13 17
1077.26 18
1077.4 19
1077.55 20
1077.7 21
1077.86 22
1077.98 11
1078.12 12
1078.12 14
1078.23 15
1078.35 16
1078.48 17
1078.61 18
1078.75 19
1078.9 20
1079.06 21
1079.14 10
1079.29 13
1079.43 14
1079.54 15
1079.65 16
1079.78 17
1079.91 18
1080.05 19
1080.19 20
1080.35 21
1080.54 10
1080.74 11
1080.74 12
1080.77 13
1080.89 14
1081 15
1081.13 16
1081.26 17
1081.4 18
1081.55 19
1081.71 20
1081.87 21
1082.02 22
1082.16 23
1082.3 24
1082.45 25
1082.61 26
1082.78 27
1082.96 28
1083.07 14
1083.45 16
1083.57 17
1083.7 18
1083.83 19
1083.97 20
1084.12 21
1084.28 22
1084.38 11
1084.63 12
1084.65 13
1084.77 14
1084.89 15
1085.02 16
1085.15 17
1085.29 18
1085.44 19
1085.6 20
1085.64 10
1085.89 11
1085.99 12
1086.1 13
1086.22 14
1086.35 15
1086.49 16
1086.64 17
1086.8 18
1086.93 9
1087.21 10
1087.21 11
1087.31 12
1087.43 13
1087.55 14
1087.69 15
1087.83 16
1087.98 17
1088.14 18
1088.26 9
1088.4 12
1088.53 13
1088.64 14
1088.76 15
1088.89 16
1089.03 17
1089.17 18
1089.33 19
1089.49 20
1089.65 21
1089.78 22
1089.92 23
1090.07 24
1090.22 25
1090.38 26
1090.56 27
1090.74 28
1090.81 14
1091.03 15
1091.05 16
1091.17 17
1091.29 18
1091.42 19
1091.55 20
1091.69 21
1091.84 22
1092 23
1092.07 11
1092.3 12
1092.34 13
1092.45 14
1092.55 15
1092.67 16
1092.8 17
1092.93 18
1093.08 19
1093.23 20
1093.39 21
1093.53 10
1093.66 11
1093.66 13
1093.77 14
1093.88 15
1094 16
1094.12 17
1094.26 18
1094.4 19
1094.55 20
1094.71 21
1094.85 10
1095.04 11
1095.04 12
1095.06 13
1095.17 14
1095.29 15
1095.41 16
1095.54 17
1095.68 18
1095.83 19
1095.99 20
1096.15 21
1096.31 22
1096.44 23
1096.59 24
1096.74 25
1096.9 26
1097.07 27
1097.25 28
1097.43 29
1097.51 14
1097.73 15
1097.75 16
1097.87 17
1097.99 18
1098.12 19
1098.25 20
1098.4 21
1098.55 22
1098.71 11
1098.95 12
1098.96 13
1099.08 14
1099.18 15
1099.3 16
1099.42 17
1099.56 18
1099.7 19
1099.85 20
1100.01 21
1100.18 10
1100.31 11
1100.31 13
1100.42 14
1100.53 15
1100.64 16
1100.77 17
1100.91 18
1101.05 19
1101.2 20
1101.36 21
1101.52 10
1101.69 11
1101.69 13
1101.81 14
1101.92 15
1102.04 16
1102.17 17
1102.31 18
1102.46 19
1102.61 20
1102.78 10
1103.01 11
1103.01 12
1103.12 13
1103.22 14
1103.33 15
1103.46 16
1103.59 17
1103.73 18
1103.88 19
1104.03 20
1104.19 21
1104.35 22
1104.49 23
1104.64 24
1104.79 25
1104.95 26
1105.11 27
1105.29 28
1105.47 29
1105.66 30
1105.85 31
1106.04 32
1106.25 33
1106.45 34
1106.67 35
1106.89 36
1107.12 37
1107.35 38
1107.59 39
1107.84 40
1108.09 41
1108.35 42
1108.61 43
1108.88 44
1109.16 45
1109.44 46
1109.54 23
1109.87 24
1109.95 25
1110.1 26
1110.27 27
1110.44 28
1110.62 29
1110.81 30
1111.02 15
1111.2 16
1111.2 18
1111.32 19
1111.44 20
1111.57 21
1111.71 22
1111.86 23
1112.01 24
1112.17 25
1112.29 12
1112.62 13
1112.62 14
1112.72 15
1112.84 16
1112.97 17
1113.1 18
1113.25 19
1113.4 20
1113.56 21
1113.72 22
1113.86 23
1114.01 24
1114.16 25
1114.31 26
1114.48 27
1114.66 28
1114.84 29
1114.94 14
1115.2 15
1115.22 16
1115.33 17
1115.45 18
1115.58 19
1115.72 20
1115.87 21
1116.02 22
1116.18 23
1116.23 11
1116.39 13
1116.46 14
1116.55 15
1116.66 16
1116.78 17
1116.9 18
1117.03 19
1117.18 20
1117.33 21
1117.48 22
1117.64 23
1117.71 11
1117.89 13
1117.99 14
1118.1 15
1118.22 16
1118.35 17
1118.49 18
1118.63 19
1118.78 20
1118.95 21
1118.98 10
1119.2 11
1119.21 12
1119.32 13
1119.43 14
1119.55 15
1119.68 16
1119.82 17
1119.97 18
1120.12 19
1120.28 20
1120.41 10
1120.53 11
1120.53 13
1120.63 14
1120.74 15
1120.85 16
1120.97 17
1121.11 18
1121.25 19
1121.4 20
1121.55 21
1121.71 10
1121.91 11
1121.91 12
1122.01 13
1122.11 14
1122.22 15
1122.34 16
1122.47 17
1122.6 18
1122.75 19
1122.9 20
1123.06 21
1123.23 10
1123.44 11
1123.44 12
1123.55 13
1123.65 14
1123.78 15
1123.9 16
1124.04 17
1124.18 18
1124.33 19
1124.49 20
1124.58 10
1124.73 12
1124.79 13
1124.89 14
1125 15
1125.11 16
1125.24 17
1125.37 18
1125.51 19
1125.66 20
1125.82 21
1125.94 10
1126.1 11
1126.1 13
1126.21 14
1126.32 15
1126.43 16
1126.55 17
1126.68 18
1126.82 19
1126.96 20
1127.12 21
1127.31 10
1127.53 11
1127.53 12
1127.65 13
1127.76 14
1127.88 15
1128 16
1128.14 17
1128.28 18
1128.44 19
1128.6 20
1128.75 10
1128.91 11
1128.91 12
1128.93 13
1129.04 14
1129.15 15
1129.27 16
1129.4 17
1129.54 18
1129.68 19
1129.84 20
1130 21
1130.05 10
1130.27 11
1130.3 12
1130.4 13
1130.51 14
1130.63 15
1130.75 16
1130.89 17
1131.03 18
1131.18 19
1131.34 20
1131.46 10
1131.71 11
1131.72 12
1131.83 13
1131.93 14
1132.05 15
1132.18 16
1132.31 17
1132.45 18
1132.6 19
1132.76 20
1132.84 10
1133.05 12
1133.14 13
1133.24 14
1133.35 15
1133.47 16
1133.6 17
1133.74 18
1133.88 19
1134.04 20
1134.2 21
1134.32 10
1134.45 11
1134.45 13
1134.56 14
1134.66 15
1134.78 16
1134.9 17
1135.04 18
1135.18 19
1135.33 20
1135.48 21
1135.65 10
1135.85 11
1135.85 12
1135.95 13
1136.06 14
1136.17 15
1136.3 16
1136.44 17
1136.58 18
1136.73 19
1136.89 20
1137.05 21
1137.19 22
1137.33 23
1137.47 24
1137.62 25
1137.78 26
1137.96 27
1138.14 28
1138.24 14
1138.53 15
1138.57 16
1138.68 17
1138.79 18
1138.92 19
1139.05 20
1139.19 21
1139.33 22
1139.49 23
1139.64 11
1139.85 12
1139.85 13
1139.96 14
1140.06 15
1140.18 16
1140.3 17
1140.43 18
1140.57 19
1140.72 20
1140.88 21
1140.97 10
1141.18 12
1141.2 13
1141.32 14
1141.42 15
1141.54 16
1141.67 17
1141.8 18
1141.95 19
1142.1 20
1142.26 21
1142.35 10
1142.6 11
1142.61 12
1142.74 13
1142.86 14
1142.99 15
1143.13 16
1143.28 17
1143.44 18
1143.6 19
1143.76 20
1143.88 21
1144.02 22
1144.16 23
1144.3 24
1144.46 25
1144.63 26
1144.8 27
1144.95 13
1145.16 14
1145.16 15
1145.2 16
1145.32 17
1145.44 18
1145.56 19
1145.68 20
1145.82 21
1145.96 22
1146.12 23
1146.28 24
1146.31 12
1146.52 13
1146.57 14
1146.69 15
1146.81 16
1146.94 17
1147.07 18
1147.21 19
1147.36 20
1147.52 21
1147.66 10
1147.84 11
1147.84 13
1147.95 14
1148.05 15
1148.16 16
1148.29 17
1148.42 18
1148.56 19
1148.71 20
1148.87 21
1149.01 10
1149.21 11
1149.21 12
1149.31 13
1149.41 14
1149.53 15
1149.65 16
1149.78 17
1149.92 18
1150.07 19
1150.22 20
1150.39 10
1150.6 11
1150.6 12
1150.71 13
1150.82 14
1150.94 15
1151.06 16
1151.19 17
1151.33 18
1151.49 19
1151.64 20
1151.78 10
1151.92 11
1151.92 13
1152.04 14
1152.15 15
1152.27 16
1152.39 17
1152.53 18
1152.67 19
1152.82 20
1152.98 21
1153.14 22
1153.28 23
1153.43 24
1153.58 25
1153.74 26
1153.9 27
1154.08 28
1154.27 29
1154.45 30
1154.64 31
1154.83 32
1155.04 33
1155.24 34
1155.46 35
1155.57 17
1155.83 19
1155.95 20
1156.08 21
1156.22 22
1156.36 23
1156.52 24
1156.68 25
1156.82 12
1156.97 13
1156.97 15
1157.1 16
1157.21 17
1157.32 18
1157.44 19
1157.57 20
1157.7 21
1157.85 22
1158 23
1158.16 24
1158.32 25
1158.48 26
1158.64 27
1158.81 28
1158.99 29
1159.17 30
1159.36 31
1159.55 32
1159.65 16
1159.85 18
1159.89 19
1160.01 20
1160.14 21
1160.27 22
1160.42 23
1160.57 24
1160.73 25
1160.9 26
1161.07 27
1161.24 28
1161.41 29
1161.6 30
1161.79 31
1161.98 32
1162.18 33
1162.39 34
1162.61 35
1162.83 36
1163.06 37
1163.29 38
1163.53 39
1163.63 19
1163.9 21
1164.03 22
1164.17 23
1164.31 24
1164.47 25
1164.64 26
1164.81 27
1164.99 28
1165.17 29
1165.35 30
1165.54 31
1165.73 32
1165.94 33
1166.14 34
1166.28 17
1166.57 18
1166.57 19
1166.69 20
1166.81 21
1166.96 22
1167.1 23
1167.26 24
1167.42 25
1167.59 12
1167.82 13
1167.82 14
1167.93 15
1168.03 16
1168.14 17
1168.27 18
1168.4 19
1168.54 20
1168.69 21
1168.85 22
1169.01 23
1169.08 11
1169.27 12
1169.29 13
1169.41 14
1169.52 15
1169.65 16
1169.78 17
1169.93 18
1170.08 19
1170.23 20
1170.31 10
1170.51 12
1170.61 13
1170.71 14
1170.83 15
1170.95 16
1171.08 17
1171.23 18
1171.37 19
1171.53 20
1171.69 21
1171.8 10
1171.92 11
1171.92 13
1172.02 14
1172.13 15
1172.25 16
1172.39 17
1172.52 18
1172.67 19
1172.83 20
1172.99 21
1173.12 10
1173.25 11
1173.25 13
1173.34 14
1173.44 15
1173.56 16
1173.69 17
1173.82 18
1173.96 19
1174.11 20
1174.27 21
1174.43 22
1174.58 23
1174.72 24
1174.87 25
1175.03 26
1175.2 27
1175.37 28
1175.55 29
1175.74 30
1175.93 31
1176.13 32
1176.33 33
1176.54 34
1176.75 35
1177 17
1177.26 18
1177.26 19
1177.36 20
1177.49 21
1177.63 22
1177.78 23
1177.93 24
1178.1 25
1178.26 26
1178.29 13
1178.49 14
1178.5 15
1178.6 16
1178.71 17
1178.83 18
1178.95 19
1179.08 20
1179.23 21
1179.38 22
1179.53 23
1179.62 11
1179.83 13
1179.88 14
1180.01 15
1180.13 16
1180.25 17
1180.38 18
1180.53 19
1180.68 20
1180.83 21
1180.99 22
1181.06 11
1181.2 13
1181.26 14
1181.38 15
1181.5 16
1181.63 17
1181.77 18
1181.91 19
1182.07 20
1182.21 10
1182.45 11
1182.45 12
1182.57 13
1182.69 14
1182.81 15
1182.94 16
1183.08 17
1183.23 18
1183.38 19
1183.53 9
1183.68 10
1183.68 12
1183.79 13
1183.89 14
1183.99 15
1184.11 16
1184.23 17
1184.37 18
1184.51 19
1184.66 20
1184.82 21
1184.9 10
1185.13 12
1185.16 13
1185.29 14
1185.41 15
1185.54 16
1185.68 17
1185.82 18
1185.98 19
1186.14 20
1186.27 10
1186.39 11
1186.39 13
1186.49 14
1186.59 15
1186.7 16
1186.83 17
1186.96 18
1187.1 19
1187.25 20
1187.41 21
1187.57 10
1187.75 11
1187.75 12
1187.78 13
1187.89 14
1188 15
1188.12 16
1188.25 17
1188.38 18
1188.53 19
1188.68 20
1188.84 21
1188.93 10
1189.07 13
1189.19 14
1189.29 15
1189.41 16
1189.53 17
1189.66 18
1189.8 19
1189.95 20
1190.1 21
1190.28 10
1190.51 11
1190.53 12
1190.64 13
1190.74 14
1190.86 15
1190.99 16
1191.12 17
1191.26 18
1191.41 19
1191.57 20
1191.73 21
1191.8 10
1191.94 12
1191.99 13
1192.09 14
1192.2 15
1192.32 16
1192.45 17
1192.59 18
1192.73 19
1192.88 20
1193.04 21
1193.2 22
1193.34 23
1193.49 24
1193.64 25
1193.8 26
1193.96 27
1194.14 28
1194.32 29
1194.51 30
1194.59 15
1194.79 17
1194.89 18
1195.02 19
1195.15 20
1195.28 21
1195.42 22
1195.57 23
1195.73 24
1195.83 12
1196.09 13
1196.12 14
1196.22 15
1196.33 16
1196.44 17
1196.57 18
1196.7 19
1196.85 20
1197 21
1197.15 22
1197.31 23
1197.46 24
1197.62 25
1197.77 26
1197.94 27
1198.11 28
1198.28 29
1198.47 30
1198.67 31
1198.86 32
1199.06 33
1199.27 34
1199.48 35
1199.71 36
1199.95 18
1200.17 19
1200.17 20
1200.24 21
1200.38 22
1200.52 23
1200.67 24
1200.83 25
1201 26
1201.19 13
1201.47 14
1201.54 15
1201.66 16
1201.78 17
1201.91 18
1202.05 19
1202.2 20
1202.36 21
1202.43 10
1202.66 12
1202.7 13
1202.83 14
1202.95 15
1203.08 16
1203.22 17
1203.36 18
1203.52 19
1203.68 20
1203.74 10
1203.94 11
1203.95 12
1204.06 13
1204.17 14
1204.29 15
1204.42 16
1204.55 17
1204.7 18
1204.85 19
1205.02 9
1205.27 10
1205.29 11
1205.4 12
1205.51 13
1205.63 14
1205.76 15
1205.9 16
1206.04 17
1206.19 18
1206.35 19
1206.5 9
1206.67 10
1206.67 11
1206.7 12
1206.82 13
1206.93 14
1207.05 15
1207.18 16
1207.32 17
1207.47 18
1207.62 19
1207.78 20
1207.81 10
1207.97 12
1208.09 13
1208.21 14
1208.32 15
1208.44 16
1208.57 17
1208.7 18
1208.85 19
1209 20
1209.16 21
1209.29 10
1209.43 11
1209.43 13
1209.54 14
1209.65 15
1209.76 16
1209.88 17
1210.01 18
1210.15 19
1210.3 20
1210.45 21
1210.6 10
1210.75 11
1210.75 13
1210.87 14
1210.98 15
1211.09 16
1211.22 17
1211.35 18
1211.49 19
1211.64 20
1211.8 21
1211.94 10
1212.15 11
1212.17 12
1212.28 13
1212.4 14
1212.52 15
1212.65 16
1212.79 17
1212.93 18
1213.09 19
1213.24 9
1213.45 10
1213.45 11
1213.54 12
1213.64 13
1213.75 14
1213.87 15
1214 16
1214.14 17
1214.29 18
1214.44 19
1214.58 9
1214.89 10
1214.89 11
1214.98 12
1215.1 13
1215.22 14
1215.35 15
1215.49 16
1215.64 17
1215.79 18
1215.94 9
1216.09 10
1216.09 12
1216.21 13
1216.32 14
1216.43 15
1216.56 16
1216.69 17
1216.83 18
1216.97 19
1217.13 20
1217.23 10
1217.45 12
1217.55 13
1217.66 14
1217.78 15
1217.91 16
1218.04 17
1218.19 18
1218.34 19
1218.51 20
1218.65 10
1218.77 11
1218.77 13
1218.88 14
1218.99 15
1219.11 16
1219.23 17
1219.37 18
1219.51 19
1219.66 20
1219.82 21
1219.98 10
1220.11 11
1220.11 13
1220.21 14
1220.32 15
1220.43 16
1220.56 17
1220.69 18
1220.83 19
1220.98 20
1221.14 21
1221.27 10
1221.46 11
1221.46 12
1221.48 13
1221.59 14
1221.7 15
1221.81 16
1221.94 17
1222.07 18
1222.21 19
1222.36 20
1222.51 21
1222.65 10
1222.81 11
1222.81 13
1222.92 14
1223.03 15
1223.13 16
1223.25 17
1223.38 18
1223.52 19
1223.66 20
1223.81 21
1223.97 22
1224.03 11
1224.25 12
1224.34 13
1224.45 14
1224.57 15
1224.69 16
1224.82 17
1224.96 18
1225.11 19
1225.27 20
1225.43 21
1225.51 10
1225.65 13
1225.77 14
1225.89 15
1226.01 16
1226.14 17
1226.28 18
1226.43 19
1226.59 20
1226.72 10
1226.86 11
1226.86 13
1226.98 14
1227.08 15
1227.2 16
1227.32 17
1227.45 18
1227.59 19
1227.74 20
1227.9 21
1227.99 10
1228.33 12
1228.43 13
1228.54 14
1228.66 15
1228.79 16
1228.92 17
1229.07 18
1229.22 19
1229.38 20
1229.46 10
1229.68 11
1229.72 12
1229.82 13
1229.92 14
1230.04 15
1230.16 16
1230.3 17
1230.44 18
1230.58 19
1230.74 20
1230.87 10
1231.13 11
1231.15 12
1231.26 13
1231.37 14
1231.49 15
1231.62 16
1231.76 17
1231.9 18
1232.06 19
1232.22 20
1232.31 10
1232.44 13
1232.57 14
1232.69 15
1232.8 16
1232.93 17
1233.07 18
1233.21 19
1233.37 20
1233.55 10
1233.88 11
1233.88 12
1233.99 13
1234.1 14
1234.22 15
1234.35 16
1234.49 17
1234.63 18
1234.79 19
1234.97 9
1235.19 10
1235.19 11
1235.21 12
1235.34 13
1235.46 14
1235.58 15
1235.72 16
1235.86 17
1236.01 18
1236.17 19
1236.33 20
1236.47 21
1236.61 22
1236.75 23
1236.89 24
1237.04 25
1237.21 26
1237.38 27
1237.56 13
1237.77 14
1237.77 15
1237.82 16
1237.94 17
1238.05 18
1238.18 19
1238.31 20
1238.44 21
1238.59 22
1238.74 23
1238.91 11
1239.06 12
1239.06 14
1239.17 15
1239.28 16
1239.39 17
1239.51 18
1239.64 19
1239.78 20
1239.93 21
1240.09 22
1240.25 23
1240.4 24
1240.55 25
1240.71 26
1240.87 27
1241.04 28
1241.22 29
1241.41 30
1241.57 15
1241.78 16
1241.78 17
1241.82 18
1241.94 19
1242.07 20
1242.21 21
1242.35 22
1242.5 23
1242.65 24
1242.81 25
1242.89 12
1243.05 15
1243.17 16
1243.28 17
1243.4 18
1243.52 19
1243.65 20
1243.79 21
1243.94 22
1244.1 23
1244.26 24
1244.42 25
1244.57 26
1244.74 27
1244.91 28
1245.08 29
1245.27 30
1245.46 31
1245.65 32
1245.86 33
1246.06 34
1246.28 35
1246.5 36
1246.73 37
1246.97 18
1247.25 19
1247.25 20
1247.33 21
1247.47 22
1247.61 23
1247.77 24
1247.93 25
1248.09 26
1248.29 13
1248.5 14
1248.5 15
1248.59 16
1248.7 17
1248.82 18
1248.95 19
1249.08 20
1249.22 21
1249.37 22
1249.53 23
1249.65 11
1249.8 12
1249.8 14
1249.91 15
1250.02 16
1250.13 17
1250.25 18
1250.37 19
1250.51 20
1250.65 21
1250.8 22
1250.97 23
1251.13 24
1251.28 25
1251.43 26
1251.6 27
1251.77 28
1251.94 29
1252.13 30
1252.33 31
1252.38 15
1252.71 16
1252.82 17
1252.95 18
1253.07 19
1253.21 20
1253.35 21
1253.51 22
1253.67 23
1253.74 11
1253.95 13
1254.04 14
1254.15 15
1254.27 16
1254.4 17
1254.54 18
1254.68 19
1254.84 20
1255 21
1255.16 22
1255.3 23
1255.44 24
1255.59 25
1255.75 26
1255.92 27
1256.1 28
1256.28 29
1256.34 14
1256.67 15
1256.78 16
1256.9 17
1257.03 18
1257.17 19
1257.32 20
1257.47 21
1257.66 10
1257.86 11
1257.86 12
1257.96 13
1258.07 14
1258.18 15
1258.31 16
1258.44 17
1258.58 18
1258.73 19
1258.88 20
1259.05 21
1259.2 22
1259.34 23
1259.48 24
1259.63 25
1259.79 26
1259.96 27
1260.14 28
1260.32 29
1260.51 30
1260.7 31
1260.89 32
1261.09 33
1261.3 34
1261.51 35
1261.74 36
1261.79 18
1262.07 19
1262.19 20
1262.32 21
1262.45 22
1262.6 23
1262.75 24
1262.91 25
1263.08 26
1263.25 27
1263.42 28
1263.59 29
1263.78 30
1263.97 31
1264.16 32
1264.36 33
1264.57 34
1264.78 35
1265.01 36
1265.23 37
1265.47 38
1265.71 39
1265.94 19
1266.18 20
1266.18 21
1266.26 22
1266.4 23
1266.54 24
1266.7 25
1266.87 26
1267.04 27
1267.22 28
1267.4 29
1267.58 30
1267.77 31
1267.96 32
1268.17 33
1268.37 34
1268.59 35
1268.81 36
1269.04 37
1269.27 38
1269.51 39
1269.75 40
1270.01 41
1270.26 42
1270.53 43
1270.8 44
1271.08 45
1271.36 46
1271.65 47
1271.95 48
1272.25 49
1272.56 50
1272.87 51
1273.2 52
1273.52 53
1273.86 54
1274.2 55
1274.55 56
1274.9 57
1275.26 58
1275.31 29
1275.69 30
1275.83 31
1276.03 32
1276.23 33
1276.44 34
1276.65 35
1276.84 17
1277.07 18
1277.07 19
1277.1 20
1277.23 21
1277.37 22
1277.52 23
1277.67 24
1277.83 25
1278 26
1278.15 13
1278.3 14
1278.3 16
1278.42 17
1278.53 18
1278.65 19
1278.78 20
1278.91 21
1279.06 22
1279.21 23
1279.36 24
1279.53 25
1279.68 26
1279.85 27
1280.02 28
1280.19 29
1280.38 30
1280.57 31
1280.76 32
1280.97 33
1281.17 34
1281.39 35
1281.61 36
1281.84 37
1282.07 38
1282.31 39
1282.55 40
1282.81 41
1283.06 42
1283.33 43
1283.37 21
1283.64 22
1283.72 23
1283.87 24
1284.02 25
1284.18 26
1284.34 27
1284.52 28
1284.71 29
1284.89 30
1285.08 31
1285.28 32
1285.48 33
1285.69 34
1285.9 35
1286.04 17
1286.25 18
1286.25 20
1286.39 21
1286.52 22
1286.66 23
1286.8 24
1286.96 25
1287.13 26
1287.3 27
1287.45 13
1287.61 14
1287.61 16
1287.72 17
1287.83 18
1287.95 19
1288.08 20
1288.21 21
1288.36 22
1288.51 23
1288.7 11
1288.96 12
1288.97 13
1289.08 14
1289.2 15
1289.32 16
1289.45 17
1289.59 18
1289.74 19
1289.89 20
1290.05 21
1290.21 22
1290.35 23
1290.49 24
1290.64 25
1290.8 26
1290.97 27
1291.15 28
1291.34 29
1291.52 30
1291.71 31
1291.9 32
1292.1 33
1292.31 34
1292.53 35
1292.75 36
1292.97 37
1293.21 38
1293.45 39
1293.69 40
1293.94 41
1294.1 20
1294.35 21
1294.35 22
1294.42 23
1294.57 24
1294.72 25
1294.88 26
1295.06 27
1295.23 28
1295.37 14
1295.59 15
1295.59 16
1295.65 17
1295.77 18
1295.89 19
1296.02 20
1296.15 21
1296.3 22
1296.44 23
1296.6 24
1296.76 25
1296.82 12
1297.02 13
1297.04 14
1297.15 15
1297.26 16
1297.38 17
1297.51 18
1297.65 19
1297.79 20
1297.95 21
1298.11 22
1298.27 23
1298.41 24
1298.57 25
1298.72 26
1298.89 27
1299.06 28
1299.24 29
1299.43 30
1299.62 31
1299.82 32
1300.02 33
1300.23 34
1300.44 35
1300.66 36
1300.89 37
1300.93 18
1301.15 20
1301.25 21
1301.38 22
1301.52 23
1301.68 24
1301.84 25
1302.01 26
1302.18 27
1302.25 13
1302.46 15
1302.52 16
1302.62 17
1302.75 18
1302.87 19
1303 20
1303.14 21
1303.28 22
1303.43 23
1303.59 24
1303.75 25
1303.78 12
1303.96 13
1303.98 14
1304.09 15
1304.2 16
1304.32 17
1304.45 18
1304.58 19
1304.73 20
1304.88 21
1305.04 22
1305.18 11
1305.36 12
1305.36 13
1305.38 14
1305.51 15
1305.63 16
1305.76 17
1305.9 18
1306.04 19
1306.2 20
1306.36 21
1306.52 22
1306.66 23
1306.8 24
1306.95 25
1307.11 26
1307.28 27
1307.45 28
1307.64 29
1307.83 30
1308.02 31
1308.21 32
1308.41 33
1308.62 34
1308.84 35
1309.06 36
1309.09 18
1309.33 19
1309.41 20
1309.53 21
1309.67 22
1309.82 23
1309.97 24
1310.13 25
1310.3 26
1310.38 13
1310.63 14
1310.74 15
1310.84 16
1310.96 17
1311.09 18
1311.22 19
1311.37 20
1311.52 21
1311.68 22
1311.73 11
1311.89 13
1311.99 14
1312.1 15
1312.21 16
1312.32 17
1312.45 18
1312.58 19
1312.72 20
1312.87 21
1313.03 22
1313.19 11
1313.39 12
1313.39 13
1313.43 14
1313.55 15
1313.66 16
1313.79 17
1313.92 18
1314.06 19
1314.21 20
1314.36 21
1314.52 22
1314.68 23
1314.83 24
1314.98 25
1315.14 26
1315.3 27
1315.47 28
1315.65 29
1315.84 30
1316.03 31
1316.23 32
1316.43 33
1316.64 34
1316.85 35
1317.07 36
1317.22 18
1317.45 19
1317.45 21
1317.57 22
1317.71 23
1317.86 24
1318.02 25
1318.18 26
1318.36 27
1318.48 13
1318.74 14
1318.78 15
1318.88 16
1318.99 17
1319.11 18
1319.24 19
1319.38 20
1319.52 21
1319.67 22
1319.85 11
1320.13 12
1320.14 13
1320.26 14
1320.37 15
1320.49 16
1320.62 17
1320.75 18
1320.9 19
1321.05 20
1321.21 21
1321.37 22
1321.51 23
1321.66 24
1321.81 25
1321.97 26
1322.13 27
1322.31 28
1322.49 29
1322.68 30
1322.75 15
1322.93 17
1323.01 18
1323.13 19
1323.26 20
1323.4 21
1323.54 22
1323.69 23
1323.84 24
1324 25
1324.16 26
1324.32 27
1324.5 28
1324.67 29
1324.85 30
1325.04 31
1325.24 32
1325.4 16
1325.59 17
1325.59 19
1325.71 20
1325.84 21
1325.97 22
1326.12 23
1326.28 24
1326.44 25
1326.6 26
1326.66 13
1326.86 15
1326.93 16
1327.05 17
1327.17 18
1327.29 19
1327.42 20
1327.56 21
1327.71 22
1327.87 23
1328.02 11
1328.23 12
1328.23 13
1328.32 14
1328.44 15
1328.55 16
1328.68 17
1328.81 18
1328.95 19
1329.1 20
1329.26 21
1329.39 10
1329.57 11
1329.57 13
1329.68 14
1329.78 15
1329.9 16
1330.02 17
1330.15 18
1330.29 19
1330.44 20
1330.59 21
1330.75 22
1330.84 11
1330.99 14
1331.12 15
1331.24 16
1331.36 17
1331.49 18
1331.63 19
1331.78 20
1331.94 21
1332.1 22
1332.25 23
1332.39 24
1332.54 25
1332.7 26
1332.87 27
1333.04 28
1333.22 29
1333.32 14
1333.6 15
1333.64 16
1333.75 17
1333.87 18
1334 19
1334.13 20
1334.28 21
1334.43 22
1334.59 23
1334.75 24
1334.9 25
1335.06 26
1335.23 27
1335.4 28
1335.57 29
1335.76 30
1335.95 31
1336.15 32
1336.35 33
1336.56 34
1336.77 35
1336.99 36
1337.22 37
1337.34 18
1337.58 20
1337.7 21
1337.83 22
1337.97 23
1338.13 24
1338.29 25
1338.46 26
1338.63 27
1338.8 28
1338.83 14
1339.01 15
1339.02 16
1339.13 17
1339.25 18
1339.37 19
1339.5 20
1339.64 21
1339.78 22
1339.94 23
1340.1 24
1340.21 12
1340.38 13
1340.38 15
1340.49 16
1340.6 17
1340.72 18
1340.85 19
1340.98 20
1341.13 21
1341.28 22
1341.44 11
1341.59 12
1341.59 14
1341.73 15
1341.84 16
1341.96 17
1342.08 18
1342.21 19
1342.35 20
1342.49 21
1342.65 22
1342.81 23
1342.93 11
1343.13 12
1343.13 13
1343.17 14
1343.3 15
1343.42 16
1343.55 17
1343.7 18
1343.85 19
1344 20
1344.16 21
1344.32 22
1344.46 23
1344.6 24
1344.75 25
1344.91 26
1345.08 27
1345.26 28
1345.44 29
1345.56 14
1345.74 15
1345.74 17
1345.84 18
1345.96 19
1346.09 20
1346.22 21
1346.36 22
1346.51 23
1346.67 24
1346.83 25
1346.88 12
1347.03 14
1347.1 15
1347.2 16
1347.31 17
1347.43 18
1347.56 19
1347.7 20
1347.84 21
1347.99 22
1348.15 23
1348.25 11
1348.45 14
1348.57 15
1348.68 16
1348.79 17
1348.91 18
1349.04 19
1349.18 20
1349.33 21
1349.48 22
1349.64 23
1349.8 24
1349.95 25
1350.11 26
1350.28 27
1350.45 28
1350.62 29
1350.81 30
1350.98 15
1351.18 16
1351.18 17
1351.2 18
1351.31 19
1351.44 20
1351.58 21
1351.72 22
1351.87 23
1352.02 24
1352.18 25
1352.34 26
1352.42 13
1352.6 15
1352.66 16
1352.78 17
1352.9 18
1353.03 19
1353.17 20
1353.32 21
1353.47 22
1353.64 11
1353.79 12
1353.79 14
1353.91 15
1354.01 16
1354.13 17
1354.25 18
1354.38 19
1354.52 20
1354.66 21
1354.82 22
1354.98 23
1355.1 11
1355.26 12
1355.26 14
1355.37 15
1355.48 16
1355.6 17
1355.73 18
1355.86 19
1356 20
1356.15 21
1356.31 22
1356.42 11
1356.57 12
1356.57 14
1356.69 15
1356.79 16
1356.9 17
1357.02 18
1357.15 19
1357.29 20
1357.43 21
1357.59 22
1357.75 23
1357.92 11
1358.06 12
1358.06 14
1358.16 15
1358.27 16
1358.39 17
1358.52 18
1358.65 19
1358.8 20
1358.95 21
1359.11 22
1359.15 11
1359.37 12
1359.42 13
1359.53 14
1359.64 15
1359.76 16
1359.89 17
1360.02 18
1360.17 19
1360.32 20
1360.48 21
1360.61 10
1360.74 11
1360.74 13
1360.85 14
1360.97 15
1361.09 16
1361.22 17
1361.36 18
1361.51 19
1361.66 20
1361.82 21
1361.93 10
1362.09 12
1362.13 13
1362.25 14
1362.37 15
1362.49 16
1362.62 17
1362.76 18
1362.91 19
1363.07 20
1363.21 10
1363.42 11
1363.42 12
1363.53 13
1363.64 14
1363.75 15
1363.88 16
1364.01 17
1364.15 18
1364.3 19
1364.45 20
1364.58 10
1364.81 11
1364.83 12
1364.93 13
1365.04 14
1365.16 15
1365.28 16
1365.42 17
1365.56 18
1365.71 19
1365.87 20
1366.03 10
1366.16 11
1366.16 13
1366.27 14
1366.38 15
1366.5 16
1366.62 17
1366.75 18
1366.89 19
1367.04 20
1367.2 21
1367.36 22
1367.51 23
1367.66 24
1367.81 25
1367.97 26
1368.13 27
1368.3 28
1368.48 29
1368.68 30
1368.72 15
1368.9 17
1369.01 18
1369.12 19
1369.24 20
1369.37 21
1369.52 22
1369.66 23
1369.82 24
1369.98 25
1370.14 26
1370.3 27
1370.48 28
1370.65 29
1370.83 30
1371.02 31
1371.22 32
1371.42 33
1371.63 34
1371.84 35
1372.06 36
1372.29 37
1372.52 38
1372.76 39
1372.84 19
1373.08 21
1373.15 22
1373.29 23
1373.44 24
1373.59 25
1373.76 26
1373.94 27
1374.11 28
1374.18 14
1374.37 16
1374.43 17
1374.55 18
1374.67 19
1374.8 20
1374.94 21
1375.08 22
1375.23 23
1375.39 24
1375.53 12
1375.67 13
1375.67 15
1375.8 16
1375.9 17
1376.01 18
1376.14 19
1376.27 20
1376.41 21
1376.55 22
1376.71 23
1376.87 24
1376.9 12
1377.05 14
1377.16 15
1377.27 16
1377.38 17
1377.5 18
1377.63 19
1377.77 20
1377.91 21
1378.07 22
1378.23 11
1378.45 12
1378.46 13
1378.57 14
1378.68 15
1378.8 16
1378.92 17
1379.06 18
1379.2 19
1379.36 20
1379.52 21
1379.66 10
1379.83 11
1379.83 12
1379.86 13
1379.98 14
1380.1 15
1380.22 16
1380.35 17
1380.49 18
1380.64 19
1380.8 20
1380.94 10
1381.16 11
1381.16 12
1381.27 13
1381.38 14
1381.5 15
1381.63 16
1381.77 17
1381.91 18
1382.06 19
1382.23 20
1382.4 10
1382.52 11
1382.52 13
1382.62 14
1382.73 15
1382.85 16
1382.98 17
1383.11 18
1383.25 19
1383.41 20
1383.57 21
1383.67 10
1383.81 13
1383.93 14
1384.04 15
1384.16 16
1384.28 17
1384.42 18
1384.56 19
1384.71 20
1384.87 21
1384.95 10
1385.1 13
1385.24 14
1385.34 15
1385.46 16
1385.58 17
1385.71 18
1385.85 19
1386 20
1386.16 21
1386.27 10
1386.51 11
1386.51 12
1386.63 13
1386.74 14
1386.87 15
1387 16
1387.14 17
1387.28 18
1387.44 19
1387.6 20
1387.76 21
1387.89 22
1388.03 23
1388.17 24
1388.32 25
1388.49 26
1388.66 27
1388.84 28
1388.93 14
1389.1 16
1389.16 17
1389.28 18
1389.39 19
1389.52 20
1389.66 21
1389.8 22
1389.95 23
1390.11 24
1390.15 12
1390.39 13
1390.48 14
1390.58 15
1390.69 16
1390.81 17
1390.94 18
1391.07 19
1391.21 20
1391.36 21
1391.52 22
1391.68 23
1391.71 11
1391.9 12
1391.93 13
1392.03 14
1392.14 15
1392.26 16
1392.39 17
1392.52 18
1392.66 19
1392.81 20
1392.97 21
1393.13 22
1393.17 11
1393.3 13
1393.39 14
1393.5 15
1393.61 16
1393.73 17
1393.87 18
1394 19
1394.15 20
1394.31 21
1394.48 10
1394.69 11
1394.69 12
1394.79 13
1394.9 14
1395.01 15
1395.14 16
1395.28 17
1395.42 18
1395.57 19
1395.73 20
1395.89 21
1396.03 22
1396.17 23
1396.31 24
1396.46 25
1396.62 26
1396.79 27
1396.97 28
1397.15 29
1397.34 30
1397.53 31
1397.72 32
1397.92 33
1398.13 34
1398.35 35
1398.45 17
1398.67 19
1398.69 20
1398.81 21
1398.95 22
1399.1 23
1399.25 24
1399.41 25
1399.58 26
1399.75 27
1399.92 28
1400.1 29
1400.28 30
1400.47 31
1400.66 32
1400.86 33
1401.07 34
1401.11 17
1401.33 18
1401.36 19
1401.48 20
1401.6 21
1401.74 22
1401.89 23
1402.05 24
1402.21 25
1402.37 26
1402.54 27
1402.71 28
1402.89 29
1403.07 30
1403.26 31
1403.45 32
1403.65 33
1403.86 34
1403.93 17
1404.14 19
1404.2 20
1404.33 21
1404.47 22
1404.62 23
1404.77 24
1404.93 25
1405.1 26
1405.19 13
1405.42 14
1405.53 15
1405.63 16
1405.75 17
1405.88 18
1406.01 19
1406.15 20
1406.3 21
1406.46 22
1406.55 11
1406.77 13
1406.86 14
1406.96 15
1407.07 16
1407.18 17
1407.31 18
1407.45 19
1407.59 20
1407.74 21
1407.9 22
1408.02 11
1408.33 12
1408.33 13
1408.44 14
1408.55 15
1408.67 16
1408.8 17
1408.94 18
1409.09 19
1409.24 20
1409.39 10
1409.59 11
1409.59 12
1409.69 13
1409.79 14
1409.9 15
1410.02 16
1410.16 17
1410.29 18
1410.44 19
1410.6 20
1410.76 21
1410.92 22
1411.06 23
1411.2 24
1411.35 25
1411.51 26
1411.67 27
1411.85 28
1412.04 29
1412.15 14
1412.39 16
1412.5 17
1412.61 18
1412.73 19
1412.86 20
1413 21
1413.14 22
1413.29 23
1413.45 24
1413.59 12
1413.74 13
1413.74 15
1413.85 16
1413.95 17
1414.07 18
1414.2 19
1414.33 20
1414.46 21
1414.61 22
1414.76 23
1414.94 11
1415.09 12
1415.09 14
1415.21 15
1415.32 16
1415.43 17
1415.55 18
1415.68 19
1415.82 20
1415.96 21
1416.12 22
1416.29 11
1416.49 12
1416.49 13
1416.55 14
1416.67 15
1416.79 16
1416.91 17
1417.04 18
1417.18 19
1417.33 20
1417.49 21
1417.58 10
1417.73 13
1417.86 14
1417.96 15
1418.08 16
1418.2 17
1418.33 18
1418.47 19
1418.62 20
1418.78 21
1418.94 22
1418.98 11
1419.13 13
1419.21 14
1419.31 15
1419.43 16
1419.55 17
1419.68 18
1419.82 19
1419.97 20
1420.12 21
1420.3 10
1420.53 11
1420.53 12
1420.65 13
1420.76 14
1420.88 15
1421.01 16
1421.15 17
1421.3 18
1421.45 19
1421.61 20
1421.69 10
1421.83 12
1421.89 13
1421.99 14
1422.1 15
1422.22 16
1422.35 17
1422.49 18
1422.64 19
1422.79 20
1422.95 21
1423.07 10
1423.2 11
1423.2 13
1423.3 14
1423.41 15
1423.53 16
1423.66 17
1423.79 18
1423.93 19
1424.09 20
1424.25 21
1424.42 10
1424.55 11
1424.55 13
1424.66 14
1424.76 15
1424.88 16
1425.01 17
1425.14 18
1425.29 19
1425.44 20
1425.6 21
1425.76 22
1425.9 23
1426.05 24
1426.2 25
1426.35 26
1426.52 27
1426.7 28
1426.88 29
1427.05 14
1427.23 15
1427.23 17
1427.33 18
1427.45 19
1427.58 20
1427.72 21
1427.86 22
1428.01 23
1428.16 24
1428.32 25
1428.45 12
1428.6 13
1428.6 15
1428.7 16
1428.81 17
1428.93 18
1429.05 19
1429.19 20
1429.33 21
1429.48 22
1429.64 23
1429.8 24
1429.95 25
1430.11 26
1430.27 27
1430.44 28
1430.62 29
1430.8 30
1431 31
1431.2 32
1431.4 33
1431.61 34
1431.82 35
1432.04 36
1432.27 37
1432.5 38
1432.74 39
1432.99 40
1433.24 41
1433.5 42
1433.76 43
1433.81 21
1434.07 23
1434.18 24
1434.33 25
1434.49 26
1434.65 27
1434.83 28
1435.01 29
1435.2 30
1435.39 31
1435.59 32
1435.79 33
1436 34
1436.21 35
1436.43 36
1436.66 37
1436.89 38
1437.13 39
1437.38 40
1437.63 41
1437.76 20
1438.03 22
1438.17 23
1438.31 24
1438.46 25
1438.62 26
1438.8 27
1438.98 28
1439.17 14
1439.38 15
1439.38 17
1439.49 18
1439.61 19
1439.74 20
1439.87 21
1440.01 22
1440.16 23
1440.32 24
1440.48 25
1440.56 12
1440.74 14
1440.78 15
1440.9 16
1441.02 17
1441.14 18
1441.28 19
1441.42 20
1441.57 21
1441.73 22
1441.89 23
1442.04 24
1442.19 25
1442.34 26
1442.51 27
1442.68 28
1442.86 29
1443.05 30
1443.24 31
1443.44 32
1443.64 33
1443.85 34
1444.06 35
1444.28 36
1444.51 18
1444.78 19
1444.78 20
1444.9 21
1445.03 22
1445.18 23
1445.33 24
1445.49 25
1445.66 26
1445.83 27
1445.88 13
1446.14 14
1446.25 15
1446.35 16
1446.47 17
1446.6 18
1446.73 19
1446.87 20
1447.01 21
1447.17 22
1447.33 23
1447.49 24
1447.64 25
1447.8 26
1447.96 27
1448.13 28
1448.31 29
1448.49 30
1448.69 31
1448.88 32
1449.09 33
1449.29 34
1449.51 35
1449.73 36
1449.96 37
1450.19 38
1450.21 19
1450.46 20
1450.49 21
1450.62 22
1450.76 23
1450.91 24
1451.07 25
1451.23 26
1451.41 27
1451.52 13
1451.82 14
1451.88 15
1451.99 16
1452.11 17
1452.23 18
1452.36 19
1452.5 20
1452.65 21
1452.8 22
1452.96 23
1453.12 11
1453.27 12
1453.27 14
1453.4 15
1453.52 16
1453.63 17
1453.75 18
1453.88 19
1454.01 20
1454.14 21
1454.29 22
1454.43 23
1454.59 24
1454.75 25
1454.78 12
1455.01 13
1455.13 14
1455.25 15
1455.38 16
1455.5 17
1455.63 18
1455.76 19
1455.91 20
1456.05 21
1456.21 22
1456.37 23
1456.51 11
1456.66 12
1456.66 14
1456.79 15
1456.93 16
1457.06 17
1457.18 18
1457.31 19
1457.44 20
1457.57 21
1457.71 22
1457.85 23
1458 24
1458.15 25
1458.32 26
1458.49 27
1458.66 28
1458.84 29
1459.02 30
