175.117 30
175.248 31
175.395 32
175.559 33
175.731 23
175.865 24
175.983 25
176.181 26
176.361 18
176.55 19
176.702 20
176.95 21
177.303 22
178.11 15
178.202 16
178.286 17
178.429 18
178.597 19
178.795 20
178.9 14
178.98 15
179.181 16
179.534 17
179.736 11
179.803 12
179.904 13
180.068 14
180.266 15
180.514 16
180.867 17
181.337 11
181.405 12
181.434 13
181.669 14
181.867 15
182.115 16
182.468 17
185.183 18
185.536 19
185.78 20
185.977 21
186.145 22
186.292 23
186.418 24
186.54 25
186.645 26
186.746 27
186.843 28
186.931 29
187.015 30
187.095 31
187.171 32
187.242 33
187.314 34
187.381 35
187.444 36
187.507 37
187.57 38
187.629 39
187.683 40
187.738 41
187.793 42
187.843 43
187.898 44
187.944 45
187.994 46
188.041 47
188.087 48
188.133 49
188.179 50
188.221 51
188.263 52
188.305 53
188.347 54
188.385 55
188.427 56
188.465 57
188.503 58
188.541 59
188.579 60
188.675 42
189.003 43
189.091 44
189.167 45
189.242 46
189.322 47
189.406 48
189.494 49
189.591 50
189.692 51
189.797 52
189.915 53
190.045 54
190.192 55
190.339 38
190.566 39
190.637 40
190.768 41
190.915 42
191.079 43
191.276 44
191.524 45
191.886 31
192.071 32
192.155 33
192.298 34
192.466 35
192.663 36
192.911 37
192.94 25
193.117 26
193.218 27
193.382 28
193.579 29
193.827 30
194.18 31
194.6 21
194.727 22
194.781 23
194.891 24
195.008 25
195.138 26
195.281 27
195.449 28
195.647 29
195.895 30
196.227 21
196.349 22
196.442 15
196.53 16
196.732 17
197.085 18
199.665 12
199.74 13
199.791 14
