10.1567 42
10.3016 43
10.4317 44
10.5495 45
10.6587 46
10.7589 47
10.8538 48
10.9431 49
11.0409 50
11.1067 51
11.1848 52
11.2615 53
11.3256 54
11.3938 55
11.4566 56
11.5205 57
11.5926 58
11.6385 59
11.703 60
11.7505 61
11.8135 62
11.8561 63
11.924 64
11.9583 65
12.0047 66
12.053 67
12.0997 68
12.1458 69
12.1882 70
12.2317 71
12.275 72
12.3164 73
12.3687 74
12.3983 75
12.4375 76
12.4791 77
12.5154 78
12.5528 79
12.5904 80
12.6267 81
12.6636 82
12.7066 83
12.7342 84
12.7676 85
12.802 86
12.8655 87
12.917 88
12.9654 89
12.9973 90
13.0288 91
13.0749 92
13.1085 93
13.1411 94
13.18 95
13.207 96
13.2354 97
13.2645 98
13.2922 99
13.3197 100
13.3482 101
13.3749 102
13.4026 103
13.4323 104
13.4596 105
13.4869 106
13.5142 107
13.5445 108
13.5729 109
13.6055 110
13.6342 111
13.6583 112
13.6835 113
13.7077 114
13.7319 115
13.756 116
13.7791 117
13.8023 118
13.8264 119
13.8496 120
13.8738 121
13.899 122
13.9242 123
13.9495 124
13.9747 125
14.0009 126
14.0272 127
14.0503 128
14.0713 129
14.0934 130
14.1155 131
14.1375 132
14.1606 133
14.1838 134
14.2078 135
14.231 136
14.2541 137
14.2773 138
14.2983 139
14.3182 140
14.3382 141
14.3592 142
14.3802 143
14.3885 100
14.5487 101
14.5497 102
14.5718 103
14.6254 104
14.6714 105
14.7124 106
14.7544 107
14.7969 108
14.8361 109
14.8848 110
14.93 111
14.971 112
15.0246 113
15.0687 114
15.1223 115
15.1685 116
15.2252 117
15.2714 118
15.3334 119
15.3906 120
15.4384 121
15.5015 122
15.5656 123
15.6297 124
15.6948 125
15.7614 126
15.8276 127
15.8938 128
15.9611 129
16.0283 130
16.0966 131
16.1754 132
16.27 133
16.3708 134
16.4444 135
16.5862 136
16.7281 137
16.8016 138
16.9466 139
17.0926 140
17.2397 141
17.4835 142
17.8365 143
17.8639 100
18.0226 101
18.0237 102
18.0247 103
18.0269 104
18.0657 105
18.1046 106
18.187 107
18.228 108
18.2711 109
18.3153 110
18.3731 111
18.4323 112
18.4912 113
18.5469 114
18.5899 115
18.6467 116
18.6908 117
18.7518 118
18.8086 119
18.8564 120
18.9204 121
18.9834 122
19.0265 123
19.0906 124
19.1557 125
19.2209 126
19.2871 127
19.3533 128
19.4205 129
19.4878 130
19.5602 131
19.6496 132
19.7441 133
19.8349 134
19.9538 135
