5.00448 42
5.01078 42
5.01709 42
5.02339 42
5.02969 42
5.036 42
5.0423 43
5.04861 43
5.05491 43
5.06121 43
5.06752 43
5.07382 43
5.08013 43
5.08643 43
5.09273 43
5.09904 43
5.10534 43
5.11165 43
5.11795 43
5.12425 43
5.13056 43
5.13686 43
5.14317 43
5.14947 43
5.15577 43
5.16208 43
5.16838 43
5.17469 43
5.18099 43
5.18729 43
5.1936 43
5.1999 43
5.20621 43
5.21251 43
5.21881 43
5.22512 43
5.23142 43
5.23773 43
5.24403 43
5.25033 43
5.25664 43
5.28763 20
5.55323 20
5.55954 20
5.56584 20
5.57214 20
5.57845 20
5.58475 20
5.59106 20
5.59736 20
5.60366 20
5.60997 20
5.61627 20
5.62258 20
5.62888 20
5.63518 20
5.64149 20
5.64779 20
5.6541 20
5.6604 20
5.6667 20
5.67301 20
5.67931 21
5.68562 21
5.69192 21
5.69822 21
5.70453 21
5.71083 21
5.71714 21
5.72344 21
5.72974 21
5.73605 21
5.74235 21
5.74866 21
5.75496 21
5.76126 21
5.76757 21
5.77387 21
5.78018 21
5.78648 21
5.79278 21
5.79909 21
5.80539 21
5.8117 21
5.818 22
5.8243 22
5.83061 22
5.83691 22
5.84322 22
5.84952 22
5.85582 22
5.86213 22
5.86843 22
5.87474 22
5.88104 22
5.88734 22
5.89365 22
5.89995 22
5.90626 22
5.91256 22
5.91886 22
5.92517 22
5.93147 22
5.93778 22
5.94408 22
5.95038 22
5.95669 23
5.96299 23
5.9693 23
5.9756 23
5.9819 23
5.98821 23
5.99451 23
6.00082 23
6.00712 23
6.01369 23
6.02037 23
6.02692 23
6.03349 23
6.04004 23
6.04672 23
6.05302 23
6.05983 23
6.06664 23
6.07307 23
6.0795 23
6.08593 23
6.09223 23
6.09853 23
6.10484 23
6.1114 24
6.11783 24
6.12438 24
6.1312 24
6.13825 24
6.14544 24
6.15212 24
6.15868 24
6.16524 24
6.17204 24
6.17847 24
6.18504 24
6.19159 24
6.19853 24
6.20532 24
6.21213 24
6.21844 24
6.22487 24
6.23118 24
6.2376 24
6.24427 24
6.2507 24
6.25739 24
6.26407 24
6.27075 24
6.27781 25
6.2845 25
6.29156 25
6.2985 25
6.30493 25
6.31161 25
6.31829 25
6.32472 25
6.3314 25
6.33796 25
6.3449 25
6.35158 25
6.35838 25
6.36508 25
6.37151 25
6.37781 25
6.38424 25
6.3908 25
6.39736 25
6.40403 25
6.41059 25
6.41752 25
6.42395 25
6.43088 25
6.4377 25
6.44476 26
6.45132 26
6.45787 26
6.46443 26
6.47111 26
6.47766 26
6.48421 26
6.4909 26
6.49771 26
6.50427 26
6.5112 26
6.51826 26
6.52507 26
6.53149 26
6.53804 26
6.54448 26
6.55117 26
6.5576 26
6.56403 26
6.57071 26
6.57764 26
6.60934 11
6.85067 11
6.85698 11
6.86328 11
6.86959 11
6.87589 11
6.88219 12
6.8885 12
6.8948 12
6.90111 12
6.90741 12
6.96879 12
6.9751 12
6.9814 12
6.9877 12
6.99401 12
7.00031 12
7.00662 12
7.01292 12
7.01922 13
7.02553 13
7.03183 13
7.03814 13
7.08114 13
7.08745 13
7.09375 13
7.10005 13
7.10636 13
7.11266 13
7.11897 13
7.12527 13
7.13158 13
7.13788 14
7.14419 14
7.15049 14
7.15679 14
7.19045 14
7.19676 14
7.20306 14
7.20949 14
7.21605 14
7.2226 14
7.2293 14
7.23585 14
7.24216 14
7.24846 14
7.25477 14
7.26107 15
7.26737 15
7.27392 15
7.30079 15
7.30709 15
7.3134 15
7.31983 15
7.32675 15
7.33418 15
7.34213 15
7.34907 15
7.35537 15
7.3618 15
7.36811 15
7.37466 15
7.38121 16
7.3879 16
7.3947 16
7.41515 16
7.42145 16
7.42775 16
7.43406 16
7.44159 16
7.44932 16
7.45801 16
7.46619 16
7.47287 16
7.47918 16
7.48586 16
7.49291 16
7.49973 16
7.50654 16
7.51334 17
7.52003 17
7.5349 17
7.54134 17
7.54764 17
7.55395 17
7.56188 17
7.56946 17
7.57968 17
7.58837 17
7.59507 17
7.60162 17
7.60893 17
7.61599 17
7.62317 17
7.63122 17
7.63905 17
7.64573 17
7.6524 18
7.66099 18
7.66768 18
7.6741 18
7.68053 18
7.68824 18
7.69677 18
7.70776 18
7.71732 18
7.72478 18
7.73197 18
7.7393 18
7.74648 18
7.75428 18
7.76312 18
7.77168 18
7.77899 18
7.78595 18
7.79263 19
7.79943 19
7.80599 19
7.81254 19
7.81897 19
7.82528 19
7.8321 19
7.84304 19
7.85327 19
7.8616 19
7.86916 19
7.87672 19
7.88528 19
7.89312 19
7.90267 19
7.91226 19
7.91984 19
7.92691 19
7.93397 19
7.94091 19
7.94759 20
7.95414 20
7.96057 20
7.96688 20
7.97344 20
7.98037 20
7.98717 20
7.99799 20
8.0071 20
8.01515 20
8.02285 20
8.03241 20
8.0405 20
8.05009 20
8.06068 20
8.06862 20
8.07654 20
8.08399 20
8.09118 20
8.09873 20
8.10541 21
8.11185 21
8.11815 21
8.12445 21
8.131 21
8.13781 21
8.14463 21
8.15118 21
8.16102 21
8.16934 21
8.17642 21
8.18588 21
8.19442 21
8.2037 21
8.2138 21
8.24406 9
8.39325 9
8.45428 9
8.4611 9
8.4689 9
8.4771 10
8.48544 10
8.49426 10
8.50724 10
8.51355 10
8.51985 10
8.57054 10
8.5771 10
8.58403 10
8.59272 10
8.59928 10
8.60558 11
8.612 11
8.6231 11
8.62954 11
8.63584 11
8.68174 11
8.68804 11
8.69485 11
8.70356 11
8.71048 11
8.71729 11
8.72411 12
8.73079 12
8.73747 12
8.74415 12
8.75046 12
8.79241 12
8.79897 12
8.80603 12
8.81488 12
8.82267 12
8.82989 12
8.83731 12
8.84438 12
8.85131 13
8.85787 13
8.86442 13
8.87085 13
8.90638 13
8.91348 13
8.9204 13
8.92899 13
8.9378 13
8.9455 13
8.9537 13
8.96112 13
8.96845 13
8.97526 14
8.98182 14
8.98838 14
8.99506 14
9.02494 14
9.03199 14
9.03905 14
9.04838 14
9.05797 14
9.06565 14
9.07497 14
9.08305 14
9.09099 14
9.09878 14
9.10534 14
9.11215 15
9.11883 15
9.12538 15
9.14938 15
9.15753 15
9.16476 15
9.17419 15
9.18468 15
9.19249 15
9.20295 15
9.21178 15
9.2196 15
9.22829 15
9.23486 15
9.24227 15
9.24908 16
9.25564 16
9.26219 16
9.28138 16
9.2897 16
9.29778 16
9.30735 16
9.31856 16
9.32663 16
9.33824 16
9.34742 16
9.35613 16
9.36522 16
9.37189 16
9.37945 16
9.3865 16
9.39319 16
9.39987 17
9.40643 17
9.42069 17
9.4304 17
9.43872 17
9.44904 17
9.46052 17
9.46961 17
9.4817 17
9.49205 17
9.5005 17
9.51083 17
9.51752 17
9.52534 17
9.53265 17
9.53971 17
9.54665 17
9.55333 17
9.55975 18
9.56871 18
9.57943 18
9.58836 18
9.59934 18
9.61169 18
9.62052 18
9.63364 18
9.64522 18
9.65393 18
9.66478 18
9.67206 18
9.67963 18
9.68645 18
9.69375 18
9.70081 18
9.7081 18
9.71453 18
9.72083 19
9.72714 19
9.73409 19
9.74279 19
9.75399 19
9.766 19
9.77419 19
9.78776 19
9.79985 19
9.80904 19
9.81982 19
9.82775 19
9.83556 19
9.84221 19
9.87013 8
9.99916 8
