175.006 33
175.013 33
175.019 33
175.025 34
175.031 34
175.038 34
175.044 34
175.05 34
175.057 34
175.063 34
175.069 34
175.076 34
175.082 34
175.088 34
175.095 34
175.101 34
175.107 34
175.113 34
175.12 34
175.126 34
175.132 34
175.139 34
175.145 34
175.151 34
175.158 34
175.164 34
175.17 34
175.176 34
175.183 34
175.189 34
175.195 34
175.202 34
175.208 34
175.214 34
175.221 34
175.227 34
175.233 34
175.239 34
175.246 35
175.252 35
175.258 35
175.265 35
175.271 35
175.277 35
175.284 35
175.29 35
175.296 35
175.303 35
175.309 35
175.315 35
175.321 35
175.328 35
175.334 35
175.34 35
175.347 35
175.353 35
175.359 35
175.366 35
175.372 35
175.378 35
175.384 35
175.391 35
175.397 35
175.403 35
175.41 35
175.416 35
175.422 35
175.429 35
175.435 35
175.441 35
175.448 35
175.454 35
175.46 35
175.466 35
175.473 36
175.479 36
175.485 36
175.492 36
175.498 36
175.504 36
175.511 36
175.517 36
175.523 36
175.529 36
175.536 36
175.542 36
175.548 36
175.555 36
175.561 36
175.567 36
175.574 36
175.58 36
175.586 36
175.593 36
175.599 36
175.605 36
175.611 36
175.618 36
175.624 36
175.63 36
175.637 36
175.643 36
175.649 36
175.656 36
175.662 36
175.668 36
175.674 36
175.681 36
175.687 36
175.693 36
175.7 36
175.706 37
175.712 37
175.719 37
175.725 37
175.731 37
175.738 37
175.744 37
175.75 37
175.756 37
175.763 37
175.769 37
175.775 37
175.782 37
175.788 37
175.794 37
175.801 37
175.807 37
175.813 37
175.819 37
175.826 37
175.832 37
175.838 37
175.845 37
175.851 37
175.857 37
175.864 37
175.87 37
175.876 37
175.883 37
175.889 37
175.895 37
175.901 37
175.908 37
175.914 37
175.92 37
175.927 37
175.933 37
175.939 37
175.946 38
175.952 38
175.958 38
175.964 38
175.971 38
175.977 38
175.983 38
175.99 38
175.996 38
176.002 38
176.009 38
176.015 38
176.021 38
176.027 38
176.034 38
176.04 38
176.046 38
176.053 38
176.059 38
176.065 38
176.072 38
176.078 38
176.084 38
176.091 38
176.097 38
176.103 38
176.109 38
176.116 38
176.122 38
176.128 38
176.135 38
176.141 38
176.147 38
176.154 38
176.16 38
176.166 38
176.172 38
176.179 38
176.185 38
176.191 39
176.198 39
176.204 39
176.21 39
176.217 39
176.223 39
176.229 39
176.236 39
176.242 39
176.248 39
176.254 39
176.261 39
176.267 39
176.274 39
176.28 39
176.286 39
176.293 39
176.299 39
176.305 39
176.312 39
176.318 39
176.324 39
176.331 39
176.337 39
176.343 39
176.35 39
176.356 39
176.362 39
176.368 39
176.375 39
176.381 39
176.387 39
176.394 39
176.4 39
176.406 39
176.413 39
176.419 39
176.425 39
176.431 39
176.438 39
176.444 40
176.45 40
176.457 40
176.463 40
176.469 40
176.476 40
176.482 40
176.488 40
176.494 40
176.501 40
176.507 40
176.513 40
176.52 40
176.526 40
176.532 40
176.539 40
176.545 40
176.551 40
176.558 40
176.564 40
176.57 40
176.576 40
176.583 40
176.589 40
176.595 40
176.602 40
176.608 40
176.614 40
176.621 40
176.627 40
176.633 40
176.639 40
176.646 40
176.652 40
176.658 40
176.665 40
176.671 40
176.677 40
176.684 40
176.69 40
176.696 40
176.703 41
176.709 41
176.715 41
176.721 41
176.728 41
176.734 41
176.74 41
176.747 41
176.753 41
176.759 41
176.766 41
176.772 41
176.778 41
176.784 41
176.791 41
176.797 41
176.803 41
176.81 41
176.816 41
176.822 41
176.829 41
176.835 41
176.841 41
176.848 41
176.854 41
176.86 41
176.866 41
176.873 41
176.879 41
176.885 41
176.892 41
176.898 41
176.904 41
176.911 41
176.917 41
176.923 41
176.929 41
176.936 41
176.942 41
176.948 41
176.955 41
176.961 41
176.967 42
176.974 42
176.98 42
176.986 42
176.993 42
176.999 42
177.005 42
177.011 42
177.018 42
177.024 42
177.03 42
177.037 42
177.043 42
177.049 42
177.056 42
177.062 42
177.068 42
177.074 42
177.081 42
177.087 42
177.093 42
177.1 42
177.106 42
177.112 42
177.119 42
177.125 42
177.131 42
177.138 42
177.144 42
177.15 42
177.156 42
177.163 42
177.169 42
177.175 42
177.182 42
177.188 42
177.194 42
177.201 42
177.207 42
177.213 42
177.219 42
177.226 42
177.232 42
177.238 43
177.245 43
177.251 43
177.257 43
177.264 43
177.27 43
177.276 43
177.282 43
177.289 43
177.295 43
177.301 43
177.308 43
177.314 43
177.32 43
177.327 43
177.333 43
177.339 43
177.346 43
177.352 43
177.358 43
177.364 43
177.371 43
177.377 43
177.383 43
177.39 43
177.396 43
177.402 43
177.409 43
177.415 43
177.421 43
177.427 43
177.434 43
177.44 43
177.446 43
177.453 43
177.459 43
177.465 43
177.472 43
177.478 43
177.484 43
177.491 43
177.497 43
177.503 43
177.509 43
177.516 44
177.522 44
177.528 44
177.535 44
177.541 44
177.547 44
177.554 44
177.56 44
177.566 44
177.572 44
177.579 44
177.585 44
177.591 44
177.598 44
177.604 44
177.61 44
177.617 44
177.623 44
177.629 44
177.636 44
177.642 44
177.648 44
177.654 44
177.661 44
177.667 44
177.673 44
177.68 44
177.686 44
177.692 44
177.699 44
177.705 44
177.711 44
177.717 44
177.724 44
177.73 44
177.736 44
177.743 44
177.749 44
177.755 44
177.762 44
177.768 44
177.774 44
177.781 44
177.787 44
177.793 44
177.799 45
177.806 45
177.812 45
177.818 45
177.825 45
177.831 45
177.837 45
177.844 45
177.85 45
177.856 45
177.862 45
177.869 45
177.875 45
177.881 45
177.888 45
177.894 45
177.9 45
177.907 45
177.913 45
177.919 45
177.926 45
177.951 21
178.228 21
178.234 21
178.241 21
178.247 21
178.253 21
178.26 21
178.266 21
178.272 21
178.279 21
178.285 21
178.291 22
178.297 22
178.304 22
178.31 22
178.316 22
178.323 22
178.329 22
178.335 22
178.342 22
178.348 22
178.354 22
178.36 22
178.367 22
178.373 22
178.379 22
178.386 22
178.392 22
178.398 22
178.405 22
178.411 22
178.417 22
178.424 22
178.43 22
178.436 23
178.442 23
178.449 23
178.455 23
178.461 23
178.468 23
178.474 23
178.48 23
178.487 23
178.493 23
178.499 23
178.505 23
178.512 23
178.518 23
178.524 23
178.531 23
178.537 23
178.543 23
178.55 23
178.556 23
178.562 23
178.569 23
178.575 23
178.581 23
178.587 24
178.594 24
178.6 24
178.606 24
178.613 24
178.619 24
178.625 24
178.632 24
178.638 24
178.644 24
178.65 24
178.657 24
178.663 24
178.669 24
178.676 24
178.682 24
178.688 24
178.695 24
178.701 24
178.707 24
178.714 24
178.72 24
178.726 24
178.732 24
178.739 25
178.745 25
178.751 25
178.758 25
178.764 25
178.77 25
178.777 25
178.783 25
178.789 25
178.795 25
178.802 25
178.808 25
178.814 25
178.821 25
178.827 25
178.833 25
178.84 25
178.846 25
178.852 25
178.858 25
178.865 25
178.871 25
178.877 25
178.884 25
178.89 25
178.896 25
178.903 26
178.909 26
178.915 26
178.922 26
178.928 26
178.934 26
178.94 26
178.947 26
178.953 26
178.959 26
178.966 26
178.972 26
178.978 26
178.985 26
178.991 26
178.997 26
179.003 26
179.01 26
179.016 26
179.022 26
179.029 26
179.035 26
179.041 26
179.048 26
179.054 26
179.06 26
179.067 26
179.073 27
179.079 27
179.085 27
179.092 27
179.098 27
179.104 27
179.111 27
179.117 27
179.123 27
179.13 27
179.136 27
179.142 27
179.148 27
179.155 27
179.161 27
179.167 27
179.174 27
179.18 27
179.188 27
179.194 27
179.201 27
179.208 27
179.214 27
179.221 27
179.227 27
179.234 27
179.24 27
179.247 27
179.254 28
179.26 28
179.267 28
179.273 28
179.28 28
179.287 28
179.293 28
179.3 28
179.307 28
179.313 28
179.32 28
179.327 28
179.334 28
179.341 28
179.347 28
179.354 28
179.361 28
179.367 28
179.374 28
179.381 28
179.387 28
179.394 28
179.4 28
179.407 28
179.414 28
179.42 28
179.427 28
179.434 28
179.441 29
179.447 29
179.454 29
179.46 29
179.467 29
179.474 29
179.48 29
179.487 29
179.494 29
179.5 29
179.507 29
179.513 29
179.52 29
179.526 29
179.532 29
179.539 29
179.546 29
179.552 29
179.559 29
179.565 29
179.572 29
179.578 29
179.585 29
179.591 29
179.599 29
179.605 29
179.612 29
179.618 29
179.624 29
179.631 29
179.637 30
179.643 30
179.65 30
179.656 30
179.662 30
179.669 30
179.675 30
179.681 30
179.688 30
179.694 30
179.7 30
179.706 30
179.713 30
179.719 30
179.725 30
179.732 30
179.738 30
179.744 30
179.751 30
179.757 30
179.763 30
179.769 30
179.776 30
179.782 30
179.788 30
179.795 30
179.801 30
179.807 30
179.814 30
179.82 30
179.826 30
179.833 31
179.839 31
179.845 31
179.851 31
179.858 31
179.864 31
179.87 31
179.877 31
179.883 31
179.889 31
179.896 31
179.902 31
179.908 31
179.914 31
179.921 31
179.927 31
179.933 31
179.94 31
179.946 31
179.952 31
179.959 31
179.965 31
179.971 31
179.977 31
179.984 31
179.99 31
179.996 31
180.003 31
180.009 31
180.015 31
180.022 31
180.028 31
180.034 32
180.041 32
180.047 32
180.053 32
180.059 32
180.066 32
180.072 32
180.078 32
180.085 32
180.091 32
180.097 32
180.104 32
180.11 32
180.116 32
180.122 32
180.129 32
180.135 32
180.141 32
180.148 32
180.154 32
180.16 32
180.167 32
180.173 32
180.179 32
180.186 32
180.192 32
180.198 32
180.204 32
180.211 32
180.217 32
180.223 32
180.23 32
180.236 32
180.242 33
180.249 33
180.255 33
180.261 33
180.267 33
180.274 33
180.28 33
180.286 33
180.293 33
180.299 33
180.305 33
180.312 33
180.318 33
180.324 33
180.331 33
180.337 33
180.343 33
180.349 33
180.356 33
180.362 33
180.368 33
180.375 33
180.381 33
180.387 33
180.394 33
180.4 33
180.406 33
180.412 33
180.419 33
180.425 33
180.431 33
180.438 33
180.444 33
180.45 34
180.457 34
180.463 34
180.469 34
180.476 34
180.482 34
180.488 34
180.494 34
180.501 34
180.507 34
180.513 34
180.52 34
180.526 34
180.532 34
180.539 34
180.545 34
180.551 34
180.557 34
180.564 34
180.57 34
180.576 34
180.583 34
180.589 34
180.595 34
180.602 34
180.608 34
180.614 34
180.621 34
180.627 34
180.633 34
180.639 34
180.646 34
180.652 34
180.658 34
180.665 34
180.671 35
180.677 35
180.684 35
180.69 35
180.696 35
180.702 35
180.709 35
180.715 35
180.721 35
180.728 35
180.734 35
180.74 35
180.747 35
180.753 35
180.759 35
180.765 35
180.772 35
180.778 35
180.784 35
180.791 35
180.797 35
180.803 35
180.81 35
180.816 35
180.822 35
180.829 35
180.835 35
180.841 35
180.847 35
180.854 35
180.86 35
180.866 35
180.873 35
180.879 35
180.885 35
180.892 35
180.898 36
180.904 36
180.91 36
180.917 36
180.923 36
180.929 36
180.936 36
180.942 36
180.948 36
180.955 36
180.961 36
180.967 36
180.974 36
180.98 36
180.986 36
180.992 36
180.999 36
181.005 36
181.011 36
181.018 36
181.024 36
181.03 36
181.037 36
181.043 36
181.049 36
181.055 36
181.062 36
181.068 36
181.074 36
181.081 36
181.087 36
181.093 36
181.1 36
181.106 36
181.112 36
181.119 36
181.125 36
181.131 37
181.137 37
181.144 37
181.15 37
181.156 37
181.163 37
181.169 37
181.175 37
181.182 37
181.188 37
181.194 37
181.2 37
181.207 37
181.213 37
181.219 37
181.226 37
181.232 37
181.238 37
181.245 37
181.251 37
181.257 37
181.264 37
181.27 37
181.276 37
181.282 37
181.289 37
181.295 37
181.301 37
181.308 37
181.314 37
181.32 37
181.346 17
181.573 17
181.579 17
181.586 17
181.592 17
181.598 17
181.605 17
181.611 17
181.617 17
181.623 18
181.63 18
181.636 18
181.642 18
181.649 18
181.655 18
181.661 18
181.668 18
181.674 18
181.68 18
181.686 18
181.693 18
181.699 18
181.705 18
181.712 18
181.718 18
181.724 18
181.731 18
181.737 18
181.743 19
181.75 19
181.756 19
181.762 19
181.768 19
181.775 19
181.781 19
181.787 19
181.794 19
181.8 19
181.806 19
181.813 19
181.819 19
181.825 19
181.831 19
181.838 19
181.844 19
181.85 19
181.857 19
181.863 19
181.869 20
181.876 20
181.882 20
181.888 20
181.894 20
181.901 20
181.907 20
181.913 20
181.92 20
181.926 20
181.932 20
181.939 20
181.945 20
181.951 20
181.958 20
181.964 20
181.97 20
181.976 20
181.983 20
181.989 20
181.995 21
182.002 21
182.008 21
182.014 21
182.021 21
182.027 21
182.033 21
182.039 21
182.046 21
182.052 21
182.058 21
182.065 21
182.071 21
182.077 21
182.084 21
182.09 21
182.096 21
182.103 21
182.109 21
182.115 21
182.121 21
182.128 21
182.134 22
182.14 22
182.147 22
182.153 22
182.159 22
182.166 22
182.173 22
182.179 22
182.186 22
182.193 22
182.2 22
182.207 22
182.213 22
182.22 22
182.227 22
182.234 22
182.241 22
182.247 22
182.254 22
182.261 22
182.267 22
182.274 22
182.281 23
182.288 23
182.294 23
182.301 23
182.308 23
182.315 23
182.321 23
182.328 23
182.334 23
182.341 23
182.348 23
182.355 23
182.362 23
182.368 23
182.375 23
182.381 23
182.388 23
182.395 23
182.401 23
182.408 23
182.415 23
182.422 23
182.428 23
182.435 23
182.441 24
182.448 24
182.455 24
182.462 24
182.468 24
182.475 24
182.482 24
182.489 24
182.495 24
182.502 24
182.509 24
182.515 24
182.522 24
182.529 24
182.535 24
182.542 24
182.549 24
182.556 24
182.563 24
182.569 24
182.576 24
182.583 24
182.589 24
182.596 24
182.602 24
182.609 25
182.615 25
182.622 25
182.629 25
182.635 25
182.642 25
182.649 25
182.655 25
182.662 25
182.668 25
182.675 25
182.682 25
182.688 25
182.695 25
182.702 25
182.709 25
182.715 25
182.722 25
182.729 25
182.735 25
182.742 25
182.748 25
182.755 25
182.761 25
182.768 25
182.775 25
182.782 26
182.788 26
182.795 26
182.802 26
182.808 26
182.815 26
182.822 26
182.828 26
182.835 26
182.842 26
182.848 26
182.855 26
182.862 26
182.868 26
182.875 26
182.882 26
182.888 26
182.895 26
182.901 26
182.908 26
182.914 26
182.921 26
182.927 26
182.934 26
182.941 26
182.948 26
182.954 27
182.961 27
182.968 27
182.974 27
182.981 27
182.987 27
182.994 27
183.001 27
183.007 27
183.013 27
183.019 27
183.026 27
183.032 27
183.038 27
183.045 27
183.051 27
183.057 27
183.064 27
183.07 27
183.076 27
183.082 27
183.089 27
183.095 27
183.101 27
183.108 27
183.114 27
183.12 27
183.127 27
183.133 28
183.139 28
183.146 28
183.152 28
183.158 28
183.165 28
183.171 28
183.177 28
183.183 28
183.19 28
183.196 28
183.202 28
183.209 28
183.215 28
183.221 28
183.228 28
183.234 28
183.24 28
183.247 28
183.253 28
183.259 28
183.265 28
183.272 28
183.278 28
183.284 28
183.291 28
183.297 28
183.303 28
183.31 28
183.316 29
183.322 29
183.328 29
183.335 29
183.341 29
183.347 29
183.354 29
183.36 29
183.366 29
183.373 29
183.379 29
183.385 29
183.392 29
183.398 29
183.404 29
183.41 29
183.417 29
183.423 29
183.429 29
183.436 29
183.442 29
183.448 29
183.455 29
183.461 29
183.467 29
183.473 29
183.48 29
183.486 29
183.492 29
183.499 30
183.505 30
183.511 30
183.518 30
183.524 30
183.53 30
183.536 30
183.543 30
183.549 30
183.555 30
183.562 30
183.568 30
183.574 30
183.581 30
183.587 30
183.593 30
183.6 30
183.606 30
183.612 30
183.618 30
183.625 30
183.631 30
183.637 30
183.644 30
183.65 30
183.656 30
183.663 30
183.669 30
183.675 30
183.681 30
183.688 30
183.694 31
183.7 31
183.707 31
183.713 31
183.719 31
183.726 31
183.732 31
183.738 31
183.745 31
183.751 31
183.757 31
183.763 31
183.77 31
183.776 31
183.782 31
183.789 31
183.795 31
183.801 31
183.808 31
183.814 31
183.82 31
183.826 31
183.833 31
183.839 31
183.845 31
183.852 31
183.858 31
183.864 31
183.871 31
183.877 31
183.883 31
183.89 31
183.896 32
183.902 32
183.908 32
183.915 32
183.921 32
183.927 32
183.934 32
183.94 32
183.946 32
183.953 32
183.959 32
183.965 32
183.971 32
183.978 32
183.984 32
183.99 32
183.997 32
184.003 32
184.009 32
184.016 32
184.022 32
184.028 32
184.035 32
184.041 32
184.047 32
184.053 32
184.06 32
184.066 32
184.072 32
184.079 32
184.085 32
184.091 32
184.098 32
184.104 33
184.11 33
184.116 33
184.123 33
184.129 33
184.135 33
184.142 33
184.148 33
184.154 33
184.161 33
184.167 33
184.173 33
184.18 33
184.186 33
184.192 33
184.198 33
184.205 33
184.211 33
184.217 33
184.224 33
184.23 33
184.236 33
184.243 33
184.249 33
184.255 33
184.261 33
184.268 33
184.274 33
184.28 33
184.287 33
184.293 33
184.299 33
184.306 33
184.312 33
184.318 34
184.324 34
184.331 34
184.337 34
184.343 34
184.35 34
184.356 34
184.362 34
184.369 34
184.375 34
184.381 34
184.388 34
184.394 34
184.4 34
184.406 34
184.413 34
184.419 34
184.425 34
184.432 34
184.438 34
184.444 34
184.451 34
184.457 34
184.463 34
184.469 34
184.476 34
184.482 34
184.488 34
184.495 34
184.501 34
184.507 34
184.514 34
184.52 34
184.526 34
184.533 34
184.539 35
184.545 35
184.551 35
184.558 35
184.564 35
184.57 35
184.577 35
184.583 35
184.589 35
184.596 35
184.602 35
184.608 35
184.614 35
184.621 35
184.627 35
184.633 35
184.64 35
184.646 35
184.652 35
184.659 35
184.665 35
184.671 35
184.678 35
184.684 35
184.69 35
184.696 35
184.703 35
184.709 35
184.715 35
184.722 35
184.728 35
184.734 35
184.741 35
184.747 35
184.753 35
184.759 35
184.766 36
184.772 36
184.778 36
184.785 36
184.791 36
184.797 36
184.804 36
184.81 36
184.816 36
184.823 36
184.829 36
184.835 36
184.841 36
184.848 36
184.854 36
184.86 36
184.867 36
184.873 36
184.879 36
184.886 36
184.892 36
184.898 36
184.904 36
184.911 36
184.917 36
184.923 36
184.93 36
184.936 36
184.942 36
184.949 36
184.955 36
184.961 36
184.968 36
184.974 36
184.98 36
184.986 36
184.993 36
184.999 37
185.005 37
185.012 37
185.018 37
185.024 37
185.031 37
185.037 37
185.043 37
185.049 37
185.056 37
185.062 37
185.068 37
185.075 37
185.081 37
185.087 37
185.094 37
185.1 37
185.106 37
185.112 37
185.119 37
185.125 37
185.131 37
185.138 37
185.144 37
185.15 37
185.157 37
185.163 37
185.169 37
185.176 37
185.182 37
185.188 37
185.194 37
185.201 37
185.207 37
185.213 37
185.22 37
185.226 37
185.232 37
185.239 38
185.245 38
185.251 38
185.257 38
185.264 38
185.27 38
185.276 38
185.283 38
185.289 38
185.295 38
185.302 38
185.308 38
185.314 38
185.321 38
185.327 38
185.333 38
185.339 38
185.346 38
185.352 38
185.358 38
185.365 38
185.371 38
185.377 38
185.384 38
185.39 38
185.396 38
185.402 38
185.409 38
185.415 38
185.421 38
185.428 38
185.434 38
185.44 38
185.447 38
185.453 38
185.459 38
185.466 38
185.472 38
185.478 38
185.484 39
185.491 39
185.497 39
185.503 39
185.51 39
185.516 39
185.522 39
185.529 39
185.535 39
185.541 39
185.547 39
185.554 39
185.56 39
185.566 39
185.573 39
185.579 39
185.585 39
185.592 39
185.598 39
185.604 39
185.611 39
185.617 39
185.623 39
185.629 39
185.636 39
185.642 39
185.648 39
185.655 39
185.661 39
185.667 39
185.674 39
185.68 39
185.686 39
185.692 39
185.699 39
185.705 39
185.711 39
185.718 39
185.724 39
185.73 39
185.737 40
185.743 40
185.749 40
185.756 40
185.762 40
185.768 40
185.774 40
185.781 40
185.787 40
185.793 40
185.8 40
185.806 40
185.812 40
185.819 40
185.825 40
185.831 40
185.837 40
185.844 40
185.85 40
185.856 40
185.863 40
185.869 40
185.875 40
185.882 40
185.888 40
185.894 40
185.9 40
185.907 40
185.913 40
185.919 40
185.926 40
185.932 40
185.938 40
185.945 40
185.951 40
185.957 40
185.964 40
185.97 40
185.976 40
185.982 40
185.989 40
185.995 41
186.001 41
186.008 41
186.014 41
186.02 41
186.027 41
186.033 41
186.039 41
186.045 41
186.052 41
186.058 41
186.064 41
186.071 41
186.077 41
186.083 41
186.09 41
186.096 41
186.102 41
186.109 41
186.115 41
186.121 41
186.127 41
186.134 41
186.14 41
186.146 41
186.153 41
186.159 41
186.165 41
186.172 41
186.178 41
186.184 41
186.19 41
186.197 41
186.203 41
186.209 41
186.216 41
186.222 41
186.228 41
186.235 41
186.241 41
186.247 41
186.254 41
186.26 42
186.266 42
186.272 42
186.279 42
186.285 42
186.291 42
186.298 42
186.304 42
186.31 42
186.317 42
186.323 42
186.329 42
186.336 42
186.342 42
186.348 42
186.355 42
186.361 42
186.385 20
186.65 20
186.656 20
186.662 20
186.669 20
186.675 20
186.681 20
186.688 20
186.694 20
186.7 20
186.707 20
186.713 20
186.719 20
186.726 20
186.732 20
186.738 20
186.744 20
186.751 20
186.757 20
186.763 20
186.77 20
186.776 21
186.782 21
186.789 21
186.795 21
186.801 21
186.807 21
186.814 21
186.82 21
186.826 21
186.833 21
186.839 21
186.845 21
186.852 21
186.858 21
186.864 21
186.87 21
186.877 21
186.883 21
186.889 21
186.896 21
186.902 21
186.908 21
186.915 22
186.921 22
186.927 22
186.934 22
186.94 22
186.946 22
186.952 22
186.959 22
186.965 22
186.971 22
186.978 22
186.984 22
186.99 22
186.997 22
187.003 22
187.009 22
187.015 22
187.022 22
187.028 22
187.034 22
187.041 22
187.047 22
187.053 23
187.06 23
187.066 23
187.072 23
187.079 23
187.085 23
187.091 23
187.097 23
187.104 23
187.11 23
187.116 23
187.123 23
187.129 23
187.135 23
187.142 23
187.148 23
187.154 23
187.16 23
187.167 23
187.173 23
187.179 23
187.186 23
187.192 23
187.198 23
187.205 24
187.211 24
187.217 24
187.224 24
187.23 24
187.236 24
187.242 24
187.249 24
187.255 24
187.261 24
187.268 24
187.274 24
187.28 24
187.287 24
187.293 24
187.299 24
187.305 24
187.312 24
187.318 24
187.324 24
187.331 24
187.337 24
187.343 24
187.35 24
187.356 24
187.362 25
187.369 25
187.375 25
187.381 25
187.387 25
187.394 25
187.4 25
187.406 25
187.413 25
187.419 25
187.425 25
187.432 25
187.438 25
187.444 25
187.45 25
187.457 25
187.463 25
187.469 25
187.476 25
187.482 25
187.489 25
187.496 25
187.502 25
187.509 25
187.516 25
187.522 26
187.529 26
187.536 26
187.542 26
187.549 26
187.556 26
187.563 26
187.569 26
187.576 26
187.583 26
187.589 26
187.596 26
187.603 26
187.609 26
187.616 26
187.623 26
187.629 26
187.636 26
187.643 26
187.649 26
187.656 26
187.663 26
187.669 26
187.676 26
187.682 26
187.689 26
187.696 26
187.703 27
187.71 27
187.717 27
187.723 27
187.73 27
187.737 27
187.743 27
187.75 27
187.756 27
187.763 27
187.77 27
187.776 27
187.783 27
187.789 27
187.796 27
187.803 27
187.809 27
187.816 27
187.823 27
187.829 27
187.836 27
187.843 27
187.849 27
187.856 27
187.863 27
187.869 27
187.876 27
187.883 27
187.889 28
187.896 28
187.903 28
187.909 28
187.916 28
187.922 28
187.928 28
187.935 28
187.942 28
187.948 28
187.955 28
187.962 28
187.968 28
187.975 28
187.982 28
187.988 28
187.995 28
188.001 28
188.008 28
188.015 28
188.021 28
188.027 28
188.034 28
188.04 28
188.046 28
188.053 28
188.059 28
188.065 28
188.071 28
188.078 29
188.084 29
188.09 29
188.097 29
188.103 29
188.11 29
188.116 29
188.122 29
188.128 29
188.135 29
188.141 29
188.147 29
188.154 29
188.16 29
188.166 29
188.173 29
188.179 29
188.185 29
188.192 29
188.198 29
188.204 29
188.211 29
188.217 29
188.223 29
188.229 29
188.236 29
188.242 29
188.248 29
188.255 29
188.261 30
188.267 30
188.274 30
188.28 30
188.286 30
188.292 30
188.299 30
188.305 30
188.311 30
188.318 30
188.324 30
188.33 30
188.337 30
188.343 30
188.349 30
188.355 30
188.362 30
188.368 30
188.374 30
188.381 30
188.387 30
188.393 30
188.4 30
188.406 30
188.412 30
188.419 30
188.425 30
188.431 30
188.437 30
188.444 30
188.45 30
188.456 31
188.463 31
188.469 31
188.475 31
188.482 31
188.488 31
188.494 31
188.5 31
188.507 31
188.513 31
188.519 31
188.526 31
188.532 31
188.538 31
188.545 31
188.551 31
188.557 31
188.564 31
188.57 31
188.576 31
188.582 31
188.589 31
188.595 31
188.601 31
188.608 31
188.614 31
188.62 31
188.627 31
188.633 31
188.639 31
188.645 31
188.652 31
188.658 32
188.664 32
188.671 32
188.677 32
188.683 32
188.69 32
188.696 32
188.702 32
188.709 32
188.715 32
188.721 32
188.727 32
188.734 32
188.74 32
188.746 32
188.753 32
188.759 32
188.765 32
188.772 32
188.778 32
188.784 32
188.79 32
188.797 32
188.803 32
188.809 32
188.816 32
188.822 32
188.828 32
188.835 32
188.841 32
188.847 32
188.854 32
188.86 32
188.866 33
188.872 33
188.879 33
188.885 33
188.891 33
188.898 33
188.904 33
188.91 33
188.917 33
188.923 33
188.929 33
188.935 33
188.942 33
188.948 33
188.954 33
188.961 33
188.967 33
188.973 33
188.98 33
188.986 33
188.992 33
188.999 33
189.005 33
189.011 33
189.017 33
189.024 33
189.03 33
189.036 33
189.043 33
189.049 33
189.055 33
189.062 33
189.068 33
189.074 33
189.08 34
189.087 34
189.093 34
189.099 34
189.106 34
189.112 34
189.118 34
189.125 34
189.131 34
189.137 34
189.143 34
189.15 34
189.156 34
189.162 34
189.169 34
189.175 34
189.181 34
189.188 34
189.194 34
189.2 34
189.207 34
189.213 34
189.219 34
189.225 34
189.232 34
189.238 34
189.244 34
189.251 34
189.257 34
189.263 34
189.27 34
189.276 34
189.282 34
189.288 34
189.295 34
189.301 35
189.307 35
189.314 35
189.32 35
189.326 35
189.333 35
189.339 35
189.345 35
189.352 35
189.358 35
189.364 35
189.37 35
189.377 35
189.383 35
189.389 35
189.396 35
189.402 35
189.408 35
189.415 35
189.421 35
189.427 35
189.433 35
189.44 35
189.446 35
189.452 35
189.459 35
189.465 35
189.471 35
189.478 35
189.484 35
189.49 35
189.497 35
189.503 35
189.509 35
189.515 35
189.522 35
189.528 36
189.534 36
189.541 36
189.547 36
189.553 36
189.56 36
189.566 36
189.572 36
189.578 36
189.585 36
189.591 36
189.597 36
189.604 36
189.61 36
189.616 36
189.623 36
189.629 36
189.635 36
189.642 36
189.648 36
189.654 36
189.66 36
189.667 36
189.673 36
189.679 36
189.686 36
189.692 36
189.698 36
189.705 36
189.711 36
189.717 36
189.723 36
189.755 17
189.975 17
189.981 17
189.988 17
189.994 17
190 17
190.007 17
190.013 17
190.019 17
190.025 17
190.032 17
190.038 17
190.044 17
190.051 17
190.057 17
190.063 17
190.07 17
190.076 17
190.082 18
190.089 18
190.095 18
190.101 18
190.107 18
190.114 18
190.12 18
190.126 18
190.133 18
190.139 18
190.145 18
190.152 18
190.158 18
190.164 18
190.17 18
190.177 18
190.183 18
190.189 18
190.196 18
190.202 19
190.208 19
190.215 19
190.221 19
190.227 19
190.234 19
190.24 19
190.246 19
190.252 19
190.259 19
190.265 19
190.271 19
190.278 19
190.284 19
190.29 19
190.297 19
190.303 19
190.309 19
190.315 19
190.322 20
190.328 20
190.334 20
190.341 20
190.347 20
190.353 20
190.36 20
190.366 20
190.372 20
190.378 20
190.385 20
190.391 20
190.397 20
190.404 20
190.41 20
190.416 20
190.423 20
190.429 20
190.435 20
190.442 20
190.448 20
190.454 21
190.46 21
190.467 21
190.473 21
190.479 21
190.486 21
190.492 21
190.498 21
190.505 21
190.511 21
190.517 21
190.523 21
190.53 21
190.536 21
190.542 21
190.549 21
190.556 21
190.562 21
190.569 21
190.576 21
190.583 21
190.59 21
190.596 22
190.603 22
190.61 22
190.617 22
190.623 22
190.63 22
190.637 22
190.643 22
190.65 22
190.657 22
190.664 22
190.671 22
190.678 22
190.684 22
190.691 22
190.697 22
190.704 22
190.711 22
190.717 22
190.724 22
190.731 22
190.737 22
190.744 23
190.75 23
190.757 23
190.764 23
190.771 23
190.778 23
190.785 23
190.791 23
190.798 23
190.805 23
190.811 23
190.818 23
190.825 23
190.831 23
190.838 23
190.844 23
190.851 23
190.858 23
190.865 23
190.872 23
190.878 23
190.885 23
190.892 23
190.898 23
190.905 24
190.912 24
190.919 24
190.926 24
190.933 24
190.94 24
190.946 24
190.952 24
190.959 24
190.966 24
190.972 24
190.978 24
190.985 24
190.991 24
190.998 24
191.005 24
191.011 24
191.018 24
191.025 24
191.031 24
191.038 24
191.045 24
191.051 24
191.058 24
191.065 24
191.072 25
191.078 25
191.085 25
191.092 25
191.099 25
191.106 25
191.112 25
191.119 25
191.126 25
191.132 25
191.139 25
191.145 25
191.152 25
191.159 25
191.165 25
191.172 25
191.178 25
191.185 25
191.192 25
191.198 25
191.205 25
191.212 25
191.219 25
191.225 25
191.232 25
191.239 26
191.245 26
191.252 26
191.258 26
191.265 26
191.271 26
191.278 26
191.284 26
191.291 26
191.297 26
191.304 26
191.311 26
191.317 26
191.324 26
191.33 26
191.337 26
191.344 26
191.351 26
191.357 26
191.364 26
191.371 26
191.378 26
191.384 26
191.391 26
191.397 26
191.403 26
191.41 26
191.416 27
191.422 27
191.429 27
191.435 27
191.441 27
191.448 27
191.454 27
191.46 27
191.467 27
191.473 27
191.479 27
191.485 27
191.492 27
191.498 27
191.504 27
191.511 27
191.517 27
191.523 27
191.53 27
191.536 27
191.542 27
191.548 27
191.555 27
191.561 27
191.567 27
191.574 27
191.58 27
191.586 27
191.593 28
191.599 28
191.605 28
191.612 28
191.618 28
191.624 28
191.63 28
191.637 28
191.643 28
191.649 28
191.656 28
191.662 28
191.668 28
191.675 28
191.681 28
191.687 28
191.693 28
191.7 28
191.706 28
191.712 28
191.719 28
191.725 28
191.731 28
191.738 28
191.744 28
191.75 28
191.756 28
191.763 28
191.769 29
191.775 29
191.782 29
191.788 29
191.794 29
191.801 29
191.807 29
191.813 29
191.82 29
191.826 29
191.832 29
191.838 29
191.845 29
191.851 29
191.857 29
191.864 29
191.87 29
191.876 29
191.883 29
191.889 29
191.895 29
191.901 29
191.908 29
191.914 29
191.92 29
191.927 29
191.933 29
191.939 29
191.946 29
191.952 29
191.958 30
191.965 30
191.971 30
191.977 30
191.983 30
191.99 30
191.996 30
192.002 30
192.009 30
192.015 30
192.021 30
192.028 30
192.034 30
192.04 30
192.046 30
192.053 30
192.059 30
192.065 30
192.072 30
192.078 30
192.084 30
192.091 30
192.097 30
192.103 30
192.11 30
192.116 30
192.122 30
192.128 30
192.135 30
192.141 30
192.147 30
192.154 31
192.16 31
192.166 31
192.173 31
192.179 31
192.185 31
192.191 31
192.198 31
192.204 31
192.21 31
192.217 31
192.223 31
192.229 31
192.236 31
192.242 31
192.248 31
192.255 31
192.261 31
192.267 31
192.273 31
192.28 31
192.286 31
192.292 31
192.299 31
192.305 31
192.311 31
192.318 31
192.324 31
192.33 31
192.336 31
192.343 31
192.349 31
192.355 32
192.362 32
192.368 32
192.374 32
192.381 32
192.387 32
192.393 32
192.399 32
192.406 32
192.412 32
192.418 32
192.425 32
192.431 32
192.437 32
192.444 32
192.45 32
192.456 32
192.463 32
192.469 32
192.475 32
192.481 32
192.488 32
192.494 32
192.5 32
192.507 32
192.513 32
192.519 32
192.526 32
192.532 32
192.538 32
192.544 32
192.551 32
192.557 32
192.563 33
192.57 33
192.576 33
192.582 33
192.589 33
192.595 33
192.601 33
192.608 33
192.614 33
192.62 33
192.626 33
192.633 33
192.639 33
192.645 33
192.652 33
192.658 33
192.664 33
192.671 33
192.677 33
192.683 33
192.689 33
192.696 33
192.702 33
192.708 33
192.715 33
192.721 33
192.727 33
192.734 33
192.74 33
192.746 33
192.753 33
192.759 33
192.765 33
192.771 34
192.778 34
192.784 34
192.79 34
192.797 34
192.803 34
192.809 34
192.816 34
192.822 34
192.828 34
192.834 34
192.841 34
192.847 34
192.853 34
192.86 34
192.866 34
192.872 34
192.879 34
192.885 34
192.891 34
192.898 34
192.904 34
192.91 34
192.916 34
192.923 34
192.929 34
192.935 34
192.942 34
192.948 34
192.954 34
192.961 34
192.967 34
192.973 34
192.979 34
192.986 34
192.992 35
192.998 35
193.005 35
193.011 35
193.017 35
193.024 35
193.03 35
193.036 35
193.043 35
193.049 35
193.055 35
193.061 35
193.068 35
193.074 35
193.08 35
193.087 35
193.111 16
193.353 16
193.359 16
193.366 16
193.372 16
193.378 16
193.385 16
193.391 16
193.397 16
193.404 17
193.41 17
193.416 17
193.422 17
193.429 17
193.435 17
193.441 17
193.448 17
193.454 17
193.46 17
193.467 17
193.473 17
193.479 17
193.485 17
193.492 17
193.498 17
193.504 17
193.511 18
193.517 18
193.523 18
193.53 18
193.536 18
193.542 18
193.549 18
193.555 18
193.561 18
193.567 18
193.574 18
193.58 18
193.586 18
193.593 18
193.599 18
193.605 18
193.612 18
193.618 18
193.624 18
193.63 19
193.637 19
193.643 19
193.649 19
193.656 19
193.662 19
193.668 19
193.675 19
193.681 19
193.687 19
193.694 19
193.7 19
193.706 19
193.712 19
193.719 19
193.725 19
193.731 19
193.738 19
193.744 19
193.75 19
193.757 20
193.763 20
193.769 20
193.775 20
193.782 20
193.788 20
193.794 20
193.801 20
193.807 20
193.813 20
193.82 20
193.826 20
193.833 20
193.84 20
193.846 20
193.853 20
193.859 20
193.866 20
193.873 20
193.88 20
193.886 21
193.893 21
193.9 21
193.907 21
193.914 21
193.92 21
193.927 21
193.934 21
193.94 21
193.947 21
193.954 21
193.961 21
193.968 21
193.975 21
193.981 21
193.988 21
193.995 21
194.002 21
194.009 21
194.016 21
194.023 21
194.03 21
194.036 22
194.043 22
194.05 22
194.056 22
194.063 22
194.07 22
194.076 22
194.083 22
194.09 22
194.096 22
194.103 22
194.11 22
194.116 22
194.123 22
194.129 22
194.136 22
194.143 22
194.15 22
194.156 22
194.163 22
194.169 22
194.176 22
194.183 22
194.189 23
194.196 23
194.203 23
194.21 23
194.217 23
194.224 23
194.23 23
194.237 23
194.244 23
194.251 23
194.257 23
194.264 23
194.27 23
194.277 23
194.284 23
194.291 23
194.298 23
194.304 23
194.311 23
194.318 23
194.325 23
194.331 23
194.338 23
194.344 24
194.351 24
194.357 24
194.364 24
194.371 24
194.378 24
194.384 24
194.391 24
194.397 24
194.404 24
194.41 24
194.417 24
194.424 24
194.431 24
194.438 24
194.444 24
194.451 24
194.457 24
194.464 24
194.47 24
194.477 24
194.484 24
194.49 24
194.497 24
194.504 24
194.511 25
194.518 25
194.524 25
194.531 25
194.538 25
194.545 25
194.551 25
194.558 25
194.564 25
194.571 25
194.578 25
194.585 25
194.591 25
194.598 25
194.605 25
194.611 25
194.618 25
194.624 25
194.631 25
194.638 25
194.644 25
194.65 25
194.657 25
194.663 25
194.67 25
194.677 25
194.683 26
194.69 26
194.696 26
194.703 26
194.71 26
194.717 26
194.723 26
194.73 26
194.736 26
194.762 12
194.982 12
194.988 12
194.995 12
195.001 12
195.007 12
195.014 12
195.02 12
195.026 12
195.033 12
195.039 12
195.045 12
195.051 12
195.069 13
195.075 13
195.082 13
195.088 13
195.094 13
195.1 13
195.107 13
195.113 13
195.119 13
195.126 13
195.132 13
195.138 13
195.145 13
195.151 13
195.157 14
195.164 14
195.17 14
195.176 14
195.182 14
195.189 14
195.195 14
195.202 14
195.208 14
195.216 14
195.223 14
195.23 14
195.236 14
195.243 14
195.25 15
195.257 15
195.264 15
195.271 15
195.277 15
195.284 15
195.291 15
195.298 15
195.304 15
195.311 15
195.318 15
195.325 15
195.331 15
195.338 15
195.345 15
195.352 15
195.359 16
195.365 16
195.372 16
195.379 16
195.386 16
195.393 16
195.4 16
195.407 16
195.414 16
195.421 16
195.428 16
195.434 16
195.441 16
195.448 16
195.455 16
195.462 16
195.469 17
195.475 17
195.482 17
195.489 17
195.495 17
195.502 17
195.509 17
195.516 17
195.523 17
195.529 17
195.536 17
195.543 17
195.549 17
195.556 17
195.563 17
195.569 17
195.576 17
195.583 17
195.59 18
195.596 18
195.603 18
195.61 18
195.617 18
195.624 18
195.631 18
195.638 18
195.645 18
195.652 18
195.658 18
195.665 18
195.672 18
195.679 18
195.685 18
195.692 18
195.698 18
195.705 18
195.712 19
195.719 19
195.726 19
195.732 19
195.739 19
195.746 19
195.752 19
195.759 19
195.766 19
195.772 19
195.779 19
195.786 19
195.793 19
195.799 19
195.805 19
195.812 19
195.819 19
195.826 19
195.832 19
195.839 19
195.846 20
195.853 20
195.859 20
195.867 20
195.873 20
195.88 20
195.887 20
195.894 20
195.9 20
195.907 20
195.914 20
195.921 20
195.927 20
195.934 20
195.941 20
195.947 20
195.954 20
195.961 20
195.968 20
195.975 20
195.982 20
195.988 21
195.995 21
196.002 21
196.008 21
196.015 21
196.022 21
196.028 21
196.035 21
196.041 21
196.048 21
196.055 21
196.061 21
196.068 21
196.075 21
196.082 21
196.09 21
196.097 21
196.104 21
196.111 21
196.119 21
196.125 21
196.132 22
196.139 22
196.146 22
196.152 22
196.159 22
196.166 22
196.173 22
196.179 22
196.186 22
196.193 22
196.199 22
196.206 22
196.213 22
196.22 22
196.226 22
196.233 22
196.241 22
196.249 22
196.256 22
196.264 22
196.271 22
196.278 22
196.284 22
196.291 23
196.297 23
196.304 23
196.311 23
196.318 23
196.324 23
196.331 23
196.337 23
196.344 23
196.35 23
196.357 23
196.363 23
196.37 23
196.377 23
196.384 23
196.392 23
196.4 23
196.408 23
196.417 23
196.424 23
196.431 23
196.438 23
196.445 23
196.452 24
196.458 24
196.49 11
196.702 11
196.708 11
196.714 11
196.721 11
196.727 11
196.733 11
196.74 11
196.746 11
196.752 11
196.759 11
196.765 11
196.794 12
196.8 12
196.807 12
196.813 12
196.819 12
196.826 12
196.832 12
196.838 12
196.844 12
196.851 12
196.857 12
196.877 12
196.884 13
196.89 13
196.896 13
196.903 13
196.909 13
196.915 13
196.922 13
196.929 13
196.936 13
196.943 13
196.949 13
196.964 13
196.97 13
196.976 13
196.983 14
196.99 14
196.997 14
197.003 14
197.01 14
197.017 14
197.023 14
197.03 14
197.037 14
197.043 14
197.054 14
197.061 14
197.068 14
197.075 14
197.083 14
197.09 15
197.096 15
197.103 15
197.11 15
197.117 15
197.124 15
197.131 15
197.137 15
197.144 15
197.152 15
197.159 15
197.167 15
197.176 15
197.183 15
197.191 15
197.198 16
197.205 16
197.212 16
197.218 16
197.225 16
197.232 16
197.238 16
197.245 16
197.251 16
197.258 16
197.265 16
197.273 16
197.282 16
197.291 16
197.299 16
197.307 16
197.314 16
197.321 17
197.327 17
197.334 17
197.341 17
197.348 17
197.354 17
197.361 17
197.368 17
197.375 17
197.382 17
197.388 17
197.397 17
197.406 17
197.415 17
197.424 17
197.431 17
197.438 17
197.445 18
197.451 18
197.458 18
197.465 18
197.472 18
197.478 18
197.485 18
197.492 18
197.498 18
197.505 18
197.511 18
197.518 18
197.528 18
197.538 18
197.547 18
197.555 18
197.563 18
197.57 18
197.577 18
197.584 19
197.59 19
197.597 19
197.604 19
197.611 19
197.617 19
197.624 19
197.631 19
197.638 19
197.644 19
197.651 19
197.659 19
197.669 19
197.679 19
197.688 19
197.696 19
197.704 19
197.711 19
197.718 19
197.724 20
197.731 20
197.737 20
197.744 20
197.75 20
197.757 20
197.764 20
197.771 20
197.777 20
197.784 20
197.79 20
197.797 20
197.807 20
197.817 20
197.827 20
197.836 20
197.844 20
197.852 20
197.859 20
197.866 20
197.873 20
197.879 21
197.886 21
197.893 21
197.899 21
197.907 21
197.913 21
197.92 21
197.927 21
197.934 21
197.94 21
197.947 21
197.955 21
197.965 21
197.975 21
197.983 21
197.992 21
198 21
198.008 21
198.016 21
198.022 21
198.029 21
198.036 21
198.042 22
198.049 22
198.055 22
198.062 22
198.069 22
198.076 22
198.082 22
198.089 22
198.096 22
198.102 22
198.109 22
198.119 22
198.129 22
198.138 22
198.146 22
198.154 22
198.19 9
198.394 9
198.4 9
198.406 9
198.413 9
198.423 10
198.43 10
198.436 10
198.461 10
198.467 10
198.474 10
198.48 10
198.486 10
198.493 10
198.502 10
198.508 10
198.515 11
198.521 11
198.536 11
198.543 11
198.55 11
198.557 11
198.564 11
198.571 11
198.58 11
198.587 11
198.594 11
198.601 12
198.608 12
198.617 12
198.624 12
198.632 12
198.639 12
198.646 12
198.654 12
198.665 12
198.673 12
198.68 12
198.687 12
198.694 12
198.7 13
198.707 13
198.714 13
198.72 13
198.727 13
198.735 13
198.744 13
198.755 13
198.764 13
198.772 13
198.78 13
198.788 13
198.795 13
198.802 14
198.808 14
198.815 14
198.822 14
198.829 14
198.836 14
198.842 14
198.854 14
198.864 14
198.872 14
198.881 14
198.889 14
198.896 14
198.904 14
198.91 14
198.917 15
198.924 15
198.931 15
198.937 15
198.944 15
198.951 15
198.96 15
198.97 15
198.979 15
198.988 15
198.998 15
199.006 15
199.014 15
199.02 15
199.028 15
199.034 16
199.041 16
199.048 16
199.055 16
199.062 16
199.068 16
199.075 16
199.085 16
199.095 16
199.104 16
199.114 16
199.123 16
199.131 16
199.138 16
199.146 16
199.153 16
199.16 16
199.166 17
199.173 17
199.179 17
199.186 17
199.193 17
199.199 17
199.207 17
199.217 17
199.226 17
199.237 17
199.247 17
199.256 17
199.264 17
199.273 17
199.28 17
199.287 17
199.294 17
199.301 17
199.307 18
199.314 18
199.321 18
199.327 18
199.334 18
199.341 18
199.348 18
199.357 18
199.369 18
199.379 18
199.389 18
199.397 18
199.406 18
199.414 18
199.421 18
199.429 18
199.435 18
199.442 18
199.449 19
199.455 19
199.462 19
199.469 19
199.476 19
199.482 19
199.489 19
199.496 19
199.508 19
199.519 19
199.529 19
199.537 19
199.547 19
199.556 19
199.563 19
199.571 19
199.578 19
199.586 19
199.593 19
199.599 19
199.606 20
199.613 20
199.619 20
199.626 20
199.632 20
199.639 20
199.646 20
199.655 20
199.666 20
199.677 20
199.685 20
199.695 20
199.705 20
199.713 20
199.721 20
199.728 20
199.736 20
199.742 20
199.75 20
199.757 20
199.764 21
199.77 21
199.777 21
199.784 21
199.791 21
199.797 21
199.804 21
199.839 9
