176.081 24
176.088 24
176.095 24
176.101 24
176.108 24
176.114 24
176.12 25
176.127 25
176.133 25
176.139 25
176.146 25
176.152 25
176.158 25
176.165 25
176.171 25
176.177 25
176.184 25
176.19 25
176.197 25
176.203 25
176.209 25
176.215 25
176.222 25
176.228 25
178.995 25
179.002 25
179.009 25
179.016 25
179.023 25
179.029 25
179.036 25
179.043 25
179.05 26
179.057 26
179.064 26
179.071 26
179.077 26
179.083 26
179.09 26
179.096 26
179.102 26
179.109 26
179.115 26
179.122 26
179.128 26
179.134 26
179.141 26
179.147 26
179.153 26
181.909 26
181.917 26
181.925 26
181.932 26
181.939 26
181.946 26
181.952 26
181.96 26
181.967 26
181.973 26
181.98 27
181.986 27
181.992 27
181.999 27
182.005 27
182.011 27
182.018 27
182.024 27
182.03 27
182.037 27
182.043 27
182.049 27
182.055 27
182.062 27
182.068 27
182.074 27
184.824 27
184.832 27
184.84 27
184.849 27
184.857 27
184.865 27
184.872 27
184.88 27
184.887 27
184.894 27
184.9 27
184.906 27
184.913 28
184.919 28
184.926 28
184.932 28
184.938 28
184.945 28
184.952 28
184.958 28
184.965 28
184.971 28
184.978 28
184.984 28
184.99 28
184.997 28
185.003 28
187.751 28
187.759 28
187.766 28
187.798 13
190.699 1
190.715 2
190.818 3
190.824 4
190.83 5
190.837 6
190.843 7
190.85 7
190.857 7
193.58 7
193.589 7
193.783 7
193.79 7
193.796 7
193.802 8
196.501 8
196.51 8
196.517 8
196.697 8
196.703 8
196.709 8
196.715 8
196.722 9
199.421 9
199.43 9
199.436 9
199.611 9
199.617 9
199.624 9
199.63 9
199.637 9
199.643 9
