15.0047 11
15.011 11
15.0316 11
15.0383 11
15.0449 11
15.0516 11
15.0581 11
15.0647 11
15.0712 11
15.0775 11
15.084 11
15.0907 12
15.0978 12
15.1138 12
15.1211 12
15.1285 12
15.1356 12
15.1427 12
15.1494 12
15.1563 12
15.1626 12
15.1692 12
15.1765 12
15.1832 12
15.1902 13
15.2017 13
15.2092 13
15.2172 13
15.225 13
15.2322 13
15.2396 13
15.2473 13
15.2541 13
15.2608 13
15.2689 13
15.2764 13
15.2841 13
15.2912 14
15.2983 14
15.3054 14
15.3143 14
15.3223 14
15.3303 14
15.338 14
15.3463 14
15.3536 14
15.3607 14
15.3694 14
15.3777 14
15.3851 14
15.3928 14
15.3999 14
15.4068 15
15.4131 15
15.4197 15
15.4267 15
15.4349 15
15.4429 15
15.4516 15
15.4591 15
15.4669 15
15.477 15
15.4862 15
15.4933 15
15.5015 15
15.5098 15
15.5173 15
15.5241 16
15.5309 16
15.5378 16
15.5446 16
15.5515 16
15.5581 16
15.5657 16
15.5741 16
15.5821 16
15.5929 16
15.6025 16
15.6102 16
15.6185 16
15.6274 16
15.6353 16
15.6419 16
15.6486 16
15.6555 17
15.6621 17
15.6689 17
15.6761 17
15.6824 17
15.6892 17
15.696 17
15.7039 17
15.7152 17
15.7255 17
15.7342 17
15.7428 17
15.7528 17
15.7611 17
15.7681 17
15.7755 17
15.7827 17
15.7892 17
15.7959 18
15.8027 18
15.8098 18
15.8164 18
15.8234 18
15.8297 18
15.8365 18
15.8462 18
15.8568 18
15.8661 18
15.8752 18
15.8857 18
15.8941 18
15.9018 18
15.9092 18
15.9167 18
15.9234 18
15.9307 18
15.9372 19
15.944 19
15.9508 19
15.9575 19
15.9643 19
15.9709 19
15.9774 19
15.9843 19
15.9953 19
16.0051 19
16.0146 19
16.0266 19
16.0353 19
16.0429 19
16.0512 19
16.0595 19
16.0667 19
16.0743 19
16.0811 19
16.0883 19
16.0947 20
16.101 20
16.1079 20
16.1146 20
16.1209 20
16.1275 20
16.134 20
16.1422 20
16.1519 20
16.1623 20
16.1744 20
16.1835 20
16.191 20
16.2004 20
16.2085 20
16.2161 20
16.2241 20
16.2311 20
16.2389 20
16.2457 20
16.2524 21
16.259 21
16.2655 21
16.2725 21
16.279 21
16.286 21
16.2925 21
16.2992 21
16.3059 21
16.3168 21
16.3292 21
16.3376 21
16.3708 9
16.5145 9
16.565 9
16.5713 9
16.5776 9
16.5839 10
16.5902 10
16.5965 10
16.6056 10
16.6119 10
16.6182 10
16.6501 10
16.6565 10
16.6628 10
16.6692 10
16.676 10
16.6827 11
16.689 11
16.6953 11
16.7016 11
16.7079 11
16.7314 11
16.7379 11
16.7446 11
16.7517 11
16.7596 11
16.7667 11
16.7738 12
16.7807 12
16.7876 12
16.7939 12
16.8002 12
16.8179 12
16.825 12
16.832 12
16.8389 12
16.8482 12
16.8558 12
16.8631 12
16.8698 12
16.8764 13
16.8829 13
16.8894 13
16.8959 13
16.9089 13
16.917 13
16.9243 13
16.9327 13
16.9427 13
16.9506 13
16.9586 13
16.9656 13
16.9731 13
16.9796 14
16.9866 14
16.9934 14
17.0002 14
17.0079 14
17.0166 14
17.0245 14
17.0336 14
17.0446 14
17.0533 14
17.0618 14
17.0688 14
17.0766 14
17.0839 14
17.0906 14
17.0975 15
17.1041 15
17.1107 15
17.117 15
17.1236 15
17.1313 15
17.1406 15
17.1524 15
17.1622 15
17.1716 15
17.1795 15
17.1875 15
17.195 15
17.2022 15
17.2097 15
17.217 16
17.2241 16
17.2306 16
17.2373 16
17.2438 16
17.2503 16
17.257 16
17.2686 16
17.2789 16
17.2897 16
17.2978 16
17.3065 16
17.3149 16
17.3221 16
17.3298 16
17.3376 16
17.3444 16
17.3511 17
17.3579 17
17.3644 17
17.3711 17
17.3774 17
17.384 17
17.392 17
17.403 17
17.4138 17
17.4232 17
17.4323 17
17.4411 17
17.4485 17
17.4572 17
17.4657 17
17.4732 17
17.48 17
17.4871 17
17.4937 18
17.5003 18
17.507 18
17.514 18
17.5205 18
17.5271 18
17.5356 18
17.5465 18
17.5563 18
17.5664 18
17.5756 18
17.583 18
17.5929 18
17.6016 18
17.6092 18
17.6165 18
17.6244 18
17.6315 18
17.6378 19
17.6444 19
17.6509 19
17.6576 19
17.6641 19
17.6708 19
17.6775 19
17.6865 19
17.6969 19
17.7076 19
17.7171 19
17.7253 19
17.7351 19
17.7448 19
17.7531 19
17.7612 19
17.7696 19
17.7769 19
17.7838 19
17.7906 19
17.7973 20
17.8041 20
17.8106 20
17.8174 20
17.8241 20
17.8308 20
17.8371 20
17.846 20
17.857 20
17.8667 20
17.875 20
17.8854 20
17.8955 20
17.9044 20
17.9127 20
17.9221 20
17.93 20
17.937 20
17.9439 20
17.9506 20
17.9574 21
17.9638 21
17.9701 21
17.9764 21
17.9827 21
17.989 21
17.9953 21
18.0588 8
18.2548 8
18.2611 8
18.2674 8
18.2737 8
18.28 9
18.2863 9
18.3198 9
18.3261 9
18.3324 9
18.3387 9
18.345 9
18.3513 9
18.3577 9
18.364 10
18.3703 10
18.3945 10
18.4013 10
18.4082 10
18.4152 10
18.4217 10
18.4285 10
18.4356 10
18.4421 10
18.4487 10
18.4558 11
18.475 11
18.4821 11
18.4897 11
18.4972 11
18.5043 11
18.511 11
18.5185 11
18.526 11
18.5332 11
18.5407 11
18.5475 12
18.5612 12
18.5696 12
18.5779 12
18.5856 12
18.5931 12
18.6004 12
18.6089 12
18.6166 12
18.6253 12
18.6339 12
18.6415 12
18.6483 12
18.6561 13
18.6652 13
18.6745 13
18.6819 13
18.69 13
18.6979 13
18.7072 13
18.7151 13
18.7246 13
18.7339 13
18.7418 13
18.7493 13
18.7575 13
18.7644 14
18.7711 14
18.7775 14
18.7855 14
18.7939 14
18.8029 14
18.8119 14
18.8205 14
18.8307 14
18.8407 14
18.85 14
18.8582 14
18.867 14
18.8747 14
18.8818 14
18.8886 15
18.8953 15
18.9021 15
18.9085 15
18.9157 15
18.9257 15
18.9343 15
18.945 15
18.9557 15
18.9654 15
18.9743 15
18.9837 15
18.9921 15
18.9995 15
19.0065 15
19.0134 16
19.0202 16
19.0273 16
19.0341 16
19.0408 16
19.0473 16
19.0556 16
19.0667 16
19.0786 16
19.0884 16
19.0977 16
19.1081 16
19.1169 16
19.1254 16
19.1332 16
19.1405 16
19.1474 16
19.1541 17
19.1608 17
19.1676 17
19.1743 17
19.181 17
19.1873 17
19.1965 17
19.2087 17
19.2193 17
19.2289 17
19.2401 17
19.2488 17
19.2578 17
19.2667 17
19.274 17
19.281 17
19.2884 17
19.2949 17
19.3019 18
19.3091 18
19.3159 18
19.3225 18
19.3294 18
19.336 18
19.347 18
19.3579 18
19.3678 18
19.3799 18
19.3891 18
19.3986 18
19.4079 18
19.4157 18
19.4232 18
19.4306 18
19.4373 18
19.4447 18
19.4513 19
19.4582 19
19.4648 19
19.4713 19
19.4783 19
19.4851 19
19.4929 19
19.5037 19
19.5144 19
19.5266 19
19.5358 19
19.546 19
19.5553 19
19.5644 19
19.5724 19
19.5803 19
19.587 19
19.5945 19
19.6016 19
19.6086 19
19.6149 20
19.6221 20
19.6284 20
19.6352 20
19.6422 20
19.6489 20
19.6898 9
20.0251 9
20.0314 9
20.0377 9
20.044 9
20.0503 9
20.0566 9
20.0921 9
20.0984 9
20.1047 9
20.111 10
20.1173 10
20.1236 10
20.1299 10
20.1363 10
20.1426 10
20.1785 10
20.1848 10
20.1911 10
20.1974 10
20.2037 11
20.2101 11
20.2168 11
20.2235 11
20.2302 11
20.237 11
20.2691 11
20.2757 11
20.2826 11
20.2893 11
20.2957 11
20.3028 11
20.3095 12
20.3163 12
20.3233 12
20.3301 12
20.3371 12
20.3662 12
20.3733 12
20.3806 12
20.3877 12
20.3942 12
20.4016 12
20.4089 12
20.4156 13
20.4221 13
20.429 13
20.4358 13
20.4427 13
20.4695 13
20.4774 13
20.4855 13
20.493 13
20.5001 13
20.5076 13
20.5155 13
20.5227 13
20.5294 13
20.5363 14
20.5435 14
20.5504 14
20.557 14
20.5816 14
20.5898 14
20.5985 14
20.6066 14
20.6145 14
20.622 14
20.6295 14
20.6372 14
20.6443 14
20.6522 14
20.6591 14
20.6654 15
20.6718 15
20.6788 15
20.6999 15
20.7093 15
20.718 15
20.7268 15
20.7355 15
20.7431 15
20.7511 15
20.7593 15
20.7674 15
20.7764 15
20.7837 15
20.7903 15
20.7969 16
20.8036 16
20.8104 16
20.8267 16
20.8375 16
20.8458 16
20.856 16
20.8649 16
20.8723 16
20.8805 16
20.8901 16
20.8979 16
20.9074 16
20.916 16
20.9227 16
20.9298 16
20.9367 16
20.943 17
20.9493 17
20.9599 17
20.9718 17
20.9807 17
20.9914 17
21.0009 17
21.0092 17
21.0174 17
21.0278 17
21.0367 17
21.0458 17
21.056 17
21.0631 17
21.0707 17
21.0779 17
21.0846 17
21.0918 18
21.0984 18
21.1052 18
21.115 18
21.1248 18
21.1358 18
21.145 18
21.1542 18
21.1634 18
21.1735 18
21.1832 18
21.192 18
21.2034 18
21.2102 18
21.2183 18
21.2256 18
21.2328 18
21.2399 18
21.2468 18
21.2533 19
21.2602 19
21.2674 19
21.2759 19
21.2868 19
21.2973 19
21.3066 19
21.3167 19
21.327 19
21.3372 19
21.346 19
21.3572 19
21.3638 19
21.3727 19
21.3797 19
21.3866 19
21.3932 19
21.3996 19
21.4062 19
21.4128 20
21.4191 20
21.4254 20
21.4318 20
21.44 20
21.4505 20
21.4604 20
21.4702 20
21.4809 20
21.5177 9
21.641 9
21.6872 9
21.6935 9
21.6998 9
21.7061 9
21.7124 9
21.7187 9
21.725 9
21.7313 9
21.7376 10
21.7714 10
21.7777 10
21.784 10
21.7903 10
21.7966 10
21.803 10
21.8093 10
21.8158 10
21.8223 10
21.829 11
21.8573 11
21.8636 11
21.8699 11
21.8762 11
21.8831 11
21.8897 11
21.8965 11
21.9032 11
21.91 11
21.9169 11
21.9232 11
21.9474 12
21.9541 12
21.9604 12
21.9668 12
21.974 12
21.9811 12
21.988 12
21.9955 12
22.0031 12
22.0106 12
22.0173 12
22.0432 12
22.0504 13
22.0575 13
22.0643 13
22.0707 13
22.0774 13
22.0842 13
22.0911 13
22.0978 13
22.1046 13
22.1113 13
22.1183 13
22.1456 13
22.1537 13
22.1605 13
22.1675 14
22.1742 14
22.1809 14
22.1874 14
22.194 14
22.2011 14
22.2079 14
22.2145 14
22.2211 14
22.2278 14
22.2554 14
22.2644 14
22.2722 14
22.2798 14
22.2866 14
22.2935 15
22.3003 15
22.307 15
22.3138 15
22.3206 15
22.3274 15
22.3342 15
22.3409 15
22.3473 15
22.3733 15
22.3824 15
22.391 15
22.3988 15
22.4058 15
22.4136 15
22.4203 16
22.4271 16
22.4342 16
22.4408 16
22.4473 16
22.4541 16
22.4611 16
22.468 16
22.4749 16
22.4991 16
22.5088 16
22.5179 16
22.5265 16
22.534 16
22.5425 16
22.5496 16
22.5564 16
22.5632 17
22.57 17
22.5765 17
22.5832 17
22.5902 17
22.5968 17
22.6032 17
22.6098 17
22.6334 17
22.6434 17
22.6526 17
22.6612 17
22.6693 17
22.6783 17
22.6857 17
22.6928 17
22.6999 17
22.7064 18
22.713 18
22.7203 18
22.7271 18
22.7338 18
22.7405 18
22.7473 18
22.7543 18
22.7758 18
22.7861 18
22.796 18
22.8049 18
22.8137 18
22.8228 18
22.8306 18
22.838 18
22.8456 18
22.8524 18
22.8591 18
22.8659 19
22.8726 19
22.8794 19
22.8863 19
22.8928 19
22.8992 19
22.9059 19
22.9255 19
22.9364 19
22.947 19
22.9559 19
22.965 19
22.9741 19
22.9824 19
22.99 19
22.9981 19
23.0052 19
23.0124 19
23.0201 19
23.0265 20
23.0328 20
23.0392 20
23.0455 20
23.0518 20
23.0581 20
23.0645 20
23.0794 20
23.0896 20
23.1278 9
23.3205 9
23.3268 9
23.3331 9
23.3394 9
23.3457 9
23.352 9
23.3636 9
23.3699 9
23.3762 9
23.4164 10
23.4227 10
23.4293 10
23.4356 10
23.442 10
23.4483 10
23.4585 10
23.4648 10
23.4712 10
23.5076 10
23.5144 11
23.5213 11
23.5281 11
23.535 11
23.5417 11
23.5483 11
23.5546 11
23.5609 11
23.5672 11
23.601 11
23.6082 11
23.615 11
23.6217 12
23.6285 12
23.635 12
23.6417 12
23.6482 12
23.6547 12
23.661 12
23.6673 12
23.6977 12
23.7055 12
23.7135 12
23.7208 12
23.7277 13
23.7345 13
23.7415 13
23.7483 13
23.755 13
23.7614 13
23.7681 13
23.7745 13
23.802 13
23.8098 13
23.8186 13
23.8267 13
23.8341 13
23.8409 13
23.8475 14
23.8542 14
23.8609 14
23.8675 14
23.8738 14
23.8804 14
23.887 14
23.9118 14
23.9202 14
23.9297 14
23.9388 14
23.9471 14
23.9545 14
23.9613 14
23.9682 14
23.9748 15
23.9817 15
23.9887 15
23.9956 15
24.0023 15
24.0089 15
24.0306 15
24.0391 15
24.0495 15
24.0588 15
24.0682 15
24.0762 15
24.0836 15
24.0906 15
24.0976 15
24.1042 16
24.1109 16
24.1177 16
24.1245 16
24.1313 16
24.1376 16
24.156 16
24.1648 16
24.1763 16
24.186 16
24.1962 16
24.2051 16
24.2129 16
24.2202 16
24.2281 16
24.2354 16
24.2424 16
24.2494 17
24.256 17
24.263 17
24.2699 17
24.2763 17
24.2913 17
24.3001 17
24.3124 17
24.3223 17
24.3337 17
24.3427 17
24.3511 17
24.3584 17
24.3668 17
24.3747 17
24.3823 17
24.3894 17
24.3962 18
24.4026 18
24.4097 18
24.4165 18
24.423 18
24.4333 18
24.4426 18
24.4553 18
24.4663 18
24.4783 18
24.4877 18
24.4973 18
24.5051 18
24.5138 18
24.5228 18
24.5305 18
24.5382 18
24.5455 18
24.552 18
24.559 19
24.566 19
24.573 19
24.5795 19
24.5862 19
24.5946 19
24.6074 19
24.619 19
24.6316 19
24.6412 19
24.6515 19
24.6593 19
24.6676 19
24.6771 19
24.706 8
24.8576 8
24.9135 8
24.9211 8
24.9274 8
24.9341 9
24.9424 9
24.955 9
24.9613 9
24.9676 9
