15.0003 28
15.0067 28
15.013 28
15.0193 28
15.0256 28
15.0319 28
15.0382 28
15.0445 28
15.0508 28
15.0571 28
15.0634 28
15.0697 28
15.076 29
15.0823 29
15.0886 29
15.0949 29
15.1012 29
15.1075 29
15.1138 29
15.1201 29
15.1264 29
15.1327 29
15.139 29
15.1453 29
15.1516 29
15.1579 29
15.1643 29
15.1706 29
15.1769 29
15.1832 29
15.1895 29
15.1958 29
15.2021 29
15.2084 29
15.2147 29
15.221 29
15.2273 29
15.2336 29
15.2399 29
15.2462 29
15.2525 29
15.2588 29
15.2651 30
15.2714 30
15.2777 30
15.284 30
15.2903 30
15.2966 30
15.3029 30
15.3092 30
15.3155 30
15.3219 30
15.3282 30
15.3345 30
15.3408 30
15.3471 30
15.3534 30
15.3597 30
15.366 30
15.3723 30
15.3786 30
15.3849 30
15.3912 30
15.3975 30
15.4038 30
15.4101 30
15.4164 30
15.4227 30
15.429 30
15.4353 30
15.4416 30
15.4479 30
15.4542 31
15.4605 31
15.4668 31
15.4731 31
15.4795 31
15.4858 31
15.4921 31
15.4984 31
15.5047 31
15.511 31
15.5173 31
15.5236 31
15.5299 31
15.5362 31
15.5425 31
15.5488 31
15.5551 31
15.5614 31
15.5677 31
15.574 31
15.5803 31
15.5866 31
15.5929 31
15.5992 31
15.6055 31
15.6118 31
15.6181 31
15.6244 31
15.6307 31
15.6371 31
15.6434 31
15.6497 31
15.656 32
15.6623 32
15.6686 32
15.6749 32
15.6812 32
15.6875 32
15.6938 32
15.7001 32
15.7064 32
15.7127 32
15.719 32
15.7253 32
15.7316 32
15.7379 32
15.7442 32
15.7505 32
15.7568 32
15.7631 32
15.7694 32
15.7757 32
15.782 32
15.7883 32
15.7947 32
15.801 32
15.8073 32
15.8136 32
15.8199 32
15.8262 32
15.8325 32
15.8388 32
15.8451 32
15.8514 32
15.8577 32
15.864 33
15.8703 33
15.8766 33
15.8829 33
15.8892 33
15.8955 33
15.9018 33
15.9081 33
15.9144 33
15.9207 33
15.927 33
15.9333 33
15.9396 33
15.9459 33
15.9523 33
15.9586 33
15.9649 33
15.9712 33
15.9775 33
15.9838 33
15.9901 33
15.9964 33
16.0027 33
16.009 33
16.0153 33
16.0216 33
16.0279 33
16.0342 33
16.0405 33
16.0468 33
16.0531 33
16.0594 33
16.0657 33
16.072 33
16.0783 34
16.0846 34
16.0909 34
16.0972 34
16.1035 34
16.1099 34
16.1162 34
16.1225 34
16.1288 34
16.1351 34
16.1414 34
16.1477 34
16.154 34
16.1603 34
16.1666 34
16.1729 34
16.1792 34
16.1855 34
16.1918 34
16.1981 34
16.2044 34
16.2107 34
16.217 34
16.2233 34
16.2296 34
16.2359 34
16.2422 34
16.2485 34
16.2548 34
16.2611 34
16.2675 34
16.2738 34
16.2801 34
16.2864 34
16.2927 34
16.299 35
16.3053 35
16.3116 35
16.3179 35
16.3242 35
16.3305 35
16.3368 35
16.3431 35
16.3498 35
16.3561 35
16.3624 35
16.3687 35
16.375 35
16.3813 35
16.3876 35
16.3939 35
16.4002 35
16.4065 35
16.4128 35
16.4191 35
16.4254 35
16.4317 35
16.438 35
16.4443 35
16.4506 35
16.4569 35
16.4632 35
16.4695 35
16.4758 35
16.4822 35
16.4885 35
16.4948 35
16.5011 35
16.5074 35
16.5137 35
16.52 35
16.5263 36
16.5326 36
16.5389 36
16.5452 36
16.5515 36
16.5578 36
16.5641 36
16.5704 36
16.5767 36
16.583 36
16.5893 36
16.5956 36
16.6019 36
16.6082 36
16.6145 36
16.6208 36
16.6271 36
16.6334 36
16.6398 36
16.6461 36
16.6524 36
16.6587 36
16.665 36
16.6713 36
16.6776 36
16.6839 36
16.6902 36
16.6965 36
16.7028 36
16.7091 36
16.7154 36
16.7217 36
16.728 36
16.7343 36
16.7406 36
16.7469 36
16.7532 36
16.7595 37
16.7658 37
16.7721 37
16.7784 37
16.7847 37
16.791 37
16.7974 37
16.8037 37
16.81 37
16.8163 37
16.8226 37
16.8289 37
16.8352 37
16.8415 37
16.8478 37
16.8541 37
16.8604 37
16.8667 37
16.873 37
16.8793 37
16.8856 37
16.8919 37
16.8982 37
16.9045 37
16.9108 37
16.9171 37
16.9234 37
16.9297 37
16.936 37
16.9423 37
16.9486 37
16.955 37
16.9613 37
16.9676 37
16.9739 37
16.9802 37
16.9865 37
16.9928 37
16.9991 38
17.0054 38
17.0117 38
17.018 38
17.0243 38
17.0306 38
17.0369 38
17.0432 38
17.0495 38
17.0558 38
17.0621 38
17.0684 38
17.0747 38
17.081 38
17.0873 38
17.0936 38
17.0999 38
17.1062 38
17.1126 38
17.1189 38
17.1252 38
17.1315 38
17.1378 38
17.1441 38
17.1504 38
17.1567 38
17.163 38
17.1693 38
17.1756 38
17.1819 38
17.1882 38
17.1945 38
17.2008 38
17.2071 38
17.2134 38
17.2197 38
17.226 38
17.2323 38
17.2386 38
17.2449 39
17.2512 39
17.2575 39
17.2638 39
17.2702 39
17.2765 39
17.2828 39
17.2891 39
17.2954 39
17.3017 39
17.308 39
17.3143 39
17.3206 39
17.3269 39
17.3332 39
17.3395 39
17.3458 39
17.3521 39
17.3584 39
17.3647 39
17.371 39
17.3773 39
17.3836 39
17.3899 39
17.3962 39
17.4025 39
17.4088 39
17.4151 39
17.4214 39
17.4278 39
17.4341 39
17.4404 39
17.4467 39
17.453 39
17.4593 39
17.4656 39
17.4719 39
17.4782 39
17.4845 39
17.4908 39
17.4971 40
17.5034 40
17.5097 40
17.516 40
17.5223 40
17.5286 40
17.5349 40
17.5412 40
17.5475 40
17.5538 40
17.5601 40
17.5664 40
17.5727 40
17.579 40
17.5854 40
17.5917 40
17.598 40
17.6043 40
17.6106 40
17.6169 40
17.6232 40
17.6295 40
17.6358 40
17.6421 40
17.6484 40
17.6547 40
17.661 40
17.6673 40
17.6736 40
17.6799 40
17.6862 40
17.6925 40
17.6988 40
17.7051 40
17.7114 40
17.7177 40
17.724 40
17.7303 40
17.7366 40
17.743 40
17.7493 40
17.7556 41
17.7619 41
17.7682 41
17.7745 41
17.7808 41
17.7871 41
17.7934 41
17.7997 41
17.806 41
17.8123 41
17.8186 41
17.8249 41
17.8312 41
17.8375 41
17.8438 41
17.8501 41
17.8564 41
17.8627 41
17.869 41
17.8753 41
17.8816 41
17.8879 41
17.8942 41
17.9006 41
17.9069 41
17.9132 41
17.9195 41
17.9258 41
17.9321 41
17.9384 41
17.9447 41
17.951 41
17.9573 41
17.9636 41
17.9699 41
17.9762 41
17.9825 41
17.9888 41
18.0138 19
18.2659 19
18.2722 19
18.2785 19
18.2848 19
18.2911 19
18.2974 19
18.3037 19
18.31 19
18.3163 19
18.3226 20
18.3289 20
18.3352 20
18.3415 20
18.3478 20
18.3541 20
18.3604 20
18.3668 20
18.3731 20
18.3794 20
18.3857 20
18.392 20
18.3983 20
18.4046 20
18.4109 20
18.4172 20
18.4235 20
18.4298 20
18.4361 20
18.4424 20
18.4487 20
18.455 21
18.4613 21
18.4676 21
18.4739 21
18.4802 21
18.4865 21
18.4928 21
18.4991 21
18.5054 21
18.5117 21
18.518 21
18.5244 21
18.5307 21
18.537 21
18.5433 21
18.5496 21
18.5559 21
18.5622 21
18.5685 21
18.5748 21
18.5811 21
18.5874 21
18.5937 22
18.6 22
18.6063 22
18.6126 22
18.6189 22
18.6252 22
18.6315 22
18.6378 22
18.6441 22
18.6504 22
18.6567 22
18.663 22
18.6693 22
18.6756 22
18.682 22
18.6883 22
18.6946 22
18.7009 22
18.7072 22
18.7135 22
18.7198 22
18.7261 22
18.7324 23
18.7387 23
18.745 23
18.7513 23
18.7576 23
18.7639 23
18.7702 23
18.7765 23
18.7828 23
18.7891 23
18.7954 23
18.8017 23
18.808 23
18.8143 23
18.8206 23
18.8269 23
18.8332 23
18.8396 23
18.8459 23
18.8522 23
18.8585 23
18.8648 23
18.8711 23
18.8774 23
18.8837 24
18.89 24
18.8963 24
18.9026 24
18.9089 24
18.9152 24
18.9215 24
18.9278 24
18.9341 24
18.9404 24
18.9467 24
18.953 24
18.9593 24
18.9656 24
18.9719 24
18.9788 24
18.9855 24
18.9921 24
18.9989 24
19.0058 24
19.0123 24
19.0188 24
19.0257 24
19.0324 24
19.0391 24
19.0459 25
19.0528 25
19.0594 25
19.0661 25
19.0727 25
19.0791 25
19.086 25
19.0927 25
19.0993 25
19.1063 25
19.1133 25
19.1198 25
19.1266 25
19.1335 25
19.1405 25
19.147 25
19.1537 25
19.1608 25
19.1675 25
19.1741 25
19.1808 25
19.1876 25
19.1941 25
19.2004 25
19.2072 25
19.2137 26
19.2204 26
19.227 26
19.2334 26
19.2401 26
19.2468 26
19.2533 26
19.2598 26
19.2662 26
19.2732 26
19.2798 26
19.2864 26
19.2932 26
19.3002 26
19.3068 26
19.3136 26
19.3205 26
19.3271 26
19.3341 26
19.3407 26
19.3473 26
19.3537 26
19.3605 26
19.3672 26
19.3736 26
19.3799 26
19.3866 26
19.3934 27
19.4002 27
19.4065 27
19.4131 27
19.4199 27
19.4268 27
19.4331 27
19.4398 27
19.4466 27
19.4534 27
19.4601 27
19.4667 27
19.4732 27
19.4798 27
19.4867 27
19.4934 27
19.4998 27
19.5061 27
19.513 27
19.5193 27
19.5257 27
19.5323 27
19.5386 27
19.5451 27
19.5516 27
19.5584 27
19.565 27
19.5722 27
19.5786 28
19.5854 28
19.5925 28
19.599 28
19.6057 28
19.6125 28
19.619 28
19.6259 28
19.6324 28
19.6395 28
19.6458 28
19.6527 28
19.6594 28
19.6657 28
19.672 28
19.6783 28
19.6846 28
19.6909 28
19.6973 28
19.7036 28
19.7099 28
19.7162 28
19.7225 28
19.7288 28
19.7351 28
19.7414 28
19.7477 28
19.754 28
19.7603 28
19.7666 29
19.7729 29
19.7792 29
19.7855 29
19.7918 29
19.7981 29
19.8044 29
19.8112 29
19.8175 29
19.8238 29
19.8301 29
19.8364 29
19.8428 29
19.8491 29
19.8554 29
19.8617 29
19.868 29
19.8744 29
19.8807 29
19.887 29
19.8933 29
19.8996 29
19.9059 29
19.9122 29
19.9185 29
19.9248 29
19.9311 29
19.9374 29
19.9437 29
19.95 30
19.9563 30
19.9626 30
19.9689 30
19.9752 30
19.9815 30
19.9878 30
19.9941 30
20.0004 30
20.0067 30
20.013 30
20.0193 30
20.0256 30
20.032 30
20.0383 30
20.0446 30
20.0509 30
20.0572 30
20.0635 30
20.0698 30
20.0761 30
20.0824 30
20.0887 30
20.095 30
20.1013 30
20.1076 30
20.1139 30
20.1202 30
20.1265 30
20.1328 30
20.1391 30
20.1454 31
20.1517 31
20.158 31
20.1643 31
20.1706 31
20.1769 31
20.1832 31
20.1896 31
20.1959 31
20.2022 31
20.2085 31
20.2148 31
20.2211 31
20.2274 31
20.2337 31
20.24 31
20.2463 31
20.2526 31
20.2589 31
20.2652 31
20.2715 31
20.2778 31
20.2841 31
20.2904 31
20.2967 31
20.303 31
20.3093 31
20.3156 31
20.3219 31
20.3282 31
20.3345 31
20.3408 31
20.3472 32
20.3535 32
20.3598 32
20.3661 32
20.3724 32
20.3787 32
20.385 32
20.3913 32
20.3976 32
20.4039 32
20.4102 32
20.4165 32
20.4228 32
20.4291 32
20.4354 32
20.4417 32
20.448 32
20.4543 32
20.4606 32
20.4669 32
20.4732 32
20.4795 32
20.4858 32
20.4921 32
20.4984 32
20.5048 32
20.5111 32
20.5174 32
20.5237 32
20.53 32
20.5363 32
20.5426 32
20.5489 32
20.5552 33
20.5615 33
20.5678 33
20.5741 33
20.5804 33
20.5867 33
20.593 33
20.5993 33
20.6056 33
20.6119 33
20.6182 33
20.6245 33
20.6308 33
20.6371 33
20.6434 33
20.6497 33
20.656 33
20.6624 33
20.6687 33
20.675 33
20.6813 33
20.6876 33
20.6939 33
20.7002 33
20.7065 33
20.7128 33
20.7191 33
20.7254 33
20.7317 33
20.738 33
20.7443 33
20.7506 33
20.7569 33
20.7632 33
20.7695 34
20.7758 34
20.7821 34
20.7884 34
20.7947 34
20.801 34
20.8073 34
20.8136 34
20.82 34
20.8263 34
20.8326 34
20.8389 34
20.8452 34
20.8515 34
20.8578 34
20.8641 34
20.8704 34
20.8767 34
20.883 34
20.8893 34
20.8956 34
20.9019 34
20.9082 34
20.9145 34
20.9208 34
20.9271 34
20.9334 34
20.9397 34
20.946 34
20.9523 34
20.9586 34
20.9649 34
20.9712 34
20.9776 34
20.9839 34
20.9902 35
20.9965 35
21.0028 35
21.0091 35
21.0154 35
21.0217 35
21.028 35
21.0343 35
21.0406 35
21.0469 35
21.0532 35
21.0595 35
21.0658 35
21.0721 35
21.0784 35
21.0847 35
21.091 35
21.0973 35
21.1036 35
21.1099 35
21.1162 35
21.1225 35
21.1288 35
21.1352 35
21.1415 35
21.1478 35
21.1541 35
21.1604 35
21.1667 35
21.173 35
21.1793 35
21.1856 35
21.1919 35
21.1982 35
21.2045 35
21.2108 36
21.2171 36
21.2234 36
21.2297 36
21.236 36
21.2423 36
21.2486 36
21.2549 36
21.2612 36
21.2675 36
21.2738 36
21.2801 36
21.2864 36
21.2928 36
21.2991 36
21.3054 36
21.3117 36
21.318 36
21.3243 36
21.3306 36
21.3369 36
21.3432 36
21.3495 36
21.3558 36
21.3621 36
21.3684 36
21.3747 36
21.381 36
21.3873 36
21.3936 36
21.3999 36
21.4062 36
21.4125 36
21.4188 36
21.4251 36
21.4314 36
21.4377 36
21.444 37
21.4504 37
21.4567 37
21.463 37
21.4693 37
21.4756 37
21.4819 37
21.4882 37
21.4945 37
21.5008 37
21.5071 37
21.5134 37
21.5197 37
21.526 37
21.5323 37
21.5386 37
21.5449 37
21.5512 37
21.5575 37
21.5638 37
21.5701 37
21.5764 37
21.5827 37
21.589 37
21.5953 37
21.6016 37
21.608 37
21.6143 37
21.6206 37
21.6269 37
21.6332 37
21.6395 37
21.6458 37
21.6521 37
21.6584 37
21.6647 37
21.671 37
21.6773 37
21.6836 38
21.6899 38
21.6962 38
21.7025 38
21.7088 38
21.7151 38
21.7214 38
21.7277 38
21.734 38
21.7403 38
21.7466 38
21.7529 38
21.7592 38
21.7656 38
21.7719 38
21.7782 38
21.7845 38
21.7908 38
21.7971 38
21.8034 38
21.8097 38
21.816 38
21.8223 38
21.8286 38
21.8349 38
21.8412 38
21.8475 38
21.8538 38
21.8601 38
21.8664 38
21.8727 38
21.879 38
21.8853 38
21.8916 38
21.8979 38
21.9042 38
21.9105 38
21.9168 38
21.9232 38
21.9295 39
21.9358 39
21.9421 39
21.9484 39
21.9547 39
21.961 39
21.9673 39
21.9736 39
21.9799 39
21.9862 39
21.9925 39
21.9988 39
22.0051 39
22.0114 39
22.0177 39
22.024 39
22.0303 39
22.0366 39
22.0429 39
22.0492 39
22.0555 39
22.0618 39
22.0681 39
22.0744 39
22.0808 39
22.0871 39
22.0934 39
22.0997 39
22.106 39
22.1123 39
22.1186 39
22.1249 39
22.1312 39
22.1375 39
22.1438 39
22.1501 39
22.1564 39
22.1627 39
22.169 39
22.1753 39
22.1816 40
22.1879 40
22.1942 40
22.2005 40
22.2068 40
22.2131 40
22.2194 40
22.2257 40
22.232 40
22.2384 40
22.2447 40
22.251 40
22.2573 40
22.2636 40
22.2699 40
22.2762 40
22.2825 40
22.2888 40
22.2951 40
22.3014 40
22.3077 40
22.314 40
22.3203 40
22.3266 40
22.3329 40
22.3392 40
22.3455 40
22.3518 40
22.3581 40
22.3644 40
22.3707 40
22.377 40
22.3833 40
22.3896 40
22.396 40
22.4023 40
22.4086 40
22.4149 40
22.4212 40
22.4275 40
22.4338 40
22.4401 41
22.4464 41
22.4527 41
22.459 41
22.4653 41
22.4716 41
22.4779 41
22.4842 41
22.4905 41
22.4968 41
22.5031 41
22.5094 41
22.5157 41
22.522 41
22.5283 41
22.5346 41
22.5409 41
22.5472 41
22.5536 41
22.5599 41
22.5662 41
22.5725 41
22.5788 41
22.5851 41
22.5914 41
22.5977 41
22.604 41
22.6103 41
22.6166 41
22.6229 41
22.6292 41
22.6355 41
22.6418 41
22.6481 41
22.6544 41
22.6607 41
22.667 41
22.6733 41
22.6796 41
22.6859 41
22.6922 41
22.6985 41
22.7048 41
22.7112 42
22.7175 42
22.7238 42
22.7301 42
22.7364 42
22.7427 42
22.749 42
22.7553 42
22.7616 42
22.7679 42
22.7742 42
22.7805 42
22.7868 42
22.7931 42
22.7994 42
22.8057 42
22.812 42
22.8183 42
22.8246 42
22.8309 42
22.8372 42
22.8435 42
22.8498 42
22.8561 42
22.8624 42
22.8688 42
22.8751 42
22.8814 42
22.8877 42
22.894 42
22.9003 42
22.9066 42
22.9129 42
22.9192 42
22.9255 42
22.9318 42
22.9381 42
22.9444 42
22.9507 42
22.957 42
22.9633 42
22.9696 42
22.9759 42
22.9822 43
22.9885 43
22.9948 43
23.0011 43
23.0074 43
23.0137 43
23.02 43
23.0264 43
23.0577 20
23.3346 20
23.3409 20
23.3472 20
23.3535 20
23.3598 20
23.3661 20
23.3724 20
23.3787 20
23.385 20
23.3913 20
23.3976 21
23.4039 21
23.4102 21
23.4165 21
23.4228 21
23.4291 21
23.4354 21
23.4417 21
23.4481 21
23.4544 21
23.4607 21
23.467 21
23.4733 21
23.4796 21
23.4859 21
23.4922 21
23.4985 21
23.5048 21
23.5111 21
23.5174 21
23.5237 21
23.53 21
23.5363 22
23.5426 22
23.5489 22
23.5552 22
23.5615 22
23.5678 22
23.5741 22
23.5804 22
23.5867 22
23.593 22
23.5993 22
23.6057 22
23.612 22
23.6183 22
23.6246 22
23.6309 22
23.6372 22
23.6435 22
23.6498 22
23.6561 22
23.6624 22
23.6687 22
23.675 23
23.6813 23
23.6876 23
23.6939 23
23.7002 23
23.7065 23
23.7128 23
23.7191 23
23.7254 23
23.7317 23
23.738 23
23.7443 23
23.7506 23
23.7569 23
23.7633 23
23.7696 23
23.7759 23
23.7822 23
23.7885 23
23.7948 23
23.8011 23
23.8074 23
23.8137 23
23.82 23
23.8263 24
23.8326 24
23.8389 24
23.8452 24
23.8515 24
23.8578 24
23.8641 24
23.8704 24
23.8767 24
23.883 24
23.8893 24
23.8956 24
23.9019 24
23.9082 24
23.9145 24
23.9209 24
23.9272 24
23.9335 24
23.9398 24
23.9461 24
23.9524 24
23.9587 24
23.965 24
23.9713 24
23.9776 24
23.9839 25
23.9902 25
23.9965 25
24.0028 25
24.0091 25
24.0154 25
24.0217 25
24.028 25
24.0343 25
24.0406 25
24.0469 25
24.0532 25
24.0595 25
24.0658 25
24.0721 25
24.0785 25
24.0848 25
24.0911 25
24.098 25
24.1047 25
24.1115 25
24.1184 25
24.125 25
24.1315 25
24.138 25
24.1444 26
24.1509 26
24.1575 26
24.1642 26
24.1707 26
24.1773 26
24.1841 26
24.1912 26
24.1979 26
24.2048 26
24.212 26
24.2188 26
24.2256 26
24.2321 26
24.2388 26
24.2458 26
24.2529 26
24.2598 26
24.2668 26
24.2735 26
24.2799 26
24.2865 26
24.293 26
24.2998 26
24.3063 26
24.3128 26
24.3198 26
24.3263 27
24.3329 27
24.3397 27
24.3462 27
24.353 27
24.3595 27
24.3665 27
24.3735 27
24.3799 27
24.3863 27
24.393 27
24.3996 27
24.4064 27
24.4129 27
24.4199 27
24.4266 27
24.4329 27
24.4393 27
24.4458 27
24.4523 27
24.4592 27
24.4655 27
24.4722 27
24.4791 27
24.4859 27
24.4929 27
24.4992 27
24.5065 27
24.5132 28
24.5199 28
24.5269 28
24.5333 28
24.5402 28
24.5468 28
24.5538 28
24.5606 28
24.5674 28
24.5743 28
24.5811 28
24.5877 28
24.5941 28
24.6007 28
24.6071 28
24.6138 28
24.6202 28
24.6267 28
24.6331 28
24.6398 28
24.6463 28
24.6531 28
24.6594 28
24.6657 28
24.672 28
24.6783 28
24.6846 28
24.6909 28
24.6972 29
24.7035 29
24.7098 29
24.7162 29
24.7225 29
24.7288 29
24.7351 29
24.7414 29
24.7477 29
24.754 29
24.7603 29
24.7666 29
24.7729 29
24.7792 29
24.7855 29
24.7918 29
24.7981 29
24.8044 29
24.8107 29
24.817 29
24.8233 29
24.8296 29
24.8546 13
