15.0098 12
15.0163 12
15.0229 12
15.0292 12
15.036 12
15.0425 12
15.0492 12
15.0559 12
15.0626 12
15.0693 13
15.0756 13
15.0821 13
15.0932 13
15.1006 13
15.108 13
15.1152 13
15.1229 13
15.1301 13
15.1373 13
15.1444 13
15.1512 13
15.1584 13
15.1647 14
15.1711 14
15.1778 14
15.1842 14
15.1911 14
15.199 14
15.2071 14
15.2151 14
15.2231 14
15.231 14
15.2388 14
15.2461 14
15.2545 14
15.2609 14
15.2676 14
15.2743 15
15.2811 15
15.2879 15
15.2949 15
15.3019 15
15.309 15
15.3156 15
15.3243 15
15.333 15
15.3412 15
15.3488 15
15.3585 15
15.3652 15
15.3718 15
15.3788 15
15.3857 16
15.3925 16
15.3988 16
15.4058 16
15.4127 16
15.4196 16
15.4263 16
15.433 16
15.4416 16
15.4504 16
15.4589 16
15.4688 16
15.4759 16
15.4832 16
15.4907 16
15.4981 16
15.505 16
15.5117 17
15.5185 17
15.5254 17
15.5321 17
15.5392 17
15.5457 17
15.5527 17
15.5597 17
15.5684 17
15.5777 17
15.5881 17
15.5958 17
15.6038 17
15.6115 17
15.6192 17
15.626 17
15.6328 17
15.6399 17
15.6465 18
15.653 18
15.6598 18
15.6663 18
15.6732 18
15.6803 18
15.6869 18
15.6934 18
15.7036 18
15.7142 18
15.7222 18
15.7311 18
15.7398 18
15.7477 18
15.7553 18
15.7621 18
15.7695 18
15.7768 18
15.7834 19
15.7903 19
15.7971 19
15.8038 19
15.8108 19
15.8177 19
15.8241 19
15.8308 19
15.838 19
15.8491 19
15.8573 19
15.8667 19
15.8759 19
15.8845 19
15.8926 19
15.8995 19
15.9069 19
15.9146 19
15.9216 19
15.9281 19
15.9349 20
15.9415 20
15.9482 20
15.9549 20
15.9618 20
15.9682 20
15.975 20
15.9818 20
15.9913 20
15.9997 20
16.0099 20
16.0194 20
16.0292 20
16.0378 20
16.0449 20
16.0527 20
16.061 20
16.0679 20
16.0755 20
16.0829 20
16.0896 21
16.0961 21
16.1027 21
16.1097 21
16.1162 21
16.1225 21
16.129 21
16.1358 21
16.1422 21
16.1505 21
16.1609 21
16.1708 21
16.1807 21
16.1902 21
16.1977 21
16.2057 21
16.2138 21
16.2211 21
16.2298 21
16.2376 21
16.2446 21
16.2513 21
16.2581 22
16.2649 22
16.2717 22
16.2784 22
16.2851 22
16.2917 22
16.2983 22
16.3048 22
16.3111 22
16.3193 22
16.3293 22
16.3395 22
16.38 9
16.5934 9
16.5997 9
16.606 9
16.6123 9
16.6186 10
16.6249 10
16.6312 10
16.6703 10
16.6771 10
16.6836 10
16.6901 10
16.6966 10
16.7029 10
16.7092 10
16.7155 10
16.7218 11
16.7281 11
16.7579 11
16.7653 11
16.7726 11
16.7798 11
16.7867 11
16.7934 11
16.7997 11
16.806 11
16.8123 11
16.8186 12
16.8249 12
16.85 12
16.8583 12
16.8659 12
16.8739 12
16.8811 12
16.8881 12
16.8946 12
16.9009 12
16.9073 12
16.9142 12
16.9212 12
16.9279 13
16.9482 13
16.9573 13
16.9659 13
16.9742 13
16.982 13
16.9897 13
16.997 13
17.0038 13
17.0104 13
17.0175 13
17.0252 13
17.0321 13
17.0391 14
17.0546 14
17.0645 14
17.0734 14
17.0825 14
17.0903 14
17.0988 14
17.1062 14
17.1135 14
17.1204 14
17.1281 14
17.1358 14
17.1431 14
17.1508 14
17.1573 14
17.1677 15
17.1783 15
17.1879 15
17.1978 15
17.2062 15
17.2155 15
17.2241 15
17.2313 15
17.2388 15
17.2471 15
17.255 15
17.2631 15
17.2707 15
17.2778 15
17.2894 15
17.2963 16
17.3032 16
17.3114 16
17.3212 16
17.3301 16
17.3399 16
17.3491 16
17.3572 16
17.3647 16
17.3735 16
17.3819 16
17.3901 16
17.3981 16
17.4059 16
17.4177 16
17.4253 16
17.4321 16
17.4389 17
17.4457 17
17.4523 17
17.4619 17
17.4718 17
17.4827 17
17.4906 17
17.4992 17
17.5084 17
17.5173 17
17.5258 17
17.5345 17
17.5426 17
17.5553 17
17.5629 17
17.5699 17
17.5772 17
17.5838 17
17.5905 18
17.5974 18
17.6041 18
17.6118 18
17.6236 18
17.6319 18
17.6411 18
17.6505 18
17.6604 18
17.6691 18
17.6782 18
17.6868 18
17.6998 18
17.7079 18
17.7151 18
17.723 18
17.7297 18
17.7368 18
17.7438 19
17.7507 19
17.7574 19
17.7646 19
17.7728 19
17.7816 19
17.792 19
17.8013 19
17.8121 19
17.8209 19
17.8308 19
17.8392 19
17.853 19
17.8618 19
17.8686 19
17.877 19
17.8835 19
17.891 19
17.8984 19
17.9053 19
17.912 20
17.9188 20
17.9256 20
17.9319 20
17.9387 20
17.9497 20
17.9592 20
17.9699 20
17.9782 20
17.9886 20
17.9967 20
18.011 20
18.0198 20
18.0263 20
18.0348 20
18.0411 20
18.0492 20
18.056 20
18.0635 20
18.0702 20
18.1085 8
18.291 8
18.2973 8
18.3036 8
18.3099 8
18.3162 9
18.3225 9
18.3288 9
18.3617 9
18.368 9
18.3743 9
18.3812 9
18.3879 9
18.3945 9
18.4013 10
18.4081 10
18.4151 10
18.4436 10
18.4502 10
18.4568 10
18.4648 10
18.4722 10
18.4793 10
18.4864 10
18.4932 10
18.4999 11
18.5065 11
18.5316 11
18.5387 11
18.5461 11
18.5548 11
18.5627 11
18.5707 11
18.5779 11
18.5851 11
18.5926 11
18.5992 12
18.6063 12
18.6272 12
18.6354 12
18.6437 12
18.6539 12
18.6616 12
18.6707 12
18.678 12
18.6857 12
18.6943 12
18.7007 12
18.7071 12
18.7137 13
18.7305 13
18.7392 13
18.7486 13
18.7596 13
18.7678 13
18.7775 13
18.7859 13
18.7935 13
18.8028 13
18.8098 13
18.8162 13
18.8229 13
18.8298 14
18.8408 14
18.8505 14
18.8616 14
18.8737 14
18.8825 14
18.893 14
18.9019 14
18.9098 14
18.9197 14
18.9274 14
18.934 14
18.9411 14
18.9481 14
18.9548 14
18.9613 15
18.9703 15
18.9819 15
18.995 15
19.0046 15
19.0157 15
19.025 15
19.0334 15
19.0442 15
19.0525 15
19.0592 15
19.0666 15
19.0746 15
19.0817 15
19.0882 15
19.0951 16
19.1018 16
19.1103 16
19.1241 16
19.1348 16
19.1465 16
19.1569 16
19.1654 16
19.1777 16
19.1856 16
19.1929 16
19.2005 16
19.2091 16
19.2166 16
19.2232 16
19.2303 16
19.2368 16
19.2432 17
19.2502 17
19.2606 17
19.2719 17
19.2841 17
19.296 17
19.3045 17
19.3181 17
19.3267 17
19.3343 17
19.3426 17
19.3514 17
19.3592 17
19.366 17
19.3735 17
19.38 17
19.3868 17
19.3938 17
19.4004 18
19.4068 18
19.4174 18
19.4307 18
19.4428 18
19.4521 18
19.4663 18
19.4752 18
19.4839 18
19.4925 18
19.5012 18
19.5096 18
19.5163 18
19.5243 18
19.5311 18
19.5375 18
19.5444 18
19.5514 18
19.5581 19
19.5647 19
19.5718 19
19.5839 19
19.5966 19
19.6074 19
19.6226 19
19.6313 19
19.6411 19
19.6505 19
19.6592 19
19.6679 19
19.6747 19
19.6827 19
19.689 19
19.6953 19
19.7025 19
19.7091 19
19.7154 19
19.722 19
19.7283 20
19.7346 20
19.7409 20
19.7535 20
19.7657 20
19.7802 20
19.7895 20
19.7991 20
19.8088 20
19.8171 20
19.8259 20
19.833 20
19.8414 20
19.8479 20
19.8542 20
19.8607 20
19.867 20
19.8733 20
19.8796 20
19.8859 20
19.8922 21
19.8985 21
19.9049 21
19.9112 21
19.9175 21
19.9238 21
19.9301 21
19.9364 21
19.9427 21
19.949 21
19.9553 21
19.9616 21
19.9679 21
19.9742 21
19.9805 21
19.9868 21
19.9931 21
19.9994 21
20.0057 21
20.012 21
20.0183 21
20.0246 21
20.0309 22
20.0372 22
20.0435 22
20.0498 22
20.0561 22
20.0625 22
20.0688 22
20.0751 22
20.0814 22
20.0877 22
20.094 22
20.1003 22
20.1066 22
20.1129 22
20.1192 22
20.1255 22
20.1318 22
20.1381 22
20.1444 22
20.1507 22
20.157 22
20.1633 22
20.1696 22
20.1759 23
20.1822 23
20.1885 23
20.1948 23
20.2011 23
20.2074 23
20.2137 23
20.2201 23
20.2264 23
20.2327 23
20.239 23
20.2453 23
20.2516 23
20.2579 23
20.2642 23
20.2705 23
20.2768 23
20.2831 23
20.2894 23
20.2957 23
20.302 23
20.3083 23
20.3146 23
20.3209 24
20.3272 24
20.3335 24
20.3398 24
20.3461 24
20.3524 24
20.3587 24
20.365 24
20.3713 24
20.3777 24
20.384 24
20.3903 24
20.3966 24
20.4029 24
20.4092 24
20.4155 24
20.4218 24
20.4281 24
20.4344 24
20.4407 24
20.447 24
20.4533 24
20.4596 24
20.4659 24
20.4722 24
20.4785 25
20.4848 25
20.4911 25
20.4974 25
20.5037 25
20.51 25
20.5163 25
20.5226 25
20.5289 25
20.5353 25
20.5416 25
20.5479 25
20.5542 25
20.5605 25
20.5668 25
20.5731 25
20.5794 25
20.5857 25
20.592 25
20.5983 25
20.6046 25
20.6109 25
20.6172 25
20.6235 25
20.6298 25
20.6361 25
20.6424 26
20.6487 26
20.655 26
20.6613 26
20.6676 26
20.6739 26
20.6802 26
20.6865 26
20.6929 26
20.6992 26
20.7055 26
20.7118 26
20.7181 26
20.7244 26
20.7307 26
20.737 26
20.7433 26
20.7496 26
20.7559 26
20.7622 26
20.7693 26
20.7756 26
20.7824 26
20.7894 26
20.7964 26
20.8029 26
20.8099 27
20.8167 27
20.823 27
20.8299 27
20.8368 27
20.8435 27
20.8502 27
20.8566 27
20.8631 27
20.8696 27
20.8763 27
20.883 27
20.8894 27
20.8964 27
20.903 27
20.9099 27
20.9165 27
20.9232 27
20.93 27
20.9363 27
20.9426 27
20.9494 27
20.956 27
20.9626 27
20.9694 27
20.976 27
20.983 27
20.9898 27
20.9966 28
21.0029 28
21.0098 28
21.0166 28
21.0233 28
21.0299 28
21.0366 28
21.043 28
21.0497 28
21.0565 28
21.0633 28
21.0702 28
21.0769 28
21.084 28
21.0903 28
21.0973 28
21.104 28
21.1103 28
21.1171 28
21.1236 28
21.1305 28
21.1368 28
21.1435 28
21.1503 28
21.157 28
21.1634 28
21.1701 28
21.1766 28
21.1829 28
21.1896 29
21.1963 29
21.2026 29
21.209 29
21.216 29
21.2224 29
21.2291 29
21.2359 29
21.2424 29
21.2489 29
21.2557 29
21.2625 29
21.2692 29
21.2759 29
21.2824 29
21.289 29
21.2959 29
21.3027 29
21.3093 29
21.3158 29
21.323 29
21.3294 29
21.336 29
21.3426 29
21.3489 29
21.3552 29
21.3616 29
21.3679 29
21.3742 29
21.3805 29
21.3868 30
21.3931 30
21.3994 30
21.4057 30
21.412 30
21.4183 30
21.4246 30
21.4309 30
21.4372 30
21.4435 30
21.4498 30
21.4561 30
21.4624 30
21.4688 30
21.4751 30
21.4814 30
21.4877 30
21.494 30
21.5003 30
21.5066 30
21.5129 30
21.5192 30
21.5255 30
21.5318 30
21.5381 30
21.5444 30
21.5507 30
21.557 30
21.5633 30
21.5696 30
21.5759 31
21.5822 31
21.5885 31
21.5948 31
21.6011 31
21.6074 31
21.6137 31
21.62 31
21.6264 31
21.6327 31
21.639 31
21.6453 31
21.6516 31
21.6579 31
21.6642 31
21.6705 31
21.6768 31
21.6831 31
21.6894 31
21.6957 31
21.702 31
21.7083 31
21.7146 31
21.7209 31
21.7272 31
21.7335 31
21.7398 31
21.7461 31
21.7524 31
21.7587 31
21.765 31
21.7713 31
21.7776 32
21.784 32
21.7903 32
21.7966 32
21.8029 32
21.8092 32
21.8155 32
21.8218 32
21.8281 32
21.8344 32
21.8407 32
21.847 32
21.8533 32
21.8596 32
21.8659 32
21.8722 32
21.8785 32
21.8848 32
21.8911 32
21.8974 32
21.9037 32
21.91 32
21.9163 32
21.9226 32
21.9289 32
21.9352 32
21.9416 32
21.9479 32
21.9542 32
21.9605 32
21.9668 32
21.9731 32
21.9794 32
21.9857 33
21.992 33
21.9983 33
22.0046 33
22.0109 33
22.0172 33
22.0235 33
22.0298 33
22.0361 33
22.0424 33
22.0487 33
22.055 33
22.0613 33
22.0676 33
22.0739 33
22.0802 33
22.0865 33
22.0928 33
22.0992 33
22.1055 33
22.1118 33
22.1181 33
22.1244 33
22.1307 33
22.137 33
22.1433 33
22.1496 33
22.1559 33
22.1622 33
22.1685 33
22.1748 33
22.1811 33
22.1874 33
22.1937 33
22.2 34
22.2063 34
22.2126 34
22.2189 34
22.2252 34
22.2315 34
22.2378 34
22.2441 34
22.2504 34
22.2568 34
22.2631 34
22.2694 34
22.2757 34
22.282 34
22.2883 34
22.2946 34
22.3009 34
22.3072 34
22.3135 34
22.3198 34
22.3261 34
22.3324 34
22.3387 34
22.345 34
22.3513 34
22.3576 34
22.3639 34
22.3702 34
22.3765 34
22.3828 34
22.3891 34
22.3954 34
22.4017 34
22.408 34
22.4144 34
22.4207 35
22.427 35
22.4333 35
22.4396 35
22.4459 35
22.4522 35
22.4585 35
22.4648 35
22.4711 35
22.4774 35
22.4837 35
22.49 35
22.4963 35
22.5026 35
22.5089 35
22.5152 35
22.5215 35
22.5278 35
22.5341 35
22.5404 35
22.5467 35
22.553 35
22.5593 35
22.5656 35
22.572 35
22.5783 35
22.5846 35
22.5909 35
22.5972 35
22.6035 35
22.6098 35
22.6161 35
22.6224 35
22.6287 35
22.635 35
22.6413 35
22.6476 36
22.6539 36
22.6602 36
22.6665 36
22.6728 36
22.6791 36
22.6854 36
22.6917 36
22.698 36
22.7043 36
22.7106 36
22.7169 36
22.7232 36
22.7296 36
22.7359 36
22.7422 36
22.7485 36
22.7548 36
22.7611 36
22.7674 36
22.7737 36
22.78 36
22.7863 36
22.7926 36
22.7989 36
22.8052 36
22.8115 36
22.8178 36
22.8241 36
22.8304 36
22.8367 36
22.843 36
22.8493 36
22.8556 36
22.8619 36
22.8682 36
22.8745 36
22.8808 37
22.8872 37
22.8935 37
22.8998 37
22.9061 37
22.9124 37
22.9187 37
22.925 37
22.9313 37
22.9376 37
22.9439 37
22.9502 37
22.9565 37
22.9628 37
22.9691 37
22.9754 37
22.9817 37
22.988 37
22.9943 37
23.0006 37
23.0069 37
23.0132 37
23.0195 37
23.0258 37
23.0513 17
23.3077 17
23.314 17
23.3203 17
23.3266 17
23.3329 17
23.3392 17
23.3455 17
23.3518 17
23.3582 18
23.3645 18
23.3708 18
23.3771 18
23.3834 18
23.3897 18
23.396 18
23.4023 18
23.4086 18
23.4149 18
23.4212 18
23.4275 18
23.4338 18
23.4401 18
23.4464 18
23.4527 18
23.459 18
23.4653 18
23.4716 18
23.4779 19
23.4842 19
23.4905 19
23.4968 19
23.5031 19
23.5094 19
23.5158 19
23.5221 19
23.5284 19
23.5347 19
23.541 19
23.5473 19
23.5536 19
23.5599 19
23.5662 19
23.5725 19
23.5788 19
23.5851 19
23.5914 19
23.5977 19
23.604 20
23.6103 20
23.6166 20
23.6229 20
23.6292 20
23.6355 20
23.6418 20
23.6481 20
23.6544 20
23.6607 20
23.667 20
23.6734 20
23.6797 20
23.686 20
23.6923 20
23.6986 20
23.7049 20
23.7112 20
23.7175 20
23.7238 20
23.7301 21
23.7364 21
23.7427 21
23.749 21
23.7553 21
23.7616 21
23.7679 21
23.7742 21
23.7805 21
23.7868 21
23.7931 21
23.7999 21
23.8066 21
23.8133 21
23.8201 21
23.8267 21
23.8335 21
23.8402 21
23.8468 21
23.8537 21
23.8602 21
23.8668 21
23.8736 22
23.8801 22
23.8864 22
23.893 22
23.8995 22
23.9063 22
23.9128 22
23.9197 22
23.9268 22
23.9338 22
23.9405 22
23.9473 22
23.9543 22
23.9611 22
23.9678 22
23.9748 22
23.9816 22
23.9883 22
23.9952 22
24.0022 22
24.0087 22
24.0153 22
24.0221 23
24.0288 23
24.0355 23
24.0423 23
24.0491 23
24.0561 23
24.0624 23
24.0692 23
24.0758 23
24.0826 23
24.0894 23
24.0961 23
24.1027 23
24.1093 23
24.1161 23
24.1231 23
24.1298 23
24.1361 23
24.1424 23
24.1491 23
24.1556 23
24.1619 23
24.1686 23
24.1754 23
24.1823 24
24.1893 24
24.1961 24
24.2028 24
24.2098 24
24.2164 24
24.2231 24
24.23 24
24.2368 24
24.2437 24
24.2504 24
24.2571 24
24.2642 24
24.271 24
24.2776 24
24.284 24
24.2906 24
24.2973 24
24.3041 24
24.3108 24
24.3175 24
24.3238 24
24.3307 24
24.3375 24
24.3445 24
24.3509 25
24.358 25
24.3646 25
24.3713 25
24.3779 25
24.3843 25
24.3909 25
24.3977 25
24.4042 25
24.4109 25
24.4178 25
24.4243 25
24.4306 25
24.4373 25
24.4437 25
24.4504 25
24.4568 25
24.4635 25
24.4704 25
24.4774 25
24.484 25
24.4906 25
24.4973 25
24.5045 25
24.5113 25
24.5179 25
24.525 26
24.5316 26
24.5382 26
24.5451 26
24.5517 26
24.5586 26
24.5654 26
24.5723 26
24.5791 26
24.5857 26
24.592 26
24.5985 26
24.605 26
24.6114 26
24.6177 26
24.6244 26
24.631 26
24.6377 26
24.644 26
24.651 26
24.6573 26
24.6637 26
24.67 26
24.6763 26
24.6826 26
24.6889 26
24.6952 27
24.7015 27
24.7078 27
24.7141 27
24.7204 27
24.7267 27
24.7331 27
24.7394 27
24.7457 27
24.752 27
24.7583 27
24.7646 27
24.7709 27
24.7772 27
24.7835 27
24.7898 27
24.7961 27
24.8024 27
24.8087 27
24.815 27
24.8213 27
24.8276 27
24.8339 27
24.8402 27
24.8465 27
24.8528 27
24.8591 27
24.8654 27
24.8717 28
24.878 28
24.8843 28
24.8907 28
24.897 28
24.9033 28
24.9096 28
24.9159 28
24.9222 28
24.9285 28
24.9348 28
24.9411 28
24.9474 28
24.9537 28
24.96 28
24.9663 28
24.9726 28
24.9789 28
24.9852 28
24.9915 28
24.9978 28
