15.0055 12
15.0118 12
15.0181 12
15.0244 12
15.0307 12
15.037 12
15.0433 12
15.059 12
15.0656 12
15.0719 13
15.0784 13
15.085 13
15.0917 13
15.0989 13
15.106 13
15.1129 13
15.1201 13
15.1268 13
15.1336 13
15.1435 13
15.1506 13
15.1573 13
15.1637 13
15.1703 14
15.1769 14
15.1836 14
15.1906 14
15.1974 14
15.2039 14
15.2107 14
15.2175 14
15.2245 14
15.2336 14
15.2414 14
15.2485 14
15.2551 14
15.2624 14
15.2692 14
15.2761 15
15.2829 15
15.2899 15
15.2975 15
15.3042 15
15.3111 15
15.3178 15
15.3245 15
15.3314 15
15.34 15
15.3477 15
15.3551 15
15.3627 15
15.3699 15
15.3771 15
15.3837 16
15.3907 16
15.3972 16
15.404 16
15.4107 16
15.4178 16
15.4246 16
15.4313 16
15.4376 16
15.4448 16
15.4527 16
15.4611 16
15.4696 16
15.4774 16
15.4856 16
15.4928 16
15.4994 16
15.506 17
15.5131 17
15.52 17
15.5268 17
15.5336 17
15.5406 17
15.5478 17
15.5544 17
15.561 17
15.5676 17
15.5756 17
15.5847 17
15.5934 17
15.602 17
15.6097 17
15.6165 17
15.6232 17
15.6296 18
15.6365 18
15.6431 18
15.6498 18
15.6564 18
15.6629 18
15.6697 18
15.677 18
15.6834 18
15.6901 18
15.697 18
15.7065 18
15.7159 18
15.725 18
15.7332 18
15.741 18
15.748 18
15.7552 18
15.7618 18
15.7686 19
15.7753 19
15.7819 19
15.7886 19
15.7954 19
15.8021 19
15.8091 19
15.8161 19
15.8227 19
15.8293 19
15.8369 19
15.8468 19
15.8564 19
15.865 19
15.8732 19
15.8807 19
15.8882 19
15.8952 19
15.9025 19
15.9088 20
15.9155 20
15.9221 20
15.9285 20
15.935 20
15.9419 20
15.9488 20
15.9554 20
15.9619 20
15.9686 20
15.9752 20
15.9849 20
15.9948 20
16.0038 20
16.0127 20
16.0208 20
16.029 20
16.0363 20
16.044 20
16.0507 20
16.0574 20
16.0642 21
16.0711 21
16.0778 21
16.0846 21
16.0909 21
16.0979 21
16.1042 21
16.1107 21
16.1175 21
16.1242 21
16.1311 21
16.1415 21
16.1506 21
16.16 21
16.1683 21
16.1768 21
16.1842 21
16.1928 21
16.1996 21
16.2068 21
16.214 21
16.2205 21
16.2273 22
16.2336 22
16.2406 22
16.2471 22
16.2538 22
16.2602 22
16.2669 22
16.274 22
16.2805 22
16.2871 22
16.2957 22
16.3047 22
16.3146 22
16.3225 22
16.3312 22
16.3387 22
16.3483 22
16.3822 10
16.5777 10
16.584 10
16.5903 10
16.5966 10
16.6029 10
16.6092 10
16.6155 10
16.6218 10
16.6503 10
16.6566 10
16.6629 11
16.6694 11
16.6762 11
16.6828 11
16.6893 11
16.6956 11
16.7019 11
16.7082 11
16.7315 11
16.7381 11
16.7447 11
16.7518 12
16.759 12
16.7659 12
16.773 12
16.7801 12
16.787 12
16.7934 12
16.7997 12
16.8183 12
16.8254 12
16.8321 12
16.8393 12
16.8459 12
16.8529 13
16.8594 13
16.8663 13
16.8732 13
16.88 13
16.8865 13
16.893 13
16.9094 13
16.9175 13
16.9244 13
16.933 13
16.94 13
16.9475 13
16.9542 13
16.9608 14
16.968 14
16.9751 14
16.9818 14
16.9886 14
16.9954 14
17.0085 14
17.0173 14
17.0248 14
17.0338 14
17.0418 14
17.0497 14
17.0569 14
17.0642 14
17.0708 15
17.0772 15
17.0841 15
17.0908 15
17.0978 15
17.1043 15
17.1144 15
17.1231 15
17.1317 15
17.1409 15
17.1496 15
17.1588 15
17.1664 15
17.174 15
17.1815 15
17.1884 15
17.1947 16
17.2013 16
17.2083 16
17.2155 16
17.2223 16
17.229 16
17.238 16
17.2469 16
17.2562 16
17.2654 16
17.2755 16
17.2837 16
17.2922 16
17.3005 16
17.3078 16
17.3145 16
17.3208 17
17.3275 17
17.334 17
17.341 17
17.3478 17
17.3545 17
17.3608 17
17.3691 17
17.3791 17
17.3883 17
17.399 17
17.4078 17
17.4172 17
17.4255 17
17.4334 17
17.4406 17
17.4473 17
17.4542 17
17.4613 18
17.4678 18
17.4745 18
17.4814 18
17.4882 18
17.495 18
17.5015 18
17.5104 18
17.5199 18
17.5314 18
17.5404 18
17.5503 18
17.5593 18
17.5675 18
17.575 18
17.5817 18
17.5889 18
17.5964 18
17.6034 19
17.61 19
17.6169 19
17.6234 19
17.6301 19
17.6369 19
17.6433 19
17.65 19
17.6588 19
17.6707 19
17.6802 19
17.6908 19
17.6997 19
17.7086 19
17.7166 19
17.7236 19
17.7314 19
17.7396 19
17.7468 19
17.7538 19
17.7606 20
17.7673 20
17.7743 20
17.781 20
17.7877 20
17.7944 20
17.801 20
17.8076 20
17.8186 20
17.8289 20
17.84 20
17.8489 20
17.8581 20
17.866 20
17.8734 20
17.8812 20
17.8903 20
17.8979 20
17.9052 20
17.912 20
17.9187 20
17.9255 21
17.9322 21
17.939 21
17.9453 21
17.9516 21
17.9584 21
17.965 21
17.9728 21
17.9828 21
17.9936 21
18.0024 21
18.0118 21
18.0199 21
18.0271 21
18.0352 21
18.0444 21
18.0518 21
18.0592 21
18.0661 21
18.0728 21
18.099 9
18.2331 9
18.275 9
18.2813 9
18.2876 9
18.2939 10
18.3002 10
18.3065 10
18.3128 10
18.3191 10
18.3254 10
18.35 10
18.3563 10
18.3626 10
18.3689 10
18.3752 10
18.3815 11
18.3878 11
18.3941 11
18.4005 11
18.4075 11
18.4268 11
18.4337 11
18.4402 11
18.4468 11
18.4535 11
18.4605 11
18.4674 12
18.4743 12
18.4812 12
18.4877 12
18.4947 12
18.5098 12
18.5169 12
18.5241 12
18.5313 12
18.5381 12
18.5457 12
18.5532 12
18.5601 12
18.5672 13
18.574 13
18.5809 13
18.5878 13
18.5994 13
18.6068 13
18.6146 13
18.6228 13
18.6304 13
18.6392 13
18.6474 13
18.6548 13
18.6625 13
18.6693 14
18.6761 14
18.6828 14
18.6891 14
18.6966 14
18.7048 14
18.7125 14
18.7215 14
18.7296 14
18.7396 14
18.7489 14
18.7565 14
18.7645 14
18.7722 14
18.7787 14
18.7853 15
18.7921 15
18.7989 15
18.8057 15
18.812 15
18.8187 15
18.8276 15
18.837 15
18.8467 15
18.8576 15
18.8657 15
18.8749 15
18.8831 15
18.8904 15
18.8975 15
18.9046 16
18.911 16
18.9177 16
18.9241 16
18.9307 16
18.9371 16
18.9435 16
18.9515 16
18.9618 16
18.9732 16
18.9823 16
18.9925 16
19.0009 16
19.0085 16
19.016 16
19.0236 16
19.0306 16
19.037 17
19.0439 17
19.0509 17
19.0574 17
19.064 17
19.0709 17
19.0772 17
19.0846 17
19.0965 17
19.1066 17
19.1175 17
19.1271 17
19.1348 17
19.143 17
19.1511 17
19.1588 17
19.1653 17
19.1721 17
19.1791 18
19.1855 18
19.1921 18
19.1984 18
19.2051 18
19.2117 18
19.2182 18
19.2275 18
19.2382 18
19.2498 18
19.2602 18
19.2677 18
19.2765 18
19.2857 18
19.2942 18
19.3009 18
19.3084 18
19.3155 18
19.3221 19
19.329 19
19.3357 19
19.3423 19
19.3489 19
19.3555 19
19.362 19
19.3687 19
19.3777 19
19.3899 19
19.401 19
19.409 19
19.4184 19
19.4282 19
19.4367 19
19.444 19
19.4518 19
19.4598 19
19.467 19
19.4736 19
19.4804 20
19.4871 20
19.4936 20
19.4999 20
19.5063 20
19.5127 20
19.5194 20
19.5257 20
19.5371 20
19.5479 20
19.5568 20
19.567 20
19.5775 20
19.5863 20
19.594 20
19.6024 20
19.6118 20
19.6193 20
19.626 20
19.6333 20
19.6402 21
19.647 21
19.6535 21
19.6601 21
19.6666 21
19.6729 21
19.6792 21
19.6855 21
19.6918 21
19.7014 21
19.7108 21
19.7207 21
19.7308 21
19.7399 21
19.7479 21
19.7564 21
19.766 21
19.7734 21
19.7804 21
19.7875 21
19.794 21
19.8006 21
19.8071 22
19.8134 22
19.8197 22
19.826 22
19.8325 22
19.839 22
19.8454 22
19.8517 22
19.858 22
19.8643 22
19.8722 22
19.8804 22
19.8867 22
19.893 22
19.8993 22
19.9056 22
19.9119 22
19.9182 22
19.9245 22
19.9308 22
19.9372 22
19.9435 22
19.9498 22
19.9561 23
19.9624 23
19.9687 23
19.975 23
19.9813 23
19.9876 23
19.9939 23
20.0002 23
20.0065 23
20.0128 23
20.0191 23
20.0254 23
20.0317 23
20.038 23
20.0443 23
20.0506 23
20.0569 23
20.0632 23
20.0695 23
20.0758 23
20.0821 23
20.0884 23
20.0948 23
20.1011 24
20.1074 24
20.1137 24
20.12 24
20.1263 24
20.1326 24
20.1389 24
20.1452 24
20.1515 24
20.1578 24
20.1641 24
20.1704 24
20.1767 24
20.183 24
20.1893 24
20.1956 24
20.2019 24
20.2082 24
20.2145 24
20.2208 24
20.2271 24
20.2334 24
20.2397 24
20.246 24
20.2524 24
20.2587 25
20.265 25
20.2713 25
20.2776 25
20.2839 25
20.2902 25
20.2965 25
20.3028 25
20.3091 25
20.3154 25
20.3217 25
20.328 25
20.3343 25
20.3406 25
20.3469 25
20.3532 25
20.3595 25
20.3658 25
20.3721 25
20.3784 25
20.3847 25
20.391 25
20.3973 25
20.4036 25
20.41 25
20.4163 25
20.4226 26
20.4289 26
20.4352 26
20.4415 26
20.4478 26
20.4541 26
20.4604 26
20.4667 26
20.473 26
20.4793 26
20.4856 26
20.4919 26
20.4982 26
20.5045 26
20.5108 26
20.5171 26
20.5234 26
20.5297 26
20.536 26
20.5423 26
20.5486 26
20.5549 26
20.5612 26
20.5676 26
20.5739 26
20.5802 26
20.5865 27
20.5928 27
20.5991 27
20.6054 27
20.6117 27
20.618 27
20.6243 27
20.6306 27
20.6369 27
20.6432 27
20.6495 27
20.6558 27
20.6621 27
20.6684 27
20.6747 27
20.681 27
20.6873 27
20.6936 27
20.6999 27
20.7062 27
20.7125 27
20.7188 27
20.7252 27
20.7315 27
20.7378 27
20.7441 27
20.7504 27
20.7567 27
20.763 28
20.7693 28
20.7756 28
20.7819 28
20.7882 28
20.7945 28
20.8008 28
20.8071 28
20.8134 28
20.8197 28
20.826 28
20.8323 28
20.8386 28
20.8449 28
20.8512 28
20.8575 28
20.8638 28
20.8701 28
20.8764 28
20.8828 28
20.8891 28
20.8954 28
20.9017 28
20.908 28
20.9143 28
20.9206 28
20.9269 28
20.9332 28
20.9395 28
20.9458 29
20.9521 29
20.9584 29
20.9647 29
20.971 29
20.9773 29
20.9836 29
20.9899 29
20.9962 29
21.0029 29
21.0095 29
21.016 29
21.0228 29
21.0298 29
21.0366 29
21.0433 29
21.0498 29
21.057 29
21.0634 29
21.07 29
21.0771 29
21.0839 29
21.0907 29
21.097 29
21.1037 29
21.1103 29
21.1172 29
21.1237 29
21.1301 29
21.1368 29
21.1436 30
21.15 30
21.1569 30
21.1635 30
21.1699 30
21.1764 30
21.1827 30
21.1891 30
21.1959 30
21.2027 30
21.2093 30
21.216 30
21.2225 30
21.2291 30
21.2359 30
21.2425 30
21.2489 30
21.2558 30
21.2623 30
21.2693 30
21.2758 30
21.2827 30
21.2895 30
21.2959 30
21.3026 30
21.309 30
21.3157 30
21.3225 30
21.3292 30
21.3358 30
21.3421 30
21.386 14
21.6294 14
21.6357 14
21.642 14
21.6484 14
21.6547 14
21.661 14
21.6673 14
21.6736 14
21.6799 14
21.6924 14
21.6987 14
21.705 14
21.7113 14
21.7176 14
21.7239 15
21.7302 15
21.7365 15
21.7428 15
21.7491 15
21.7554 15
21.7617 15
21.768 15
21.7743 15
21.7806 15
21.7869 15
21.7932 15
21.7995 15
21.8058 15
21.8121 15
21.8184 15
21.8248 16
21.8311 16
21.8374 16
21.8437 16
21.85 16
21.8563 16
21.8626 16
21.8689 16
21.8752 16
21.8815 16
21.8878 16
21.8941 16
21.9004 16
21.9067 16
21.913 16
21.9197 16
21.926 17
21.9328 17
21.9396 17
21.9463 17
21.9531 17
21.9594 17
21.9657 17
21.9725 17
21.9792 17
21.986 17
21.9929 17
21.9997 17
22.0063 17
22.0131 17
22.0198 17
22.0268 17
22.0335 17
22.0403 17
22.0476 18
22.0548 18
22.0616 18
22.0683 18
22.0749 18
22.0816 18
22.0885 18
22.0955 18
22.1021 18
22.1084 18
22.115 18
22.1215 18
22.1278 18
22.1343 18
22.1411 18
22.148 18
22.1551 18
22.1622 18
22.1691 19
22.1756 19
22.1823 19
22.189 19
22.1957 19
22.2027 19
22.2093 19
22.2158 19
22.2225 19
22.2292 19
22.2359 19
22.2427 19
22.2494 19
22.2561 19
22.2631 19
22.2699 19
22.277 19
22.284 19
22.2912 19
22.2979 19
22.3049 20
22.3114 20
22.3182 20
22.3253 20
22.332 20
22.3385 20
22.3449 20
22.3517 20
22.3583 20
22.3647 20
22.371 20
22.3776 20
22.3845 20
22.3912 20
22.3978 20
22.4043 20
22.4113 20
22.4181 20
22.4244 20
22.4312 20
22.4379 21
22.4447 21
22.4515 21
22.4583 21
22.465 21
22.472 21
22.479 21
22.4859 21
22.4926 21
22.499 21
22.5059 21
22.5126 21
22.5193 21
22.5261 21
22.5328 21
22.5397 21
22.5464 21
22.5528 21
22.5598 21
22.5666 21
22.5735 21
22.5803 21
22.5869 22
22.5934 22
22.6003 22
22.6072 22
22.6139 22
22.6203 22
22.6271 22
22.6338 22
22.6401 22
22.6465 22
22.6529 22
22.6594 22
22.6663 22
22.673 22
22.6794 22
22.686 22
22.6927 22
22.6992 22
22.7057 22
22.7125 22
22.7199 22
22.7263 22
22.7333 22
22.7399 23
22.7467 23
22.7538 23
22.7604 23
22.7669 23
22.7739 23
22.7807 23
22.7876 23
22.7939 23
22.8005 23
22.8073 23
22.8141 23
22.8205 23
22.8274 23
22.8339 23
22.8405 23
22.8472 23
22.8539 23
22.8607 23
22.8673 23
22.8741 23
22.881 23
22.8878 23
22.8945 24
22.9012 24
22.9076 24
22.9144 24
22.9207 24
22.9277 24
22.9344 24
22.9407 24
22.9475 24
22.9539 24
22.9606 24
22.967 24
22.9733 24
22.9801 24
22.9866 24
22.9934 24
23.0002 24
23.007 24
23.0137 24
23.0206 24
23.0278 24
23.0351 24
23.0419 24
23.0677 11
23.2853 11
23.2916 11
23.2979 11
23.3042 11
23.3105 11
23.3168 11
23.3231 11
23.3294 11
23.3358 11
23.3421 11
23.3814 11
23.3877 12
23.394 12
23.4003 12
23.4066 12
23.4129 12
23.4192 12
23.4255 12
23.4318 12
23.4381 12
23.4444 12
23.4734 12
23.4797 12
23.486 13
23.4923 13
23.4986 13
23.5049 13
23.5112 13
23.5175 13
23.5245 13
23.5314 13
23.5384 13
23.545 13
23.567 13
23.5733 13
23.5796 13
23.5859 13
23.5922 14
23.5985 14
23.6048 14
23.6117 14
23.6185 14
23.6252 14
23.6317 14
23.6386 14
23.6451 14
23.6624 14
23.6687 14
23.675 14
23.6813 14
23.6878 14
23.6944 14
23.7015 15
23.7086 15
23.7155 15
23.7223 15
23.7292 15
23.7359 15
23.743 15
23.7497 15
23.7647 15
23.7713 15
23.7778 15
23.7846 15
23.7913 15
23.7983 15
23.8056 15
23.8127 16
23.8192 16
23.8259 16
23.8327 16
23.8397 16
23.8461 16
23.853 16
23.8597 16
23.8727 16
23.8801 16
23.8868 16
23.8938 16
23.9008 16
23.908 16
23.916 16
23.9233 16
23.9303 16
23.9369 17
23.9438 17
23.9506 17
23.9576 17
23.9642 17
23.9712 17
23.9781 17
23.9886 17
23.9968 17
24.0037 17
24.0112 17
24.0183 17
24.0266 17
24.0346 17
24.0428 17
24.0502 17
24.0574 17
24.0642 18
24.0707 18
24.0776 18
24.0843 18
24.0907 18
24.0973 18
24.104 18
24.1121 18
24.1211 18
24.1283 18
24.1362 18
24.1434 18
24.1516 18
24.1603 18
24.1691 18
24.1772 18
24.1851 18
24.1921 18
24.199 18
24.2057 19
24.2124 19
24.2193 19
24.2262 19
24.2332 19
24.2397 19
24.2463 19
24.2533 19
24.261 19
24.2701 19
24.2782 19
24.2861 19
24.2954 19
24.305 19
24.3135 19
24.3209 19
24.3289 19
24.3361 19
24.343 19
24.3498 20
24.3562 20
24.3633 20
24.3702 20
24.3767 20
24.3832 20
24.3898 20
24.3965 20
24.4032 20
24.4115 20
24.42 20
24.4278 20
24.4378 20
24.4475 20
24.4571 20
24.4648 20
24.4731 20
24.4804 20
24.4885 20
24.4956 20
24.5026 20
24.5094 21
24.5162 21
24.5231 21
24.5295 21
24.5361 21
24.5431 21
24.5499 21
24.5567 21
24.5635 21
24.5712 21
24.5799 21
24.5899 21
24.5996 21
24.6095 21
24.6178 21
24.626 21
24.6339 21
24.6419 21
24.6496 21
24.6572 21
24.6639 21
24.6702 21
24.6765 22
24.6828 22
24.6891 22
24.6954 22
24.7017 22
24.708 22
24.7143 22
24.7206 22
24.7269 22
24.7332 22
24.7425 22
24.7523 22
24.762 22
24.7702 22
24.7782 22
24.7863 22
24.7947 22
24.8019 22
24.8094 22
24.8163 22
24.8226 22
24.8291 22
24.8354 23
24.8417 23
24.848 23
24.8543 23
24.8606 23
24.8669 23
24.8732 23
24.8795 23
24.8858 23
24.8921 23
24.8984 23
24.9047 23
24.911 23
24.9173 23
24.9236 23
24.9299 23
24.9362 23
24.9425 23
24.9488 23
24.9551 23
24.9614 23
24.9677 23
24.9741 23
24.9804 23
24.9867 24
24.993 24
24.9993 24
