10 2.65587
10.01 3.7248
10.02 3.7248
10.03 2.4832
10.04 1.2416
10.05 3.7248
10.06 3.7248
10.07 3.7248
10.08 1.2416
10.09 2.4832
10.1 3.7248
10.11 3.7248
10.12 2.4832
10.13 2.4832
10.14 2.4832
10.15 3.7248
10.16 3.7248
10.17 1.2416
10.18 2.4832
10.19 3.7248
10.2 3.7248
10.21 1.2416
10.22 2.4832
10.23 3.7248
10.24 3.7248
10.25 2.4832
10.26 3.7248
10.27 4.9664
10.28 4.9664
10.29 2.4832
10.3 2.4832
10.31 4.9664
10.32 4.9664
10.33 2.4832
10.34 3.7248
10.35 3.7248
10.36 4.9664
10.37 3.7248
10.38 2.4832
10.39 3.7248
10.4 4.9664
10.41 3.7248
10.42 2.4832
10.43 3.7248
10.44 4.9664
10.45 4.9664
10.46 2.4832
10.47 3.7248
10.48 3.7248
10.49 4.9664
10.5 3.7248
10.51 2.4832
10.52 3.7248
10.53 4.9664
10.54 4.9664
10.55 2.4832
10.56 2.4832
10.57 4.9664
10.58 4.9664
10.59 2.4832
10.6 2.4832
10.61 4.9664
10.62 4.9664
10.63 2.4832
10.64 3.7248
10.65 3.7248
10.66 4.9664
10.67 3.7248
10.68 2.4832
10.69 3.7248
10.7 4.9664
10.71 4.9664
10.72 1.2416
10.73 3.7248
10.74 4.9664
10.75 4.9664
10.76 2.4832
10.77 2.4832
10.78 4.9664
10.79 4.9664
10.8 2.4832
10.81 3.7248
10.82 3.7248
10.83 4.9664
10.84 3.7248
10.85 2.4832
10.86 3.7248
10.87 4.9664
10.88 3.7248
10.89 2.4832
10.9 3.7248
10.91 4.9664
10.92 3.7248
10.93 2.4832
10.94 3.7248
10.95 4.9664
10.96 4.9664
10.97 2.4832
10.98 2.4832
10.99 4.9664
11 4.9664
11.01 2.4832
11.02 3.7248
11.03 3.7248
11.04 4.9664
11.05 2.4832
11.06 2.4832
11.07 2.4832
11.08 2.4832
11.09 3.7248
11.1 2.4832
11.11 2.4832
11.12 2.4832
11.13 3.7248
11.14 3.7248
11.15 1.2416
11.16 2.4832
11.17 3.7248
11.18 3.7248
11.19 2.4832
11.2 1.2416
11.21 3.7248
11.22 3.7248
11.23 3.7248
11.24 1.2416
11.25 2.4832
11.26 3.7248
11.27 3.7248
11.28 2.4832
11.29 2.4832
11.3 3.7248
11.31 4.9664
11.32 4.9664
11.33 2.4832
11.34 2.4832
11.35 4.9664
11.36 4.9664
11.37 4.9664
11.38 2.4832
11.39 2.4832
11.4 4.9664
11.41 4.9664
11.42 3.7248
11.43 2.4832
11.44 3.7248
11.45 4.9664
11.46 4.9664
11.47 2.4832
11.48 2.4832
11.49 4.9664
11.5 4.9664
11.51 3.7248
11.52 2.4832
11.53 3.7248
11.54 4.9664
11.55 4.9664
11.56 2.4832
11.57 2.4832
11.58 4.9664
11.59 4.9664
11.6 3.7248
11.61 2.4832
11.62 3.7248
11.63 4.9664
11.64 4.9664
11.65 2.4832
11.66 2.4832
11.67 4.9664
11.68 4.9664
11.69 3.7248
11.7 2.4832
11.71 3.7248
11.72 4.9664
11.73 4.9664
11.74 2.4832
11.75 2.4832
11.76 4.9664
11.77 4.9664
11.78 3.7248
11.79 2.4832
11.8 3.7248
11.81 4.9664
11.82 4.9664
11.83 2.4832
11.84 2.4832
11.85 4.9664
11.86 4.9664
11.87 3.7248
11.88 2.4832
11.89 3.7248
11.9 4.9664
11.91 4.9664
11.92 2.4832
11.93 2.4832
11.94 4.9664
11.95 4.9664
11.96 2.4832
11.97 2.4832
11.98 4.9664
11.99 4.9664
12 2.4832
12.01 1.2416
12.02 3.7248
12.03 2.4832
12.04 3.7248
12.05 1.2416
12.06 2.4832
12.07 3.7248
12.08 3.7248
12.09 2.4832
12.1 1.2416
12.11 3.7248
12.12 3.7248
12.13 3.7248
12.14 1.2416
12.15 2.4832
12.16 3.7248
12.17 3.7248
12.18 3.7248
12.19 2.4832
12.2 1.2416
12.21 3.7248
12.22 3.7248
12.23 3.7248
12.24 1.2416
12.25 2.4832
12.26 3.7248
12.27 3.7248
12.28 2.4832
12.29 1.2416
12.3 3.7248
12.31 3.7248
12.32 3.7248
12.33 1.2416
12.34 2.4832
12.35 4.9664
12.36 4.9664
12.37 1.2416
12.38 3.7248
12.39 4.9664
12.4 4.9664
12.41 2.4832
12.42 2.4832
12.43 4.9664
12.44 3.7248
12.45 2.4832
12.46 2.4832
12.47 1.2416
12.48 3.7248
12.49 3.7248
12.5 2.4832
12.51 1.2416
12.52 3.7248
12.53 3.7248
12.54 3.7248
12.55 1.2416
12.56 2.4832
12.57 3.7248
12.58 3.7248
12.59 1.2416
12.6 2.4832
12.61 3.7248
12.62 3.7248
12.63 1.2416
12.64 2.4832
12.65 3.7248
12.66 3.7248
12.67 2.4832
12.68 2.4832
12.69 2.4832
12.7 3.7248
12.71 3.7248
12.72 1.2416
12.73 2.4832
12.74 3.7248
12.75 3.7248
12.76 1.2416
12.77 2.4832
12.78 3.7248
12.79 3.7248
12.8 2.4832
12.81 1.2416
12.82 3.7248
12.83 4.9664
12.84 4.9664
12.85 2.4832
12.86 2.4832
12.87 4.9664
12.88 4.9664
12.89 2.4832
12.9 2.4832
12.91 4.9664
12.92 4.9664
12.93 4.9664
12.94 2.4832
12.95 2.4832
12.96 4.9664
12.97 4.9664
12.98 3.7248
12.99 1.2416
13 4.9664
13.01 4.9664
13.02 3.7248
13.03 2.4832
13.04 3.7248
13.05 4.9664
13.06 4.9664
13.07 2.4832
13.08 2.4832
13.09 4.9664
13.1 4.9664
13.11 2.4832
13.12 3.7248
13.13 3.7248
13.14 4.9664
13.15 4.9664
13.16 2.4832
13.17 2.4832
13.18 4.9664
13.19 4.9664
13.2 2.4832
13.21 2.4832
13.22 4.9664
13.23 4.9664
13.24 3.7248
13.25 2.4832
13.26 3.7248
13.27 4.9664
13.28 3.7248
13.29 2.4832
13.3 3.7248
13.31 4.9664
13.32 4.9664
13.33 1.2416
13.34 3.7248
13.35 4.9664
13.36 4.9664
13.37 2.4832
13.38 2.4832
13.39 4.9664
13.4 4.9664
13.41 3.7248
13.42 2.4832
13.43 3.7248
13.44 4.9664
13.45 3.7248
13.46 2.4832
13.47 3.7248
13.48 4.9664
13.49 4.9664
13.5 4.9664
13.51 3.7248
13.52 2.4832
13.53 3.7248
13.54 4.9664
13.55 4.9664
13.56 2.4832
13.57 2.4832
13.58 4.9664
13.59 4.9664
13.6 2.4832
13.61 2.4832
13.62 4.9664
13.63 4.9664
13.64 4.9664
13.65 1.2416
13.66 3.7248
13.67 4.9664
13.68 4.9664
13.69 2.4832
13.7 2.4832
13.71 4.9664
13.72 4.9664
13.73 3.7248
13.74 1.2416
13.75 4.9664
13.76 6.208
13.77 3.7248
13.78 3.7248
13.79 4.9664
13.8 6.208
13.81 3.7248
13.82 4.9664
13.83 3.7248
13.84 6.208
13.85 4.9664
13.86 3.7248
13.87 3.7248
13.88 6.208
13.89 4.9664
13.9 4.9664
13.91 2.4832
13.92 4.9664
13.93 4.9664
13.94 2.4832
13.95 2.4832
13.96 3.7248
13.97 4.9664
13.98 3.7248
13.99 3.7248
14 2.4832
14.01 4.9664
14.02 3.7248
14.03 3.7248
14.04 2.4832
14.05 4.9664
14.06 4.9664
14.07 3.7248
14.08 1.2416
14.09 4.9664
14.1 4.9664
14.11 3.7248
14.12 2.4832
14.13 3.7248
14.14 4.9664
14.15 3.7248
14.16 2.4832
14.17 3.7248
14.18 4.9664
14.19 3.7248
14.2 2.4832
14.21 3.7248
14.22 4.9664
14.23 3.7248
14.24 3.7248
14.25 2.4832
14.26 4.9664
14.27 4.9664
14.28 3.7248
14.29 2.4832
14.3 3.7248
14.31 6.208
14.32 4.9664
14.33 3.7248
14.34 3.7248
14.35 6.208
14.36 6.208
14.37 4.9664
14.38 2.4832
14.39 4.9664
14.4 6.208
14.41 4.9664
14.42 2.4832
14.43 4.9664
14.44 6.208
14.45 4.9664
14.46 3.7248
14.47 3.7248
14.48 6.208
14.49 6.208
14.5 4.9664
14.51 2.4832
14.52 4.9664
14.53 6.208
14.54 4.9664
14.55 3.7248
14.56 4.9664
14.57 4.9664
14.58 6.208
14.59 6.208
14.6 3.7248
14.61 3.7248
14.62 4.9664
14.63 6.208
14.64 4.9664
14.65 3.7248
14.66 3.7248
14.67 6.208
14.68 6.208
14.69 3.7248
14.7 3.7248
14.71 4.9664
14.72 6.208
14.73 4.9664
14.74 3.7248
14.75 4.9664
14.76 4.9664
14.77 6.208
14.78 6.208
14.79 6.208
14.8 4.9664
14.81 4.9664
14.82 4.9664
14.83 4.9664
14.84 4.9664
14.85 6.208
14.86 6.208
14.87 6.208
14.88 4.9664
14.89 4.9664
14.9 3.7248
14.91 4.9664
14.92 6.208
14.93 6.208
14.94 3.7248
14.95 3.7248
14.96 4.9664
14.97 6.208
14.98 4.9664
14.99 3.7248
15 4.9664
15.01 4.9664
15.02 6.208
15.03 3.7248
15.04 4.9664
15.05 3.7248
15.06 6.208
15.07 4.9664
15.08 3.7248
15.09 4.9664
15.1 4.9664
15.11 6.208
15.12 3.7248
15.13 3.7248
15.14 6.208
15.15 7.4496
15.16 6.208
15.17 4.9664
15.18 4.9664
15.19 6.208
15.2 7.4496
15.21 4.9664
15.22 6.208
15.23 4.9664
15.24 6.208
15.25 7.4496
15.26 7.4496
15.27 3.7248
15.28 4.9664
15.29 6.208
15.3 7.4496
15.31 7.4496
15.32 4.9664
15.33 4.9664
15.34 4.9664
15.35 7.4496
15.36 6.208
15.37 4.9664
15.38 4.9664
15.39 6.208
15.4 7.4496
15.41 4.9664
15.42 4.9664
15.43 4.9664
15.44 7.4496
15.45 7.4496
15.46 3.7248
15.47 4.9664
15.48 6.208
15.49 6.208
15.5 4.9664
15.51 2.4832
15.52 4.9664
15.53 6.208
15.54 6.208
15.55 2.4832
15.56 3.7248
15.57 4.9664
15.58 3.7248
15.59 4.9664
15.6 4.9664
15.61 3.7248
15.62 3.7248
15.63 2.4832
15.64 4.9664
15.65 4.9664
15.66 3.7248
15.67 2.4832
15.68 3.7248
15.69 4.9664
15.7 4.9664
15.71 2.4832
15.72 2.4832
15.73 4.9664
15.74 4.9664
15.75 4.9664
15.76 3.7248
15.77 3.7248
15.78 3.7248
15.79 3.7248
15.8 4.9664
15.81 4.9664
15.82 3.7248
15.83 3.7248
15.84 3.7248
15.85 3.7248
15.86 4.9664
15.87 4.9664
15.88 2.4832
15.89 3.7248
15.9 3.7248
15.91 4.9664
15.92 4.9664
15.93 3.7248
15.94 2.4832
15.95 3.7248
15.96 4.9664
15.97 4.9664
15.98 2.4832
15.99 2.4832
16 4.9664
16.01 4.9664
16.02 3.7248
16.03 3.7248
16.04 2.4832
16.05 4.9664
16.06 4.9664
16.07 2.4832
16.08 2.4832
16.09 4.9664
16.1 4.9664
16.11 3.7248
16.12 2.4832
16.13 3.7248
16.14 4.9664
16.15 3.7248
16.16 3.7248
16.17 2.4832
16.18 4.9664
16.19 4.9664
16.2 4.9664
16.21 3.7248
16.22 3.7248
16.23 4.9664
16.24 6.208
16.25 4.9664
16.26 3.7248
16.27 4.9664
16.28 4.9664
16.29 6.208
16.3 4.9664
16.31 3.7248
16.32 4.9664
16.33 4.9664
16.34 6.208
16.35 4.9664
16.36 3.7248
16.37 3.7248
16.38 6.208
16.39 6.208
16.4 3.7248
16.41 3.7248
16.42 4.9664
16.43 6.208
16.44 2.4832
16.45 3.7248
16.46 3.7248
16.47 4.9664
16.48 3.7248
16.49 2.4832
16.5 3.7248
16.51 4.9664
16.52 4.9664
16.53 2.4832
16.54 2.4832
16.55 4.9664
16.56 4.9664
16.57 2.4832
16.58 2.4832
16.59 4.9664
16.6 4.9664
16.61 4.9664
16.62 2.4832
16.63 2.4832
16.64 4.9664
16.65 4.9664
16.66 2.4832
16.67 2.4832
16.68 4.9664
16.69 4.9664
16.7 4.9664
16.71 2.4832
16.72 2.4832
16.73 4.9664
16.74 4.9664
16.75 3.7248
16.76 2.4832
16.77 3.7248
16.78 4.9664
16.79 4.9664
16.8 4.9664
16.81 4.9664
16.82 6.208
16.83 4.9664
16.84 3.7248
16.85 3.7248
16.86 6.208
16.87 6.208
16.88 4.9664
16.89 3.7248
16.9 3.7248
16.91 6.208
16.92 6.208
16.93 4.9664
16.94 2.4832
16.95 4.9664
16.96 6.208
16.97 6.208
16.98 3.7248
16.99 2.4832
17 6.208
17.01 6.208
17.02 3.7248
17.03 3.7248
17.04 4.9664
17.05 6.208
17.06 6.208
17.07 3.7248
17.08 2.4832
17.09 6.208
17.1 6.208
17.11 4.9664
17.12 2.4832
17.13 4.9664
17.14 6.208
17.15 6.208
17.16 2.4832
17.17 3.7248
17.18 6.208
17.19 6.208
17.2 6.208
17.21 3.7248
17.22 3.7248
17.23 4.9664
17.24 6.208
17.25 6.208
17.26 2.4832
17.27 3.7248
17.28 6.208
17.29 6.208
17.3 4.9664
17.31 3.7248
17.32 3.7248
17.33 6.208
17.34 6.208
17.35 4.9664
17.36 2.4832
17.37 4.9664
17.38 6.208
17.39 6.208
17.4 2.4832
17.41 4.9664
17.42 4.9664
17.43 6.208
17.44 4.9664
17.45 3.7248
17.46 3.7248
17.47 6.208
17.48 6.208
17.49 3.7248
17.5 3.7248
17.51 4.9664
17.52 6.208
17.53 4.9664
17.54 3.7248
17.55 3.7248
17.56 6.208
17.57 6.208
17.58 3.7248
17.59 4.9664
17.6 6.208
17.61 7.4496
17.62 6.208
17.63 4.9664
17.64 4.9664
17.65 6.208
17.66 7.4496
17.67 6.208
17.68 4.9664
17.69 3.7248
17.7 7.4496
17.71 7.4496
17.72 4.9664
17.73 4.9664
17.74 4.9664
17.75 7.4496
17.76 7.4496
17.77 3.7248
17.78 4.9664
17.79 6.208
17.8 7.4496
17.81 3.7248
17.82 4.9664
17.83 6.208
17.84 7.4496
17.85 7.4496
17.86 6.208
17.87 4.9664
17.88 4.9664
17.89 6.208
17.9 7.4496
17.91 6.208
17.92 4.9664
17.93 3.7248
17.94 7.4496
17.95 7.4496
17.96 3.7248
17.97 4.9664
17.98 6.208
17.99 7.4496
18 4.9664
18.01 4.9664
18.02 4.9664
18.03 7.4496
18.04 4.9664
18.05 4.9664
18.06 4.9664
18.07 7.4496
18.08 6.208
18.09 3.7248
18.1 3.7248
18.11 6.208
18.12 4.9664
18.13 3.7248
18.14 4.9664
18.15 4.9664
18.16 6.208
18.17 3.7248
18.18 3.7248
18.19 4.9664
18.2 6.208
18.21 4.9664
18.22 3.7248
18.23 4.9664
18.24 4.9664
18.25 6.208
18.26 2.4832
18.27 4.9664
18.28 4.9664
18.29 6.208
18.3 3.7248
18.31 3.7248
18.32 4.9664
18.33 6.208
18.34 4.9664
18.35 3.7248
18.36 3.7248
18.37 6.208
18.38 6.208
18.39 2.4832
18.4 4.9664
18.41 4.9664
18.42 6.208
18.43 3.7248
18.44 3.7248
18.45 4.9664
18.46 6.208
18.47 6.208
18.48 3.7248
18.49 6.208
18.5 6.208
18.51 7.4496
18.52 3.7248
18.53 4.9664
18.54 6.208
18.55 7.4496
18.56 3.7248
18.57 4.9664
18.58 6.208
18.59 7.4496
18.6 3.7248
18.61 4.9664
18.62 6.208
18.63 7.4496
18.64 4.9664
18.65 3.7248
18.66 6.208
18.67 7.4496
18.68 4.9664
18.69 4.9664
18.7 4.9664
18.71 7.4496
18.72 6.208
18.73 3.7248
18.74 6.208
18.75 6.208
18.76 7.4496
18.77 3.7248
18.78 4.9664
18.79 6.208
18.8 7.4496
18.81 3.7248
18.82 4.9664
18.83 6.208
18.84 7.4496
18.85 4.9664
18.86 6.208
18.87 4.9664
18.88 7.4496
18.89 6.208
18.9 7.4496
18.91 4.9664
18.92 4.9664
18.93 6.208
18.94 6.208
18.95 8.6912
18.96 4.9664
18.97 6.208
18.98 7.4496
18.99 7.4496
19 6.208
19.01 6.208
19.02 6.208
19.03 7.4496
19.04 7.4496
19.05 4.9664
19.06 6.208
19.07 8.6912
19.08 7.4496
19.09 4.9664
19.1 4.9664
19.11 8.6912
19.12 7.4496
19.13 4.9664
19.14 6.208
19.15 7.4496
19.16 7.4496
19.17 4.9664
19.18 6.208
19.19 7.4496
19.2 7.4496
19.21 6.208
19.22 6.208
19.23 6.208
19.24 8.6912
19.25 6.208
19.26 6.208
19.27 6.208
19.28 7.4496
19.29 7.4496
19.3 6.208
19.31 4.9664
19.32 7.4496
19.33 7.4496
19.34 6.208
19.35 6.208
19.36 6.208
19.37 7.4496
19.38 6.208
19.39 6.208
19.4 6.208
19.41 7.4496
19.42 7.4496
19.43 6.208
19.44 7.4496
19.45 6.208
19.46 7.4496
19.47 7.4496
19.48 4.9664
19.49 6.208
19.5 8.6912
19.51 7.4496
19.52 7.4496
19.53 4.9664
19.54 7.4496
19.55 7.4496
19.56 4.9664
19.57 6.208
19.58 4.9664
19.59 4.9664
19.6 4.9664
19.61 6.208
19.62 4.9664
19.63 6.208
19.64 6.208
19.65 3.7248
19.66 3.7248
19.67 6.208
19.68 4.9664
19.69 6.208
19.7 4.9664
19.71 4.9664
19.72 3.7248
19.73 6.208
19.74 4.9664
19.75 6.208
19.76 6.208
19.77 3.7248
19.78 3.7248
19.79 6.208
19.8 4.9664
19.81 6.208
19.82 4.9664
19.83 4.9664
19.84 4.9664
19.85 6.208
19.86 7.4496
19.87 4.9664
19.88 4.9664
19.89 4.9664
19.9 7.4496
19.91 3.7248
19.92 1.2416
19.93 3.7248
19.94 3.7248
19.95 6.208
19.96 6.208
19.97 4.9664
19.98 3.7248
19.99 4.9664
